20170325231611
T2M TEDF  78  35 1
20170325232017032518
20170325232017032519
20170325232017032520
20170325232017032521
20170325232017032522
20170325232017032523
20170325232017032600
20170325232017032601
20170325232017032602
20170325232017032603
20170325232017032604
20170325232017032605
20170325232017032606
20170325232017032607
20170325232017032608
20170325232017032609
20170325232017032610
20170325232017032611
20170325232017032612
20170325232017032613
20170325232017032614
20170325232017032615
20170325232017032616
20170325232017032617
20170325232017032618
20170325232017032619
20170325232017032620
20170325232017032621
20170325232017032622
20170325232017032623
20170325232017032700
20170325232017032701
20170325232017032702
20170325232017032703
20170325232017032704
20170325232017032705
20170325232017032706
20170325232017032707
20170325232017032708
20170325232017032709
20170325232017032710
20170325232017032711
20170325232017032712
20170325232017032713
20170325232017032714
20170325232017032715
20170325232017032716
20170325232017032717
20170325232017032718
20170325232017032719
20170325232017032720
20170325232017032721
20170325232017032722
20170325232017032723
20170325232017032800
20170325232017032801
20170325232017032802
20170325232017032803
20170325232017032804
20170325232017032805
20170325232017032806
20170325232017032807
20170325232017032808
20170325232017032809
20170325232017032810
20170325232017032811
20170325232017032812
20170325232017032813
20170325232017032814
20170325232017032815
20170325232017032816
20170325232017032817
20170325232017032818
20170325232017032819
20170325232017032820
20170325232017032821
20170325232017032822
20170325232017032823
002  94   001  91   001  88   001  87   001  84   001  84   001  84   471
  82   671  79   671  75   771  71   771  67   871  67   971  72   971  81  1071
  92  1071 104  1071 116  1171 126  1171 133  1071 137   971 137   871 132   871
 124   971 117   971 109   871 103   871  98   771  94   871  89   971  86  1071
  85   971  84   971  82   871  77   871  73   971  74   971  83   971  97  1071
 112  1071 124  1071 134  1171 141  1171 145  1171 146  1171 145  1171 141  1071
 139   971 134   871 131   871 127   971 123   971 119  1071 116  1071 113  1171
 108   951 106   951 103   811 100   851  98   951  99   911 104   951 111  1051
 118  1011 123  1151 125  1151 127  1211 128  1251 128  1251 126  1211 122  1151
 117  1051 113   911 110   951 109  1051 107  1061 104  1061 102  1161
005 127   001 116   001 103   001  94   001  92   001  91   001  89   671
  85   871  80   971  76   971  72  1071  68  1171  68  1271  73  1271  83  1271
  97  1171 112  1271 125  1371 140  1471 148  1371 153  1171 153  1071 146  1071
 137   971 125   971 115  1071 106  1071  98  1171  91  1171  83  1271  79  1271
  76  1271  73  1271  70  1271  62  1371  56  1371  56  1471  66  1471  84  1371
 104  1371 125  1371 143  1371 156  1371 163  1371 164  1271 161  1271 157  1171
 150  1171 142  1071 133  1171 123  1271 113  1371 105  1471 100  1571  97  1671
  90  1351  89  1351  86  1311  81  1351  76  1351  77  1311  87  1251 103  1251
 122  1111 141  1251 156  1251 166  1311 168  1351 164  1451 156  1411 146  1351
 136  1251 126  1111 118  1251 112  1351 106  1461 101  1561  96  1661
015 137   001 124   001 117   001 106   001 101   001  92   001  84   571
  78   871  73   771  69   871  63   971  57   971  57  1171  66  1171  79  1171
  95  1171 110  1271 124  1271 136  1371 147  1271 155  1271 159  1171 157  1171
 150  1171 139  1171 126  1171 113  1071 101  1071  92  1071  85  1171  79  1171
  75  1171  70  1171  64  1171  56  1271  51  1271  54  1371  68  1371  88  1371
 112  1371 132  1471 149  1471 161  1471 171  1471 176  1471 176  1471 170  1371
 163  1171 151  1071 139  1071 126  1171 115  1171 105  1271  97  1571  92  1671
  85  1351  83  1251  79  1211  73  1251  69  1251  72  1211  87  1251 109  1351
 133  1311 153  1451 167  1551 177  1611 182  1651 183  1751 179  1711 171  1551
 159  1451 147  1211 136  1251 125  1351 116  1361 108  1561 102  1661
027  99   001  92   001  88   001  86   001  84   001  77   001  72   571
  69   871  65   971  61  1171  55  1271  51  1371  51  1471  60  1471  74  1471
  91  1371 108  1271 124  1171 138  1071 149  1071 152  1171 152  1071 146  1071
 138   971 127   971 115  1271 104  1371  95  1471  90  1471  87  1471  85  1471
  81  1471  77  1571  73  1571  66  1571  63  1671  67  1671  80  1671  99  1671
 119  1671 137  1471 151  1271 161   971 167  1071 169  1271 167  1371 160  1271
 150  1071 138   971 126  1171 116  1371 108  1571 103  1571  99  1671  97  1671
  91  1451  89  1551  87  1511  83  1551  81  1651  83  1611  92  1651 105  1551
 119  1511 132  1451 142  1251 150  1111 156  1251 158  1451 157  1511 152  1351
 144  1251 134  1011 124  1151 115  1251 108  1361 103  1461  99  1561
070 126   001 114   001 105   001  85   001  67   001  60   001  58   871
  59  1271  58  1571  55  1671  50  1771  48  1771  53  1871  67  1671  86  1571
 106  1371 123  1371 136  1471 147  1471 156  1571 163  1471 164  1471 157  1271
 144  1271 129  1271 114  1371 104  1571  93  1771  85  1971  78  2071  74  2071
  72  2171  68  2171  62  2171  53  2171  47  2171  50  2071  67  1971  93  1871
 118  1771 139  1671 153  1671 164  1671 172  1571 176  1671 175  1671 169  1571
 156  1371 142  1271 127  1371 111  1571  99  1671  90  1971  86  2171  83  2271
  75  2151  70  2251  65  2311  60  2351  60  2251  67  2211  85  2151 110  1951
 135  1811 156  1751 171  1751 181  1711 186  1751 187  1851 184  1811 176  1751
 165  1551 150  1411 132  1651 115  1851 103  2061  93  2161  85  2361
110  97   001  91   001  87   001  84   001  84   001  79   001  79   671
  80   871  79   971  76   971  69  1071  63  1071  62  1271  71  1271  87  1171
 102  1171 116  1171 126  1171 135  1071 145  1171 152  1171 155  1271 149  1171
 138   971 126   871 116   971 109   971 101  1071  93  1171  89  1371  87  1471
  88  1471  89  1471  86  1471  82  1471  79  1471  81  1471  96  1471 115  1371
 137  1371 156  1271 170  1171 177  1071 182  1171 179  1271 173  1471 161  1371
 148  1071 135   871 125   971 119   971 114  1071 109  1271 106  1371 103  1571
  98  1251 100  1251 101  1111 100  1151 100  1251 101  1211 106  1251 114  1251
 121  1211 127  1251 131  1151 134  1111 137  1351 138  1551 137  1711 132  1551
 126  1451 120  1211 116  1251 114  1351 112  1361 109  1361 107  1461
120  92   001  87   001  84   001  83   001  80   001  76   001  73   371
  70   571  67   771  62   871  57   971  52  1271  52  1471  61  1371  76  1171
  93  1071 111  1171 124  1171 135  1171 142  1171 145  1171 144  1171 140  1071
 130   871 121   771 110   771 100   971  91   971  85   971  83   971  81   971
  79  1071  76  1171  71  1271  65  1371  62  1371  65  1471  78  1471  97  1371
 117  1371 136  1371 150  1371 162  1371 168  1371 169  1471 166  1471 159  1371
 149  1271 137  1171 126  1171 117  1171 109  1171 102  1171  98  1171  95  1171
  93  1051  93  1151  93  1211  92  1351  91  1451  92  1511  98  1551 106  1451
 117  1411 128  1451 138  1551 146  1511 150  1651 151  1651 148  1711 143  1651
 136  1451 128  1311 120  1251 113  1251 108  1161 105  1161 102  1161
130 156   001 142   001 135   001 127   001 117   001  97   001  85   771
  79  1171  74  1571  69  1671  63  1571  57  1571  59  1471  69  1571  85  1471
 103  1471 122  1371 138  1371 152  1271 163  1271 169  1371 171  1371 168  1271
 160  1171 149  1071 134  1071 119  1171 106  1271  96  1371  92  1471  89  1571
  87  1771  84  1871  78  2071  71  2071  66  2071  68  2071  81  2071 103  1971
 128  2071 151  1771 170  1471 182  1271 189  1371 189  1371 185  1471 179  1371
 170  1171 159  1071 147  1271 133  1371 121  1471 110  1571 103  1671  97  1771
  93  1751  92  1851  90  1911  87  1951  86  1951  88  1911  96  1951 108  1851
 122  1811 137  1751 151  1551 161  1411 166  1551 167  1751 165  1811 160  1651
 153  1551 143  1311 131  1451 119  1451 109  1561 102  1661  96  1761
145 157   001 150   001 140   001 120   001 107   001 105   001 100   671
  93   771  86   871  79   871  71   871  67  1071  69  1071  78  1071  92   971
 107   971 122  1171 135  1271 148  1471 158  1471 164  1371 166  1371 163  1271
 155  1171 144  1171 132  1271 118  1271 107  1371  99  1371  94  1371  89  1371
  86  1271  82  1271  76  1171  68  1171  62  1171  64  1171  78  1171 100  1071
 122  1071 141  1271 156  1471 166  1671 174  1671 179  1671 179  1671 174  1571
 166  1371 155  1271 142  1371 130  1471 119  1571 110  1571 104  1571 100  1571
  91  1351  87  1351  83  1311  78  1351  76  1251  80  1211  93  1251 112  1251
 131  1211 147  1451 158  1551 167  1711 173  1851 176  1851 175  1911 169  1751
 160  1651 148  1411 136  1551 125  1551 116  1661 109  1661 103  1761
149 158   001 142   001 134   001 118   001 110   001  95   001  89   671
  87   971  84  1071  78  1071  71  1071  66  1071  68  1071  77  1171  92  1171
 110  1271 129  1271 145  1371 157  1471 167  1471 173  1471 174  1471 170  1371
 163  1271 152  1171 138  1171 126  1271 113  1271 104  1371  98  1471  94  1571
  90  1471  87  1471  81  1371  71  1271  63  1271  64  1171  78  1271 100  1471
 124  1571 143  1671 157  1671 169  1771 178  1871 183  1871 183  1971 178  1771
 168  1571 157  1371 145  1471 132  1471 123  1571 115  1671 107  1771 102  1871
  92  1451  89  1451  84  1311  78  1351  75  1451  79  1411  93  1451 113  1451
 135  1411 154  1551 168  1751 179  1811 186  1951 188  1951 186  2011 179  1851
 168  1751 156  1511 143  1551 131  1651 121  1661 113  1761 105  1961
156 162   001 153   001 146   001 138   001 124   001 115   001 109   471
 104   771  98   771  91   871  84   971  79   971  79   971  87   971 100   971
 116   971 131  1071 145  1071 157  1271 168  1271 174  1271 176  1371 173  1271
 166  1171 157  1171 148  1471 139  1771 131  2071 123  1771 116  1371 110  1071
 104  1071  99   971  92   971  84   971  78  1071  80  1071  92  1071 112  1171
 132  1171 151  1271 165  1371 176  1471 184  1571 188  1671 187  1671 182  1571
 173  1371 165  1271 156  1571 149  1871 142  2171 136  1771 130  1471 123  1071
 117  1051 113   951 107   911 101   951  97  1051  99  1011 109  1051 125  1151
 143  1111 159  1351 171  1551 181  1711 187  1851 190  1851 187  1911 180  1751
 169  1651 159  1411 151  1651 144  1951 136  2161 128  1861 120  1561
168 145   001 136   001 123   001 103   001 103   001  95   001  89  1071
  84  1371  80  1671  73  1671  62  1671  54  1671  55  1771  72  1571  96  1371
 120  1171 138  1371 148  1571 156  1771 164  1671 170  1571 170  1471 162  1571
 149  1671 132  1771 118  1771 103  1671  93  1571  85  1671  80  1871  75  1971
  73  1971  70  1971  63  1971  51  1971  42  1971  43  1971  61  1871  90  1771
 117  1671 138  1771 152  1771 164  1871 176  1771 184  1671 185  1571 175  1571
 159  1571 142  1571 126  1671 114  1671 104  1771  99  1871  94  2071  93  2171
  81  1951  77  2051  72  2011  64  2051  59  2151  64  2111  82  2051 108  1951
 134  1811 153  1851 166  1951 175  1911 181  1951 184  1851 181  1811 172  1751
 158  1651 141  1511 124  1651 109  1751  99  1861  92  2061  89  2161
180 116   001  99   001  98   001  94   001  80   001  64   001  58   671
  56  1071  53  1271  48  1371  41  1571  39  1671  44  1771  60  1571  82  1371
 104  1171 119  1371 130  1671 138  1971 145  1871 149  1871 150  1871 145  1671
 137  1771 123  1671 110  1771  94  1671  82  1571  72  1671  63  1771  58  1871
  54  1971  50  1971  45  2071  38  1971  33  1971  36  1871  52  1771  75  1571
 100  1471 121  1571 136  1871 149  1971 160  2071 168  2071 170  2171 164  1971
 152  1871 138  1671 123  1671 111  1671 100  1671  92  1871  88  2071  85  2171
  74  2051  71  2151  67  2211  61  2151  58  2151  63  2011  81  1851 107  1651
 133  1411 154  1751 169  1951 179  2211 185  2351 187  2351 184  2411 177  2351
 165  2151 152  2011 137  1951 124  1951 112  1861 102  2061  93  2161
190 140   001 131   001 121   001 115   001 109   001  93   001  81   771
  72  1171  65  1271  59  1371  54  1471  51  1571  54  1671  67  1671  85  1571
 104  1571 118  1671 131  2071 141  2071 149  2171 154  2271 154  2271 147  1971
 134  1771 122  1571 110  1571 100  1571  90  1571  81  1671  74  1871  67  1971
  60  1971  55  2071  48  2071  40  1971  35  1971  39  1871  54  1771  78  1571
 103  1471 126  1571 143  1771 158  1971 169  2171 176  2171 177  2371 172  2071
 160  1771 145  1471 128  1571 111  1771  97  1871  86  1971  80  2171  76  2271
  70  2051  69  2051  67  2111  62  2051  59  2051  64  1911  81  1751 106  1651
 133  1411 158  1651 178  1951 192  2111 200  2351 201  2551 196  2711 186  2451
 172  2251 157  1911 142  2051 129  2051 117  2161 107  2261  97  2461
222 156   001 145   001 137   001 127   001 119   001 107   001 100   571
  94   771  87   971  80   971  74  1171  72  1271  75  1371  82  1271  94  1171
 109  1171 127  1371 144  1471 158  1771 168  1871 173  1871 173  1971 169  1671
 161  1571 152  1471 138  1371 126  1271 115  1171 109  1171 108  1271 105  1271
 102  1271  96  1371  88  1371  81  1471  77  1471  80  1571  92  1471 111  1371
 131  1271 150  1371 165  1471 175  1571 180  1771 180  1771 175  1971 167  1871
 156  1671 143  1471 132  1371 121  1371 113  1271 107  1271 102  1371  99  1371
  89  1251  87  1351  84  1311  81  1351  80  1451  83  1411  93  1351 108  1351
 124  1211 139  1351 151  1351 160  1411 164  1651 165  1951 162  2111 156  1951
 148  1651 137  1411 125  1451 113  1451 104  1461  98  1561  95  1561
240 142   001 126   001 100   001  92   001  92   001  91   001  89   571
  86   871  83   871  78   971  74   971  71   971  72  1071  81  1071  94  1271
 109  1271 124  1271 141  1271 152  1371 161  1371 165  1471 166  1471 163  1271
 157  1271 149  1271 135  1171 122  1171 112  1071 103  1071  96  1071  90  1071
  88  1071  86  1171  81  1171  73  1171  67  1271  68  1271  81  1271 101  1471
 123  1471 142  1471 157  1471 168  1471 176  1571 180  1471 180  1571 176  1471
 168  1271 156  1271 144  1271 132  1271 120  1271 113  1271 108  1271 105  1271
  95  1151  93  1251  90  1211  84  1251  79  1351  80  1311  89  1351 105  1451
 122  1411 138  1551 151  1551 161  1611 167  1751 169  1751 168  1811 164  1651
 158  1451 149  1211 137  1251 124  1251 114  1261 106  1261  99  1361
255 139   001 128   001 115   001  95   001 100   001 106   001 102   671
  94   871  88   971  84  1171  77  1271  72  1271  74  1371  85  1471 101  1371
 118  1371 132  1571 145  1571 155  1871 163  1871 168  1971 169  1971 165  1771
 157  1571 146  1371 133  1271 121  1271 109  1271  99  1171  90  1171  82  1171
  77  1271  73  1371  68  1471  61  1471  56  1471  59  1471  73  1471  95  1471
 119  1371 140  1471 157  1571 171  1671 181  1771 186  1771 186  1871 181  1671
 172  1571 160  1371 147  1271 135  1271 123  1171 115  1271 109  1371 104  1471
  92  1351  88  1551  84  1611  78  1651  73  1551  75  1511  87  1451 105  1251
 124  1111 139  1351 151  1651 160  1811 167  1951 172  2051 172  2111 167  1851
 159  1651 148  1311 137  1251 126  1251 115  1161 105  1261  97  1261
260 132   001 132   001 124   001 115   001 113   001 107   001  98  1471
  88  2271  81  2471  76  2671  73  2571  72  2571  76  2571  88  2271 104  1771
 120  1371 134  1571 145  1671 154  1871 161  1871 165  1671 165  1671 159  1571
 148  1471 132  1371 115  1671  97  1771  81  2071  70  2171  63  2471  58  2671
  54  2771  52  2971  50  3071  44  2971  41  2871  48  2771  68  2371  95  1871
 122  1271 143  1471 158  1571 170  1571 181  1671 188  1771 187  1871 177  1771
 161  1571 144  1471 131  1771 121  1771 115  1971 111  2271 107  2671 105  2971
  86  2951  80  3151  75  3211  71  3151  70  3051  76  2911  90  2351 110  1851
 129  1211 144  1351 156  1551 165  1611 172  1751 176  1851 175  1911 167  1751
 155  1551 139  1311 123  1651 108  1851  96  2161  89  2461  84  2661
280 129   001 117   001 106   001  94   001  94   001  91   001  88  1071
  86  1371  82  1671  77  1771  72  1871  67  1971  69  2071  81  1871  99  1671
 119  1371 134  1471 144  1671 152  1771 158  1771 162  1971 161  1971 155  1771
 142  1571 128  1571 113  1671 100  1671  90  1771  81  1771  76  1971  72  2071
  70  2071  68  2071  62  2071  52  2071  45  2171  46  2171  60  1871  83  1571
 108  1271 132  1371 154  1471 171  1571 183  1671 191  1871 190  2071 182  1871
 168  1671 152  1371 137  1471 123  1471 112  1671 103  1771  97  1971  93  2071
  85  2151  82  2151  76  2211  66  2251  58  2251  59  2211  73  1951  96  1651
 122  1311 144  1551 162  1851 176  2011 185  2151 189  2351 186  2411 177  2151
 163  1951 147  1611 132  1651 119  1751 108  1761 100  1861  94  2061
299 149   001 117   001  98   001  85   001  76   001  79   001  74   971
  66  1371  58  1671  52  1871  47  1871  45  1871  50  1971  65  1871  86  1771
 106  1571 118  1671 129  1771 139  1971 149  1971 157  2171 159  2171 152  2171
 138  1971 122  1771 106  1771  91  1671  79  1771  70  1771  64  1871  60  1871
  55  1971  50  2171  44  2271  36  2171  31  2171  35  2071  54  1971  81  1771
 110  1671 133  1671 152  1871 168  1871 181  1971 188  2171 189  2271 181  2071
 165  1771 147  1671 127  1671 109  1771  93  1771  84  1971  78  2171  75  2371
  63  2151  61  2251  59  2411  57  2451  58  2351  67  2311  87  2051 112  1851
 138  1511 159  1751 175  1951 187  2111 196  2251 200  2451 196  2511 184  2351
 166  2251 148  2011 132  2051 120  2051 108  2061  98  2161  89  2361
434 125   001 118   001 110   001  99   001  98   001  88   001  80   471
  73   771  67   871  61   971  56  1071  52  1271  53  1271  63  1371  78  1371
  97  1371 115  1571 133  1671 148  1871 159  1971 164  1871 165  2071 159  1771
 152  1571 140  1371 128  1371 116  1271 105  1071  97  1071  88  1171  83  1171
  77  1171  71  1271  66  1271  60  1271  59  1371  63  1371  75  1471  92  1371
 111  1471 131  1771 148  2071 160  2271 166  2471 167  2471 163  2571 156  2271
 148  1871 138  1671 129  1571 120  1371 111  1271 105  1371 100  1271  95  1371
  93  1151  90  1251  86  1211  82  1351  79  1351  80  1411  88  1451 100  1451
 112  1411 122  1651 131  1851 138  2011 144  2151 148  2251 148  2311 144  2151
 137  1851 129  1611 121  1551 114  1451 109  1361 105  1361 102  1261
460  97   001  98   001  82   001  92   001  90   001  86   001  78   871
  68  1271  60  1571  52  1671  44  1771  39  1771  41  1971  54  1871  75  1671
  99  1571 115  1671 129  1671 141  1771 150  1871 155  1671 155  1671 148  1671
 138  1471 124  1471 110  1571  98  1671  86  1771  79  1871  73  1971  69  2071
  64  2071  60  1971  55  1971  50  2071  47  2071  52  2171  69  1971  93  1771
 120  1571 146  1771 168  1971 184  2071 192  2171 195  2171 191  2271 182  2071
 170  1971 154  1771 139  1771 125  1671 115  1671 109  1871 105  2071 102  2171
  92  2051  89  2151  83  2111  75  2251  68  2251  69  2311  81  2151 101  1951
 122  1711 140  1951 154  2051 165  2211 173  2451 176  2551 174  2711 166  2451
 154  2251 140  1911 126  1951 112  1851 101  1861  93  1961  86  2161
481  86   001  86   001  87   001  86   001  84   001  79   001  79   571
  81   671  80   771  76   871  72   971  69  1071  70  1171  77  1171  88  1271
 103  1271 115  1371 126  1471 134  1571 142  1471 148  1371 149  1271 145  1271
 138  1171 128  1271 117  1371 106  1371  95  1371  90  1371  86  1371  82  1271
  79  1171  75  1171  71  1071  66  1071  62  1171  64  1171  75  1171  93  1171
 114  1171 137  1371 157  1471 172  1671 182  1571 186  1771 185  1771 179  1671
 171  1471 159  1271 147  1271 137  1271 127  1271 119  1271 114  1371 108  1371
 103  1351  98  1351  92  1311  85  1351  80  1251  80  1211  89  1351 104  1351
 123  1411 142  1651 159  1751 173  1911 182  2051 186  2051 185  2111 180  1951
 171  1751 160  1511 147  1551 135  1451 124  1461 117  1461 111  1561
497 107   001  79   001  59   001  46   001  41   001  35   001  36   771
  40  1271  44  1571  45  1771  42  1771  39  1771  42  1871  52  1871  70  1871
  91  1771 112  2171 130  2571 145  2871 151  2971 153  2871 148  2671 138  2371
 126  2071 111  1871 101  1871  89  1971  79  1971  72  1971  65  1871  60  1771
  58  1871  55  1871  53  1971  46  1971  43  2071  48  2071  66  1971  93  1871
 124  1671 153  2071 175  2471 190  2871 194  2771 189  2971 178  2871 163  2571
 147  2271 133  2071 120  1971 110  1971  99  1871  89  1871  79  1771  71  1771
  69  1951  64  2051  57  2011  48  2151  42  2251  46  2311  63  2151  89  1951
 118  1711 144  2051 165  2351 180  2611 187  2751 187  2851 179  2911 164  2651
 145  2351 127  2011 113  1951 102  1851  92  1761  84  1861  77  1861
510 103   001  91   001  86   001  78   001  87   001  87   001  84   671
  79   971  73  1171  68  1471  64  1371  60  1471  63  1371  73  1371  91  1471
 111  1571 130  1471 148  1571 164  1571 177  1571 186  1671 189  1671 186  1571
 176  1471 166  1371 150  1271 136  1271 124  1171 114  1271 109  1371 104  1471
  98  1571  93  1671  84  1771  78  1771  76  1671  79  1671  89  1671 104  1671
 121  1571 136  1671 149  1671 160  1671 169  1771 172  1771 172  1871 168  1671
 161  1471 150  1271 141  1371 130  1271 122  1271 116  1371 112  1571 107  1671
 109  1651 105  1751  99  1811  93  1851  89  1851  91  1811 102  1851 118  1751
 135  1711 149  1751 160  1751 168  1711 175  1851 179  2051 181  2111 180  1851
 175  1651 166  1311 154  1351 140  1351 129  1361 120  1561 113  1661
579  96   001  88   001  87   001  74   001  58   001  54   001  57   971
  62  1371  65  1771  64  1971  59  1971  55  2071  60  2271  76  2171  98  1871
 122  1671 139  1771 150  1771 157  1871 164  1971 169  2071 168  2171 160  1971
 148  1871 134  1671 121  1671 110  1771  99  1671  89  1871  81  1971  76  2171
  73  2271  71  2271  68  2371  62  2371  58  2271  61  2271  74  2071  93  1871
 116  1671 137  1671 154  1771 166  1771 174  1971 175  2071 170  2271 159  1971
 147  1671 134  1471 123  1571 114  1571 105  1671  98  1871  93  2171  87  2371
  83  2251  81  2351  77  2411  71  2451  67  2351  70  2311  84  2151 105  1951
 129  1711 150  1851 168  1951 182  2011 192  2151 196  2351 194  2411 185  2151
 170  1951 155  1611 141  1651 129  1751 119  1761 111  1961 104  2261
588  47   001  46   001  47   001  44   001  47   001  46   001  48  1271
  50  1571  49  1671  45  1771  37  1771  31  1671  34  1871  48  1771  70  1571
  93  1371 112  1371 128  1471 138  1471 147  1571 152  1571 151  1571 143  1671
 128  1671 114  1771 100  1771  87  1871  77  1871  68  1971  64  2071  61  2171
  60  2171  59  2171  57  2171  50  2071  44  2071  45  1971  56  1771  76  1571
  98  1371 120  1471 140  1471 154  1571 161  1771 163  1871 158  2071 149  1971
 136  1971 121  1871 105  1871  92  1871  80  1871  72  1971  67  2071  64  2171
  59  2151  58  2051  55  2011  49  2151  45  2251  48  2311  64  2151  87  1951
 114  1711 138  1751 158  1851 173  1811 182  1951 184  2051 181  2111 172  2051
 160  1951 144  1811 127  1851 110  1751  95  1761  83  1861  74  1961
621  88   001  65   001  63   001  39   001  32   001  27   001  27   871
  29  1271  30  1571  28  1671  24  1871  25  1871  33  2071  51  2271  77  2371
 104  2471 127  2471 147  2271 161  2171 170  2071 172  1871 170  1771 163  1771
 150  1671 135  1771 118  1771 102  1771  86  1871  73  1871  64  1871  59  1871
  56  1971  55  1971  51  2071  46  2071  44  2171  49  2171  67  2171  90  2271
 113  2271 127  2271 135  2271 140  2271 144  2271 145  2271 143  2271 138  2171
 129  1971 119  1871 107  1871  94  1971  83  2071  75  2071  68  2171  65  2171
  66  2151  68  2151  67  2211  63  2351  61  2351  65  2411  80  2451 102  2351
 124  2311 142  2351 155  2251 164  2211 171  2351 174  2451 174  2511 169  2351
 160  2051 146  1811 128  1951 108  2051  92  2161  81  2161  75  2261
630 128   001 115   001 108   001 100   001  93   001  87   001  79   771
  72   971  65  1071  58  1071  51  1171  46  1371  48  1571  60  1571  82  1471
 105  1371 125  1471 143  1471 158  1471 170  1571 178  1671 177  1771 169  1671
 155  1571 140  1471 126  1471 115  1371 106  1271  98  1371  95  1371  93  1471
  91  1471  88  1371  84  1371  81  1571  79  1671  83  1871  93  1771 107  1571
 123  1371 137  1471 148  1471 157  1571 162  1671 165  1771 162  1871 154  1871
 142  1771 131  1671 120  1571 112  1471 107  1371 101  1471  97  1571  94  1671
  90  1651  85  1751  80  1711  74  1851  70  1951  72  2011  81  1951  96  1751
 114  1611 132  1651 149  1751 163  1711 174  1851 182  1851 184  1911 181  1851
 173  1651 163  1511 151  1451 138  1451 125  1361 112  1561 100  1661
643 123   001 120   001 109   001  97   001 102   001  89   001  85   971
  84  1271  81  1271  76  1271  72  1271  68  1371  71  1471  83  1371 100  1371
 121  1271 138  1571 150  1671 158  1871 160  1771 158  1671 154  1571 148  1471
 140  1271 133  1171 122  1271 108  1271  99  1371  93  1371  91  1471  90  1471
  86  1471  80  1471  74  1471  70  1571  69  1571  75  1671  89  1571 106  1571
 124  1471 140  1671 150  1771 157  1871 158  1871 156  1671 151  1771 144  1571
 137  1371 130  1171 123  1271 118  1271 114  1371 110  1571 107  1571 104  1671
 102  1551  99  1551  94  1511  86  1551  79  1651  81  1611  95  1551 116  1551
 139  1411 157  1651 170  1851 178  2011 181  2051 179  2051 173  2011 165  1851
 155  1751 146  1511 138  1551 132  1551 127  1561 123  1661 120  1661
645 100   001  94   001  86   001  86   001  78   001  74   001  75   971
  78  1371  80  1471  78  1571  74  1571  70  1571  73  1671  85  1771 102  1671
 122  1671 142  1771 153  1971 162  1971 166  1871 166  1771 163  1671 156  1571
 147  1371 136  1271 123  1571 110  1671  99  1771  91  1871  87  2071  85  2171
  85  2071  85  2071  82  1971  77  1871  73  1871  77  1771  90  1771 111  1671
 133  1671 148  1671 160  1771 166  1771 168  1771 167  1971 162  2071 154  1771
 142  1371 131  1071 119  1271 111  1471 103  1671 100  1971  97  2071  95  2271
  93  2151  92  2051  89  1911  83  1851  78  1851  81  1711  95  1751 116  1851
 139  1811 159  1851 174  1851 186  1811 194  2051 197  2251 194  2411 185  2051
 172  1751 157  1311 142  1551 129  1751 118  1961 110  2061 105  2261
650 109   001 104   001 101   001  96   001  92   001  89   001  90   671
  91   971  92  1171  90  1371  84  1371  78  1571  80  1671  94  1571 115  1471
 135  1371 145  1471 151  1671 155  1771 160  1671 163  1571 161  1471 154  1371
 143  1171 130  1071 122  1271 116  1371 109  1471 103  1471  96  1571  92  1571
  93  1571  97  1571 101  1571 102  1671 102  1671 106  1771 114  1571 126  1471
 139  1371 151  1471 160  1571 165  1571 167  1571 166  1471 161  1471 154  1371
 145  1171 135  1171 126  1271 119  1271 111  1371 104  1471  98  1671  95  1771
  97  1851  96  1851  94  1811  90  1951  87  1951  90  2011 102  1851 119  1751
 137  1511 152  1651 165  1751 175  1811 183  1751 187  1751 187  1611 181  1551
 170  1451 157  1311 144  1451 132  1451 123  1561 117  1661 113  1761
675  90   001  87   001  81   001  76   001  71   001  61   001  58  1171
  59  1771  58  2171  54  2371  47  2271  42  2471  47  2571  67  2471  95  2571
 122  2471 141  2271 155  1971 163  1671 171  1671 176  1671 174  1671 165  1571
 152  1571 138  1471 126  1571 116  1771 108  1871 101  1971  97  2071  93  2171
  90  2371  89  2471  87  2671  85  2771  83  2771  88  2871 101  2671 118  2371
 135  2171 149  2071 159  1871 165  1771 169  1871 169  2071 166  2171 160  1971
 151  1871 139  1671 126  1771 112  1971  99  2071  87  2171  76  2271  69  2371
  71  2351  66  2551  60  2711  55  2851  54  2851  59  2911  74  2751  96  2551
 123  2311 151  2251 176  2151 194  2011 202  2051 202  2151 195  2111 185  2051
 172  1851 157  1711 141  1851 125  2051 112  2161 101  2161  92  2261
690  92   001  95   001  84   001  84   001  80   001  81   001  86   771
  91   971  94  1071  92  1171  88  1271  85  1371  90  1671 105  1671 126  1471
 144  1471 152  1371 156  1271 156  1171 159  1071 162   971 162  1071 159   871
 150   871 143   771 138  1071 133  1171 130  1271 125  1271 120  1371 116  1371
 114  1371 114  1471 111  1471 107  1571 105  1571 109  1671 121  1571 136  1471
 150  1371 158  1271 159  1271 160  1271 162  1171 164  1171 164  1171 160   971
 155   871 146   771 140   971 132  1271 125  1471 120  1471 115  1471 112  1471
 112  1351 110  1451 106  1411 100  1451  95  1551  99  1511 114  1451 134  1451
 152  1311 161  1351 165  1251 165  1211 166  1251 167  1151 166  1111 162  1051
 157  1051 150   911 143  1051 136  1251 130  1361 125  1361 121  1461
747 125   001 116   001 108   001  91   001  67   001  66   001  67   871
  68  1271  65  1571  60  1771  54  1771  52  1871  58  1971  75  1871  97  1671
 119  1471 134  1471 142  1571 148  1571 153  1671 155  1771 154  1971 147  1871
 139  1771 129  1671 120  1771 118  2071 113  2071 108  1971 104  1771 100  1671
  97  1871  96  2171  92  2371  90  2371  91  2271  97  2271 110  1971 126  1871
 141  1571 149  1671 153  1671 154  1771 155  1971 155  2171 153  2371 148  2171
 140  1971 132  1871 122  1971 114  2071 106  2171 101  2071  97  1871  97  1771
 100  2251  98  2451  92  2611  83  2551  76  2551  79  2411  95  2251 119  1951
 142  1711 157  1851 166  1951 170  2011 173  2251 173  2351 171  2511 166  2351
 158  2051 148  1811 137  1951 126  2151 119  2261 116  2261 116  2161
NT  TEDF  78  35 1
20170325232017032518
20170325232017032519
20170325232017032520
20170325232017032521
20170325232017032522
20170325232017032523
20170325232017032600
20170325232017032601
20170325232017032602
20170325232017032603
20170325232017032604
20170325232017032605
20170325232017032606
20170325232017032607
20170325232017032608
20170325232017032609
20170325232017032610
20170325232017032611
20170325232017032612
20170325232017032613
20170325232017032614
20170325232017032615
20170325232017032616
20170325232017032617
20170325232017032618
20170325232017032619
20170325232017032620
20170325232017032621
20170325232017032622
20170325232017032623
20170325232017032700
20170325232017032701
20170325232017032702
20170325232017032703
20170325232017032704
20170325232017032705
20170325232017032706
20170325232017032707
20170325232017032708
20170325232017032709
20170325232017032710
20170325232017032711
20170325232017032712
20170325232017032713
20170325232017032714
20170325232017032715
20170325232017032716
20170325232017032717
20170325232017032718
20170325232017032719
20170325232017032720
20170325232017032721
20170325232017032722
20170325232017032723
20170325232017032800
20170325232017032801
20170325232017032802
20170325232017032803
20170325232017032804
20170325232017032805
20170325232017032806
20170325232017032807
20170325232017032808
20170325232017032809
20170325232017032810
20170325232017032811
20170325232017032812
20170325232017032813
20170325232017032814
20170325232017032815
20170325232017032816
20170325232017032817
20170325232017032818
20170325232017032819
20170325232017032820
20170325232017032821
20170325232017032822
20170325232017032823
002000100010001000100010001117112711271127122713271431133512351231113511351
23112351335133114351435143114351435143114351435133113351235123112351235123111351
13511311135113511311135123512311135113511311135123512311235123512311235123512311
23512351231133514351531153516351631163515351531153515351531153515351536153615361
005000100010001000100010001017102710271127122714271431143513351131113511351
13112351335133113351435143114351435143114351335123112351235123112351135113111351
13511311135113512311235123512311235113511311135113512311235123512311235123512311
23512351231123513351331143515351531163516351531153514351431143514351436143615361
015000100010001000100010001017111711271227132714271531143513351231113511351
13111351135123112351435143114351435133113351335133113351235123112351235123111351
13511311135113511311135113511311135113511311135113511311135113511311135123512311
23513351331133512351231123513351331143514351431143514351431133513351336133613361
027000100010001000100010001017111711271127112711271131123513351331123512351
23113351435153116351535143113351335123112351335133114351435143113351335123112351
13511311135113511311235123512311235123512311235123512311335133513311335123512311
23512351331133514351531153515351531153516351631163515351531143513351436143614361
070000100010001000100010001017111711271127112712371231123511351131113511351
23112351335143114351435133113351335133113351335123112351235123112351235123111351
13511311135113511311135113511311135113511311135113511311135113511311235123512311
23513351331133513351231133513351331143514351431143513351331123512351236123612361
110000100010001000100010001117111711271227122712271231123512351231123512351
23112351135113112351235123112351235113111351135113112351135113111351135113111351
13511311135113511311135123512311435153516311735163516311535153515311635163516311
63515351531153515351531153515351531163516351631173516351631163516351636163616361
120000100010001000100010001017101711271127112711271131113511351231123512351
23112351335133113351335133113351235123112351235123111351135123112351335133114351
33513311335123512311135113512311335153515311535153514311535153516311635153515311
53515351531153514351431143514351531153515351531163516351631153514351436153615361
130000100010001000100010001127112711271137123714371431153515351431143513351
33112351235123112351335133112351235113111351235123112351235123113351335143114351
33512311235123512311135113512311335143515311435133513311335143515311535163516311
63516351631163515351531153515351531153515351431143514351431143514351436143614361
145000100010001000100010001017111711271127122712271231133512351231123512351
23113351435153115351535143114351335133113351335123112351235113111351135113111351
13511311135113511311235123512311235123512311235123512311235123512311335133514311
43514351531153515351531153514351431143514351431143513351231123512351236123612361
149000100011001000100010001017101711271127112712271231123513351231123512351
23113351435153115351535143113351335123112351235123112351235113111351135113111351
13511311135113511311135123512311235123512311235123512311235123512311235133513311
43514351531163516351631153514351431143514351431143513351331123512351236123612361
156000100010001000100010001017111711271127112712271231123512351231123512351
23113351435153115351535143113351335123112351235123112351235113111351135113111351
13511311135113511311135123512311235123512311235123512311235123512311335133513311
43514351531153516351531153514351431143514351431143514351331123512351236123612361
168000100011001000100010001017111711271127112712371231123512351231123511351
23113351535163116351535143113351235123112351235123112351235123112351135113111351
13511311135113511311135123512311235113511311135113511311135113512311235133513311
33513351331133512351231123512351331133514351431143514351331123512351236133613361
180000100010001000100010001017111711271127112712371231123511351131123512351
33113351335133114351435143114351435143114351335133113351235123112351135113111351
13511311135113511311135113511311135113511311135113511311135113511311135123512311
23513351331133513351231123512351231133514351531153515351431143513351336123612361
190000100010001000100011001117121712171227132713271431133512351131113511351
23112351335143114351435143114351435143113351335133113351335133113351235113111351
13511311135113511311135113511311135113511311135113511311135113511311235123512311
23512351231123512351231113511351231133515351631163516351631163516351536153615361
222000100010001000100011001317141715271527142713271231123514351531143514351
33112351235123112351235123112351135113111351135113111351235123112351235123111351
13511311235133513311435143514311435143514311435143514311435143515311535153515311
53515351531143514351331133514351431143513351331133513351331133513351336143614361
240000100010001000100017001727172717371637163715371531143514351331133512351
23112351235123113351335133113351235123111351135123113351435153115351535143114351
33513311235123512311235123513311335133514311335133513311335133513311435143514311
53516351631163515351431143514351531153515351531143513351231123512351236123612361
255800170013001400150017001717171717271727172716271631153513351231123512351
23112351235133113351435143113351235123112351335133113351335133112351235123111351
13511311135113511311135113512311335143515311535143513311335123512311335143515311
53515351531153515351531153515351531153515351431143513351331123512351236123612361
260800170017001400170018001817181718271727172716271531143513351231113511351
23113351435153115351535143114351435133113351335123112351235123112351235113111351
13511311135113511311135113511311135113511311135123512311235123512311235123513311
33514351431143514351331133514351431153515351531143513351231123512351236123613361
280600170016001700180017001717171717271627152713271231123512351231123512351
23113351335133113351335123112351235123112351335133113351235113111351135113111351
13511311135113511311135123512311235123512311135113511311235123513311235123512311
23512351231123511351131123512351331133514351431143513351331133512351336133613361
299000100010001000100010001017111711171127112712271231123511351131113511351
13111351235123112351235123113351335143114351335133113351335133112351235113111351
13511311135113511311135113511311135113511311135113511311135113511311135113511311
23512351231123512351231113511351231133514351531153515351531153515351536153615361
434700160015001400150014001327122712271227122712371131113511351131113511351
13111351135113111351135113111351135113111351135113112351235123112351135113111351
13512311235133513311335133513311335133514311435143515311535153516311635163516311
53514351431133513351331143514351431143514351331133512351231123512351136123612361
460800170017001800170017001717161715171427132712271231113511351131113511351
13112351235123112351235123111351135113112351335143115351535153114351335123112351
23511311135123512311135113512311235133513311335133513311335133513311335133513311
43515351531143513351231113511351231123512351331133514351431133513351336133614361
481700180018001800180018001817172717271727162714271331123512351231123512351
23112351235123113351335143115351535153114351335123111351135123112351235123112351
23512311235123512311235133513311335133512311235123512311235123513311335143514311
53515351431133512351131113511351231123512351231123512351231123512351236123613361
497800170018001800180018001817182718271727172717271731173516351531153514351
43114351435153115351535143114351335133113351335133113351335133113351235123112351
23512311135113511311235123512311235123512311235123512311235123512311235123512311
13511351131123512351231133513351331143514351531153516351631153514351436143613361
510000100010001100160011001217122712271227122712371231123512351131113511351
13111351135113111351135113111351135113111351135113112351335143114351435133114351
43514311435133513311235123513311335143515311635163516311535143514311435143515311
53516351631153514351331133512351231123512351231123512351231123512351236123612361
579800170017001500140013001317132713271227122713271331123512351131113512351
23112351235113111351135113111351135113112351335133113351335123112351235123112351
23513311435153517311735173517311635153514311435133513311335133514311535163516311
63515351431133512351231123512351231123512351231123512351231123512351236123612361
588800180017001500170016001617151714271327122712371231123512351131113511351
13111351135123112351335143114351435143114351435143113351235113111351135113111351
13512311235133514311435153515311535153515311435123511311135113511311135113512311
23513351431143514351431143513351331133514351431143513351231123512351236123613361
621300110010001000110011001317142715271627162715271431123512351231123513351
33114351435133113351235123112351235123112351235133113351435153115351635153115351
43514311435153516311635163516311535143513311335123512311235133513311335133513311
43515351531153514351431143514351431143514351431143514351331133512351236123612361
630100110010001000100010001117112712271227132713371231123512351231113511351
13111351135113111351135113112351235123111351135113112351335143114351435143114351
43514311335133512311335153516311535153514311535163516311635153515311535163516311
63515351531143514351331133512351231123512351231123512351231123512351136123612361
643600130011001200110013001317132713271427142715271531163516351631163515351
43113351235123112351235123111351135113112351335143115351535163116351635173117351
73517311635163515311635163517311735163516311635163516311635153515311535153514311
43513351231123512351131123512351231123512351231123512351231123512351236123611361
645700140012001300110011001117121712271327132714271431143514351431143514351
33113351235113111351135113111351135113111351135123113351435143115351535153115351
53515311535153516311635163516311535143513311435143515311635163516311635163516311
53514351331123512351231123512351231123512351231123512351231123512351136113611361
650600110012001100100010001117111711271127122711371131113511351231123513351
33113351235123111351135113111351235123113351335133113351235113111351135113112351
23512311335143514311435133512311235123512311235123512311235123512311235123512311
23512351231123513351331133513351331123512351231123512351231113511351236123612361
675700150016001100100010001017101711271127122712371231123511351131113511351
13111351135113112351335143114351435143114351435143113351235113111351235123112351
23512311235123512311235123511311135113511311135113511311135113511311135123512311
33514351531153515351431143514351431143514351431143514351331133512351336133613361
690800170016001500110010001027102710271027112711371231123512351231123512351
33113351435143114351435143114351435143114351435143114351435143113351235123111351
13511311135113512311235123512311235123511311135113511311135113511311135123512311
23513351331143514351431143514351431133513351331123512351231123512351336133613361
747100100010001000100010001117121713271327132713271231133514351531153515351
43114351435143114351435133113351235123113351335143115351535153115351535153115351
63516311535153514311535153516311635163516311635153515311535153515311535143514311
33513351331133513351331133514351431133513351331133512351231123512351136113611361
