20170204091525
T2M TEDF  78  35 1
20170204092017020404
20170204092017020405
20170204092017020406
20170204092017020407
20170204092017020408
20170204092017020409
20170204092017020410
20170204092017020411
20170204092017020412
20170204092017020413
20170204092017020414
20170204092017020415
20170204092017020416
20170204092017020417
20170204092017020418
20170204092017020419
20170204092017020420
20170204092017020421
20170204092017020422
20170204092017020423
20170204092017020500
20170204092017020501
20170204092017020502
20170204092017020503
20170204092017020504
20170204092017020505
20170204092017020506
20170204092017020507
20170204092017020508
20170204092017020509
20170204092017020510
20170204092017020511
20170204092017020512
20170204092017020513
20170204092017020514
20170204092017020515
20170204092017020516
20170204092017020517
20170204092017020518
20170204092017020519
20170204092017020520
20170204092017020521
20170204092017020522
20170204092017020523
20170204092017020600
20170204092017020601
20170204092017020602
20170204092017020603
20170204092017020604
20170204092017020605
20170204092017020606
20170204092017020607
20170204092017020608
20170204092017020609
20170204092017020610
20170204092017020611
20170204092017020612
20170204092017020613
20170204092017020614
20170204092017020615
20170204092017020616
20170204092017020617
20170204092017020618
20170204092017020619
20170204092017020620
20170204092017020621
20170204092017020622
20170204092017020623
20170204092017020700
20170204092017020701
20170204092017020702
20170204092017020703
20170204092017020704
20170204092017020705
20170204092017020706
20170204092017020707
20170204092017020708
20170204092017020709
002  46   001  44   001  42   001  51   001  54   001  53   001  53   971
  54  1071  57  1071  61   971  66  1071  67   971  68   971  67   871  65   871
  62   971  57   971  54  1071  52  1071  50  1171  49  1171  48  1171  45  1271
  44  1271  43  1371  43  1371  43  1471  42  1571  43  1571  44  1671  47  1671
  52  1671  56  1671  58  1571  58  1471  56  1371  52  1271  47  1271  45  1171
  45  1171  46  1271  49  1271  51  1271  52  1371  50  1371  47  1471  44  1571
  40  1671  36  1771  33  1771  31  1811  30  1851  32  1951  35  1911  40  1851
  46  1851  51  1711  55  1651  57  1451  58  1311  57  1351  55  1351  53  1311
  52  1351  51  1451  51  1411  51  1551  51  1651  52  1711  53  1851  54  1951
  55  2011  56  2151  57  2151  58  2211  60  2251  64  2151  69  2111
005  50   001  52   001  52   001  50   001  50   001  51   001  54   571
  55   871  55  1171  56  1271  59  1471  63  1471  64  1271  61  1171  59   971
  54  1071  49  1071  43  1171  38  1171  34  1071  32  1071  32  1071  35   971
  39   971  41   971  44  1071  45  1071  45  1271  45  1271  46  1371  49  1671
  54  1771  58  1871  60  1871  60  1871  59  1871  55  1671  51  1571  47  1271
  44  1371  43  1371  44  1471  44  1571  46  1571  45  1671  43  1671  40  1571
  36  1571  32  1571  28  1571  26  1571  26  1651  29  1751  34  1711  42  1951
  50  2051  57  2011  61  2051  63  2051  62  1911  60  1651  57  1651  54  1411
  52  1551  50  1551  49  1611  48  1651  48  1751  49  1711  51  1751  53  1851
  56  1811  58  1851  60  1751  61  1711  62  1751  65  1851  69  1811
015  43   001  37   001  39   001  51   001  51   001  55   001  56   471
  55   771  54   971  54  1171  52  1271  50  1471  52  1571  54  1371  56  1271
  53  1171  50  1271  45  1271  40  1271  36  1271  32  1271  29  1271  28  1171
  28  1171  30  1171  33  1071  35  1071  36  1071  37  1071  39  1071  44  1271
  48  1471  51  1671  50  1771  47  1771  44  1871  42  1771  42  1571  41  1471
  39  1471  37  1571  35  1571  35  1571  37  1471  38  1471  38  1471  38  1571
  37  1571  36  1571  35  1471  34  1411  34  1451  35  1451  38  1411  44  1551
  51  1751  56  1711  59  1751  59  1751  57  1711  55  1551  51  1551  48  1311
  44  1451  41  1451  39  1511  39  1451  39  1551  40  1411  40  1551  40  1551
  40  1611  40  1651  42  1651  43  1611  45  1551  48  1551  52  1411
027  59   001  59   001  58   001  53   001  49   001  49   001  58   471
  71   771  80   871  86  1071  87  1171  87  1271  79  1171  68  1171  57  1071
  48  1171  45  1171  45  1271  48  1371  49  1471  50  1571  49  1571  47  1671
  45  1671  45  1571  46  1471  47  1371  48  1471  50  1471  52  1571  55  1571
  58  1671  61  1771  63  1671  64  1671  64  1571  62  1571  61  1471  58  1471
  56  1671  53  1771  52  1971  51  1971  49  1971  46  2071  39  2071  32  1971
  26  1971  23  1871  22  1871  22  1771  24  1851  27  2051  33  2111  42  2251
  53  2151  62  2111  69  1951  72  1851  72  1711  69  1751  65  1651  64  1711
  66  1751  71  1851  76  1911  79  2051  79  2151  78  2211  76  2251  73  2351
  72  2311  72  2351  74  2251  75  2211  76  2351  77  2351  80  2411
070  45   001  49   001  51   001  54   001  56   001  56   001  62   671
  69   971  72  1171  67  1271  60  1571  54  1671  53  1571  53  1471  54  1371
  53  1371  49  1471  45  1571  42  1671  39  1771  37  1971  37  1971  38  1971
  39  2071  39  2071  40  1971  43  1971  48  1871  52  1671  56  1571  57  1571
  57  1771  58  1871  61  1871  63  1971  64  2071  60  1771  55  1571  49  1371
  47  1571  46  1671  45  1871  44  1971  42  2071  40  2071  38  2071  35  2171
  33  2171  32  2171  32  2171  33  2111  35  2051  38  1951  43  1811  49  1851
  55  1851  60  1811  64  1851  64  1851  62  1811  56  1751  48  1551  42  1311
  39  1551  38  1751  38  1811  37  2051  35  2151  33  2211  33  2251  33  2351
  33  2311  32  2251  32  2251  34  2111  40  2051  48  1951  57  1811
110  50   001  56   001  60   001  49   001  34   001  42   001  55   671
  71   871  84  1171  92  1171  93  1171  89  1071  85   971  81   971  76   871
  70   971  65  1171  61  1271  59  1171  57  1171  55  1071  53  1171  51  1171
  50  1271  51  1271  52  1271  55  1271  58  1371  61  1471  65  1671  70  1671
  76  1771  82  1771  88  1671  93  1371  94  1271  89  1271  82  1271  73  1271
  67  1371  63  1371  60  1471  56  1471  54  1471  52  1471  52  1471  53  1471
  54  1471  56  1471  57  1471  59  1471  61  1651  65  1851  72  2011  83  1951
  96  1751 108  1511 117  1651 122  1751 124  1811 123  1651 120  1451 116  1111
 111  1251 106  1251 102  1311 100  1451  99  1451  98  1511  95  1551  91  1551
  87  1511  84  1551  81  1451  78  1411  75  1651  74  1851  76  2011
120  47   001  47   001  48   001  51   001  54   001  62   001  71   671
  80  1071  88  1171  93  1371  93  1271  89  1271  81  1171  71  1071  64   971
  59  1071  57  1171  56  1271  57  1271  57  1371  57  1371  56  1471  53  1571
  50  1671  47  1571  45  1571  45  1471  48  1471  53  1371  58  1371  62  1371
  66  1471  69  1371  74  1371  77  1271  78  1271  75  1171  70  1171  64  1071
  59  1171  55  1271  53  1371  51  1471  49  1471  46  1571  43  1671  40  1671
  38  1771  38  1771  40  1671  42  1671  44  1551  46  1551  50  1411  57  1351
  66  1351  76  1211  86  1351  95  1351 101  1411 102  1451 101  1351  99  1311
  99  1451 100  1451 101  1511 102  1651 103  1651 101  1711  97  1851  91  1951
  85  2011  79  2051  74  1951  70  1911  69  1851  70  1851  74  1711
130  65   001  66   001  62   001  56   001  57   001  63   001  75   671
  88  1071  99  1371 104  1371 104  1971 101  2071  95  1871  85  1671  75  1471
  70  1471  67  1471  63  1571  60  1471  58  1571  56  1571  54  1571  54  1671
  55  1671  57  1671  59  1571  61  1571  61  1651  61  1751  62  1711  64  2051
  68  2251  72  2411  76  2351  79  2551  79  2511  76  2251  71  2051  64  1811
  57  1851  51  1851  46  1711  42  1751  38  1651  35  1611  32  1751  30  1751
  27  1811  24  1851  23  1951  22  1911  23  2051  27  2151  34  2311  43  2451
  55  2551  67  2611  79  2651  88  2751  94  2711  95  2551  92  2351  90  2111
  90  2151  92  2251  95  2211  97  2151  98  2251  97  2211  94  2251  89  2351
  83  2311  77  2351  73  2251  70  2211  70  2351  72  2451  77  2511
145  50   001  49   001  48   001  50   001  53   001  56   001  54   671
  51  1071  50  1271  54  1371  60  1471  64  1671  64  1471  61  1371  56  1171
  50  1171  47  1171  44  1171  44  1171  46  1271  49  1271  51  1371  53  1371
  54  1471  55  1471  56  1471  57  1411  57  1471  57  1371  57  1371  59  1571
  62  1671  64  1771  64  1871  64  1871  62  1971  60  1771  57  1471  54  1371
  50  1371  45  1371  42  1371  42  1371  43  1471  43  1471  41  1471  38  1571
  35  1571  33  1571  33  1471  33  1411  33  1551  35  1651  39  1711  46  1751
  55  1851  62  1811  66  1951  66  2051  65  2111  62  1951  59  1851  56  1611
  54  1651  52  1651  52  1611  53  1751  54  1751  55  1811  55  1851  56  1951
  57  1911  60  1851  63  1851  66  1711  67  1851  68  1851  70  1911
149  57   001  54   001  54   001  56   001  59   001  63   001  66   871
  65  1071  64  1371  64  1371  66  1571  68  1671  67  1571  63  1371  60  1271
  56  1171  51  1171  48  1071  48  1171  50  1371  52  1471  53  1471  55  1571
  56  1571  57  1471  58  1471  59  1371  60  1371  62  1271  65  1271  67  1371
  70  1471  72  1671  73  1771  73  1771  71  1771  68  1671  64  1571  60  1371
  56  1271  51  1371  49  1271  48  1371  48  1371  48  1471  47  1471  46  1571
  44  1571  43  1571  42  1471  42  1471  42  1451  44  1551  48  1511  55  1651
  64  1851  70  1811  73  1951  72  2051  69  2011  65  1951  62  1851  59  1711
  58  1651  57  1651  57  1511  56  1651  56  1651  56  1711  57  1751  60  1851
  62  1811  64  1851  66  1751  68  1711  69  1751  71  1751  75  1711
156  60   001  59   001  55   001  57   001  60   001  66   001  66   471
  64   871  64  1071  67  1271  72  1471  73  1571  74  1471  75  1471  73  1371
  72  1371  70  1371  68  1371  66  1371  66  1371  66  1371  67  1271  68  1271
  70  1171  71  1171  71  1171  71  1171  71  1171  70  1271  71  1271  72  1471
  73  1571  75  1771  75  1771  74  1771  73  1771  71  1671  69  1571  65  1471
  60  1571  56  1471  52  1471  52  1471  53  1471  54  1471  53  1471  50  1371
  48  1371  48  1371  48  1471  49  1471  49  1551  50  1651  53  1711  59  1751
  66  1851  72  1911  76  1951  76  1951  75  1811  72  1851  68  1751  64  1711
  62  1751  60  1751  60  1711  60  1751  61  1851  62  1811  63  1751  65  1751
  67  1611  70  1651  73  1651  75  1611  76  1751  77  1751  79  1811
168  64   001  65   001  64   001  67   001  71   001  74   001  81   471
  86   671  85   871  79   971  69  1671  62  1771  59  1771  56  1671  54  1671
  52  1771  49  1671  46  1671  44  1771  43  1971  43  2071  44  2171  45  2371
  45  2471  44  2471  42  2371  43  2371  48  2171  55  2071  64  1971  73  1971
  79  1971  84  2071  86  2071  86  2151  82  2211  76  2051  68  1851  62  1711
  58  1751  56  1851  54  1711  52  1951  50  2051  47  2211  45  2351  42  2551
  40  2611  38  2651  36  2551  35  2511  34  2451  35  2351  39  2211  46  2151
  55  2151  62  2011  66  2051  66  2051  63  2011  57  1951  50  1851  45  1711
  44  1851  44  1851  44  1911  42  2151  38  2251  35  2411  34  2551  33  2651
  34  2711  35  2651  36  2651  38  2511  41  2551  46  2551  53  2511
180  20   001  17   001  21   001  24   001  46   001  55   001  57  1071
  58  1471  60  1871  62  1771  62  1871  59  1871  53  1771  51  1771  49  1671
  45  1771  43  1771  38  1871  31  1971  23  1871  17  1971  15  2071  14  2171
  13  2271   9  2271   5  2371   4  2371   9  2171  18  1971  26  1871  31  1971
  36  2071  39  2371  43  2271  48  2171  50  2011  49  1851  45  1851  41  1611
  37  1851  33  1951  30  2011  27  1951  25  2051  24  2011  23  2251  23  2351
  23  2511  23  2651  23  2651  23  2711  24  2551  25  2251  28  2011  32  2051
  36  2251  40  2211  43  2251  45  2151  45  2111  43  1951  39  1851  33  1611
  26  1751  19  1851  13  2011   9  2151   7  2251   6  2311   5  2551   5  2651
   6  2811   8  2851  10  2851  11  2811  11  2751  11  2551  13  2411
190  24   001  14   001   4   001  11   001  14   001  24   001  33   971
  41  1271  44  1471  47  1771  52  1871  57  1971  59  1971  55  1671  52  1471
  48  1671  45  1771  41  1971  35  2071  27  2071  19  2171  13  2171   7  2271
   2  2271  -2  2271  -5  2171  -4  2111   1  2151   9  2151  17  2011  23  2251
  28  2651  30  2511  31  2751  30  2851  29  2811  27  2451  25  2151  22  1911
  19  2051  17  2051  14  2111  12  2251  10  2251   9  2311  10  2351  11  2251
  12  2211  12  2251  11  2251  11  2211  13  2251  17  2251  22  2211  27  2151
  32  2151  37  2211  41  2251  42  2351  41  2311  36  2151  30  1951  24  1711
  20  1851  16  2051  13  2111   9  2251   5  2451   2  2411   0  2351  -1  2351
   0  2211   1  2251   3  2351   4  2311   4  2351   5  2351   7  2311
222  84   001  75   001  66   001  61   001  64   001  71   001  80   671
  90   871 101  1171 107  1371 111  1571 109  1571 102  1571  94  1371  87  1271
  85  1271  84  1171  84  1171  83  1271  82  1271  81  1371  79  1471  77  1471
  78  1571  81  1471  86  1371  88  1211  87  1251  83  1451  81  1411  82  1651
  85  2051  88  2311  90  2351  91  2351  90  2311  86  1851  81  1851  74  1511
  67  1551  62  1751  57  1611  54  1651  52  1751  50  1711  47  1751  44  1851
  41  1811  40  1751  39  1651  39  1511  39  1551  41  1651  45  1711  53  1851
  63  2051  74  2111  84  2151  93  2151  99  2111 102  2051 102  1851 101  1611
 101  1751 101  1851 103  1911 106  2051 108  2051 109  2111 107  2251 103  2251
  98  2311  94  2251  90  2251  87  2111  85  2151  86  2151  89  2111
240  66   001  82   001  76   001  71   001  67   001  80   001  83   471
  81   771  83   971  89  1171  97  1771  99  2071  94  1771  84  1571  75  1271
  70  1271  68  1171  69  1171  71  1171  73  1171  75  1171  76  1171  75  1271
  75  1271  75  1271  74  1171  74  1171  74  1271  75  1471  78  1571  82  1671
  87  1971  89  2171  88  2271  84  2371  79  2471  74  2071  68  1871  64  1671
  61  1571  57  1571  55  1471  53  1471  50  1471  48  1471  46  1471  45  1471
  42  1471  38  1471  34  1371  31  1371  30  1451  31  1751  36  1811  44  2051
  54  2351  63  2411  70  2651  73  2551  74  2511  72  2351  70  2051  67  1911
  66  1951  66  1951  68  1811  71  1851  75  1651  78  1611  80  1651  82  1651
  83  1611  84  1651  84  1751  83  1711  81  1851  80  1951  81  2011
255  56   001  78   001  70   001  74   001  75   001  85   001  86   671
  84   971  85  1171  90  1171  96  1671  95  1771  89  1571  78  1371  66  1171
  60  1171  56  1171  55  1271  54  1171  52  1171  52  1171  53  1171  55  1071
  57  1071  59  1071  61  1171  64  1171  68  1171  74  1271  82  1271  89  1571
  96  1971 100  2271 101  2271  98  2171  91  2171  81  1971  70  1571  61  1371
  55  1371  49  1471  46  1571  42  1571  39  1471  36  1471  35  1471  35  1371
  35  1371  34  1471  32  1471  30  1511  30  1751  31  1851  35  2011  42  2051
  50  2151  58  2211  63  2151  66  2051  65  2011  61  1851  56  1651  52  1411
  50  1551  49  1551  49  1611  48  1651  46  1751  46  1711  47  1751  50  1751
  53  1711  56  1851  59  1951  62  2011  64  1951  67  1951  71  1811
260  57   001  69   001  70   001  75   001  82   001  85   001  81   671
  77   971  76  1271  81  1171  89  1671  92  1671  85  1571  73  1571  60  1471
  51  1671  48  1771  47  1971  47  2071  47  2371  47  2471  48  2471  50  2471
  52  2471  54  2471  57  2371  61  2371  67  2271  74  2071  81  1871  87  1971
  94  2171  98  2271 100  2271  99  2071  94  2011  84  1951  72  1751  62  1611
  58  1851  57  2251  55  2511  50  2651  43  2551  36  2611  32  2651  30  2751
  31  2711  33  2651  35  2451  36  2311  35  2351  34  2451  36  2411  42  2451
  51  2351  59  2211  64  2251  65  2151  63  2111  58  2051  53  1851  49  1811
  48  2151  47  2251  45  2511  40  2551  34  2651  30  2611  31  2651  35  2751
  41  2711  46  2651  51  2651  54  2511  57  2451  59  2251  64  2111
280  48   001  43   001  56   001  60   001  62   001  65   001  72   371
  80   771  83  1171  83  1171  80  1571  79  1571  74  1471  66  1471  58  1371
  50  1471  44  1471  40  1471  37  1471  36  1371  35  1371  32  1471  30  1471
  28  1571  25  1771  25  1971  27  2171  33  1971  41  1771  51  1471  60  1671
  69  1771  76  1971  81  2071  82  2071  80  2011  74  1951  65  1751  58  1611
  54  1651  52  1651  51  1611  49  1451  45  1451  42  1311  39  1451  36  1551
  33  1611  30  1851  28  2051  28  2211  31  1951  35  1751  41  1511  47  1651
  53  1651  57  1711  59  1651  59  1551  56  1611  50  1551  43  1651  36  1511
  31  1651  28  1651  25  1811  22  1851  19  1751  17  1711  15  1751  14  1851
  13  1811  12  2051  13  2251  14  2411  17  2251  22  2051  28  1811
299  19   001  11   001  13   001  19   001  53   001  56   001  63   471
  71   871  76  1371  79  1471  77  1671  73  1771  66  1971  63  1871  60  1871
  56  1871  53  1871  46  1871  38  1971  29  1971  19  2071  12  1971   8  1971
   4  1871   3  1771   4  1771   8  1671  14  1671  21  1471  27  1371  32  1671
  35  1871  36  2371  38  2271  39  2471  39  2571  37  2671  36  2371  33  2371
  32  2371  30  2371  29  2371  29  2371  28  2271  27  2171  26  2071  25  1971
  24  1871  23  1871  23  1771  22  1711  21  1751  20  1751  21  1711  25  1751
  30  1951  35  1911  38  2051  39  2051  38  2111  36  2051  33  2051  29  1911
  25  1951  21  2051  18  2011  15  2051  12  2151   9  2111   6  2151   3  2051
   1  2011   2  1951   3  1951   5  1811   5  1851   6  1951   9  1911
434  57   001  60   001  68   001  60   001  59   001  55   001  57   471
  64   671  76   771  87   871  93  1171  91  1271  83  1271  74  1171  68  1171
  65  1171  65  1171  67  1271  68  1271  70  1371  71  1471  72  1471  73  1571
  75  1571  77  1571  79  1571  80  1571  78  1671  76  1771  75  1871  77  1671
  79  1671  82  1471  83  1571  80  1371  74  1371  64  1371  54  1371  45  1371
  41  1471  38  1471  38  1371  37  1471  36  1671  34  1771  32  1771  29  1771
  26  1771  23  1771  21  1771  20  1771  21  1851  25  1951  30  1911  37  2051
  44  1951  51  1911  57  1951  60  1751  60  1711  56  1751  50  1751  45  1811
  43  1851  44  1851  47  1711  50  1751  53  1751  56  1711  58  1751  61  1851
  63  1811  66  1951  68  1951  70  2011  71  2051  72  2051  74  2011
460  66   001  66   001  65   001  58   001  94   001 100   001  99   671
  94  1471  91  1771  92  1971  97  2271 100  2371  91  2171  81  2071  73  1971
  66  1871  66  1871  65  1771  65  1871  66  1971  68  2071  69  2071  74  2171
  76  2171  79  2271  82  2271  84  2371  85  2271  86  2271  86  2171  88  2371
  89  2671  90  2871  90  3071  86  2971  81  2971  72  2771  62  2571  54  2471
  50  2371  48  2471  46  2371  42  2371  38  2371  34  2371  32  2371  31  2471
  30  2471  29  2471  28  2571  28  2511  28  2551  29  2551  32  2511  36  2651
  41  2851  46  2811  51  2751  54  2651  54  2611  50  2651  44  2551  39  2411
  38  2451  39  2451  40  2411  39  2551  36  2651  35  2711  36  2851  38  2851
  42  2911  46  3051  51  3051  56  3111  61  3051  66  2951  71  2811
481  69   001  68   001  64   001  62   001  77   001  91   001 105   571
 116   871 123  1371 124  1471 121  1871 116  1971 104  1871  93  1671  82  1571
  75  1671  69  1671  66  1671  64  1671  62  1571  62  1571  61  1571  60  1671
  58  1671  61  1671  64  1571  68  1571  71  1771  76  1771  81  1871  88  2071
  95  2071 101  2271 106  2371 107  2371 104  2471  98  2271  90  2071  83  1971
  77  2171  74  2071  70  2071  65  1971  58  1871  52  1771  47  1771  43  1871
  41  1871  39  1871  37  1871  36  1811  35  1851  35  1851  36  1911  38  1951
  41  2151  44  2111  47  2051  49  2151  50  2111  48  2051  45  1951  41  1711
  37  1851  34  2051  31  2111  28  2151  24  2151  21  2111  18  2151  17  2251
  18  2211  22  2251  27  2351  31  2311  34  2351  37  2351  41  2311
497   2   001  -4   001   1   001  10   001   8   001   6   001  15  1271
  28  1771  39  1771  44  1771  44  2071  39  2071  32  2071  25  2171  17  2271
  13  2471  13  2471  11  2571  10  2571   7  2671   7  2671   7  2771  10  2871
  12  2971  16  2971  21  2971  26  2971  29  3171  31  3271  35  3471  42  3271
  48  3071  49  2671  43  2671  33  2671  24  2371  18  2371  17  2471  17  2671
  18  2771  20  2771  21  2971  22  2871  20  2871  20  2771  19  2871  19  3071
  17  3171  14  3071  11  2971   8  2871   6  3151   6  3351  11  3511  21  3151
  32  2851  41  2411  44  2351  42  2351  37  2311  31  2351  25  2551  19  2611
  13  2651   8  2751   3  2711  -1  2751  -3  2751  -6  2711  -9  2851 -11  3051
 -11  3111 -10  3051  -8  2951  -8  2811 -11  3051 -11  3151  -4  3311
510 118   001 110   001 107   001 102   001  99   001 106   001 117   471
 126   771 127   871 122   871 115  1471 111  1571 108  1371 104  1271 101  1071
  99  1171  98  1371  96  1471  93  1471  91  1471  91  1471  93  1471  97  1471
 101  1471 103  1471 102  1471 100  1471  97  1371  94  1371  94  1271  97  1471
 102  1571 105  1771 104  1871 101  1871  96  1971  91  1771  87  1571  84  1371
  81  1471  79  1571  76  1671  73  1671  70  1771  68  1771  67  1771  66  1771
  64  1771  62  1771  59  1771  56  1711  54  1851  55  1851  59  1811  67  1851
  78  1951  88  1811  96  1951 100  1851 100  1911  96  1851  90  1651  86  1511
  86  1751  89  1651  92  1711  93  1751  93  1851  93  1811  93  1851  94  1951
  95  1911  97  1951  99  1951 101  1911 102  1851 104  1751 108  1611
579  48   001  48   001  50   001 117   001  74   001  79   001  90   571
 104   871 119  1171 132  1271 136  1671 131  1671 123  1571 104  1471  87  1371
  77  1471  74  1571  74  1671  74  1671  72  1671  71  1671  69  1771  66  1871
  64  1971  63  2071  64  2071  66  2171  70  2071  75  1971  80  1771  85  1871
  90  2071  94  2171  98  2171 100  2071  99  2071  94  1971  87  1771  79  1671
  73  1871  67  1971  63  2071  61  2071  60  1971  58  1971  55  1971  52  2071
  50  2071  49  2171  50  2271  53  2311  57  2251  63  2051  68  1911  73  2051
  77  2251  80  2311  82  2251  83  2051  81  1911  77  1851  71  1651  66  1511
  62  1851  59  1951  57  2111  56  2151  54  2051  53  2011  51  2151  49  2251
  47  2311  45  2451  45  2651  48  2711  56  2551  68  2251  81  2011
588  27   001  29   001  35   001  36   001  47   001  46   001  57   671
  73   971  90  1171 103  1371 110  1671 107  1671  95  1771  80  1771  65  1871
  54  1871  48  1771  44  1771  43  1871  45  1971  46  2071  47  2071  46  2071
  46  2071  45  1971  43  1971  44  1871  47  1971  53  2071  61  2071  68  1971
  76  1971  81  1871  85  1871  85  1971  83  1871  78  1971  72  1971  66  2071
  61  1971  57  1871  55  1771  53  1871  51  1871  49  1971  47  1971  44  2071
  42  2071  40  1971  41  1871  43  1711  48  1851  56  1951  63  2011  69  2051
  74  1951  79  1911  83  1951  85  1951  84  1911  78  2051  69  2151  60  2211
  52  2151  47  1951  43  1811  41  1951  41  1951  40  2011  38  2151  36  2151
  33  2211  31  2151  30  2051  32  1911  38  2051  47  2151  60  2211
621  79   001  77   001  86   001  84   001  82   001  87   001  94   671
 102  1071 111  1471 119  1671 124  1971 121  2271 112  2271  99  1971  88  1871
  81  1971  79  2071  77  2271  74  2271  71  2371  70  2371  73  2371  76  2471
  79  2471  78  2571  75  2771  72  2871  70  2771  71  2471  76  2271  84  2571
  94  2671 100  2871  99  2871  92  2971  83  2871  74  2671  67  2471  62  2171
  60  2271  57  2271  54  2371  49  2371  44  2471  39  2471  36  2571  36  2671
  37  2771  39  2871  42  2971  45  3011  47  2851  49  2751  54  2511  62  2851
  72  2851  83  3011  92  3051  98  2851  98  2811  91  2651  82  2251  76  2111
  76  2151  79  2351  82  2411  81  2551  77  2851  73  2911  71  3051  71  3151
  73  3211  75  3351  78  3351  80  3411  81  3151  83  2951  87  2611
630 105   001  79   001  85   001  94   001 102   001 103   001 108   571
 116   971 123   971 128  1171 126  1571 121  1671 114  1471 106  1371 100  1271
  98  1371  97  1371  96  1571  95  1571  93  1571  92  1571  92  1571  91  1571
  92  1571  93  1571  92  1571  90  1511  86  1551  83  1551  83  1411  89  1651
  96  2051 102  2011 102  2151  99  2251  94  2311  89  2151  85  1951  81  1711
  77  1751  72  1751  68  1711  64  1651  61  1651  58  1511  56  1551  54  1651
  52  1611  50  1651  49  1751  49  1711  50  1851  53  1951  59  1911  68  2251
  78  2151  87  2311  94  2351  97  2351  97  2211  94  2351  89  2151  85  2011
  82  2051  81  1951  81  1911  82  1951  82  1951  83  1911  83  1951  83  2051
  84  2011  85  2051  87  2151  89  2111  90  2151  93  2051  97  2011
643  76   001 121   001  93   001  86   001  97   001 128   001 143   471
 150   771 153   971 157  1071 157  1271 150  1171 136  1171 122  1271 107  1271
  98  1271  93  1271  87  1271  84  1471  82  1571  80  1771  80  1771  78  1771
  79  1771  79  1671  79  1471  79  1371  79  1471  82  1471  85  1671  91  1671
  98  1671 105  1671 109  1571 111  1271 108  1171 101  1171  93  1271  85  1271
  82  1271  79  1171  78  1171  76  1371  74  1671  71  1871  69  1871  67  1871
  66  1871  66  1771  66  1671  67  1511  69  1551  73  1651  80  1611  90  1651
 100  1651 110  1611 116  1451 118  1451 115  1311 106  1251  95  1151  84  1011
  77  1051  73  1151  71  1211  69  1451  68  1751  67  1911  68  1951  69  1851
  69  1811  68  1851  68  1851  71  1811  79  1851  90  1951 104  1911
645  66   001  78   001  88   001 100   001  73   001  75   001  91   471
 113   671 133   871 145   971 147  1271 139  1271 129  1371 111  1371  96  1471
  87  1471  83  1371  81  1371  78  1471  75  1471  74  1571  74  1571  76  1671
  77  1671  78  1671  78  1671  80  1671  83  1671  88  1671  94  1571  98  1571
 102  1571 106  1571 108  1571 109  1371 106  1371  99  1471  89  1471  81  1571
  75  1671  71  1671  68  1571  65  1671  62  1671  61  1771  60  1771  60  1771
  61  1771  62  1771  63  1771  65  1711  67  1751  70  1651  76  1611  86  1651
  96  1651 105  1611 109  1451 108  1451 102  1311  92  1451  80  1451  71  1511
  66  1551  65  1551  65  1511  65  1751  65  1751  64  1811  63  1851  61  1851
  61  1811  62  1951  65  1951  70  2011  77  1951  86  1851  98  1711
650 117   001 123   001 129   001 137   001 140   001 120   001 121   771
 132   971 143  1471 147  1671 147  1471 144  1371 136  1371 124  1371 111  1371
 102  1471  98  1471  97  1571  96  1751  95  1851  94  2011  93  2051  93  1951
  94  1911  96  1951 100  1851 103  1811 106  1651 109  1451 112  1211 115  1451
 119  1651 121  1811 122  1751 120  1651 117  1511 112  1551 106  1351 100  1311
  95  1551  91  1651  86  1711  81  1851  76  1851  73  1911  72  1951  71  1951
  70  1911  67  1951  65  1951  64  1911  67  1651  72  1451  79  1211  87  1451
  94  1651 101  1811 106  1751 108  1751 107  1611 101  1551  93  1351  85  1211
  78  1351  72  1651  67  1711  62  1851  58  2151  56  2211  56  2151  56  2151
  56  2011  54  2051  53  2051  55  2011  63  1851  75  1651  91  1411
675  59   001  60   001  70   001  71   001  75   001  77   001  91  1171
 110  1271 125  1171 135  1271 139  1371 138  1171 129  1271 115  1471 102  1571
  91  1671  86  1671  81  1771  77  1871  73  1871  70  1971  71  1971  72  2071
  74  2071  77  2071  79  2071  82  2071  85  2171  88  2471  93  2571  98  2371
 105  2171 111  1971 114  1671 115  1451 113  1211 108  1351 102  1551  95  1611
  89  1751  83  1851  78  1911  74  2051  70  2051  67  2111  65  2251  63  2351
  62  2411  62  2351  63  2351  66  2211  72  2351  82  2351  93  2411 106  2251
 119  2151 131  1911 140  1751 144  1551 141  1311 130  1451 114  1651  97  1711
  82  1851  70  2051  60  2111  53  2151  48  2251  45  2211  43  2351  41  2551
  38  2611  33  2651  29  2751  30  2711  38  2651  53  2651  73  2511
690  87   001  86   001  76   001  79   001  80   001  77   001  88   471
 106   671 124   671 138   571 148   771 150   871 146  1271 137  1471 127  1771
 117  1671 107  1671 100  1571  97  1671  97  1771  97  1871  96  1871  94  1771
  94  1771  95  1871  97  1871 100  1971 103  1971 107  2071 112  1971 118  1771
 125  1671 130  1371 132  1171 132  1071 131  1071 127  1371 123  1571 117  1871
 111  1871 103  1771  98  1771  95  1771  94  1771  93  1871  92  1871  90  1771
  90  1771  90  1871  92  1971  94  2011  98  1951 103  1951 110  1811 118  1651
 128  1451 136  1311 143  1151 146  1151 146  1011 141  1251 132  1551 122  1911
 111  1951 102  1951  96  1911  93  1951  93  1951  93  1911  92  1951  89  1951
  85  1911  81  2051  79  2151  80  2211  86  2151  96  1951 109  1811
747 144   001 146   001 103   001 115   001 109   001 122   001 143   471
 163   671 170   871 163   971 151  1271 141  1371 134  1471 124  1471 116  1571
 114  1671 115  1671 116  1671 113  1771 109  1871 105  1971 103  1971 103  1871
 102  1871  99  1971  96  2071  94  2171  96  2171 100  1971 105  1871 109  1771
 113  1771 116  1671 120  1571 122  1571 119  1571 110  1571  99  1671  90  1671
  87  1771  87  1971  88  1971  87  2071  86  2071  83  2171  81  2171  81  2271
  80  2271  79  2271  78  2271  78  2211  79  2351  81  2451  86  2411  94  2251
 103  1951 112  1711 118  1751 121  1851 119  1711 112  1651 104  1651  99  1511
 101  1751 106  1851 111  2011 113  2151 113  2251 112  2311 113  2351 115  2451
 118  2411 121  2551 124  2551 126  2611 128  2451 129  2351 133  2111
NT  TEDF  78  35 1
20170204092017020404
20170204092017020405
20170204092017020406
20170204092017020407
20170204092017020408
20170204092017020409
20170204092017020410
20170204092017020411
20170204092017020412
20170204092017020413
20170204092017020414
20170204092017020415
20170204092017020416
20170204092017020417
20170204092017020418
20170204092017020419
20170204092017020420
20170204092017020421
20170204092017020422
20170204092017020423
20170204092017020500
20170204092017020501
20170204092017020502
20170204092017020503
20170204092017020504
20170204092017020505
20170204092017020506
20170204092017020507
20170204092017020508
20170204092017020509
20170204092017020510
20170204092017020511
20170204092017020512
20170204092017020513
20170204092017020514
20170204092017020515
20170204092017020516
20170204092017020517
20170204092017020518
20170204092017020519
20170204092017020520
20170204092017020521
20170204092017020522
20170204092017020523
20170204092017020600
20170204092017020601
20170204092017020602
20170204092017020603
20170204092017020604
20170204092017020605
20170204092017020606
20170204092017020607
20170204092017020608
20170204092017020609
20170204092017020610
20170204092017020611
20170204092017020612
20170204092017020613
20170204092017020614
20170204092017020615
20170204092017020616
20170204092017020617
20170204092017020618
20170204092017020619
20170204092017020620
20170204092017020621
20170204092017020622
20170204092017020623
20170204092017020700
20170204092017020701
20170204092017020702
20170204092017020703
20170204092017020704
20170204092017020705
20170204092017020706
20170204092017020707
20170204092017020708
20170204092017020709
002300140017001800180017001717171717271727172717271735163515311435133512311
23513351331143515351531163517351731173517351731173517351731173517351731173517351
73117351735173116351635163116351635153115351435143115351635163116351635163116351
63516311635163516311635163517311735163516311635173517311735173517311735173517311
005600170017001800180018001817182718271827182717371635153514311335133512311
33513351431153516351731173517351731173517351731173517351731173517351731173517351
73117351735173116351635163115351535153115351535153115351535153115351635163115351
53515311535163516311735173516311635163517311735173517311735163516311635163517311
015200150018001800180018001817181718171727172717371735173517311735163515311
53514351431143515351631173517351731173517351731173517351731173517351731173517351
73117351735173117351735173117351635163116351635163116351735173117351735173116351
63515311535153515311535153516311635163517311735173517311735173517311735173517311
027800180018001700170018001717171716271527143713371235123512311335143515311
63516351631173517351731173517351731173517351731173517351731173517351731173517351
63115351435133113351435143114351435143114351435143114351435143114351535163116351
63517311735173517311735173517311735173517311735173517311635153515311535153515311
070800180018001800180018001817182717271727173717371735173517311535143513311
33514351531163516351731173517351731173517351731173517351731173517351731163516351
53115351535163116351635163116351635173117351735173117351735173117351735173117351
63515311535143514311535153516311735173517311735163516311635163516311635173517311
110700180016001200100012001217122713271427153716371735163516311635163516311
63516351531163516351631173517351731173517351631153514351331133514351431143513351
33113351335143113351335123112351335133114351535163117351735173117351735173117351
73517311735173517311635163515311435143514311435143514311435133513311335143515311
120700170018001700160016001517142714271427142714371535163517311735163516311
63516351631163516351731173517351731173516351531153515351531153515351531143512351
23112351335143114351435143114351435143114351535153115351635173117351735173117351
73517311735173517311735163516311635153515311535153515311435133513311335133514311
130800180017001800180017001617152715271427142714271435153516311635173517311
73517351631173517351731173517351731173516351631163517351731173516351531143512351
23112351335143114351435133113351435143114351535153115351535163116351635163117351
73517311735173516311635173517311735163516311635163516311535143513311335133514311
145800180018001800170018001827172718271827183717271535133511311135123514311
53516351731173517351731173517351731173517351731173517351731173516351631163517351
73117351735173116351635163115351535143114351435153115351535153115351535153114351
43514311535153516311635173517311635163516311635163516311635163516311735173517311
149800180018001800170018001817181718271827182717271535133511311135123514311
53516351731173517351731173517351731173517351731173517351731173516351631163517351
73117351735173116351635153115351535153115351535153115351635163116351535153114351
43514311535153516311635173517311635163516311635163517311735163516311635173517311
156800180018001800170018001817172718271827182717271535133511311135123514311
53516351731173517351731173517351731173517351731173517351731173516351631163517351
73117351735173116351635163115351535153115351535153115351635163116351535153114351
43514311535153516311635173517311635163516311635163516311635163516311635173517311
168800180018001800180016001717171717271727172717271735163515311335123512311
23514351531163517351731173517351731173517351731173517351731173517351731163516351
53115351635163116351735173117351635163116351735173117351735173117351735173117351
63515311435133513311335143515311635163517311735173517311635163516311635163517311
180700180018001800180018001717171717171727172717271735173517311735183517311
53513351231123513351531163516351731173517351731173517351731173517351731173517351
63116351635163116351635163116351635163116351635173117351735173117351735173117351
63516311535153515311535153515311535153515311535153515311535153515311635163517311
190400180018001800180018001827172717371737173517311735173516311735173517311
63514351231123512351331143515351531163517351731173517351731173517351731173517351
73117351735173117351735173117351735173117351735173117351735173117351735173117351
73517311735163516311635163515311535153515311535153515311435133513311435163517311
222500140017001700170010001117122712271327143715371635163517311735173517311
73517351731173517351731163515351431143515351631163517351731163516351531133512351
13112351335143114351435143114351435133113351335133114351535163117351735173117351
73517311735173517311735173517311735173517311635163516311535153515311535153515311
240800170018001800150018001717162715271427133712371235123512311435163517311
83517351731173517351731173518351731163514351431143516351731173517351731173517351
73116351535133113351335133114351435143114351435143115351635173117351635163116351
63517311735173517311735173517311735173517311635163516311535153515311535153516311
255800180016001700170018001817181718271727162715371435133512311335143515311
63517351731173517351731173516351631173517351731163516351531153516351731173517351
73117351735173117351635163116351635163116351535153115351635173117351635153114351
33513311335153516311635173516311635163516311735173517311635163516311635173517311
260800180018001800170018001827182718271727163715371435123512311235133515311
63516351731173517351731173517351731173517351731163516351531163516351731163516351
53115351535163117351735173117351635153115351635163116351635173117351735173116351
63515311435143514311535153516311635163516311735173517311635153515311535163517311
280800180018001800180018001717172717271727172717271635153515311435143514311
43515351631163516351731173517351731173517351731173517351731173517351731173517351
73116351635163116351735173116351635153115351635173117351735173117351635163115351
53515311435143513311335133513311435143515311535153516311635163517311735173517311
299700180018001800180018001727172717271727172717371735173516311535153514311
33512351231123513351431153516351731173517351731173517351731173517351731173517351
73117351735173117351735173117351735173117351735173117351735173117351735173117351
73517311735163515311535153514311435143514311435143514311535153515311635163516311
434800170017001700180018001717161715271527152716271635163517311735173517311
73517351731173516351631163517351731173517351631163516351631173517351731173517351
73116351535153114351435143114351435153115351535153115351535153115351535143114351
43515311535163517311735173517311735173517311735173517311735173517311735173517311
460800180018001300160015001517151714271427142714271435143513311435143515311
63517351731173517351631173517351731173517351631163516351631163517351731173516351
63116351635173117351735173116351635163116351735173117351635163116351635163115351
43514311435143515311535153516311635163516311635163517311735173516311635173517311
481800180018001700170013001417141715271427142713371335133514311435153515311
63516351731173517351731173517351731173517351731173517351731173517351731173517351
73117351635163116351735173117351735173117351735173117351735173117351735173117351
63516311535143513311335143514311435153515311535153515311535153516311635173517311
497800180018001800180018001817172717271727172716271635153514311435153515311
53515351531153516351631173517351731173517351731173518351831183517351731173517351
73117351735173117351735173117351735173117351735173117351735173117351735173117351
63516311535143514311435143514311435133513311235123512311235123512311335143515311
510300140013001300130014001517152716271627173717371735173517311735173517311
73517351731173517351731173517351731163516351631163516351731173517351731163515351
33113351235123113351335143113351235123112351335153115351635163116351735173117351
73517311735173517311735173517311635163516311635173517311735173517311735173517311
579700170017001800180016001517152714271427142714371435143514311535163517311
73517351731173517351731173517351731173517351731173517351731173517351731173517351
63115351535143115351535153115351535143113351335133113351335133113351335133113351
23512311235113511311135113511311235123513311435143515311535163516311635163516311
588800180018001800180018001717161716171527142714371435143515311535163517311
73517351731173517351731173517351731173517351731173517351731173517351731173517351
73117351635163116351635163116351635153115351535153115351435143113351235123111351
13511311135113511311135113511311135123512311335133514311435143514311535153515311
621700180017001700170018001817181717171727172717271735173517311735173517311
73516351631163517351731173517351731173517351731173517351731173517351731173517351
73116351635163116351635163116351635163116351635163116351635173117351735173117351
73517311735173517311735173517311635163516311635163516311635173517311735173517311
630700180017001800170016001617161716271727172717271735173517311735173517311
63516351631163516351731173517351731173516351631163517351731173517351731173517351
63115351435123112351235123113351435143114351435143114351535163116351735173116351
63516311535153515311535143514311535163516311635163516311535153516311635163517311
643800180017001600170011001127122712271327132714271535153516311635173517311
73517351731173517351731173517351731173517351731173517351731163516351631153515351
43113351335133114351535163115351335123111351135123112351235123112351235123112351
33513311335123511311235123513311335133513311335143515311535153515311535153515311
645700180016001700170013001317121712271327132714271535153515311535163517311
73517351731173517351731173517351731173517351731173517351631173517351731163515351
43112351235123113351535163116351435133112351135113111351135123112351335133113351
23512311135113511311135113512311235123513311335143515311535153515311535153515311
650800180018001800180018001717162715271527152715271535153515311635163517311
73517351731173516351631163517351731173517351731173517351731173517351731163514351
33112351235113111351135113112351335143114351435133112351235113111351135113111351
13511311135113511311135113511311235123513311335133513311435143515311535153515311
675800180018001800180018001717161715271427143713271335133513311335143515311
63516351731173517351731173517351731173517351731173517351731173517351731173516351
53115351435133112351235123113351435153115351535153115351535163116351535153113351
23512311135113511311135113511311135113511311135113511311235133514311435143515311
690600180018001800180018001617152713271227122712271235123512311135113512311
33515351631173517351731173517351731173517351731173517351731173517351731173517351
73117351735163116351635163116351635153116351635163116351635163116351535143113351
23512311235113511311135113511311135113511311135113511311235123513311435143515311
747700160017001500160017001717171717271727172717271735173517311735163516311
63515351631163517351731173516351631163517351731173516351631163516351631163515351
43113351335123112351235123111351135123112351335143114351535153114351435133113351
33512311235123512311335143514311535153515311535153515311535163516311635163516311
