20170427141433
T2M TEDF  78  35 1
20170427142017042709
20170427142017042710
20170427142017042711
20170427142017042712
20170427142017042713
20170427142017042714
20170427142017042715
20170427142017042716
20170427142017042717
20170427142017042718
20170427142017042719
20170427142017042720
20170427142017042721
20170427142017042722
20170427142017042723
20170427142017042800
20170427142017042801
20170427142017042802
20170427142017042803
20170427142017042804
20170427142017042805
20170427142017042806
20170427142017042807
20170427142017042808
20170427142017042809
20170427142017042810
20170427142017042811
20170427142017042812
20170427142017042813
20170427142017042814
20170427142017042815
20170427142017042816
20170427142017042817
20170427142017042818
20170427142017042819
20170427142017042820
20170427142017042821
20170427142017042822
20170427142017042823
20170427142017042900
20170427142017042901
20170427142017042902
20170427142017042903
20170427142017042904
20170427142017042905
20170427142017042906
20170427142017042907
20170427142017042908
20170427142017042909
20170427142017042910
20170427142017042911
20170427142017042912
20170427142017042913
20170427142017042914
20170427142017042915
20170427142017042916
20170427142017042917
20170427142017042918
20170427142017042919
20170427142017042920
20170427142017042921
20170427142017042922
20170427142017042923
20170427142017043000
20170427142017043001
20170427142017043002
20170427142017043003
20170427142017043004
20170427142017043005
20170427142017043006
20170427142017043007
20170427142017043008
20170427142017043009
20170427142017043010
20170427142017043011
20170427142017043012
20170427142017043013
20170427142017043014
002  74   001  79   050  79   050  80   001  86   001  93   001  92   371
  88   571  82   771  78   771  75   971  75  1071  74  1071  74  1071  76  1071
  77  1071  76  1071  73  1171  72  1171  71  1171  71  1071  72  1071  76  1171
  79  1271  83  1371  87  1371  92  1371  96  1371 100  1371 103  1271 104  1271
 103  1271 101  1171  96  1171  91  1171  85  1071  81  1071  79  1071  77  1171
  77  1171  75  1171  73  1271  71  1271  70  1271  71  1171  75  1171  82  1271
  92  1371 101  1471 107  1571 112  1571 116  1671 121  1671 126  1571 129  1571
 130  1571 126  1471 121  1471 115  1371 106  1371  99  1271  94  1371  91  1371
  89  1471  86  1471  85  1571  84  1571  83  1571  83  1451  86  1411  93  1551
 102  1551 112  1611 122  1751 129  1751 134  1811 135  1851 132  1851
005  78   001  91   001  94   001  95   001 104   001 104   001 103   371
  99   571  93   771  86   771  77   771  68   971  59   971  56  1071  57  1071
  57  1171  57  1271  55  1271  52  1371  50  1371  50  1271  56  1271  66  1271
  80  1171  92  1071 102  1071 108  1171 113  1171 117  1271 119  1371 120  1471
 119  1371 114  1371 104  1171  90  1171  76  1171  62  1171  54  1271  48  1271
  45  1371  42  1471  38  1471  35  1571  31  1471  31  1471  39  1371  55  1371
  77  1271  98  1271 116  1271 129  1271 138  1271 144  1371 147  1571 148  1671
 147  1471 142  1571 133  1471 120  1471 105  1371  92  1371  84  1471  79  1471
  77  1571  74  1671  72  1671  70  1771  67  1771  69  1751  75  1711  88  1651
 105  1451 121  1311 132  1451 139  1451 144  1511 148  1751 149  1851
015  84   001  90   001  99   001  92   001 104   001  98   001  96   371
  95   571  92   671  86   671  77   671  69   871  62  1071  57  1171  55  1171
  53  1271  53  1271  52  1271  52  1271  52  1371  55  1371  61  1471  71  1371
  82  1171  93  1071 100  1171 103  1271 106  1371 108  1371 111  1371 113  1371
 113  1271 110  1071 104   971  95   971  83  1071  74  1071  64  1171  56  1171
  49  1271  44  1271  40  1271  37  1271  36  1371  38  1371  46  1471  61  1471
  79  1371  96  1371 108  1471 117  1471 123  1471 129  1471 133  1571 137  1571
 139  1371 137  1171 131   971 120   971 107  1071  93  1071  83  1171  77  1271
  72  1371  68  1371  66  1371  63  1371  61  1471  62  1651  71  1711  89  1651
 111  1551 133  1411 149  1551 160  1751 166  1811 169  1851 169  1951
027  90   001  87   001 102   001  97   001  98   001 107   001 108   471
 105   671  99   771  92   871  83   971  75  1071  69  1271  66  1271  65  1271
  64  1271  62  1371  58  1471  54  1571  53  1471  53  1471  59  1371  72  1371
  88  1171 100  1071 110  1071 114   971 117   971 118  1071 119  1071 119  1071
 118  1071 115  1171 104  1271  90  1371  71  1471  57  1471  48  1471  44  1571
  41  1571  37  1671  30  1671  26  1771  21  1671  21  1671  30  1571  53  1471
  81  1471 109  1371 129  1271 142  1171 151   971 155  1071 158  1271 158  1371
 157  1271 152  1271 144  1171 130  1271 114  1471 102  1571  95  1571  93  1671
  91  1671  87  1771  83  1871  78  1971  77  1871  79  1851  84  1711  93  1651
 104  1551 115  1411 124  1451 130  1351 135  1311 138  1451 139  1451
070  87   001  94   001  96   001 113   001 113   001 111   001 109   571
 104   671  96   771  85   871  73  1171  56  1471  43  1771  35  1871  29  1971
  24  2071  21  2071  18  2171  16  2171  18  2171  24  2071  33  1971  47  1771
  62  1571  79  1371  95  1471 108  1471 119  1471 124  1571 126  1571 125  1571
 122  1371 115  1271 105  1271  90  1471  74  1671  60  1971  49  2071  42  2271
  36  2271  29  2371  23  2371  18  2471  15  2371  19  2271  29  2171  47  1971
  69  1871  92  1671 110  1671 124  1671 134  1671 142  1571 148  1571 151  1571
 151  1471 147  1371 136  1271 119  1471 100  1671  84  1871  73  2071  68  2271
  67  2371  65  2471  65  2571  64  2671  63  2571  67  2451  75  2311  90  2151
 110  1951 131  1711 150  1851 165  1951 174  2011 177  2051 174  2051
110  94   001 103   001 101   001 117   001 120   001 111   001 106   371
 103   471  98   671  91   671  82   871  70   871  63   971  59  1071  56  1071
  55  1171  54  1171  52  1271  50  1271  50  1271  52  1371  59  1371  73  1371
  89  1371 105  1471 117  1471 125  1371 129  1371 129  1271 127  1171 124  1071
 121  1071 115   971 108   971  94  1071  82  1071  67  1171  57  1271  51  1271
  48  1371  46  1371  46  1471  44  1471  43  1471  45  1471  55  1471  75  1371
 101  1271 124  1171 139  1171 146  1171 150  1171 152  1071 152  1171 152  1271
 150  1171 146  1171 139  1071 129  1071 120  1071 112  1071 109  1171 108  1271
 107  1371 103  1471  96  1471  90  1571  85  1671  83  1651  84  1711  87  1551
  93  1451  98  1211 103  1251 107  1351 109  1311 110  1351 109  1351
120  85   001  65   001  97   001  91   001  89   001  93   001  96   471
  97   571  93   671  87   871  77   971  69   971  61  1071  58  1171  56  1171
  56  1271  56  1271  56  1171  54  1171  51  1271  50  1271  54  1371  68  1271
  86  1271 101  1171 110  1171 113  1271 115  1171 117  1171 118  1171 119  1171
 118  1171 113  1171 104  1171  89  1171  74  1271  62  1271  54  1371  48  1371
  47  1471  46  1471  45  1471  44  1471  40  1471  41  1471  49  1471  69  1371
  93  1171 115  1071 129  1071 136  1171 142  1171 147  1271 152  1271 155  1371
 154  1371 149  1371 141  1371 131  1371 119  1271 111  1271 106  1371 104  1371
 102  1471  99  1471  95  1471  91  1471  87  1571  85  1551  86  1611  92  1551
 100  1351 107  1211 111  1251 113  1351 114  1311 114  1351 113  1351
130  91   001  85   001  73   001 106   001 109   001 124   001 126   371
 120   771 110  1171  98  1171  81  1071  62  1171  48  1071  38  1171  33  1171
  31  1271  30  1371  27  1471  23  1571  17  1571  15  1671  23  1671  45  1571
  74  1471 101  1271 119  1371 127  1471 131  1571 134  1671 136  1671 137  1771
 136  1671 132  1671 124  1571 111  1471  95  1271  78  1171  66  1271  57  1271
  50  1371  44  1571  38  1671  33  1871  29  1871  31  1871  42  1871  64  1671
  94  1471 120  1271 138  1371 150  1371 158  1471 166  1671 172  1771 175  1971
 174  1871 170  1771 160  1571 147  1471 131  1371 118  1271 109  1371 105  1371
 101  1471  96  1671  91  1871  85  2071  80  2071  79  1951  83  1911  94  1751
 109  1651 124  1411 134  1551 141  1551 145  1611 147  1851 147  2051
145  70   001  85   001  68   001  58   001 101   001  89   001  87   371
  89   771  90   971  86  1071  79  1171  68   971  54  1071  46  1071  42  1071
  40  1071  39  1071  40  1171  40  1171  42  1071  45   971  52   871  62   971
  72   971  83  1071  93  1071  99  1071 106  1071 111  1071 115  1071 118  1071
 119  1071 116  1171 110  1271 100  1171  87  1171  73  1071  64  1071  56  1171
  49  1171  41  1271  35  1271  31  1371  32  1271  37  1071  48   971  63  1071
  81  1171  98  1271 111  1271 123  1271 131  1271 138  1271 143  1271 146  1271
 147  1271 146  1371 140  1371 130  1271 117  1271 104  1171  94  1171  86  1271
  80  1271  76  1371  75  1471  74  1571  75  1471  78  1251  85  1111  97  1251
 111  1351 123  1411 132  1451 138  1551 143  1511 149  1551 153  1651
149  78   001  88   001  97   001  76   001  74   001  91   001  99   471
 100   671  97   871  91   971  82  1071  74  1071  64  1271  56  1171  49  1071
  43  1071  38  1171  37  1171  37  1271  40  1171  45  1151  54  1071  66  1071
  80  1071  92  1071 102   971 111  1071 118  1071 124  1171 128  1171 129  1271
 126  1271 120  1271 111  1271 101  1171  90  1271  80  1171  70  1171  59  1171
  50  1171  41  1271  35  1471  31  1571  32  1471  39  1271  50  1171  67  1171
  87  1271 105  1271 119  1271 130  1271 139  1271 148  1371 153  1371 156  1471
 155  1471 150  1471 142  1471 133  1371 122  1371 110  1271  99  1271  90  1271
  83  1271  79  1371  76  1571  76  1671  77  1571  80  1351  88  1211 101  1351
 116  1451 132  1511 145  1551 156  1651 163  1611 167  1651 167  1751
156  90   001  85   001 106   001 112   001  80   001  88   001  94   471
  99   471 101   771  98   871  92   771  83   871  78   871  73   871  68   871
  66   871  64   871  62   771  59   771  59   871  60   871  65   971  74  1071
  84  1171  97  1271 108  1271 117  1071 124  1171 130  1171 133  1171 134  1271
 132  1271 127  1171 121  1171 112  1171 104  1071  96   971  89   971  84   871
  80   871  75   871  71   971  67   971  61  1071  59  1071  63  1171  75  1271
  92  1371 109  1471 123  1371 135  1371 144  1271 153  1371 159  1471 162  1571
 161  1471 157  1371 150  1271 141  1171 132  1171 123  1071 115  1071 107   971
 102   971  98   971  97  1071  95  1071  93  1171  92  1171  96  1211 106  1351
 121  1551 136  1611 149  1651 159  1651 166  1611 170  1751 171  1751
168  83   001  83   001 101   001 111   001 101   001 119   001 122   571
 115   771 102   971  87  1171  69  1571  51  1571  36  1771  25  1771  19  1871
  15  1871  12  1871   8  1871   5  1871   6  1871  10  1871  21  1871  39  1671
  60  1471  80  1271  91  1371  98  1471 103  1571 111  1571 118  1571 122  1571
 122  1571 117  1571 105  1571  88  1671  68  1871  52  1871  42  1971  36  1971
  32  2071  28  2171  22  2171  18  2271  16  2171  19  2171  31  2071  52  1871
  76  1771 100  1571 115  1671 125  1671 132  1771 140  1771 146  1771 151  1771
 152  1671 148  1671 136  1571 116  1671  94  1871  75  1971  63  2071  58  2171
  57  2271  56  2271  56  2371  54  2371  53  2371  56  2251  67  2211  88  2051
 115  1951 140  1711 157  1851 168  2051 174  2111 177  2151 178  2151
180  84   001  91   001  91   001  77   001  83   001  87   001  93   571
  96   871  94  1371  86  1471  74  1771  61  1971  45  1971  36  1871  29  1771
  25  1671  22  1771  19  1771  16  1871  14  1771  16  1671  25  1571  42  1471
  64  1271  82  1171  94  1271  98  1371 101  1571 104  1571 107  1571 109  1671
 109  1571 105  1571  98  1571  86  1771  73  1871  61  1971  53  1871  48  1871
  44  1871  41  1971  40  2071  39  2171  40  2071  44  2071  52  1971  65  1771
  81  1571  97  1371 108  1371 117  1571 124  1671 131  1771 136  1771 140  1771
 140  1671 137  1571 126  1471 110  1571  91  1771  74  1871  61  1971  53  1971
  48  1971  44  2071  41  2171  41  2271  43  2171  48  2151  60  2011  79  1951
 101  1751 124  1611 143  1751 158  1751 168  1811 174  2051 175  2151
190  76   001  84   001  95   001  89   001  70   001  77   001  85   371
  91  1071  91  1271  84  1471  73  1471  64  1571  58  1571  53  1671  48  1671
  46  1771  43  1771  39  1671  36  1671  35  1471  37  1371  45  1171  60  1271
  77  1371  94  1471 105  1671 110  2071 116  2171 121  2071 125  2071 126  1971
 122  1671 113  1671 102  1571  90  1571  78  1471  69  1471  61  1571  54  1771
  49  1871  44  1871  41  1771  40  1771  42  1671  48  1471  58  1371  71  1371
  86  1471 102  1471 114  1571 126  1571 134  1771 142  1771 147  1871 149  1871
 146  1671 139  1571 128  1371 113  1371  95  1371  80  1371  66  1471  55  1671
  48  1771  45  1771  43  1871  44  1871  46  1771  52  1551  64  1411  83  1551
 107  1551 129  1611 147  1851 160  2051 171  2211 181  2351 188  2451
222  95   050 110   001 113   001 122   001 118   001 108   001 106   571
 106   871 102   971  93   971  80  1071  67  1071  55  1171  42  1171  31  1271
  23  1271  20  1371  21  1371  20  1471  17  1471  15  1371  23  1371  45  1271
  74  1171  99  1171 116  1271 124  1471 127  1671 129  1671 131  1771 132  1771
 132  1471 131  1471 126  1371 115  1271 100  1271  88  1171  76  1171  68  1271
  60  1271  54  1371  49  1471  45  1571  41  1571  41  1671  50  1671  71  1571
  99  1271 125  1171 144  1271 157  1471 167  1571 176  1771 182  1771 186  1911
 185  1951 180  1751 171  1611 159  1551 146  1351 135  1211 127  1251 121  1251
 117  1211 114  1351 110  1451 106  1511 101  1551  97  1551  99  1511 108  1551
 120  1451 132  1411 140  1651 145  1751 147  1911 148  2051 148  2251
240  80   001  90   001  99   001  98   001 117   001  80   001  70   471
  74   771  80   971  79   871  71   971  59  1071  46  1171  38  1171  33  1171
  30  1171  29  1171  28  1171  25  1171  25  1271  28  1271  36  1371  52  1271
  70  1271  89  1171 103  1071 113  1171 121  1171 129  1271 134  1271 136  1371
 135  1171 130  1071 120   971 106  1071  89  1271  74  1371  64  1271  58  1271
  53  1171  46  1271  40  1271  35  1371  32  1471  35  1471  45  1571  64  1471
  87  1571 110  1471 129  1471 142  1471 154  1471 163  1571 170  1671 173  1671
 172  1471 166  1271 156  1071 142  1271 126  1371 112  1471 103  1471  98  1271
  95  1271  92  1371  89  1371  86  1471  84  1471  84  1551  89  1511  99  1451
 111  1451 124  1311 134  1451 142  1551 148  1611 153  1751 156  1851
255  68   001  83   001  83   001 100   001 104   001 115   001 115   471
 108   771  99   871  89  1171  78  1171  66  1171  55  1171  46  1071  39  1171
  34  1171  28  1171  24  1271  21  1271  18  1271  19  1271  26  1271  42  1171
  61  1271  80  1171  92  1271  99  1171 106  1271 113  1271 120  1471 125  1371
 125  1371 121  1371 113  1371  99  1271  85  1271  72  1271  63  1171  56  1171
  51  1171  46  1271  41  1271  33  1371  28  1371  27  1471  34  1471  53  1571
  78  1571 103  1571 123  1571 136  1571 148  1571 157  1671 164  1571 167  1671
 166  1571 161  1671 152  1571 140  1471 127  1371 113  1271 103  1271  95  1371
  89  1371  85  1371  81  1471  77  1471  73  1471  73  1551  79  1511  95  1551
 116  1451 137  1411 153  1651 164  1751 169  1911 169  2051 165  2151
260  59   001  86   001  77   001  52   001  76   001  72   001  76   571
  82   871  82  1371  75  1471  63  1671  47  1671  29  2071  17  2071   8  2171
   2  2171  -4  2271  -8  2271 -11  2371 -12  2271  -7  2271   6  2171  29  1771
  58  1571  81  1171  95  1071 102  1071 104  1071 109  1271 114  1371 118  1571
 120  1571 116  1571 106  1571  88  1771  65  1971  44  2271  29  2271  20  2271
  14  2371   8  2471   4  2671   1  2771   1  2671   6  2571  21  2471  46  2171
  76  1871 105  1471 128  1471 143  1371 153  1271 159  1471 162  1771 163  1971
 161  1971 156  1971 144  2071 124  2171 101  2171  81  2271  68  2371  60  2471
  55  2571  52  2771  51  2971  51  3171  53  3071  59  2951  72  2811  92  2451
 116  1951 140  1511 159  1651 173  1651 180  1711 181  1951 176  2151
280  60   001  61   001  69   001  72   001  94   001  72   001  65   471
  65   771  64   971  60  1071  53  1471  44  1471  35  1571  29  1571  28  1471
  25  1471  23  1471  21  1471  19  1471  17  1371  18  1271  26  1171  43  1271
  64  1171  83  1171  94  1171  99  1271 103  1271 107  1371 110  1471 110  1571
 106  1571  99  1371  89  1471  76  1471  62  1471  53  1371  43  1371  35  1471
  30  1471  26  1471  25  1571  24  1571  24  1471  28  1471  39  1371  59  1371
  83  1371 105  1371 121  1371 133  1371 142  1371 150  1471 155  1571 157  1771
 154  1671 146  1671 133  1571 115  1471  96  1471  81  1471  70  1471  64  1571
  59  1571  56  1671  55  1671  54  1771  54  1671  59  1651  70  1511  89  1551
 112  1551 135  1511 155  1551 170  1551 179  1511 182  1751 179  2051
299  39   001  43   001  50   001  53   001  58   001  64   001  73   471
  80  1571  79  1671  73  1971  64  1771  56  1571  47  1571  40  1671  37  1571
  34  1671  31  1771  27  1971  26  2071  26  1871  28  1671  35  1471  47  1471
  63  1271  79  1171  92  1271 103  1371 109  1571 114  1571 115  1671 114  1771
 110  1871 102  1971  90  1971  77  1871  61  1671  48  1671  37  1671  30  1771
  25  1771  20  1871  15  2071  13  2171  14  1971  20  1871  33  1671  53  1571
  78  1371 101  1271 118  1271 129  1271 138  1271 146  1471 151  1571 152  1771
 148  1771 138  1771 122  1771 103  1771  82  1571  65  1471  52  1571  44  1671
  39  1771  35  1971  31  2071  30  2271  31  2071  38  1851  53  1611  77  1551
 106  1551 133  1411 152  1551 165  1651 174  1711 180  1951 183  2151
434  34   001  55   001  59   001  65   001  90   001  74   001  71   671
  74   871  76   971  71  1071  62  1171  51  1071  41  1071  35  1071  32  1071
  29  1071  27  1071  24   971  19   971  15   971  15   971  20   971  34  1271
  52  1371  69  1571  82  1671  92  1671  99  1771 104  1771 108  1671 111  1671
 113  1571 112  1471 106  1371  96  1471  83  1371  70  1271  64  1271  60  1271
  58  1271  54  1271  50  1171  44  1171  40  1171  40  1071  47  1071  63  1371
  86  1671 107  1971 125  2271 138  2371 149  2471 158  2471 165  2471 169  2371
 169  2171 166  1871 158  1671 145  1571 133  1671 122  1471 115  1471 112  1271
 109  1271 105  1271 101  1171  98  1171  97  1171  98  1051 103  1011 111  1451
 122  1751 133  2111 143  2251 151  2451 155  2511 153  2551 146  2551
460  43   001  46   001  63   001  70   001  90   001  38   001  24   571
  32   771  46   971  56   971  57  1171  53  1171  46  1371  40  1371  35  1471
  30  1471  26  1571  25  1771  25  1871  25  1771  30  1571  39  1471  51  1471
  65  1471  78  1471  85  1571  90  1571  93  1671  97  1771  99  1671 101  1671
 102  1471 102  1271  96  1171  86  1271  75  1371  61  1471  51  1471  44  1571
  38  1571  33  1671  30  1871  26  1971  24  1771  26  1671  35  1471  53  1571
  78  1571 101  1671 120  1771 135  1971 145  1971 154  2071 160  2171 163  2271
 162  1971 156  1771 146  1471 134  1471 119  1471 106  1471  95  1571  88  1671
  82  1671  78  1771  75  1871  72  1971  72  1871  76  1651  85  1511 100  1651
 119  1651 138  1711 155  1851 168  2051 176  2111 178  2251 173  2451
481  60   001  64   001  72   001  81   001  93   001 104   001 102   371
  94   571  85   871  79   971  74  1171  69  1371  66  1471  63  1471  61  1271
  59  1271  54  1271  52  1171  47  1171  45  1171  43  1071  45  1071  52  1171
  62  1371  73  1471  81  1571  87  1471  91  1571  94  1571  95  1571  95  1571
  94  1471  91  1371  87  1371  81  1471  72  1371  64  1371  56  1371  50  1271
  41  1171  34  1171  30  1171  26  1171  26  1071  28  1071  36   971  51  1171
  72  1271  92  1471 111  1571 128  1471 142  1571 153  1571 160  1771 164  1871
 164  1771 160  1671 152  1571 140  1471 126  1271 113  1171 102  1271  93  1271
  86  1271  84  1271  83  1271  83  1271  83  1271  84  1151  90  1111 103  1351
 120  1551 138  1711 155  1851 168  2051 177  2111 180  2251 179  2251
497  56   001  54   001  49   001  49   001  44   001  39   001  46   671
  54   671  58   971  57   971  55  1271  52  1671  51  2071  48  2071  44  1971
  42  1971  36  1971  32  1871  27  1871  24  2071  21  2171  20  2371  19  2171
  23  1871  29  1571  40  1671  55  1771  66  1871  71  2071  72  2171  68  2071
  62  1871  55  1671  48  1571  40  1771  35  1971  27  2171  19  2171  10  2071
   3  1971  -2  1971  -6  1971 -12  1971 -20  2171 -23  2271 -15  2471  10  2371
  45  2071  81  1871 112  1871 133  1871 148  1871 156  1871 158  1971 155  1971
 147  1771 138  1671 124  1571 109  1771  92  1871  76  2071  60  2071  47  1971
  37  1971  30  1971  27  1971  23  1971  21  2071  24  2251  36  2311  59  2151
  89  2051 120  1811 147  1851 168  1851 182  1811 188  1951 187  1951
510  92   001 110   001 115   001 122   001 126   001 127   001 129   671
 128   871 120  1071 107  1071  90  1071  70  1071  52  1071  36  1171  24  1171
  16  1271  10  1271   4  1271  -1  1271  -6  1171  -5  1071   7   971  31  1071
  63  1271  93  1371 114  1371 129  1371 137  1371 143  1371 149  1371 152  1371
 153  1371 150  1271 140  1271 125  1271 105  1171  88  1171  75  1171  68  1271
  62  1271  57  1271  52  1371  48  1371  47  1271  50  1171  61  1071  83  1271
 110  1571 137  1771 160  1771 177  1671 190  1571 201  1571 206  1671 208  1571
 205  1471 198  1471 188  1371 175  1371 162  1271 149  1271 141  1371 135  1371
 130  1471 124  1471 119  1471 114  1471 111  1371 111  1351 115  1211 125  1351
 138  1451 153  1511 167  1651 177  1651 183  1711 182  1851 176  1951
579  75   001  80   001  85   001  92   001 100   001 121   001 129   371
 128   671 123   671 115   871 105   871  94  1171  85  1371  78  1471  75  1571
  72  1671  65  1771  59  1771  54  1871  53  1771  58  1771  68  1671  84  1471
 103  1471 122  1271 135  1271 145  1371 151  1371 155  1371 157  1471 156  1471
 151  1271 142  1171 131  1071 120  1271 110  1371 100  1371  93  1471  89  1471
  84  1571  79  1671  73  1771  69  1871  66  1771  68  1771  77  1671  95  1571
 118  1371 142  1271 161  1271 175  1371 185  1371 192  1471 194  1471 193  1571
 188  1471 177  1271 162  1271 142  1371 121  1471 103  1571  93  1671  90  1771
  89  1871  89  1971  89  2071  90  2171  92  2071  97  1851 106  1711 119  1751
 134  1651 148  1611 159  1651 167  1751 172  1711 175  1751 175  1851
588  92   001  96   001  99   001 104   001 110   001 109   001 108   571
 107   871 102  1271  94  1271  84  1171  72  1471  60  1571  53  1671  47  1771
  43  1871  40  1971  36  1971  33  2071  34  1971  38  1971  46  1871  60  1871
  76  1671  92  1571 105  1571 116  1571 123  1571 128  1771 129  1871 127  1971
 119  1971 110  1871  98  1871  87  1771  77  1671  68  1571  61  1671  55  1871
  51  1971  44  2071  38  2071  34  2171  32  2071  36  2071  47  1971  66  1971
  90  1871 116  1871 138  1671 158  1571 171  1371 178  1671 179  1971 176  2271
 169  2271 159  2171 144  2171 125  2071 104  1871  86  1771  73  1871  65  1971
  59  2071  54  2171  50  2171  48  2271  50  2171  56  2051  67  1911  84  1951
 103  1851 121  1811 136  1751 146  1751 153  1611 157  1951 157  2251
621  74   001  91   001  93   001 101   001  89   001  97   001  97   271
  91   671  84   871  74  1071  62  1271  49  1371  41  1671  34  1771  31  1771
  29  1771  29  1871  26  1971  23  2071  20  1971  20  1871  30  1771  54  1771
  84  1871 109  1871 123  1871 127  1771 127  1771 128  1671 129  1571 131  1471
 132  1571 129  1571 120  1771 103  1771  81  1771  60  1871  46  1871  38  1771
  34  1771  32  1971  31  2071  28  2271  21  2171  21  2071  34  1971  65  2071
 106  2271 142  2371 166  2171 178  2071 183  1871 186  1771 186  1671 183  1671
 177  1671 168  1771 154  1771 136  1671 118  1671 103  1671  94  1771  90  1871
  89  1871  90  1971  90  2171  87  2271  81  2171  78  2151  84  2011 103  2151
 130  2251 155  2311 172  2251 181  2051 185  1911 184  1951 179  1951
630  89   001  96   001 103   001 104   001 110   001 116   001 120   371
 121   471 115   771 106  1071  94  1271  82  1271  71  1171  63  1071  57  1071
  53   971  48   971  43  1071  39  1071  36  1071  36  1171  44  1171  62  1071
  83  1171 105  1071 120  1171 129  1171 135  1171 141  1271 145  1271 147  1271
 147  1371 143  1471 135  1571 123  1571 107  1371  91  1271  76  1271  62  1171
  51  1171  45  1271  40  1271  36  1371  31  1371  31  1371  40  1371  60  1371
  89  1471 118  1471 142  1471 160  1371 174  1371 185  1471 192  1371 192  1471
 185  1671 175  1771 162  1871 152  1671 143  1571 135  1371 129  1271 123  1171
 119  1071 115  1171 111  1271 108  1371 105  1371 105  1451 111  1411 124  1451
 143  1451 164  1411 183  1551 198  1551 206  1611 205  1751 197  1851
643 101   001 108   001 110   001 117   001 128   001 142   001 147   371
 146   771 142   971 134  1071 122  1171 108  1171  95  1071  84  1171  77  1271
  71  1371  67  1371  61  1271  56  1271  52  1271  52  1171  61  1171  80  1171
 105  1171 129  1171 147  1271 157  1271 165  1371 170  1271 174  1171 173  1071
 167  1171 158  1271 145  1371 129  1271 114  1271 102  1171  92  1271  85  1371
  78  1471  73  1471  68  1471  62  1471  57  1471  57  1371  67  1371  89  1471
 118  1471 145  1571 163  1471 173  1371 179  1271 181  1271 180  1271 177  1371
 171  1371 163  1371 153  1371 141  1271 132  1271 124  1271 120  1371 117  1371
 115  1471 113  1471 112  1571 112  1571 114  1571 119  1451 126  1411 135  1451
 144  1551 152  1511 158  1551 163  1451 166  1411 168  1451 169  1551
645  85   001  95   001  99   001 111   001 113   001 134   001 142   371
 140   671 133   771 123   871 110  1071  96  1371  87  1471  79  1571  74  1471
  70  1471  64  1471  60  1571  57  1571  58  1471  64  1371  75  1271  94  1271
 115  1471 133  1471 147  1371 156  1371 164  1271 170  1371 173  1271 172  1371
 165  1371 152  1371 137  1371 122  1571 108  1671  97  1671  89  1671  84  1571
  79  1571  75  1571  70  1671  67  1671  67  1571  71  1471  83  1371 103  1471
 127  1471 150  1571 166  1471 177  1371 184  1271 190  1271 192  1371 190  1471
 181  1471 169  1371 152  1371 135  1471 120  1671 108  1771 101  1871  98  1871
  98  1871  96  1871  96  1871  97  1871 102  1771 109  1551 118  1411 128  1551
 139  1751 149  1811 158  1751 165  1551 170  1411 174  1551 175  1551
650  90   050  94   001  98   001 104   001 103   001 105   001 107   371
 109   571 113   771 116   971 111  1071 106  1171 101  1371  94  1371  86  1471
  80  1471  75  1571  73  1671  71  1771  70  1671  72  1471  78  1371  91  1271
 107  1171 121  1071 133  1071 141  1171 148  1171 154  1171 158  1271 158  1271
 153  1271 145  1071 136  1071 128  1271 121  1271 114  1371 106  1471  97  1471
  89  1571  82  1671  76  1871  72  1971  70  1771  73  1571  82  1371 100  1371
 123  1271 144  1271 162  1271 174  1271 181  1271 184  1271 182  1371 177  1371
 169  1371 160  1271 150  1271 141  1371 132  1471 122  1471 113  1471 104  1671
  98  1671  97  1871  99  1971 104  2171 109  2071 115  1851 124  1711 136  1651
 149  1651 160  1511 168  1551 173  1451 175  1411 175  1551 173  1651
675 119   001 122   001 125   001 134   001 139   001 134   001 132   371
 131   771 129  1071 125  1471 119  1471 109  1471  98  1471  90  1671  82  1871
  75  2071  70  2071  66  1971  63  1971  63  1971  64  1971  71  1971  86  1771
 107  1671 128  1471 148  1571 164  1371 174  1371 176  1471 173  1671 168  1771
 162  1771 155  1771 147  1771 134  1771 118  1771 104  1771  92  1871  83  1871
  75  1971  68  1971  62  2071  57  2071  54  2071  56  1971  68  1971  91  1871
 121  1771 151  1671 174  1671 190  1671 199  1671 200  1871 196  1971 190  2171
 183  2171 174  2071 163  2071 146  1971 126  1871 108  1771  93  1871  83  1971
  75  2071  70  2071  67  2071  65  2071  65  2071  69  2051  81  2011 102  1951
 127  1951 151  1811 169  1851 182  1951 188  1911 189  2051 187  2151
690 152   001 146   001 143   001 148   001 150   001 151   001 147   471
 140   571 135   971 131   971 129  1171 128  1171 126  1271 120  1271 115  1371
 107  1371 102  1371  98  1371  96  1371  94  1371  96  1371 102  1371 114  1471
 130  1371 144  1471 153  1371 158  1271 162  1171 165  1071 167  1271 167  1271
 164  1271 157  1171 150  1271 141  1271 133  1371 126  1271 119  1271 114  1371
 109  1371 105  1371 102  1471 100  1471  98  1471  99  1371 107  1371 121  1371
 140  1471 156  1471 166  1371 172  1251 174  1211 175  1251 174  1251 172  1311
 168  1251 161  1151 154  1111 146  1151 138  1351 131  1311 125  1351 120  1351
 117  1311 115  1351 114  1451 112  1411 110  1351 110  1351 115  1211 126  1351
 141  1351 154  1411 162  1351 166  1251 168  1111 169  1251 168  1351
747  89   001  93   001 106   001 124   001 128   001 124   001 128   671
 132   771 133  1071 128  1271 120  1471 113  1471 108  1471 103  1571  97  1571
  91  1571  86  1671  81  1771  77  1871  75  1771  76  1571  84  1471  98  1471
 116  1271 132  1171 142  1171 149  1271 154  1271 159  1371 164  1571 166  1771
 164  1671 160  1671 153  1571 142  1671 131  1671 121  1771 112  1771 104  1771
  97  1771  89  1771  81  1871  74  1871  69  1771  68  1771  77  1671  95  1571
 120  1471 141  1371 155  1371 161  1471 165  1471 170  1671 174  1871 175  1971
 173  1871 168  1771 160  1671 151  1771 143  1871 136  1971 131  1971 127  2071
 123  2071 119  2171 116  2171 112  2271 109  2171 110  1951 118  1811 134  1651
 155  1351 175  1111 190  1151 199  1151 204  1111 206  1351 205  1551
NT  TEDF  78  35 1
20170427142017042709
20170427142017042710
20170427142017042711
20170427142017042712
20170427142017042713
20170427142017042714
20170427142017042715
20170427142017042716
20170427142017042717
20170427142017042718
20170427142017042719
20170427142017042720
20170427142017042721
20170427142017042722
20170427142017042723
20170427142017042800
20170427142017042801
20170427142017042802
20170427142017042803
20170427142017042804
20170427142017042805
20170427142017042806
20170427142017042807
20170427142017042808
20170427142017042809
20170427142017042810
20170427142017042811
20170427142017042812
20170427142017042813
20170427142017042814
20170427142017042815
20170427142017042816
20170427142017042817
20170427142017042818
20170427142017042819
20170427142017042820
20170427142017042821
20170427142017042822
20170427142017042823
20170427142017042900
20170427142017042901
20170427142017042902
20170427142017042903
20170427142017042904
20170427142017042905
20170427142017042906
20170427142017042907
20170427142017042908
20170427142017042909
20170427142017042910
20170427142017042911
20170427142017042912
20170427142017042913
20170427142017042914
20170427142017042915
20170427142017042916
20170427142017042917
20170427142017042918
20170427142017042919
20170427142017042920
20170427142017042921
20170427142017042922
20170427142017042923
20170427142017043000
20170427142017043001
20170427142017043002
20170427142017043003
20170427142017043004
20170427142017043005
20170427142017043006
20170427142017043007
20170427142017043008
20170427142017043009
20170427142017043010
20170427142017043011
20170427142017043012
20170427142017043013
20170427142017043014
002400130012001300130014001517162717271727172717371731163514351431143516351
73117351735163115351535143113351335133112351235123113351435153114351335123112351
23513311335133513311335143513311335123512311235123512311235123511311135113511311
23512351231123512351231123512351231123513351331133513351331133513351331143514351
005600160015001400150015001617172717271727172717271731163516351631163517351
73117351735173117351735173116351535143114351335133113351335123112351235113112351
23512311235123512311335133513311335123512311235123512311235123512311235113511311
23512351231123512351231123512351331143515351631153515351431133512351331133514351
015500170017001700170016001617162716271727172717371731173517351731173517351
73117351735173116351535143114351535153115351535153114351335123112351335133113351
23511311135113511311135113511311135113511311135113511311235123512311235113511311
13511351231123513351331133513351331133514351531143513351231113511351231133515351
027600160014001500140014001417152715271527152715371531153516351631153514351
33113351335143115351635173117351735163115351435133113351235113111351135113111351
13511311135113512311235123512311235113511311235123512311235123512311235123512311
23512351231123512351331133513351331133514351431143515351631163517351731173517351
070700180017001600160015001417132713271227122712271231123513351431143515351
63117351735173117351735173117351635163115351535153114351335133113351335133112351
23511311235123512311235123512311135113511311235123512311235123512311235123512311
23512351231123512351231123512351331133513351431143514351431133512351231133515351
110100130016001600160017001617152714271327122712371131113512351231123513351
43114351535153115351435133112351235123112351135113111351135113111351135113112351
23512311235133513311235123512311135113511311135113512311235123512311235123512311
23513351431153515351631163515351531163516351731173517351631163515351431153515351
120500140014001400150015001417131713271327132712371231133514351431143514351
33114351435153115351435133113351235123112351235123112351235123111351135113112351
23512311235123511311135123512311235123512311235123512311235123512311235133513311
33512351231133514351431153516351631163517351731163516351631153515351531153515351
130400160016001600160017001617152714271327123712371231123513351431143515351
53114351435133113351435143115351535153115351335123112351235123112351235113112351
23512311235123512311235123512311235123512311235123512311135113512311235123512311
23512351231133513351431153515351631163516351631163515351531163516351731173516351
145700170016001600160015001517152714271427142715371631173517351731173517351
73117351735173117351735173116351635163116351735173116351535143113351235123112351
23512311235113511311135113511311135113511311235123513311335123512311235123512311
23512351231133513351431143514351431153515351631163515351531153516351631173516351
149600170017001600160016001527142714271327142715371631163517351731173517351
73117351735173117351735173116351635163116351735173117351635153114351435133112351
23512311235113511311135123512311135113511311235133513311335133512311235133513311
23512351231123513351331143514351531153516351631153515351531153516351631173516351
156700170017001700160016001617152714271427143715371631163517351731173517351
73117351735173117351735173116351635163116351735173117351635153114351335133112351
23512311235113511311135113511311135113511311235123513311335123512311235123512311
23512351231123513351331143514351531153516351631153515351531153516351631163516351
168600170017001600160016001517142713271227123711371131123512351231123512351
23113351535163117351735173117351735163115351435133114351435153116351635163115351
43512311235123512311335133514311335133513311335133514311335133513311235123512311
23512351231123513351331133513351331133513351331133514351431143514351431153516351
180600160017001700170017001617152714271327132713271431133513351231123512351
23112351235123113351335133114351435153115351535153115351435143113351335133113351
43514311535153515311535163516311535153514311335133513311335133513311335123512311
23512351231123512351231123513351331143514351431143513351231113511351231133515351
190600160016001800180017001717172717271637162716371631163516351631163516351
63116351735163115351435133112351235123113351435143114351335133114351535163115351
53514311435153515311535153514311335123512311235133513311335133512311235123511311
13511351131123512351231123512351331143515351631153513351231113511351231123512351
222000170017001700170016001517152714271327123712371231123511351131123512351
23112351235123112351235133114351435153115351535143115351535153114351335123111351
13511311235123512311235123512311235123512311135113511311135113511311235123512311
13512351231133514351531153516351631163517351731173517351631163516351631163516351
240200170017001600160016001517142714271327132714371531163516351631153514351
43115351635173117351735173116351635163115351535153115351535153114351435133113351
23512311235123513311335133513311335133513311335123512311235123512311235123512311
23512351231133514351531153515351531153516351631163516351631163517351731173517351
255600160016001600160016001517132712271227112711371231133514351531163516351
73117351735173117351735173117351735173116351635153115351435143113351335123112351
23512311235133513311335133513311335133512311235123512311235133513311335133513311
33512351231133514351531153514351431143514351531153515351531153515351531153516351
260700170017001600160016001527142713271327122712371131113511351231123513351
43115351535163116351735173117351735173116351535143114351535153115351535153114351
33513311235123513311435153515311535133512311235123512311235123512311235123512311
33513351431143514351431133513351231123512351331133514351431143514351431143515351
280700170017001700170016001527142713271327132713371331143514351431133513351
33112351235123113351335143114351435153115351635153115351335123111351135113112351
33513311335123512311235123512311235123511311135123512311235123512311235123511311
13511351231133514351531163516351631163516351631153514351331133513351331153516351
299800180018001800180018001817172717271727173717371731173517351731173517351
73117351735173117351735173116351535153115351635173117351635153114351335123112351
23512311235133513311335133513311235123512311135113512311235123512311235123511311
13511351131113512351231123512351331133513351331123512351231123512351231133514351
434700170017001600160016001517142714271327123712371131123513351431143515351
63116351635163115351435143114351435153114351435133112351235123112351135113111351
13511311135113511311135113511311135113511311135113511311135113512311235133513311
33513351331133513351331143514351531153515351631163516351731173517351731173517351
460800170017001700170017001617152714271327132713271331123512351231133514351
53115351635173117351735173117351735173117351735163115351435133113351235123113351
33513311335133512311235133513311235123511311135113511311235123512311235123512311
33513351331133512351231133514351531153515351531153514351531153515351631163517351
481800180017001700160017001717162716271627162717271731173517351731163516351
73117351635163116351535143113351235123113351435143114351435133112351235123112351
23512311235123512311235123512311235123511311135113511311135113512311235123513311
33514351431133513351331143514351531153515351531153514351331133512351331143516351
497700180018001800180018001817172717271727172717271731173517351731173517351
73117351735173117351735173117351735173117351735173116351635153114351335133113351
33513311335123512311135113511311135113511311135113511311135113511311135113511311
23512351331133513351331133514351431143513351331143514351531153516351631163517351
510000150017001700170016001617152714371337123712371131113511351131113511351
13112351435153115351535143113351335133113351335133113351235123111351135113111351
13511311135113511311135113511311135113511311135113511311235123513311435153516311
73516351631153514351431143514351431153515351531163517351731173517351731173517351
579800180018001800180015001417132712271127113711371131123512351231123511351
13111351235123112351235113112351235123112351235123112351235123111351135113111351
13511311135113511311135113511311135113511311135113511311135113511311135113511311
23512351331143514351531153515351531163516351631173517351731173517351731173517351
588800180018001800180018001717172717271727172716271631143513351231123512351
23112351235123111351135113112351235123112351235123112351135113111351135113111351
13511311135113511311135113511311135113511311135113511311235123513311235123511311
23513351431143514351431143514351431143515351531153515351631163516351731173516351
621700160016001700170016001517141714271327142714371431143514351331133513351
33113351335133113351235123112351335143114351335133112351235123112351135113111351
13511311135113511311235133513311335133512311235123512311235123512311335143515311
53515351531153515351531153515351531153515351631153514351331133513351431153515351
630300150014001500160016001517151715271427132712271131113512351231123512351
13111351235123112351235123112351135123112351235123112351235113111351135113111351
13511311135113511311135113511311135113511311135113511311135113512311235133514311
53515351531153515351531153516351631163515351531153515351431133513351331143516351
643800180018001700140014001417142713271327123711371131113511351131113511351
13111351135113112351135113111351135123113351435153114351335113111351135113111351
13511311135113511311135113511311135113511311135113511311135113511311135113512311
33514351531163516351631163517351731173517351731173517351731173517351731173517351
645800180018001800160013001317122712271137113711371131113511351131113511351
13111351135113111351135113111351135113112351335133113351235113111351135113111351
13511311135113511311135113511311135113511311135113511311135113511311135113512311
33514351531153515351531163516351731173517351731173517351731173517351731173517351
650800180018001800180018001717162715271427133712371131113511351231113511351
13111351135113111351135113111351135113111351135113111351135113111351135113111351
13511311135113511311135113511311135113511311135113511311135113511311135113511311
23513351331143514351431153515351531163516351631163517351731173517351731173516351
675800180018001800180018001817181718171727152713271131103510351131113511351
13111351135113111351135113111351135113111351135113111351135113111351135113111351
13511311135113511311135113511311135113511311135113511311135113511311135113511311
23513351331133513351331133514351431153515351631163516351631163516351631163516351
690800180018001800180018001817182718371737162715271431133513351331133512351
13111351135113111351135113112351335143114351435143114351435143114351335133112351
23511311135113511311135113511311135113511311135113511311135113511311135113511311
13511351131123512351331133513351331133514351431143515351531163515351531163516351
747800180018001600170016001527142714271527152715271431133512351131113511351
13112351235123112351235123112351235123112351235123112351135113111351135113111351
13511311135113511311135113511311135113511311135113512311235133514311435143514311
53515351531153515351531163516351631163516351631163516351631153515351431153516351
