20170327101546
T2M TEDF  78  35 1
20170327102017032705
20170327102017032706
20170327102017032707
20170327102017032708
20170327102017032709
20170327102017032710
20170327102017032711
20170327102017032712
20170327102017032713
20170327102017032714
20170327102017032715
20170327102017032716
20170327102017032717
20170327102017032718
20170327102017032719
20170327102017032720
20170327102017032721
20170327102017032722
20170327102017032723
20170327102017032800
20170327102017032801
20170327102017032802
20170327102017032803
20170327102017032804
20170327102017032805
20170327102017032806
20170327102017032807
20170327102017032808
20170327102017032809
20170327102017032810
20170327102017032811
20170327102017032812
20170327102017032813
20170327102017032814
20170327102017032815
20170327102017032816
20170327102017032817
20170327102017032818
20170327102017032819
20170327102017032820
20170327102017032821
20170327102017032822
20170327102017032823
20170327102017032900
20170327102017032901
20170327102017032902
20170327102017032903
20170327102017032904
20170327102017032905
20170327102017032906
20170327102017032907
20170327102017032908
20170327102017032909
20170327102017032910
20170327102017032911
20170327102017032912
20170327102017032913
20170327102017032914
20170327102017032915
20170327102017032916
20170327102017032917
20170327102017032918
20170327102017032919
20170327102017032920
20170327102017032921
20170327102017032922
20170327102017032923
20170327102017033000
20170327102017033001
20170327102017033002
20170327102017033003
20170327102017033004
20170327102017033005
20170327102017033006
20170327102017033007
20170327102017033008
20170327102017033009
20170327102017033010
002  64   001  71   001  77   001 104   001 115   001 136   001 146   371
 150   471 152   571 153   671 154   771 151   771 147   871 142   871 136   871
 130   771 123   771 119   871 117   871 115   971 114   971 113   871 112   871
 108   871 105   971 106   971 111   971 119  1071 126  1071 131  1071 133  1071
 132  1071 130   971 127   871 124   771 121   871 118   871 116   971 113   871
 112   871 111   771 110   871 109   971 108  1071 107   971 107   971 107   871
 107   871 107   971 108   971 113  1071 118  1071 124  1171 130  1171 135  1271
 139  1271 144  1271 147  1171 147  1171 144  1071 140   971 135   871 133   871
 131   971 131   971 130  1071 130  1071 129  1171 128  1071 126  1071 124   971
 120   971 117   951 119   911 127  1051 139  1051 151  1111 160  1151
005  46   001  45   001  65   001  94   001 122   001 143   001 155   471
 163   671 167   671 169   771 165   771 157   771 148   771 137   771 123   871
 112   871 101   971  92   971  87  1071  84  1071  84  1071  86  1071  85  1071
  81  1071  77  1071  79  1071  91  1171 110  1071 131  1071 147  1171 159  1271
 166  1371 168  1271 165  1171 160  1071 154  1071 145   971 137   971 127  1071
 119  1071 111  1171 107  1171 104  1271 103  1271 102  1271 100  1171  98  1171
  97  1171  96  1271  98  1271 104  1271 112  1271 123  1271 135  1271 148  1371
 159  1371 169  1371 173  1371 172  1371 166  1271 158  1171 148  1071 140  1171
 135  1271 130  1371 126  1471 124  1471 122  1571 121  1571 120  1671 116  1671
 110  1671 106  1671 108  1611 118  1551 135  1351 154  1211 173  1251
015  45   001  56   001  75   001  92   001 126   001 137   001 149   471
 160   671 169   771 174   871 175   871 169   971 157   971 143   971 130   971
 119   971 108   971  97   971  88  1071  81  1071  77   971  75   971  72   871
  67   871  65   871  70   871  87   971 112   971 136  1071 157  1171 171  1171
 178  1271 180  1271 179  1171 175  1171 168  1171 158  1171 148  1171 134  1071
 121  1071 110   971 101  1071  97  1071  96  1171  94  1171  93  1071  90  1071
  88  1071  87  1171  90  1171 100  1171 112  1271 125  1271 136  1371 146  1371
 156  1371 165  1371 173  1471 176  1471 175  1371 170  1171 162  1071 152  1071
 141  1071 132  1071 125  1271 121  1471 118  1671 116  1671 114  1671 109  1671
 102  1671  97  1671 100  1611 116  1551 138  1551 161  1411 178  1551
027  31   001  29   001  55   001  86   001 122   001 147   001 161   371
 168   571 171   771 172   771 167   971 159   971 146   971 131   971 112  1071
  93  1071  77  1071  67  1171  64  1271  62  1271  63  1271  62  1371  62  1371
  58  1371  56  1371  59  1371  67  1471  83  1371 101  1371 119  1271 136  1171
 150  1071 157  1071 158  1171 156  1071 151  1071 143  1071 135  1171 127  1271
 118  1271 112  1271 107  1271 107  1271 107  1271 106  1271 107  1371 105  1371
 103  1271 102  1271 106  1171 116  1171 130  1271 143  1371 155  1271 164  1171
 172   971 178  1071 182  1271 182  1371 177  1271 169  1071 157   971 146  1171
 135  1271 127  1471 122  1471 118  1471 116  1471 115  1571 113  1571 110  1671
 104  1671 101  1671 105  1611 120  1651 141  1651 162  1611 179  1551
070   5   001   0   001  32   001  84   001 116   001 141   001 156   571
 167   771 176   971 182  1071 180  1071 167  1071 152  1071 133  1071 114  1271
  96  1471  83  1571  74  1671  69  1771  65  1871  63  1971  61  1971  56  1971
  52  1971  50  1871  57  1871  78  1671 105  1571 132  1371 150  1371 164  1471
 172  1471 179  1471 182  1471 180  1371 172  1271 157  1271 140  1271 123  1371
 109  1471  95  1671  86  1871  79  1971  75  1971  72  2071  69  2171  66  2171
  63  2171  63  2171  69  2171  81  1971 100  1971 120  1771 138  1671 154  1671
 167  1671 177  1671 185  1671 186  1671 182  1571 174  1471 163  1271 149  1371
 136  1571 125  1671 118  1971 114  2171 110  2271 105  2371 101  2471  95  2571
  90  2571  89  2571  96  2511 113  2351 135  2151 157  1911 175  1951
110 101   001 102   001 111   001 131   001 153   001 169   001 178   371
 182   471 187   571 190   871 185   871 173   871 154   771 136   671 123   771
 114   771 108   871 103   971 101  1071 101  1171 104  1071 107  1071 108   971
 106  1071 104  1071 103  1171 107  1171 112  1171 119  1171 127  1171 132  1171
 134  1071 136  1171 136  1171 133  1271 128  1171 121   971 116   871 113   971
 112   971 113  1071 112  1171 112  1271 112  1371 112  1371 113  1271 113  1271
 111  1271 110  1271 111  1271 116  1271 124  1271 132  1271 139  1171 143  1071
 147   971 149  1071 150  1271 150  1471 148  1371 143  1071 138   871 132   971
 128   971 124  1071 121  1171 117  1271 116  1371 116  1371 115  1271 113  1271
 109  1371 107  1371 109  1411 119  1451 133  1351 148  1311 159  1251
120  64   001  62   001  72   001  97   001 123   001 151   001 166   671
 174   871 178  1071 179   971 176  1071 169   971 157   971 144   871 129   871
 114   871 100   871  93   871  88   871  86   871  86   971  87   971  87  1071
  85  1171  85  1371  87  1471  93  1371 101  1271 111  1171 121  1171 130  1271
 138  1171 145  1171 148  1171 147  1171 140  1071 131   871 121   771 115   771
 109   971 106   971 105   971 104   971 104   971 105  1071 104  1071 104  1171
 103  1271 102  1271 105  1371 112  1371 123  1471 135  1471 146  1471 157  1371
 164  1371 168  1371 168  1471 166  1471 161  1371 154  1271 146  1171 137  1171
 129  1171 121  1171 115  1171 112  1171 110  1171 110  1271 110  1271 108  1371
 104  1471 102  1551 105  1611 116  1651 133  1751 151  1711 166  1651
130  24   001  22   001  36   001  86   001 137   001 160   001 172   371
 179   671 183   671 185  1171 182  1271 172  1271 160  1071 147   971 132  1071
 116  1071 102  1171  93  1171  86  1271  83  1271  83  1371  84  1571  84  1671
  82  1571  81  1571  84  1471  93  1571 106  1471 122  1471 133  1471 143  1471
 151  1471 156  1471 159  1571 159  1571 155  1371 148  1271 138  1071 126  1071
 113  1171 105  1271 101  1271  98  1371 100  1371 101  1471 103  1671 101  1771
  97  1771  95  1871  97  1871 107  1771 121  1771 139  1671 154  1571 167  1471
 177  1371 183  1471 186  1471 185  1511 182  1551 177  1351 168  1111 156  1351
 143  1451 131  1511 122  1551 116  1551 112  1511 110  1651 108  1851 104  1911
  98  1951  94  2051  98  2011 112  2051 134  1951 158  1911 180  1851
145  57   001  58   001  92   001 114   001 131   001 153   001 165   471
 172   671 177   971 180   971 178  1171 174  1271 165  1171 153  1171 138  1271
 123  1271 110  1371 102  1271  98  1271  95  1171  93  1071  90  1071  87   971
  83   971  81   971  85   971  97   971 112   971 129   971 140  1071 148  1171
 156  1271 162  1271 167  1271 169  1271 166  1171 158  1171 145  1171 132  1271
 118  1271 107  1371  99  1371  93  1271  89  1271  88  1271  86  1171  83  1171
  79  1171  77  1071  80  1071  92  1071 109  1071 128  1071 143  1271 157  1371
 168  1571 177  1571 183  1671 185  1671 183  1571 178  1471 169  1371 158  1371
 146  1471 136  1471 130  1471 126  1571 122  1571 118  1571 112  1571 106  1571
 100  1571  97  1571 102  1511 117  1451 138  1451 160  1311 177  1451
149  59   001  62   001  89   001 106   001 124   001 144   001 158   671
 169   971 178   971 184  1271 184  1371 179  1271 168  1371 154  1271 139  1271
 124  1171 110  1271 102  1271  97  1271  95  1371  94  1271  91  1271  87  1171
  81  1171  77  1071  81  1071  95  1171 117  1171 136  1271 151  1271 160  1271
 166  1371 172  1371 176  1471 177  1471 173  1371 164  1271 153  1171 140  1171
 126  1271 114  1271 104  1371  95  1471  90  1571  88  1471  86  1371  83  1271
  79  1271  76  1171  79  1171  91  1271 111  1371 130  1471 147  1571 160  1571
 173  1671 184  1771 191  1871 194  1971 191  1771 184  1671 174  1471 162  1471
 150  1571 139  1571 131  1671 125  1671 121  1771 117  1771 113  1771 107  1771
 100  1771  96  1771  99  1711 113  1651 135  1651 158  1511 178  1651
156  88   001  85   001  97   001 107   001 134   001 157   001 170   371
 178   571 183   771 187   971 188  1271 183  1171 173  1271 162  1171 152  1471
 144  1671 138  1971 132  1671 126  1271 121   971 116   971 111   871 106   871
 101   871  98   971 101   971 112   971 127   971 143   971 154  1071 161  1071
 169  1271 175  1271 180  1271 181  1371 176  1271 168  1171 159  1171 148  1471
 139  1671 131  1971 124  1671 119  1271 113   971 109   971 108   871 105   871
 101   971  99   971 102  1071 112  1071 126  1171 141  1171 155  1271 167  1371
 178  1471 187  1671 194  1671 196  1771 194  1571 188  1471 180  1271 172  1571
 165  1871 158  2171 153  1771 149  1471 145  1071 140  1071 135  1071 128  1071
 121  1171 117  1271 120  1311 132  1351 150  1351 169  1311 186  1451
168   6   001   8   001  55   001  97   001 122   001 148   001 165   571
 176   871 186   771 192  1071 190  1071 179  1271 161  1471 139  1571 121  1671
 105  1471  93  1471  87  1571  83  1671  83  1771  82  1771  80  1871  74  1871
  63  1871  54  1871  57  1871  76  1671 106  1371 134  1171 153  1371 161  1571
 167  1771 174  1671 178  1471 177  1371 168  1471 153  1671 136  1771 117  1671
 103  1671  91  1471  80  1571  74  1771  71  1871  70  1871  69  1971  63  1971
  54  1971  47  2071  51  2071  69  1971  97  1771 124  1671 144  1771 158  1771
 169  1871 179  1771 187  1671 188  1571 182  1571 172  1571 157  1571 140  1671
 125  1671 111  1771 103  1871  99  2071  96  2171  95  2171  93  2271  87  2271
  76  2271  70  2371  74  2311  95  2251 125  2051 155  1911 177  1951
180  21   001  38   001  61   001  82   001 102   001 125   001 140   371
 150   671 159   771 166  1071 167  1371 161  1571 148  1671 134  1671 120  1671
 106  1571  95  1571  87  1671  83  1571  80  1671  78  1671  76  1771  73  1771
  69  1771  67  1771  74  1771  93  1571 119  1371 144  1171 160  1371 171  1571
 178  1871 183  1771 186  1871 183  1871 174  1671 160  1771 145  1671 131  1571
 117  1671 105  1471  95  1571  87  1771  80  1871  75  1971  71  1971  67  2071
  60  1971  58  1871  63  1771  82  1671 106  1571 130  1471 147  1571 157  1671
 164  1771 171  1871 176  2071 177  2171 173  1971 165  1771 153  1571 139  1571
 124  1571 111  1571 101  1771  93  1971  88  2071  84  2271  81  2371  76  2571
  68  2471  64  2371  70  2211  91  2051 119  1851 147  1611 167  1751
190  34   001  38   001  62   001  79   001 110   001 134   001 150   571
 161   871 169  1071 175  1371 175  1571 168  1771 152  1671 134  1571 116  1571
 103  1671  89  1671  79  1771  73  1771  68  1871  66  1771  63  1771  57  1671
  51  1671  48  1571  56  1571  79  1571 110  1571 141  1571 164  1671 179  1971
 189  1871 196  1971 200  2071 196  2071 185  1871 169  1571 153  1471 140  1471
 125  1471 116  1471 107  1571  99  1771  92  1871  85  1871  79  1971  75  1971
  70  1871  68  1871  74  1771  92  1671 116  1571 141  1471 161  1571 178  1571
 189  1771 195  1871 196  1971 192  2071 184  1871 172  1571 158  1271 145  1371
 131  1571 119  1671 108  1771  99  2071  93  2171  89  2271  85  2471  80  2571
  75  2471  74  2471  82  2311 101  2151 127  1951 153  1711 173  1851
222  79   001  78   001  91   001 115   001 142   001 170   001 181   471
 183   671 182   871 182  1171 178  1271 168  1371 152  1371 134  1271 121  1171
 108  1071 100   971  97  1071  94  1071  92  1171  88  1171  85  1171  82  1171
  79  1271  78  1271  82  1371  93  1271 108  1171 122  1171 134  1271 143  1371
 150  1571 157  1671 161  1771 161  1871 156  1571 146  1371 134  1271 124  1271
 115  1171 109  1171 103  1171  99  1271  96  1271  95  1371  95  1371  94  1471
  92  1471  92  1571  97  1571 109  1471 125  1371 143  1271 159  1271 173  1271
 184  1271 191  1471 193  1571 192  1771 187  1671 178  1571 167  1371 154  1371
 142  1271 131  1271 125  1271 120  1371 117  1371 113  1371 108  1371 102  1371
  97  1471  96  1671 101  1711 115  1651 134  1451 155  1311 174  1451
240  62   001  64   001  82   001 107   001 131   001 155   001 169   371
 178   671 183   771 187  1071 185  1171 179  1171 169  1171 158  1171 141  1171
 126  1071 115  1071 108  1071 104  1071 100  1071  98  1071  96   971  93   971
  89  1071  86  1071  88  1171  96  1171 108  1371 122  1371 136  1271 148  1371
 157  1371 161  1371 163  1471 163  1471 161  1271 154  1271 145  1271 132  1171
 117  1171 104  1071  97  1071  93  1071  89  1071  86  1071  81  1171  76  1171
  73  1171  73  1271  79  1271  92  1271 108  1371 126  1371 144  1371 160  1471
 173  1471 183  1571 191  1471 193  1511 191  1451 185  1251 175  1211 162  1251
 148  1351 135  1311 125  1351 118  1251 113  1211 109  1351 105  1351 100  1411
  93  1451  89  1551  92  1511 107  1551 129  1551 153  1511 174  1551
255  58   001  65   001  74   001 105   001 133   001 145   001 158   571
 171   671 182   871 190  1271 193  1471 188  1371 177  1271 162  1171 146  1171
 131  1071 115  1171 106  1071 100  1171  96  1171  93  1271  89  1271  85  1371
  79  1371  75  1371  76  1371  86  1471 102  1371 119  1371 137  1571 150  1571
 160  1871 166  1871 169  1971 169  1971 166  1771 159  1471 148  1271 136  1271
 122  1171 109  1271  99  1171  93  1171  88  1171  83  1271  75  1371  69  1471
  61  1471  57  1471  60  1471  75  1471  96  1371 120  1271 141  1471 161  1471
 175  1671 185  1771 191  1771 192  1871 188  1671 181  1471 170  1271 157  1271
 142  1171 130  1171 119  1271 111  1271 105  1371 100  1471  95  1571  90  1671
  85  1671  83  1571  88  1511 103  1451 125  1451 148  1311 169  1551
260  15   001  14   001  49   001 105   001 129   001 152   001 167   571
 179   971 189   971 196  1371 196  1471 184  1371 170  1371 151  1271 133  1571
 117  1671 107  1971 100  2071  97  2371  93  2471  89  2571  83  2671  75  2771
  66  2671  61  2671  65  2571  81  2271 103  1771 126  1371 143  1471 154  1671
 162  1771 168  1771 170  1671 169  1671 163  1571 153  1471 139  1371 122  1571
 104  1771  89  1971  79  2071  74  2371  70  2571  68  2771  63  2871  58  3071
  49  2971  45  2871  50  2771  71  2371 100  1871 129  1271 149  1471 164  1571
 174  1571 184  1671 191  1771 192  1811 186  1751 174  1551 157  1411 137  1751
 118  1751 103  1911  95  2251  91  2551  89  2811  86  2951  82  3151  77  3211
  71  3051  69  2851  77  2611  98  2251 127  1851 155  1411 177  1651
280  46   001  43   001  70   001  97   001 116   001 132   001 150   371
 167   771 180   871 188  1171 189  1271 180  1271 166  1271 148  1271 132  1471
 118  1571 107  1671  97  1871  89  1871  84  2071  81  2071  78  1971  73  1971
  65  1971  60  2071  64  2011  81  1851 105  1651 130  1311 149  1451 162  1651
 173  1711 182  1751 187  1751 186  1871 176  1671 161  1571 144  1571 129  1671
 116  1671 105  1771  97  1771  90  1971  85  2071  81  2071  77  2071  70  2071
  60  2071  54  2171  57  2171  75  1871 101  1471 129  1171 151  1371 168  1371
 180  1571 188  1671 192  1771 189  1971 179  1771 164  1571 148  1271 134  1371
 121  1371 112  1571 103  1771  97  1871  92  2071  89  2171  86  2171  81  2271
  74  2371  70  2371  75  2411  94  2051 122  1651 150  1211 172  1451
299  10   001  12   001  58   001  83   001 120   001 135   001 151   571
 166  1171 179  1271 187  1471 187  1471 178  1871 159  1671 139  1671 121  1771
 109  1671  95  1771  84  1871  75  1771  69  1871  65  1971  63  1971  59  2071
  53  2071  52  1971  62  1971  86  1971 116  1771 145  1671 167  1671 179  1771
 189  1871 197  1871 201  1871 199  1971 186  1871 169  1771 146  1671 126  1671
 110  1671  98  1771  89  1771  82  1771  76  1771  72  1871  67  2071  61  2171
  55  2071  54  2071  62  1971  81  1871 108  1871 135  1771 158  1771 175  1871
 188  1871 197  1971 201  1971 198  2071 187  1871 171  1771 152  1671 135  1671
 118  1771 105  1771  93  1871  85  2071  79  2171  74  2371  70  2471  65  2671
  61  2671  62  2671  72  2611  94  2351 123  2051 151  1711 171  1951
434  75   001  80   001  87   001 114   001 129   001 145   001 151   571
 152   871 152  1071 154  1171 153  1471 146  1371 134  1371 124  1271 116  1171
 112  1071 107   971 104  1071 101  1071 101  1171  99  1171  96  1171  93  1171
  88  1171  85  1271  86  1271  93  1371 104  1371 115  1371 126  1471 134  1671
 140  1771 145  1871 147  1871 147  2071 145  1771 137  1671 131  1471 124  1471
 117  1271 110  1071 105  1071 102  1171  98  1171  95  1171  90  1271  85  1271
  81  1271  78  1371  81  1371  92  1471 108  1371 126  1471 143  1771 158  2071
 170  2271 178  2471 182  2471 182  2571 178  2271 171  1871 163  1671 154  1571
 146  1471 138  1371 131  1371 124  1271 119  1271 114  1371 110  1371 105  1471
 100  1471  97  1571 101  1511 113  1551 131  1651 151  1611 169  1851
460  50   001  49   001  59   001  87   001 115   001 149   001 168   571
 178   971 184  1171 188  1371 187  1471 178  1371 162  1371 143  1371 122  1571
 104  1571  89  1671  80  1771  74  1871  72  1971  69  1971  65  1971  58  1971
  48  1971  41  1971  43  1971  59  1871  83  1771 107  1671 127  1771 140  1871
 148  1971 155  1971 160  1671 160  1571 155  1571 148  1471 136  1471 123  1471
 109  1671  97  1671  90  1771  87  1871  85  1971  81  1971  76  1971  69  1971
  62  2071  56  2071  59  2171  75  1971  99  1871 125  1671 145  1871 161  2071
 174  2171 184  2271 190  2271 190  2371 184  2171 173  1971 157  1771 139  1771
 122  1671 108  1671  99  1871  93  2071  90  2171  87  2171  82  2171  77  2171
  71  2271  68  2371  74  2411  92  2251 118  1951 146  1711 170  1951
481  72   001  68   001  87   001 111   001 132   001 151   001 161   371
 166   771 170   871 174  1171 173  1171 167  1271 159  1171 144  1171 132  1271
 118  1371 107  1371 101  1371  96  1271  93  1271  90  1171  85  1171  79  1071
  70  1071  65  1171  66  1171  78  1271  99  1371 120  1471 139  1571 156  1471
 168  1571 180  1571 187  1371 188  1371 184  1371 175  1271 162  1371 148  1371
 134  1371 121  1271 111  1271 103  1371  97  1271  93  1271  90  1171  85  1171
  78  1171  74  1171  76  1171  88  1271 107  1171 128  1271 150  1471 168  1471
 182  1671 190  1671 193  1771 191  1871 185  1771 177  1571 166  1371 153  1371
 141  1271 129  1271 119  1271 112  1371 106  1371 101  1371  96  1271  92  1271
  86  1371  83  1371  86  1411  99  1551 119  1551 142  1611 165  1851
497  20   001  18   001  41   001  76   001 128   001 152   001 172   971
 187  1671 195  1871 195  2271 186  2371 170  1971 150  1771 131  1671 116  1771
 106  1771  96  1871  86  1871  78  1971  72  1971  64  2071  57  2071  49  2171
  41  2171  38  2271  44  2271  64  2271  92  2071 117  1971 137  2271 153  2671
 164  2871 173  2971 178  3071 174  2871 160  2471 141  2271 119  1971 103  2071
  91  2071  80  2171  72  2171  66  2171  61  2071  56  2171  53  2171  47  2271
  39  2271  34  2371  38  2371  57  2271  86  2071 119  1871 152  2271 180  2571
 200  2871 210  2771 209  2971 200  2871 185  2571 166  2271 147  2071 131  2071
 116  1971 103  1971  90  1971  81  2071  74  2071  70  2071  67  2171  62  2171
  55  2271  51  2271  57  2311  79  2251 111  2051 146  1911 177  2251
510  97   001  93   001 112   001 108   001 127   001 146   001 164   471
 177   671 184   771 185  1271 183  1571 182  1471 175  1271 165  1171 154  1171
 141  1271 131  1271 122  1271 118  1371 114  1371 111  1471 106  1471 100  1571
  94  1471  88  1471  90  1371 102  1471 122  1471 141  1671 153  1571 162  1571
 169  1571 177  1571 184  1571 187  1571 185  1471 179  1471 167  1371 152  1371
 138  1271 125  1271 115  1271 110  1371 106  1371 102  1471  98  1671  92  1771
  87  1771  84  1671  90  1671 106  1771 130  1671 154  1671 173  1671 187  1671
 198  1571 206  1671 211  1671 213  1711 211  1651 205  1451 194  1311 178  1451
 161  1251 146  1311 135  1451 128  1451 122  1511 116  1651 109  1851 102  1911
  96  1951  94  1851 100  1811 117  1851 142  1851 167  1811 189  1951
579  38   001  43   001  67   001  90   001 112   001 152   001 172   371
 178   671 180   871 179  1271 176  1471 168  1571 158  1471 145  1371 131  1471
 116  1471 105  1571  94  1771  87  1971  81  2171  78  2171  73  2271  67  2271
  59  2271  53  2171  59  2171  79  2071 109  1971 137  1771 156  1871 170  1871
 180  1971 189  1971 197  2071 198  2071 192  1971 179  1771 164  1671 148  1671
 135  1771 125  1671 120  1871 118  1971 116  2171 115  2271 112  2271 108  2371
 103  2371 101  2271 107  2271 124  2071 147  1771 172  1571 190  1671 203  1771
 213  1871 220  2071 223  2071 221  2271 212  1971 197  1671 180  1471 164  1571
 149  1571 136  1671 126  1971 119  2171 111  2471 105  2571  98  2571  91  2671
  84  2571  82  2571  88  2411 105  2251 130  2051 156  1811 179  1951
588  20   001  24   001  47   001  71   001 109   001 140   001 155   471
 160   671 161   871 159  1471 154  1671 145  1771 131  1871 118  1871 103  1771
  89  1771  75  1671  65  1771  58  1971  54  2071  52  2071  51  1971  48  1971
  43  1971  39  2071  45  2071  63  1971  89  1871 116  1671 138  1671 156  1571
 168  1571 177  1671 182  1771 180  1771 171  1771 157  1871 140  1871 121  1871
 102  1771  85  1771  73  1871  64  1871  61  1971  61  1971  62  2071  60  2071
  56  2071  53  2171  58  2171  74  2071  99  1871 127  1771 154  1771 176  1671
 193  1671 201  1871 202  1971 197  2171 186  2071 172  2071 155  1971 137  1971
 120  1871 105  1871  94  1971  87  1971  83  2071  80  2171  78  2171  74  2271
  69  2371  67  2351  73  2411  91  2251 116  1951 144  1711 169  1851
621  60   001  55   001  61   001  76   001  96   001 121   001 135   571
 142   771 147  1071 152  1271 155  1471 153  1371 146  1571 135  1571 118  1671
 101  1571  86  1671  77  1771  70  1871  67  1971  65  1971  64  2071  61  2071
  59  2071  58  2071  67  2071  87  2071 114  2271 138  2271 153  2371 162  2171
 168  2171 174  2071 179  1971 181  1871 177  1771 168  1771 153  1771 134  1771
 113  1771  95  1871  82  1871  74  1871  69  1871  66  1971  63  1971  59  2071
  54  2071  52  2171  61  2171  84  2171 114  2171 143  2171 165  2171 179  2271
 189  2271 198  2271 205  2271 206  2271 200  2171 188  1971 170  1871 149  1871
 127  1971 108  2071  97  2071  90  2171  86  2171  83  2271  79  2271  75  2371
  69  2371  67  2251  77  2211 104  2351 139  2451 173  2511 197  2651
630 109   001 112   001 119   001 129   001 142   001 156   001 160   471
 159   571 157   771 155  1471 151  1671 145  1371 136  1371 130  1271 125  1271
 120  1271 116  1271 111  1271 106  1171 102  1171  99  1171  97  1271  94  1271
  86  1371  82  1471  83  1571  94  1571 110  1471 126  1371 141  1471 151  1471
 160  1471 168  1571 173  1671 176  1771 173  1671 166  1571 156  1471 146  1471
 135  1471 122  1371 109  1471  97  1471  86  1571  79  1571  73  1471  68  1471
  61  1571  57  1771  62  1871  81  1771 107  1671 134  1471 156  1471 174  1471
 189  1471 200  1671 209  1671 211  1871 206  1871 195  1771 181  1671 166  1571
 151  1571 135  1471 121  1571 108  1671  97  1771  89  1771  82  1871  77  1871
  71  1971  70  2071  77  2111  96  1951 123  1651 151  1411 174  1651
643  95   001  98   001  99   001 105   001 122   001 141   001 156   471
 164   871 163   971 159  1171 155  1171 149  1171 141  1171 133  1071 125  1171
 117  1271 109  1371 100  1371  92  1471  86  1471  82  1471  78  1371  70  1371
  58  1371  48  1471  51  1471  73  1371 105  1371 137  1271 160  1571 173  1771
 179  1971 182  1871 179  1671 174  1571 166  1471 158  1271 149  1171 140  1271
 131  1271 125  1371 121  1371 116  1471 113  1471 110  1471 104  1471  97  1471
  85  1471  79  1571  83  1571 105  1471 136  1471 167  1371 190  1571 205  1871
 212  1971 214  1871 210  1771 203  1771 193  1571 181  1371 169  1171 157  1271
 145  1271 136  1371 129  1471 122  1571 117  1571 112  1571 107  1571 101  1571
  92  1671  88  1671  92  1711 108  1651 131  1651 153  1511 168  1751
645  87   001  81   001 108   001 137   001 150   001 154   001 162   471
 169   771 173   971 172  1471 166  1471 158  1471 148  1271 134  1171 121  1371
 109  1471  98  1571  90  1771  85  1971  83  2071  83  1971  82  1871  77  1771
  68  1771  61  1771  64  1771  83  1771 113  1771 141  1671 161  1771 174  1971
 183  1971 191  1871 195  1771 194  1671 185  1571 170  1371 155  1271 140  1571
 127  1671 119  1771 114  1871 111  2071 111  2171 111  2071 110  1871 108  1771
 102  1771  98  1771 103  1771 121  1671 148  1671 173  1571 191  1671 204  1671
 212  1771 219  1771 222  1871 219  1971 209  1671 194  1371 177  1071 159  1271
 142  1471 130  1671 121  1971 115  2071 112  2271 110  2171 107  1971 104  1871
  98  1871  94  1871  99  1811 117  1851 142  1951 168  1911 188  2051
650  94   001 117   001 134   001 155   001 172   001 171   001 171   471
 172   871 173  1171 172  1371 168  1271 160  1171 149  1171 139  1071 130  1171
 124  1171 116  1271 110  1371 103  1571 101  1671  99  1671  98  1571  94  1571
  89  1671  84  1671  88  1771 103  1671 125  1471 146  1371 160  1471 168  1671
 175  1771 181  1671 186  1571 186  1471 179  1371 167  1171 154  1071 143  1271
 134  1371 127  1471 121  1571 115  1571 112  1671 111  1671 111  1671 108  1671
 102  1771  96  1771  98  1871 111  1571 132  1471 153  1271 170  1371 183  1471
 193  1471 201  1471 204  1471 202  1471 193  1371 178  1171 162  1171 149  1271
 138  1271 128  1371 122  1471 116  1771 113  1871 110  1871 108  1871 105  1871
 102  1971 100  2071 104  2111 115  1951 132  1751 151  1511 169  1651
675  73   001  74   001 105   001 133   001 146   001 154   001 159   471
 163   771 168  1171 169  1471 165  1471 157  1471 148  1571 137  1471 123  1571
 111  1571 100  1671  91  1871  86  1971  82  2171  79  2271  76  2371  71  2471
  62  2571  55  2571  60  2671  80  2571 110  2571 140  2471 165  2271 181  1971
 193  1671 201  1671 204  1771 200  1771 188  1671 172  1571 152  1471 133  1571
 117  1771 102  1871  90  1971  79  2071  73  2171  70  2371  69  2571  65  2771
  59  2771  55  2871  59  2871  76  2671 104  2371 135  2171 164  2071 190  1971
 208  1871 217  1971 217  2051 211  2111 199  1951 184  1851 168  1611 152  1751
 138  1951 125  2011 114  2151 106  2251 100  2311  96  2551  93  2651  88  2811
  81  2951  77  3151  81  3211  97  3051 122  2751 149  2511 174  2451
690  93   001  98   001 112   001 127   001 155   001 155   001 156   371
 158   371 159   371 160   671 159  1171 154  1171 147  1071 139   971 132  1071
 124  1271 120  1371 113  1371 109  1471 105  1471 104  1471 103  1471  97  1471
  89  1571  84  1571  87  1671 106  1571 130  1471 152  1271 163  1371 166  1171
 165  1171 164  1071 164  1271 163  1271 160  1071 154  1071 147   971 139  1171
 130  1271 124  1271 119  1371 115  1471 113  1571 111  1571 108  1571 103  1571
  97  1671  95  1671 100  1771 118  1671 140  1471 161  1371 172  1271 175  1271
 176  1271 176  1271 176  1271 174  1371 168  1171 162  1071 154   971 148  1071
 142  1371 138  1471 134  1571 131  1471 128  1571 125  1571 121  1571 118  1571
 113  1571 112  1651 118  1611 132  1551 149  1551 162  1411 166  1351
747 101   001 107   001 115   001 135   001 150   001 163   001 167   271
 167   571 167   871 167  1171 163  1471 157  1571 148  1571 139  1471 129  1671
 122  1771 114  1871 108  1871 105  1871 102  1871  99  1871  96  1971  90  1971
  83  1971  78  2071  82  2071  97  1971 118  1671 138  1471 151  1471 159  1571
 163  1571 165  1671 166  1771 165  1971 162  1871 155  1771 147  1671 138  1771
 131  2071 125  2071 122  2071 123  1971 122  1971 121  2071 119  2271 114  2371
 109  2371 106  2271 111  2271 128  2171 150  1871 172  1671 186  1671 194  1771
 199  1771 201  1971 201  2171 197  2371 189  2171 179  1971 166  1871 151  1971
 138  2071 127  2171 120  2171 117  2071 115  2071 113  2271 111  2471 106  2671
 100  2671  96  2571 101  2511 118  2351 141  2051 163  1811 178  1951
NT  TEDF  78  35 1
20170327102017032705
20170327102017032706
20170327102017032707
20170327102017032708
20170327102017032709
20170327102017032710
20170327102017032711
20170327102017032712
20170327102017032713
20170327102017032714
20170327102017032715
20170327102017032716
20170327102017032717
20170327102017032718
20170327102017032719
20170327102017032720
20170327102017032721
20170327102017032722
20170327102017032723
20170327102017032800
20170327102017032801
20170327102017032802
20170327102017032803
20170327102017032804
20170327102017032805
20170327102017032806
20170327102017032807
20170327102017032808
20170327102017032809
20170327102017032810
20170327102017032811
20170327102017032812
20170327102017032813
20170327102017032814
20170327102017032815
20170327102017032816
20170327102017032817
20170327102017032818
20170327102017032819
20170327102017032820
20170327102017032821
20170327102017032822
20170327102017032823
20170327102017032900
20170327102017032901
20170327102017032902
20170327102017032903
20170327102017032904
20170327102017032905
20170327102017032906
20170327102017032907
20170327102017032908
20170327102017032909
20170327102017032910
20170327102017032911
20170327102017032912
20170327102017032913
20170327102017032914
20170327102017032915
20170327102017032916
20170327102017032917
20170327102017032918
20170327102017032919
20170327102017032920
20170327102017032921
20170327102017032922
20170327102017032923
20170327102017033000
20170327102017033001
20170327102017033002
20170327102017033003
20170327102017033004
20170327102017033005
20170327102017033006
20170327102017033007
20170327102017033008
20170327102017033009
20170327102017033010
002100110010001000100010001117121711271127112711271135113111351135113112351
33513311335123511311135123512311235123512311235123513311435153516311635153515311
43514351531153516351631163515351531143514351431153515351531153516351631163516351
63116351635163116351535153115351535143114351435133113351335133113351435143114351
005100100010001000100010001117122712271227113711271135113111351135123112351
23512311235113511311135113511311135113511311235133514311535163516311635153514311
43513351331143514351431143514351431143515351531163516351631163515351531153515351
53115351535153115351535153114351335133113351435143114351435133113351335143113351
015200100010001000100010001017111711271127113711371135113111351135113111351
13511311235123512311235123512311235123511311235123513311435143514311435133512311
23513351431143515351531153515351531153515351431143514351431153516351631163516351
63116351635163116351635153115351435143113351335133113351435143113351335133113351
027000130013001400100010001117111712271327142714371435143113351335123112351
23512311335143514311435143514311335133514311435153515311635163515311535153515311
53515351531153514351431143515351531153514351431143514351531153515351531163516351
73116351535143114351335133113351435143114351435143114351435143114351335133113351
070100100010001000100010001117112711271137113711371135113111351135113111351
23513311335133513311235123512311235113512311235143514311535153514311335123512311
13511351131113511351131123513351431153516351631153515351431153515351631163516351
53115351535153115351535153115351435143114351435143114351435143115351535143114351
110100100010001000100010001117112711271127122713271435153115351535153114351
43514311435153515311535153515311535153515311535163516311635163516311735173517311
63516351531163516351631163515351431143515351531163516351731163516351631163516351
73117351735163116351635163115351535153115351535153115351535153114351435133113351
120100100010001000100010001127112711271127112712271335143113351335133113351
33514311535153516311635163516311535153515311535153515311535143515311635173517311
63515351431133514351531153515351531153515351431143514351531153516351631163516351
63116351635163116351535143114351435153115351535143114351435133114351435143114351
130200120010001000100010001027102711271127122713371435143114351335133114351
53516311635163516311635153515311535163516311635163516311535153515311435143514311
43515351531153515351431133513351331133514351431143513351331133513351331143514351
53115351635153115351435143113351335133113351335143114351435153115351435143114351
145400100010001000100010001117122712271227122712271235123113351335143113351
33512311135113512311235133514311535153515311435133513311335143515311535153514311
33512351231133514351531153514351331133513351431143515351631163515351531153516351
63115351535153115351535153115351435143114351435143115351535153114351435143113351
149400100010001000100011001117112712271227122712371235123113351335143113351
33512311235113512311235133514311535153515311435133513311335143515311535153514311
33512351231133514351431143514351431133513351331143514351531153515351531153516351
63116351535153115351535143114351435143114351435143114351435143114351435143113351
156300100010001000100010001117112712271227122712371235123113351335143113351
33512311235113512311235133514311435153515311435133513311335143515311535153514311
33512351231133514351531153514351431133513351331143515351531163515351531153516351
63115351535153115351535153114351435143114351435143114351435143114351435133113351
168000100010001000100010001117111711271127112711371135113111351135113112351
33514311435133513311335133513311335123512311235123513311335143514311435133513311
23512351131113511351231123513351431143514351431143513351331133514351531153515351
53115351535143114351435143113351235123112351235133113351335133113351335133113351
180200100010001000100010001117111711271127112711271135113111351135113111351
13511311235123512311235123511311135113511311235123512311335133514311535153515311
43513351331123512351131113511351231133514351431143514351331133513351331133514351
43114351435143114351335133113351335133113351335133114351535163115351535143113351
190000100010001000100010001117111711271127112711371135113111351135113111351
13511311135113511311135113511311135113511311135113511311135123512311235123512311
23513351331133512351231123512351231123512351231123511351231123513351331143515351
53114351335123113351335143114351435143114351435153115351535153115351435143113351
222300100010001000100010001117112712271327132713271335133113351335143115351
63516311535143513311335133514311435143514311435153515311535143513311335123512311
33514351531153514351431143514351531153515351531153516351631153514351331133514351
43114351435143114351435143114351335133113351335143114351435143115351435143114351
240100130012001200100010001127112711271237123712371235123112351135123112351
43515311635173517311635153514311335123512311235133514311435153515311435143513311
23512351231123512351331133514351431143514351431143514351431143514351431153515351
53115351535143114351335133113351435143113351335123112351335133112351235113111351
255000100010001000100010001117122712271327132712271235123112351335143113351
23512311235123513311535163517311735163515311435133513311335143514311435133512311
13511351131113511351231123513351431143514351331133512351231123512351231133514351
43114351435143114351335133113351335123112351235123112351235123112351235123112351
260000100010001000100010001017112711271137113711371135113112351335143114351
33512311135113511311335143515311535153514311335123512311235123512311235123512311
23511351131113511351131113512351231123512351231123512351231133513351431143514351
43113351335133113351335123112351235123112351335133113351335133113351335123112351
280100100010001000100010001117112712271227122712271235113111351135113112351
43515311535143514311335133512311235123511311135113512311235133514311435133513311
23512351131113511351131113511351131123512351231123512351231123513351331133513351
33112351235123112351235123112351235123112351235123112351235123112351235123112351
299000100010001000100010001117112711271127112711371135113111351135113111351
13511311135113511311135113511311135113511311135113511311135113511311235123512311
23512351231123512351231123512351231123512351231123511351131123512351231123512351
23112351235123112351235123112351335133113351235123112351335143113351235123112351
434000100010001000100010001117111711271127122712371435153115351535163116351
73517311635153514311335123512311135113512311235123513311335143514311335123511311
13511351131113511351231123512351231123512351231123512351231123512351231123512351
23112351335133113351235123111351135123112351235133113351335123112351235123112351
460000100010001000100010001117111711271127112711371135113112351235123112351
13511311135113512311235123513311335143514311435133513311335133513311335133512311
23511351131113511351131113511351131123512351231123512351231123512351231123512351
23112351235123112351235123112351235123112351135113112351235123112351135113111351
481000100010001000100010001117122712271227123712371135123112351435143115351
53514311435143513311335123512311135113511311135113511311135113512311335133514311
33512351231113512351231123512351131113511351131113511351131113511351131113511351
13112351235123112351135113111351135113111351135113111351135113111351135113111351
497200130013001300120012001227121712271327132712271235113111351235133113351
33513311335123512311235123513311235123512311235123513311435143515311435133513311
33513351431143513351331123512351231123512351131113511351131113511351131113511351
23112351235123111351135113111351135113111351135113111351135113111351135113111351
510200140014001600150013001217122712271337143715371635163116351535143114351
43514311335123512311235123512311235123512311235123512311235123512311235123512311
23512351231123512351131113511351131113511351131123512351231123512351231123512351
23112351235123112351235123112351235123112351235123112351235123112351235123111351
579100110011001000100013001517162716271527142713371335133113351335133112351
23512311235133514311435143514311435133513311335133514311335133513311335143514311
43513351331123512351231123511351131113511351131113511351131113511351131113511351
13111351135113111351135113111351135113111351135113111351135113111351135113111351
588000100010001000100010001117121713271327142714371535153114351335123111351
13511311135113511311235133513311335123511311135113512311335143514311435143513311
33512351231123512351131113511351131113511351131113511351131113511351131113511351
13111351135113111351135113111351135113111351135113111351135113111351135113111351
621800180017001800170017001717161716171527142714271335123112351235123112351
23512311135113512311335143514311435133512311235133514311435143513311335123512311
23511351131113511351131113511351131113511351231123511351131113511351131113511351
13111351135113111351135113111351135113111351135113112351335133113351235113111351
630700170017001500120010001117122713271427142715271535143113351335123112351
23512311235133513311435143514311435133512311235123512311235123511311135113511311
13511351131113511351131113511351131113511351131113511351131113511351131113511351
13111351135113111351135113111351135113111351135113111351135113112351235113111351
643600110015001800170016001627152715271527152715271635163116351635153114351
33513311335143514311435143514311435143513311335123512311235123512311235133513311
23512351131113511351131113511351131113511351131113511351131113511351131113511351
13111351135113111351135113111351135113111351135113111351135113111351135123113351
645100110014001200140017001617152714271327132712271235133113351235123113351
33514311435143514311435143514311335123512311235133513311435143513311335133513311
33513351331123512351131113511351131113511351131113511351131113511351131113511351
13111351135113111351135113111351235123112351135113112351235123112351235123112351
650000100010001100110015001517142714271327132712271135113111351135113111351
13511311235133514311435143514311435143514311335133513311335143514311435133513311
33513351331143514351331133513351231123512351231123512351231123512351231123512351
23112351235123112351235133113351335133114351435143114351335133113351335133113351
675200110011001400160016001617152715171437142713371335133113351235113110351
13511311135113512311235123513311335133513311335123512311235123511311135123512311
13511351131113511351131113511351131113511351131113511351131113511351131113511351
13112351235123112351235123112351235123112351235123112351235123112351235133113351
690000100014001500130012001227132712271227122712371235113111351235123112351
23512311235113511311135113511311235123512311235123512311235113511311135113511311
13511351131113511351131113511351131113511351131113511351131113511351131113511351
13111351135113111351135123112351235123112351235123112351235133113351335133113351
747300150016001400140016001617161716271627162716371635153114351435133113351
33513311335133513311335133513311435143514311335133512311235123512311235123511311
13511351131113511351131113511351131113511351131113511351131113511351131113511351
13111351135113111351135113111351135113111351135113111351135113111351135113111351
