20170410071430
T2M TEDF  78  35 1
20170410072017041002
20170410072017041003
20170410072017041004
20170410072017041005
20170410072017041006
20170410072017041007
20170410072017041008
20170410072017041009
20170410072017041010
20170410072017041011
20170410072017041012
20170410072017041013
20170410072017041014
20170410072017041015
20170410072017041016
20170410072017041017
20170410072017041018
20170410072017041019
20170410072017041020
20170410072017041021
20170410072017041022
20170410072017041023
20170410072017041100
20170410072017041101
20170410072017041102
20170410072017041103
20170410072017041104
20170410072017041105
20170410072017041106
20170410072017041107
20170410072017041108
20170410072017041109
20170410072017041110
20170410072017041111
20170410072017041112
20170410072017041113
20170410072017041114
20170410072017041115
20170410072017041116
20170410072017041117
20170410072017041118
20170410072017041119
20170410072017041120
20170410072017041121
20170410072017041122
20170410072017041123
20170410072017041200
20170410072017041201
20170410072017041202
20170410072017041203
20170410072017041204
20170410072017041205
20170410072017041206
20170410072017041207
20170410072017041208
20170410072017041209
20170410072017041210
20170410072017041211
20170410072017041212
20170410072017041213
20170410072017041214
20170410072017041215
20170410072017041216
20170410072017041217
20170410072017041218
20170410072017041219
20170410072017041220
20170410072017041221
20170410072017041222
20170410072017041223
20170410072017041300
20170410072017041301
20170410072017041302
20170410072017041303
20170410072017041304
20170410072017041305
20170410072017041306
20170410072017041307
002  99   001  95   001  91   001  89   001  94   001 101   001 104   571
 105  1071 106  1171 107  1271 108  1271 111  1171 111  1171 111  1071 111  1071
 108  1171 105  1171 100  1171  95  1071  91  1071  89  1071  87  1171  85  1171
  85  1171  84  1171  83  1171  81  1171  80  1171  81  1171  86  1271  92  1371
  98  1471 101  1471 103  1471 104  1471 106  1371 108  1351 109  1211 107  1251
 104  1251 101  1211  98  1151  96  1151  95  1011  94  1051  93  1151  92  1111
  91  1151  90  1151  89  1111  87  1151  86  1151  87  1111  91  1251  97  1351
 103  1411 107  1551 110  1651 112  1711 114  1651 115  1651 115  1511 113  1551
 111  1451 108  1411 106  1351 104  1351 103  1211 101  1351 100  1351  98  1411
  96  1451  94  1451  91  1411  88  1451  85  1351  84  1311  86  1451
005 106   001 105   001 105   001 106   001 105   001 112   001 120   471
 128   671 134   871 138   971 139  1071 137   971 136   971 135   871 132   871
 126   971 119   971 107   971  96   971  86   971  80   971  77  1071  76  1071
  74  1071  71  1171  65  1171  60  1171  58  1071  62  1071  76   971  94   971
 113   871 125   971 134  1071 137  1171 138  1171 136  1171 133  1171 128  1171
 121  1171 112  1171 101  1171  89  1071  80  1071  76  1071  75  1171  75  1171
  73  1171  70  1271  67  1271  64  1271  64  1151  70  1111  84  1151 102  1251
 119  1211 131  1251 139  1351 143  1311 145  1451 145  1451 143  1511 138  1451
 131  1451 123  1311 114  1351 106  1351 100  1311  97  1451  96  1451  95  1511
  92  1651  89  1651  84  1711  79  1751  77  1651  78  1611  85  1551
015  90   001  87   001  93   001 101   001 108   001 113   001 117   571
 121   871 125  1071 128  1071 129  1271 131  1171 132  1171 131  1071 128  1071
 122   971 114   971 106   971  96   971  87   971  78   971  72  1071  66  1071
  61  1071  58   971  54   971  50  1071  50  1171  57  1271  73  1171  95  1171
 114  1071 128  1171 137  1371 141  1471 145  1471 147  1371 146  1371 141  1271
 133  1271 123  1171 112  1071 100  1071  91   971  83  1071  77  1171  73  1271
  69  1171  66  1171  63  1071  60  1171  60  1351  67  1411  83  1351 103  1351
 122  1211 135  1351 144  1451 150  1511 155  1551 158  1651 157  1611 151  1551
 141  1351 130  1211 120  1251 112  1151 105  1111 100  1251  95  1451  91  1511
  87  1551  82  1451  77  1411  72  1551  70  1751  73  1811  82  1751
027  95   001  79   001  76   001  70   001  72   001  95   001 113   471
 126   771 134   771 137   871 136   771 135   871 134   971 130  1071 123  1071
 113  1071 102  1071  90  1071  80  1171  71  1171  67  1171  65  1171  65  1171
  64  1271  63  1371  59  1471  55  1471  54  1371  60  1371  77  1271  98  1171
 118  1071 130   971 136   971 139   871 141   971 141   971 139  1071 133  1071
 123  1171 111  1171  98  1171  84  1271  74  1271  68  1271  65  1371  63  1371
  61  1471  59  1471  57  1571  54  1571  55  1451  61  1411  76  1451  95  1351
 114  1311 128  1251 138  1051 144   911 147  1051 147  1251 144  1311 138  1251
 130  1251 120  1111 108  1251  97  1251  89  1311  85  1451  83  1451  82  1511
  80  1651  77  1751  74  1811  71  1751  70  1751  75  1611  86  1651
070  44   001  45   001  49   001  63   001  83   001  96   001 102   771
 106   971 115  1171 128  1171 143  1171 158  1171 159  1171 156  1171 149  1171
 139  1171 127  1171 112  1271  97  1471  84  1571  72  1671  63  1771  54  1971
  48  1971  42  1971  38  2071  32  2071  32  2071  39  2071  57  1871  79  1571
 101  1371 117  1371 127  1471 136  1471 144  1471 151  1471 153  1471 151  1371
 143  1371 132  1271 119  1371 105  1471  93  1671  84  1771  79  1971  74  2171
  70  2171  65  2271  61  2371  57  2371  57  2351  64  2411  79  2151  98  1851
 118  1611 134  1651 147  1651 155  1611 159  1751 160  1851 158  1911 153  1751
 146  1551 136  1411 124  1551 111  1651 101  1711  95  1951  91  2051  88  2211
  84  2351  80  2451  77  2511  75  2551  76  2651  80  2711  88  2451
110  79   001  79   001  81   001  88   001  96   001  99   001 110   471
 124  1171 136  1171 143  1071 145   971 141   971 136   871 130   871 124   771
 119   771 112   671 103   771  95   771  87   871  81   971  80   971  78  1071
  76  1071  73   971  68   971  63  1071  60  1071  64  1171  77  1271  97  1271
 116  1371 130  1271 138  1271 143  1171 146  1171 147  1171 146  1171 142  1071
 134  1071 123   971 108   971  93  1071  82  1071  75  1071  72  1171  70  1171
  67  1171  63  1071  57  1071  53  1171  52  1151  56  1211  68  1251  85  1151
 102  1111 117  1151 128  1051 135  1011 137  1151 136  1151 132  1211 127  1151
 121  1151 113  1011 104  1051  96  1051  89  1011  85  1051  82  1151  81  1111
  80  1151  79  1151  78  1111  78  1251  79  1351  83  1411  90  1351
120  74   001  70   001  70   001  66   001  64   001  83   001 100   371
 113   771 123  1171 128  1171 130  1271 131  1271 127  1271 123  1271 119  1271
 113  1171 106  1171  94  1071  82  1071  72   971  65   971  61  1071  60  1071
  61  1071  61  1071  60  1071  58  1171  58  1271  63  1371  77  1271  95  1271
 111  1171 122  1271 126  1271 130  1371 134  1471 137  1471 137  1571 132  1471
 124  1471 113  1371 101  1371  90  1271  81  1271  75  1271  70  1271  68  1271
  68  1271  67  1271  66  1271  63  1371  62  1351  66  1411  78  1451  95  1351
 111  1311 122  1351 129  1451 133  1411 136  1451 138  1551 137  1511 133  1551
 126  1451 117  1411 106  1351  94  1351  85  1211  79  1251  76  1351  75  1311
  76  1351  77  1351  77  1311  77  1451  77  1551  81  1611  90  1651
130  65   001  63   001  54   001  55   001  50   001  90   001 115   471
 132   971 143  1171 153  1271 162  1371 169  1371 170  1471 164  1471 153  1371
 139  1271 125  1171 109  1171  96  1071  82  1071  71  1171  63  1171  57  1271
  55  1371  54  1371  51  1471  45  1571  43  1571  50  1671  70  1571  98  1371
 123  1271 140  1371 150  1371 155  1471 161  1571 165  1571 166  1671 161  1571
 152  1471 139  1371 123  1371 107  1271  91  1271  80  1371  71  1371  66  1471
  63  1571  60  1671  55  1771  48  1871  44  1851  49  1911  67  1751  93  1651
 119  1411 139  1451 152  1451 162  1411 169  1551 173  1751 172  1811 165  1651
 154  1451 140  1211 126  1251 112  1351 100  1311  90  1451  83  1451  79  1511
  77  1651  75  1851  73  1911  69  1951  66  2051  69  2011  80  1951
145 106   001  96   001  98   001 101   001 101   001 104   001 113   371
 125   671 136   971 144  1071 150  1271 151  1271 153  1271 153  1271 151  1271
 145  1271 136  1271 122  1271 106  1371  94  1371  85  1271  79  1271  75  1171
  71  1071  67   971  63   871  59   871  58   971  63   971  77  1071  95  1071
 112  1171 125  1271 133  1271 139  1371 144  1371 149  1371 152  1371 153  1371
 151  1271 143  1271 129  1271 112  1171  96  1171  86  1171  79  1171  74  1171
  69  1171  64  1071  59  1071  55  1071  54   951  60   911  76  1051  97  1251
 118  1311 135  1451 148  1551 157  1611 163  1651 166  1651 167  1611 165  1651
 160  1551 151  1511 137  1551 121  1451 108  1411  99  1451  94  1351  91  1311
  87  1351  84  1451  80  1411  77  1451  77  1351  80  1311  88  1451
149 107   001 114   001 103   001 109   001 113   001 116   001 125   571
 136   771 148   971 158  1071 165  1271 165  1371 166  1371 165  1471 162  1471
 156  1371 146  1371 133  1371 119  1371 104  1371  93  1371  85  1271  78  1271
  72  1171  67  1171  63  1071  60  1071  60  1171  66  1171  80  1171  99  1171
 117  1171 130  1271 140  1371 147  1471 153  1471 158  1571 161  1571 161  1471
 158  1471 150  1371 138  1371 124  1271 108  1271  95  1271  85  1371  77  1371
  71  1371  66  1271  61  1271  57  1271  56  1151  62  1111  78  1251 100  1351
 123  1411 142  1551 156  1651 166  1711 173  1751 177  1851 177  1811 174  1751
 167  1551 157  1411 145  1451 132  1451 119  1411 108  1451  99  1551  92  1511
  88  1551  85  1551  83  1511  81  1551  80  1551  84  1511  93  1551
156 142   001 120   001 111   001 113   001 116   001 117   001 125   471
 137   771 149   971 158  1071 165  1071 168  1271 169  1271 168  1371 164  1271
 156  1271 145  1171 133  1171 121  1171 109  1171 101  1071  96   971  92   871
  89   871  85   871  80   871  75   871  72   971  75   971  88  1071 106  1171
 123  1271 136  1271 144  1371 151  1371 158  1371 163  1471 166  1411 165  1351
 160  1251 152  1111 142  1051 132  1051 121   911 111   951 103   851  96   811
  91   851  88   851  83   811  77   851  74   951  78   911  92  1151 112  1251
 132  1411 148  1551 161  1551 170  1611 177  1651 181  1751 181  1711 177  1651
 169  1451 159  1311 148  1351 136  1251 126  1211 118  1151 112  1151 108  1011
 105  1051 103  1051 100  1011  97  1151  95  1151  97  1211 104  1451
168  57   001  66   001  65   001  46   001 103   001 112   001 123   571
 135   771 145   971 154  1071 162  1171 166  1171 162  1271 161  1271 159  1371
 154  1371 143  1471 127  1471 107  1351  90  1311  80  1451  75  1451  71  1511
  66  1551  58  1651  50  1611  41  1751  37  1871  42  1971  59  1671  83  1371
 106  1071 122  1171 133  1371 140  1471 146  1471 151  1471 154  1471 154  1471
 148  1471 135  1471 112  1471  88  1471  68  1471  59  1571  55  1771  56  1871
  55  1871  52  1971  45  1971  36  2071  32  2151  38  2211  60  1951  92  1651
 123  1311 147  1451 162  1651 172  1711 177  1751 179  1751 178  1711 175  1651
 168  1651 155  1511 134  1551 111  1551  92  1511  81  1651  77  1851  76  1911
  74  1951  71  2051  66  2011  61  2251  59  2351  64  2511  80  2251
180  69   001  66   001  57   001  55   001  80   001 141   001 171   771
 182   871 185   971 187  1071 190  1171 190  1371 183  1471 176  1671 168  1571
 160  1571 149  1471 135  1471 121  1571 110  1571 100  1471  92  1471  84  1371
  76  1471  68  1671  60  1771  53  1771  50  1771  55  1771  69  1471  88  1271
 106   971 119  1071 127  1271 134  1371 140  1471 146  1571 149  1671 149  1571
 144  1571 133  1471 116  1471  98  1471  80  1471  69  1471  63  1571  60  1571
  58  1671  55  1871  50  1971  44  1971  41  1851  49  1811  71  1651  99  1451
 126  1211 144  1351 154  1451 160  1511 166  1751 171  2051 173  2211 172  2051
 166  1751 155  1511 140  1551 123  1451 109  1411 100  1451  96  1551  93  1511
  89  1751  84  1951  77  2111  69  2151  64  2151  68  2111  84  1851
190  86   001  89   001  93   001  85   001  99   001 132   001 162   871
 188   971 210  1071 225  1271 232  1371 232  1371 227  1471 218  1471 206  1371
 190  1371 174  1271 158  1371 142  1371 130  1471 119  1471 111  1471 104  1471
  97  1471  91  1471  86  1471  82  1471  81  1371  85  1371  94  1271 107  1271
 120  1171 130  1271 138  1471 146  1571 155  1571 162  1571 166  1571 165  1471
 158  1371 146  1271 130  1371 112  1371  95  1471  83  1571  75  1571  70  1671
  67  1671  64  1771  61  1771  58  1671  58  1651  67  1511  87  1451 112  1451
 137  1311 155  1451 168  1651 178  1711 187  1851 193  1951 195  2011 191  1751
 182  1551 169  1211 154  1351 139  1451 126  1511 117  1651 110  1651 105  1711
 100  1851  96  1851  90  1911  84  1951  81  1951  85  1911 100  1851
222  95   001  90   001  86   001  85   001  91   001 100   001 118   571
 138   871 157  1071 171  1171 181  1271 189  1371 191  1371 190  1471 185  1371
 177  1271 166  1171 153  1071 138  1071 125   971 112  1071 103  1071  97  1171
  94  1171  91  1271  87  1271  81  1371  76  1371  79  1471  93  1371 114  1271
 134  1171 149  1271 158  1371 166  1471 171  1571 176  1571 178  1671 176  1571
 171  1471 161  1371 148  1271 133  1271 117  1171 104  1171  94  1271  86  1271
  81  1271  76  1371  70  1371  62  1471  57  1451  62  1511  80  1451 106  1451
 132  1311 152  1351 166  1451 175  1411 181  1651 184  1851 184  2011 180  1851
 171  1751 160  1511 146  1451 131  1351 118  1211 108  1251 100  1251  94  1211
  89  1251  85  1351  80  1311  74  1451  71  1451  75  1511  87  1551
240 113   001 104   001  91   001  85   001  86   001  98   001 113   471
 129   771 146   971 161  1071 172  1171 181  1271 185  1271 184  1371 179  1271
 170  1271 158  1171 143  1171 128  1171 113  1171 101  1171  90  1071  83  1071
  78  1071  75  1071  70  1071  65  1171  63  1151  67  1271  81  1271 101  1171
 119  1171 132  1271 142  1271 149  1371 155  1471 160  1571 162  1671 161  1471
 156  1371 147  1171 133  1171 118  1171 103  1171  90  1171  80  1071  73  1071
  69  1171  67  1171  64  1271  60  1271  58  1351  63  1311  79  1351 101  1351
 124  1311 142  1351 156  1451 166  1411 173  1551 176  1651 177  1711 175  1551
 170  1451 161  1211 147  1251 131  1251 115  1211 102  1251  91  1251  84  1211
  80  1351  78  1351  75  1411  72  1451  70  1551  74  1511  86  1551
255  89   001  90   001  90   001  88   001 108   001 119   001 131   271
 144   871 157  1171 168  1171 177  1271 185  1371 188  1371 189  1471 185  1371
 177  1371 166  1271 152  1271 139  1171 126  1171 117  1171 110  1071 104  1071
  97  1071  90  1171  81  1171  73  1171  68  1151  71  1171  83  1271 100  1271
 117  1371 128  1471 135  1471 141  1571 148  1671 155  1771 159  1871 159  1771
 154  1571 145  1471 133  1371 119  1371 105  1271  94  1171  84  1171  77  1071
  71  1071  66  1171  60  1171  54  1171  51  1251  57  1211  75  1351  99  1351
 123  1411 141  1551 154  1651 164  1711 173  1851 180  1951 184  2011 183  1851
 176  1751 166  1511 152  1451 137  1251 122  1111 110  1151 100  1151  92  1111
  87  1251  82  1251  77  1311  71  1351  68  1351  71  1311  83  1451
260  51   001  50   001  39   001  48   001  49   001 107   001 139   471
 156   571 167   871 177   971 188  1171 198  1271 200  1471 197  1571 190  1471
 179  1471 165  1371 146  1571 127  1871 110  2071  97  2071  87  2171  79  2171
  71  2271  64  2371  57  2471  52  2371  51  2351  58  2211  75  1851  98  1551
 118  1111 131  1251 139  1351 145  1411 151  1551 155  1751 158  1811 157  1751
 151  1651 138  1511 118  1651  95  1751  75  1811  62  1951  54  1951  49  2011
  44  2251  39  2551  34  2711  29  2651  29  2451  40  2311  65  1951  97  1551
 127  1111 147  1251 160  1351 168  1411 175  1651 181  1851 185  2011 185  1951
 180  1851 166  1711 143  1851 118  1851  96  1911  84  2151  78  2251  75  2411
  70  2651  63  2851  55  3011  48  2951  46  2751  54  2611  74  2251
280  69   001  67   001  57   001  55   001  60   001 117   001 152   471
 174   671 191   971 205  1171 217  1271 226  1271 221  1171 209  1171 194  1171
 178  1171 161  1171 145  1271 131  1271 122  1371 115  1471 111  1571 107  1671
 102  1671  97  1571  90  1571  82  1571  78  1471  79  1471  89  1371 104  1271
 120  1171 132  1271 141  1271 148  1371 154  1371 159  1371 160  1371 157  1371
 150  1271 138  1271 123  1371 106  1371  93  1471  83  1571  76  1571  72  1671
  69  1671  65  1671  61  1671  56  1671  53  1551  59  1511  76  1551 100  1451
 124  1411 143  1551 158  1651 169  1711 179  1851 185  1851 188  1911 185  1751
 177  1451 164  1211 148  1251 130  1251 115  1211 104  1351  96  1451  92  1511
  90  1651  87  1651  83  1711  76  1651  71  1651  73  1511  86  1451
299  82   001  73   001  86   001  70   001 101   001 133   001 161   571
 187   871 211  1171 229  1271 240  1271 245  1371 240  1371 231  1471 218  1371
 200  1371 180  1271 161  1271 141  1371 125  1371 112  1471 104  1671  98  1771
  94  1771  89  1671  85  1671  80  1671  78  1771  80  1771  90  1571 104  1471
 118  1271 128  1371 137  1371 145  1471 153  1471 160  1571 163  1571 159  1471
 150  1471 136  1371 120  1371 102  1371  86  1371  74  1571  65  1671  59  1871
  55  1871  52  1971  48  1971  44  1971  44  1851  54  1811  77  1751 106  1551
 135  1411 156  1451 171  1551 181  1511 189  1751 193  1851 192  2011 186  1851
 175  1651 161  1411 146  1451 130  1451 117  1411 107  1651 100  1851  95  2011
  91  2151  87  2251  82  2311  76  2351  74  2351  80  2311  97  2051
434 132   001 133   001 120   001 112   001 114   001 136   001 156   571
 173   871 189  1071 200  1271 206  1371 209  1371 209  1371 205  1371 198  1371
 186  1271 173  1271 158  1171 143  1171 131  1071 122  1071 116  1071 111  1071
 105  1071  98  1071  91  1071  84  1071  79   971  81   971  92  1171 107  1271
 123  1471 135  1571 143  1671 150  1771 157  1771 162  1871 163  1871 159  1771
 152  1671 142  1571 130  1471 120  1271 110  1171 102  1171  95  1171  90  1171
  86  1171  83  1171  79  1171  74  1171  71  1051  75  1011  88  1251 107  1351
 127  1511 144  1751 157  1851 168  2011 177  2151 184  2151 186  2211 183  2051
 175  1951 165  1711 153  1551 141  1451 130  1211 120  1251 112  1151 106  1111
 101  1151  97  1151  92  1111  85  1151  81  1151  83  1111  95  1451
460 128   001 120   001 111   001 115   001 124   001 136   001 157   471
 181   971 201  1171 214  1471 220  1671 217  1571 216  1471 210  1371 201  1271
 190  1271 175  1171 159  1271 146  1371 134  1471 124  1471 118  1571 111  1571
 106  1671 103  1771  97  1871  92  1871  87  1871  89  1871  98  1771 112  1771
 125  1671 136  1671 144  1771 151  1771 156  1671 160  1671 161  1571 157  1471
 148  1471 136  1371 122  1471 107  1471  93  1571  83  1571  75  1671  69  1671
  64  1771  60  1771  55  1871  50  1871  47  1951  53  1911  69  1851  93  1851
 117  1711 138  1851 154  1951 168  2011 179  2051 187  2151 189  2111 185  1951
 176  1751 163  1511 146  1551 129  1651 114  1611 103  1751  97  1851  92  1911
  88  1951  84  1951  79  1911  72  1951  68  2051  72  2011  86  1951
481 126   001 132   001 117   001 113   001 119   001 135   001 155   671
 177   871 197  1271 213  1271 224  1271 227  1271 228  1271 225  1271 219  1271
 211  1171 199  1171 182  1171 164  1271 149  1271 140  1271 134  1271 128  1271
 120  1271 111  1171 103  1171  98  1171  96  1071  99  1071 106  1171 115  1271
 126  1371 137  1371 146  1471 155  1471 161  1471 165  1571 165  1571 162  1471
 156  1471 149  1371 139  1371 127  1271 117  1271 107  1271  99  1271  92  1271
  86  1271  81  1171  76  1171  71  1171  69  1051  73  1011  85  1251 102  1351
 122  1511 141  1651 159  1651 173  1711 183  1851 189  1951 191  2011 190  1851
 186  1751 177  1511 165  1451 151  1351 138  1211 129  1251 123  1251 117  1211
 110  1251 103  1251  96  1211  91  1251  90  1251  94  1211 105  1451
497  79   001  73   001  69   001  66   001  68   001 102   001 130   571
 153   971 172  1471 188  1871 199  2071 205  2071 205  2171 198  2171 185  1971
 169  1671 153  1471 137  1571 125  1771 114  1871 108  1871 101  1971  96  1971
  91  1971  86  2071  83  2071  78  2171  76  2371  81  2471  95  2171 114  1971
 133  1671 147  1871 158  1971 167  2171 177  2271 185  2271 185  2371 175  2171
 159  1871 141  1671 125  1771 113  1871 101  1971  91  1971  83  1971  76  1971
  71  1971  68  2071  64  2071  60  2171  60  2351  69  2411  89  2251 116  2051
 143  1811 165  1951 182  2151 194  2211 203  2351 206  2351 202  2411 189  2251
 170  2051 150  1811 133  1851 119  1951 107  1911  96  1951  86  1851  78  1811
  72  1851  67  1951  64  1911  62  2051  63  2251  72  2311  91  2251
510 109   001 100   001 100   001  95   001  91   001 102   001 128   471
 158   971 183  1071 200  1271 212  1271 223  1371 228  1571 226  1671 217  1571
 205  1371 188  1271 170  1171 153  1171 141  1071 132  1071 126  1171 122  1171
 119  1171 115  1171 110  1171 104  1071 102  1071 106   971 120  1071 141  1171
 160  1271 174  1371 185  1371 191  1471 195  1571 196  1571 195  1671 192  1671
 185  1571 175  1571 162  1471 147  1271 132  1171 119  1171 109  1271 102  1271
  97  1271  92  1371  88  1371  82  1371  79  1251  84  1211  99  1351 122  1351
 145  1411 165  1451 180  1551 191  1511 199  1651 203  1851 205  1911 204  1851
 198  1751 188  1611 172  1551 154  1451 137  1311 124  1451 116  1451 109  1511
 103  1551  98  1551  93  1511  88  1551  87  1551  93  1511 110  1551
579  76   001  68   001  58   001  53   001  68   001 114   001 145   571
 168   971 187  1371 207  1371 225  1371 242  1371 249  1271 248  1271 240  1271
 226  1371 210  1371 190  1371 173  1371 158  1371 148  1571 141  1771 137  1971
 134  1971 131  2071 130  2071 128  2071 128  2071 133  2071 144  1871 158  1671
 173  1471 184  1471 191  1571 197  1571 202  1571 206  1571 205  1571 199  1571
 189  1571 178  1571 168  1571 158  1571 151  1571 144  1671 138  1771 133  1871
 128  1971 123  2071 115  2171 108  2071 103  2051 107  1911 121  1851 142  1651
 165  1511 184  1551 200  1551 212  1511 221  1751 226  1851 226  2011 219  1851
 208  1651 193  1411 177  1451 163  1551 150  1511 141  1751 135  1851 132  2011
 130  2051 128  2151 126  2111 123  2051 122  2051 128  1911 143  1851
588  66   001  64   001  58   001  64   001  90   001 116   001 138   571
 159   971 181  1271 202  1371 218  1471 230  1671 229  1771 224  1971 217  1971
 206  1871 191  1871 171  1771 152  1771 135  1671 125  1671 119  1671 115  1671
 111  1771 105  1771 100  1871  97  1871  97  1871 104  1871 121  1771 141  1571
 162  1471 178  1471 191  1571 200  1571 207  1771 210  1871 209  2071 202  2071
 191  1971 176  1971 159  1871 144  1871 130  1771 120  1771 113  1771 108  1771
 103  1771  99  1871  94  1871  89  1871  88  1951  95  1911 112  1951 136  1851
 160  1811 180  1851 195  1751 206  1711 212  2051 214  2351 212  2611 205  2551
 194  2351 180  2211 164  2151 147  1951 132  1811 121  1851 113  1951 108  1911
 104  1951 101  1951  99  1911  98  1951 101  2051 110  2011 128  2051
621 113   001 125   001 109   001 100   001  93   001 135   001 167   771
 191  1371 207  1671 216  1771 218  1571 215  1671 215  1571 211  1571 202  1571
 189  1671 175  1671 157  1671 141  1571 128  1571 118  1571 109  1671 104  1671
 101  1771 100  1871  98  1971  95  1871  94  1771  97  1671 107  1871 119  2171
 134  2371 146  2271 156  2071 163  1971 167  1871 169  1771 169  1671 167  1771
 164  1771 156  1871 144  1771 131  1771 116  1671 105  1671  96  1671  90  1671
  86  1871  82  1971  77  2171  70  2071  65  2051  71  1911  90  2051 118  2251
 144  2311 163  2251 175  2051 184  1911 192  1851 198  1851 201  1711 199  1751
 191  1751 177  1711 158  1751 137  1851 119  1811 107  1951 101  1951  97  2011
  94  2151  91  2251  86  2311  80  2251  78  2151  85  2011 106  2251
630 111   001 105   001  98   001  92   001  97   001 115   001 142   371
 171   671 195   971 214  1171 228  1271 240  1271 247  1271 249  1271 243  1271
 232  1271 218  1271 202  1271 187  1151 171  1111 156  1151 143  1051 132  1011
 124  1051 118  1151 114  1111 110  1251 109  1351 113  1411 123  1351 136  1251
 151  1111 164  1251 176  1351 186  1411 194  1451 199  1551 200  1511 197  1551
 190  1451 180  1411 169  1351 156  1351 143  1211 130  1251 119  1351 109  1311
 102  1351  96  1351  90  1311  84  1451  81  1451  85  1511 100  1451 121  1451
 143  1311 162  1351 177  1351 190  1311 202  1451 211  1451 215  1511 214  1551
 207  1551 196  1511 182  1451 166  1351 151  1211 138  1351 127  1451 119  1511
 114  1551 109  1651 104  1611  97  1751  93  1851  96  1911 110  1851
643  85   001  99   001  88   001  77   001  80   001 110   001 144   471
 175   771 196  1071 206  1271 208  1471 209  1271 210  1171 209  1071 202  1071
 192  1171 180  1171 170  1171 162  1271 156  1271 151  1271 148  1371 144  1371
 141  1371 133  1271 125  1271 114  1271 111  1371 118  1371 137  1371 164  1371
 189  1371 205  1471 214  1671 218  1771 223  1671 226  1471 226  1371 222  1371
 213  1271 202  1271 188  1271 171  1271 158  1271 147  1371 140  1371 135  1471
 130  1471 125  1471 117  1471 108  1471 103  1451 108  1411 128  1551 156  1551
 181  1611 196  1751 203  1851 206  1911 208  1751 208  1651 205  1411 199  1351
 190  1351 180  1211 169  1251 159  1251 151  1211 147  1351 144  1351 143  1411
 141  1451 137  1451 131  1411 123  1551 120  1551 127  1611 149  1651
645  78   001  76   001  72   001  77   001  91   001 130   001 159   771
 182  1071 201  1271 218  1271 231  1171 240  1271 242  1271 237  1271 226  1271
 210  1271 193  1271 176  1371 161  1571 152  1671 146  1671 144  1771 142  1771
 140  1671 138  1471 133  1371 127  1471 125  1471 129  1571 144  1571 166  1671
 185  1671 198  1671 208  1671 215  1671 222  1571 227  1471 226  1371 218  1371
 203  1471 188  1471 174  1571 162  1771 152  1871 144  1871 138  1871 134  1871
 131  1771 127  1671 122  1571 114  1571 109  1451 113  1411 132  1551 158  1751
 184  1811 201  1751 212  1751 220  1611 227  1651 232  1751 231  1711 222  1651
 208  1451 191  1311 174  1551 159  1651 148  1811 141  1851 138  1951 137  1911
 137  1851 136  1751 133  1611 129  1651 128  1551 135  1511 154  1751
650  96   001  92   001  82   001  80   001 103   001 137   001 158   571
 172   771 185   971 196  1271 207  1471 214  1371 213  1271 208  1171 196  1171
 182  1271 168  1271 158  1371 151  1371 146  1471 143  1571 141  1571 137  1671
 132  1671 126  1571 122  1571 121  1571 125  1571 133  1571 147  1471 162  1371
 176  1271 185  1371 192  1571 197  1671 203  1571 207  1571 206  1471 199  1371
 188  1371 177  1271 169  1371 163  1471 157  1571 148  1671 137  1671 127  1771
 119  1771 113  1671 109  1671 108  1671 111  1551 119  1511 134  1551 152  1451
 170  1411 184  1551 195  1651 203  1711 209  1751 212  1751 209  1711 200  1651
 187  1651 174  1511 165  1551 158  1651 152  1611 144  1751 136  1751 130  1811
 127  1851 126  1751 125  1711 124  1751 126  1751 134  1711 150  1751
675 130   001 129   001 123   001 119   001 133   001 155   001 179  1371
 204  1671 229  1671 248  1671 258  1571 256  1571 253  1671 246  1671 232  1671
 214  1671 196  1671 180  1671 166  1651 153  1611 141  1751 130  1951 120  2011
 112  2151 105  2151  98  2211  91  2251  87  2371  92  2371 109  2271 134  2171
 161  2071 186  1871 206  1771 220  1571 227  1671 227  1771 220  1871 207  1871
 190  1771 174  1771 160  1871 150  1871 139  1971 128  1971 118  2071 110  2071
 104  2171 100  2371  97  2471  95  2471  98  2451 108  2411 128  2351 152  2151
 177  2011 197  2051 211  2051 220  2011 225  2151 225  2351 221  2411 213  2351
 202  2151 190  2011 178  2051 166  2051 155  2011 145  2051 136  2151 128  2111
 122  2251 117  2451 110  2511 102  2651  99  2751 107  2811 131  2751
690 142   001 140   001 117   001 120   001 128   001 161   001 177   671
 182   971 182  1071 181  1171 180  1271 182  1371 182  1371 181  1471 177  1271
 171  1171 164   971 158  1071 155  1271 150  1371 147  1471 142  1471 139  1571
 137  1571 135  1471 130  1471 126  1571 124  1571 129  1671 141  1571 157  1371
 170  1271 175  1271 173  1371 171  1371 171  1371 171  1371 171  1371 168  1271
 163  1171 159  1071 157  1171 155  1171 153  1271 150  1371 147  1571 145  1671
 143  1671 141  1671 139  1671 138  1671 139  1651 144  1611 155  1651 167  1551
 177  1511 180  1451 179  1451 178  1311 179  1351 181  1351 181  1311 178  1251
 172  1151 167  1011 164  1151 161  1151 159  1211 155  1351 151  1551 148  1611
 146  1651 144  1651 142  1611 139  1651 139  1651 145  1611 159  1651
747  93   001  93   001  84   001  87   001  89   001 127   001 153   671
 172   771 185   971 194   971 201  1071 208  1271 213  1471 214  1671 214  1671
 211  1571 204  1571 194  1671 186  1771 179  1871 177  1771 177  1771 176  1671
 171  1771 163  1871 153  1971 144  1971 139  1971 141  1971 151  1771 167  1471
 183  1271 195  1271 204  1171 211  1171 217  1371 221  1671 220  1871 214  1871
 204  1771 194  1771 183  1871 172  1971 164  2071 158  1971 155  1871 153  1771
 150  1971 145  2071 139  2271 131  2271 126  2251 130  2211 146  1951 169  1751
 191  1411 206  1451 215  1351 220  1311 223  1551 223  1851 219  2011 212  2051
 201  1951 190  1911 179  2051 169  2051 162  2111 157  2051 154  1951 152  1811
 149  2051 145  2251 141  2411 137  2451 137  2451 145  2411 163  2251
NT  TEDF  78  35 1
20170410072017041002
20170410072017041003
20170410072017041004
20170410072017041005
20170410072017041006
20170410072017041007
20170410072017041008
20170410072017041009
20170410072017041010
20170410072017041011
20170410072017041012
20170410072017041013
20170410072017041014
20170410072017041015
20170410072017041016
20170410072017041017
20170410072017041018
20170410072017041019
20170410072017041020
20170410072017041021
20170410072017041022
20170410072017041023
20170410072017041100
20170410072017041101
20170410072017041102
20170410072017041103
20170410072017041104
20170410072017041105
20170410072017041106
20170410072017041107
20170410072017041108
20170410072017041109
20170410072017041110
20170410072017041111
20170410072017041112
20170410072017041113
20170410072017041114
20170410072017041115
20170410072017041116
20170410072017041117
20170410072017041118
20170410072017041119
20170410072017041120
20170410072017041121
20170410072017041122
20170410072017041123
20170410072017041200
20170410072017041201
20170410072017041202
20170410072017041203
20170410072017041204
20170410072017041205
20170410072017041206
20170410072017041207
20170410072017041208
20170410072017041209
20170410072017041210
20170410072017041211
20170410072017041212
20170410072017041213
20170410072017041214
20170410072017041215
20170410072017041216
20170410072017041217
20170410072017041218
20170410072017041219
20170410072017041220
20170410072017041221
20170410072017041222
20170410072017041223
20170410072017041300
20170410072017041301
20170410072017041302
20170410072017041303
20170410072017041304
20170410072017041305
20170410072017041306
20170410072017041307
002400140012001400100013001317121712271227112711271235133114351435153115351
43514311435143514311435133513311435153515311635163515311435133513311335133514311
43514351431143515351531143513351331133514351531143514351431143514351531153516351
63116351635163116351635153115351435143113351335123112351235123112351235123113351
005700140014001600160012001217132713271327132712271235113112351235123113351
33513311335133513311335133513311335133514311435143515311535153514311435133513311
33512351331133514351431143514351431143514351431143514351431143514351431153515351
53116351635153115351435143113351335133113351435143113351335133113351235123112351
015200140016001800170015001517151715271527142713271235123111351135123112351
23512311335133514311435143514311535163516311635163515311435143514311435153515311
53514351431143514351531153515351531153515351531153515351531153515351531153514351
53115351635163116351535153115351635163116351535143114351435143114351435143113351
027600140014001100110010001217131714171427142714371435133113351235113111351
13511311235133513311335143514311335133513311335133512311235123512311335133513311
33512351231123512351231133513351331143514351331133512351231123513351331143514351
43114351535143114351335123112351235123113351335143114351435143114351435133113351
070000100010001300170017001617161716271627152716271635163115351435123111351
13511311235123513311335133514311435153515311535143513311335133513311335133514311
43514351431143514351331133513351331133512351231123513351431143514351431153515351
53115351535153114351435133112351235123113351335133114351435133113351335133113351
110200150014001500160018001717162716271627172716271635143113351235113111351
13512311235123512311235123512311235123512311235123512311235123512311235123512311
23512351231123512351231123512351231123512351231133514351431143513351231123512351
33113351235123112351235123112351235123112351335133113351335133113351435143115351
120300130013001200100010001127122713271437153715371635153114351335113111351
13511311135113512311335143514311435133513311235123512311235123512311135113511311
23512351231123512351131123512351231133513351331123512351231123512351331133514351
43113351335123112351335133112351235123113351435143115351535153115351535153115351
130100110012001100130013001427142714271527152715271535153114351335123112351
13511311135123512311235123512311335133513311335123512311235123513311235123512311
23512351231123512351131113511351231123512351231123512351331133512351231123512351
23112351235123113351335133112351235123112351235133113351435153115351635163116351
145200160018001800180018001817171716271627152715271635163115351335123111351
13511311135123512311335133514311435143514311435143514311335133513311335133513311
33514351331133512351231123512351231123512351231123513351431143514351431143514351
53115351535153115351535143113351235123112351235123112351235123113351435143115351
149000100013001700170018001717172716271527152715271635163115351335123111351
13511311135113512311235133514311435153515311435143514311435133513311335133513311
33514351331133512351231123512351231123512351231123513351331133514351431143514351
43115351535153115351535143113351235123112351235123112351235123113351435143115351
156000120016001800170018001717171716271527152715271635163115351335123111351
13511311135123512311335133514311435153515311535143514311335133513311335133513311
43514351431133512351231123512351231123512351231123513351331133514351431143514351
43115351535153115351535143113351235123112351235123112351235123113351335143114351
168000100010001000100010001317141715271527152715271435143114351535153114351
23511311135113511311235123513311335143514311435133513311235123512311235123512311
23512351331133513351231123512351131113511351231123513351331133513351231123513351
33114351435143114351535153114351335123112351235113112351235123113351435143115351
180000100010001000100010001117122713271427152715371535153115351535153115351
43513311235123511311235133513311435143514311435133513311235123512311235133513311
33514351431143513351331133513351431143514351531153514351431143514351431143514351
43114351535163116351635163115351435133112351235123113351335133114351535153115351
190000100010001000120010001127112711271127123714371535163116351535143114351
43515311535153514311435143514311535153516311535143513311235123511311135123512311
23512351231133513351331133512351231123513351431143515351531153515351531143513351
43114351635163116351635153115351435143113351235123112351335143115351635163117351
222000100012001300100011001117122712271327142714371535153114351435133112351
13511311135113511311135113512311235123512311235123511311135113511311135113511311
13511351131113511351131113511351131113511351131123512351231123511351131123512351
23112351235123112351235123112351135113111351235123112351235123113351535163116351
240000100010001000100013001317131713271327142714271435143115351535153114351
23511311135113511311235123513311435143514311335123511311135113511311235123512311
23512351231123511351131113511351231123512351231123512351231123512351231123512351
23112351335143114351335133113351235123112351235123112351235123112351335133113351
255000100010001000100010001217132713271327142714371435143114351435143114351
43514311335123511311135113512311335143514311435133512311135113511311235123512311
23511351131113511351131113511351131113512351231123512351231123512351231123512351
23112351335143113351335123112351235123112351235123112351235123112351235123112351
260000100010001000100010001117121712271327142714371435143114351435143114351
43514311335133512311235113511311235123513311335143513311335123512311135113511311
13511351131113511351131113511351131113511351131123512351231123512351231123513351
33113351335133113351335133113351235123112351235123112351235123112351235123112351
280000100010001000100010001117111711271227122713271435153115351435143114351
43514311335123511311135113511311235123513311335133513311335123512311235123512311
23511351131123513351331133513351331123512351231123512351231123512351231123512351
33113351335143114351435143113351335123112351235123112351135113111351135113112351
299000100010001000100010001127112711271127112712371235123113351435143114351
43514311435143514311335133513311435143515311535143513311235123511311135113511311
13511351231123513351431133512351231123513351331133513351231123512351231123512351
23112351335143114351435143114351335133113351335123112351235123112351235123112351
434000100010001000100010001117112711271127122712271235133113351335133114351
43514311435133512311235123512311235123512311335133513311335123511311135113511311
13511351131113511351131113511351131113511351131113511351131113511351131113511351
13111351135113111351135113111351135113111351235123111351135113111351135113111351
460000100010001000100010001117111711271227122713371435153115351535153115351
53515311535143514311335133513311335133513311435153515311535153514311335133512311
23512351131113511351131113511351131113511351131123512351231123512351131123512351
23112351235123112351235123112351135113111351235123112351235123112351235123112351
481000120012001100110010001117112711271127112711271135113112351335143114351
33513311335143515311535143513311335123512311235113512311235133513311335123512311
13511351131113511351131123513351331143514351331133512351231113511351131113511351
13111351135113112351235123112351235123112351235123112351235123112351235123112351
497000100010001000110010001117112711271127112711271135113112351235123113351
33513311335133514311435143514311435153515311435133513311335143515311535143514311
33512351131123513351331133512351131113512351231123512351231123512351231123513351
33113351335133112351235123112351235133113351335123113351335133113351235123112351
510000100010001100110014001317122712271227113712371235133113351235123113351
33513311435133513311235123511311135113511311235123512311235123511311135113511311
13511351131113511351131113511351131113511351131113511351131113511351131113511351
13111351135113111351135113111351135113111351135113111351135113111351135123111351
579000100010001000100010001117112711271127112711271135113111351135113111351
23512311235123512311235123512311235123511311135113511311135113512311235113511311
13511351131113511351131113511351131113511351131113511351131113511351131113511351
13112351235123111351135113111351135113111351135113111351135113111351235123112351
588100110010001000100010001127111710271127112711271135113111351135113111351
13511311135113511311135113511311235133513311335123511311135113511311235133513311
33512351131113511351131113511351131113511351131113511351131113511351131113512351
23113351335133113351235123111351135113112351335133113351235123111351135113111351
621000100010001000100010001127112711271127122712271235123112351235113111351
13511311235123512311335143514311435133513311335133513311335143514311435143514311
43513351331123512351231123511351131113511351131113511351131113511351131113511351
13111351135113111351135113111351135113111351135113111351135113111351135113111351
630000100010001000100010001117112711271127112711271135113112351235123111351
13512311235133513311435153515311635163515311435133511311135113512311235123511311
13511351131113511351131113512351231123511351131113511351131113511351131113511351
13111351135113111351135113111351135113111351135113111351135113111351235123112351
643000110012001200120011001217122713271327133713371235113111351135123112351
13511311135113511311235133514311435143513311335123511311135113511311235133513311
33512351131113511351131113511351131113511351131113511351131113511351131113511351
13111351135113111351135113111351135113111351135113111351135113111351135123111351
645000100010001000100010001117111711271127112712271135113111351135113111351
23512311235123512311235123513311335133512311235123511311135113511311135123512311
13511351131113511351131113511351131113511351131113511351131113511351131113511351
13111351135113111351135113111351135113111351135113111351135113111351235123112351
650000100010001000100010001117121712271227122712271235123111351135113111351
13511311135113511311235123512311235123512311235123512311135113511311135113511311
13511351131113511351131113512351231113511351231133514351431143513351231113512351
23112351235113111351135113111351135113111351135113111351135113111351135113111351
675000100010001000100010001027112711271127122712271235123112351235123112351
23512311235123513311335133512311335133514311435143514311335123512311135113512311
23513351431153516351631163515351531153515351531153514351331133512351231123512351
23112351235113111351135113111351135113111351135113111351135113112351235133113351
690000110012001200120012001217122712271227132713271335133113351335123112351
33514311435153515311535143514311435133513311335133513311435143515311435143513311
33514351431143514351431143513351231123513351331133513351331133512351231123512351
23112351235123112351235113111351135123112351335133113351335133113351335133113351
747000100010001000100010001127112711271127112711271135113111351135113111351
13511311135123512311235123512311235123512311235123512311235113511311135113511311
13511351131113511351131113511351131113511351131113511351131113511351131113511351
13111351135113111351235123111351135113111351135113111351135113111351135113111351
