20170306091430
T2M TEDF  78  35 1
20170306092017030604
20170306092017030605
20170306092017030606
20170306092017030607
20170306092017030608
20170306092017030609
20170306092017030610
20170306092017030611
20170306092017030612
20170306092017030613
20170306092017030614
20170306092017030615
20170306092017030616
20170306092017030617
20170306092017030618
20170306092017030619
20170306092017030620
20170306092017030621
20170306092017030622
20170306092017030623
20170306092017030700
20170306092017030701
20170306092017030702
20170306092017030703
20170306092017030704
20170306092017030705
20170306092017030706
20170306092017030707
20170306092017030708
20170306092017030709
20170306092017030710
20170306092017030711
20170306092017030712
20170306092017030713
20170306092017030714
20170306092017030715
20170306092017030716
20170306092017030717
20170306092017030718
20170306092017030719
20170306092017030720
20170306092017030721
20170306092017030722
20170306092017030723
20170306092017030800
20170306092017030801
20170306092017030802
20170306092017030803
20170306092017030804
20170306092017030805
20170306092017030806
20170306092017030807
20170306092017030808
20170306092017030809
20170306092017030810
20170306092017030811
20170306092017030812
20170306092017030813
20170306092017030814
20170306092017030815
20170306092017030816
20170306092017030817
20170306092017030818
20170306092017030819
20170306092017030820
20170306092017030821
20170306092017030822
20170306092017030823
20170306092017030900
20170306092017030901
20170306092017030902
20170306092017030903
20170306092017030904
20170306092017030905
20170306092017030906
20170306092017030907
20170306092017030908
20170306092017030909
002  68   001  66   001  67   001  64   001  65   001  67   001  69   671
  72   871  75   971  79   871  81   971  84   871  84   871  82   871  80   871
  78   871  77   771  75   771  73   871  70   871  68   971  67   971  66   871
  65   871  63   971  60   971  58  1071  55  1071  55  1071  55  1071  58  1171
  63  1171  68  1271  70  1171  71  1071  70   971  67   971  64  1071  61  1071
  60  1071  61   971  62   971  63   971  64  1071  64  1071  65  1071  66   971
  69   971  73  1071  77  1151  80  1211  82  1251  84  1251  87  1211  92  1351
  98  1351 103  1411 105  1351 104  1351 102  1211  99  1251  96  1151  94  1111
  93  1151  92  1151  92  1111  92  1151  91  1251  90  1211  89  1251  87  1251
  85  1211  83  1351  81  1351  79  1411  77  1451  76  1351  78  1311
005  74   001  69   001  68   001  67   001  68   001  71   001  75   571
  79   871  82   971  84   871  84  1071  86   871  84   871  80   771  76   771
  74   871  74   871  73   971  73   971  71   971  70   971  70   971  67   971
  65   971  62  1071  60  1171  59  1271  60  1371  61  1371  66  1371  70  1571
  76  1471  78  1571  80  1371  79  1271  76  1071  71  1071  63   971  57   971
  55  1071  54  1071  56  1171  56  1171  59  1271  60  1271  61  1271  62  1371
  63  1371  67  1471  71  1471  75  1511  78  1551  82  1651  87  1611  95  1651
 104  1551 111  1511 115  1451 117  1251 116  1111 114  1051 110  1051 106   911
 101  1051  96  1051  93  1111  91  1251  91  1351  91  1411  90  1551  89  1551
  86  1611  82  1651  77  1751  75  1711  76  1751  80  1651  85  1611
015  56   001  62   001  63   001  60   001  62   001  75   001  80   471
  80   671  80   871  81   871  81   971  80   971  77   971  72   871  67   871
  62   871  58   971  55   971  54   971  53   971  53   971  53   971  52   971
  51   971  50  1071  49  1071  50  1171  52  1171  58  1071  61  1071  66  1171
  69  1371  73  1471  77  1371  80  1371  80  1271  76  1271  67  1171  59  1171
  53  1171  49  1171  47  1171  47  1171  48  1171  49  1171  49  1171  49  1271
  50  1271  54  1271  59  1371  65  1311  71  1351  76  1351  82  1311  88  1451
  94  1651  99  1611 104  1651 108  1751 111  1611 112  1451 111  1351 107  1111
 101  1151  93  1251  87  1211  84  1251  83  1451  82  1411  81  1451  80  1551
  79  1511  79  1551  79  1651  80  1611  82  1551  84  1551  88  1411
027  58   001  65   001  62   001  57   001  51   001  45   001  46   371
  51   671  56   871  61   971  67   971  71   971  70   971  66   871  62   871
  61   971  62  1071  63  1071  63  1171  63  1271  62  1271  61  1271  59  1371
  55  1371  50  1371  46  1371  45  1371  50  1371  58  1271  68  1171  77  1271
  85  1271  91  1371  96  1371  98  1271  97  1171  91  1171  84  1071  77  1171
  73  1271  70  1471  70  1471  70  1471  71  1571  71  1571  72  1571  73  1671
  76  1671  80  1671  86  1771  91  1711  96  1651 100  1751 105  1611 111  1551
 117  1451 124  1311 130  1251 134  1351 134  1311 129  1251 121  1151 112  1011
 105  1251 101  1451  97  1611  94  1751  92  1751  90  1811  88  1851  86  1951
  84  1911  82  2151  81  2251  82  2411  86  2351  93  2151 101  2011
070  68   001  66   001  64   001  65   001  68   001  79   001  84   671
  85   871  80  1071  73  1071  67  1271  64  1171  62  1271  60  1271  59  1271
  57  1371  54  1471  53  1571  51  1571  51  1671  49  1771  48  1771  47  1671
  46  1671  45  1571  43  1571  45  1471  50  1471  58  1471  66  1471  73  1471
  78  1571  82  1671  85  1571  87  1571  86  1411  80  1351  72  1351  63  1311
  55  1451  49  1551  45  1711  42  1851  40  1851  38  1811  37  1851  36  1851
  37  1811  40  1851  45  1751  50  1611  56  1651  62  1751  68  1711  75  1751
  82  1751  89  1711  96  1751 102  1651 106  1611 109  1651 109  1551 107  1411
 102  1551  97  1651  92  1711  89  1951  87  2051  84  2111  78  2151  72  2151
  67  2111  66  2051  68  2051  72  1911  77  1951  83  1951  90  1811
110  72   001  99   001  87   001  81   001  81   001  80   001  86   571
  94   771  99   971 100   971 102  1071 104   971 101   971  94   871  87   871
  83   871  81   871  79   871  77   971  76  1071  74  1171  71  1071  69  1071
  67   971  64   971  62  1071  62  1071  66  1071  72  1071  77  1071  81  1171
  82  1271  83  1271  86  1271  90  1171  93  1171  94  1171  94  1071  94  1071
  96  1171  98  1171  99  1271  97  1371  96  1471  95  1571  96  1571  99  1471
 101  1471 102  1471 103  1571 104  1511 106  1551 108  1451 111  1411 115  1451
 119  1351 124  1211 128  1351 131  1551 130  1611 126  1551 119  1251 113  1011
 109  1151 106  1251 104  1311 102  1451  99  1551  98  1611  98  1651  99  1551
 100  1511 100  1551 100  1651 101  1611 103  1651 106  1551 110  1511
120  64   001  60   001  70   001  82   001  71   001  74   001  75   571
  77   871  80   971  87  1071  93  1071  97  1071  96   971  90   971  82   871
  77   871  74   871  73   871  70   971  67   971  64  1071  61  1071  59  1071
  56  1071  53  1171  51  1171  52  1271  56  1171  63  1071  70   971  77  1071
  84  1071  88  1071  89  1071  88   971  85   971  81   871  78   871  76   771
  77   771  80   971  84   971  87  1071  90  1071  91  1171  91  1171  91  1171
  91  1171  92  1271  94  1351  97  1411 100  1351 104  1251 110  1111 118  1251
 126  1251 133  1311 137  1451 137  1551 133  1611 126  1551 119  1351 112  1211
 108  1251 106  1351 105  1311 103  1351 100  1451  98  1411  96  1451  96  1551
  95  1511  95  1651  95  1751  96  1811  99  1751 103  1751 109  1611
130  72   001  74   001  79   001  90   001  83   001  88   001  90   571
  90   771  91   871  92   871  96  1071 100  1071 101  1071  96   971  89   971
  84   971  80  1071  76  1071  72  1151  68  1251  65  1311  62  1451  60  1651
  57  1711  53  1551  50  1451  50  1211  54  1251  62  1351  72  1311  83  1351
  92  1351  98  1311 100  1351  97  1251  93  1211  88  1151  83  1151  80  1011
  80  1051  81  1151  83  1211  84  1351  85  1551  86  1611  87  1851  87  1951
  88  2111  89  2051  90  2051  93  1911  97  1951 103  1951 110  2011 119  1751
 129  1551 137  1311 143  1451 145  1651 144  1711 139  1651 132  1451 125  1111
 120  1351 115  1451 111  1511 106  1651 100  1751  96  1811  94  2051  94  2151
  94  2311  93  2351  92  2351  93  2311  96  2351 101  2251 108  2211
145  58   001  56   001  55   001  55   001  54   001  43   001  45   671
  52   771  59   871  62   871  61  1071  60  1171  58  1171  56  1071  56  1071
  55  1071  56  1171  55  1171  53  1151  52  1151  51  1111  52  1151  52  1251
  52  1211  50  1251  47  1151  45  1171  47  1171  50  1071  57  1071  64  1171
  73  1171  80  1271  86  1371  88  1271  87  1371  82  1271  76  1171  70  1171
  66  1271  65  1471  63  1571  60  1571  58  1471  56  1471  56  1471  57  1471
  59  1471  61  1471  64  1371  67  1311  71  1351  77  1351  84  1311  93  1451
 103  1551 112  1611 118  1751 122  1751 123  1811 123  1651 121  1551 119  1311
 116  1351 113  1451 109  1411 104  1551  99  1651  95  1711  92  1751  91  1651
  89  1611  86  1651  83  1751  81  1711  80  1751  80  1751  84  1711
149  60   001  58   001  59   001  60   001  64   001  52   001  53   571
  60   871  66   971  68   871  68  1371  66  1371  64  1271  62  1171  61  1071
  60  1071  61  1171  59  1271  58  1171  56  1271  55  1271  55  1271  55  1271
  54  1271  52  1171  49  1171  49  1071  52  1171  57  1171  64  1271  74  1171
  83  1271  89  1271  94  1371  96  1371  94  1471  89  1371  82  1171  76  1071
  72  1171  69  1271  65  1371  62  1471  60  1471  58  1571  59  1571  60  1571
  61  1571  63  1471  65  1471  68  1311  73  1451  80  1551  88  1611  97  1651
 106  1751 114  1711 120  1851 123  1851 125  1911 126  1751 126  1551 124  1311
 121  1351 117  1451 113  1411 109  1551 106  1651 102  1711  97  1851  92  1851
  89  1911  88  1951  88  1851  88  1811  88  1951  88  1951  91  2011
156  66   001  63   001  65   001  64   001  67   001  59   001  59   471
  63   671  67   771  71   971  73  1071  73  1271  71  1171  69  1171  67  1071
  67  1371  66  1671  65  1971  64  1771  63  1471  62  1271  61  1171  61  1171
  59  1071  56  1071  54  1071  54  1071  57  1071  63   971  70   971  78  1071
  85  1071  92  1271  97  1271  99  1271  98  1371  93  1271  87  1271  82  1171
  79  1571  78  1871  76  2171  73  1871  69  1571  67  1271  67  1271  68  1271
  69  1271  70  1271  72  1271  74  1211  78  1351  84  1351  92  1411 101  1551
 110  1451 118  1511 124  1651 127  1751 129  1711 130  1651 130  1451 128  1311
 125  1651 121  1951 117  2211 113  1951 109  1751 106  1411 103  1451  99  1451
  96  1411  93  1551  91  1651  89  1711  89  1751  90  1751  94  1711
168  70   001  67   001  60   001  59   001  65   001  75   001  80   671
  81   771  79  1071  78  1171  77  1271  76  1171  68  1371  57  1571  48  1771
  45  1871  46  1771  48  1771  49  1771  48  1871  47  1871  45  1971  43  1971
  41  2071  39  1971  38  1971  40  1871  47  1671  57  1571  66  1371  73  1571
  77  1571  83  1671  91  1571  97  1471  97  1371  88  1571  74  1671  60  1871
  52  1971  47  1971  45  1971  44  1971  42  2071  40  2071  39  2171  38  2171
  39  2271  43  2171  48  2071  53  1911  58  1951  62  1951  68  1911  76  1951
  86  1951  96  1911 106  1851 113  1751 117  1611 115  1751 110  1851 105  1911
 102  2051 100  2151  99  2211  99  2351  97  2351  94  2411  88  2451  82  2551
  79  2511  80  2451  84  2351  88  2211  91  2151  93  2151  95  2011
180  64   001  65   001  63   001  64   001  68   001  75   001  84   571
  91   971  91  1471  83  1471  72  1771  65  1871  62  1871  61  1971  60  1871
  57  1871  52  1771  49  1771  48  1871  49  1771  49  1871  48  1871  46  1871
  42  1871  37  1871  33  1871  32  1871  36  1771  43  1671  53  1671  64  1871
  75  2071  83  2471  88  2271  89  2271  87  2071  82  1971  73  2071  65  1971
  56  2071  48  1971  42  1971  39  1971  37  1971  36  2071  36  2171  35  2171
  32  2271  29  2171  26  2171  24  2011  25  1951  30  1951  39  1811  51  1951
  64  2151  76  2211  85  2251  90  2251  94  2211  96  2051  97  1951  96  1711
  94  1751  91  1851  89  1911  88  2051  87  2251  85  2311  81  2451  76  2551
  72  2611  70  2651  71  2551  73  2511  77  2351  83  2251  89  2011
190  63   001  67   001  65   001  66   001  73   001  76   001  86   871
  95  1071  98  1271  93  1371  84  1571  77  1771  72  1771  65  1771  60  1671
  56  1771  55  1771  52  1871  48  2051  45  2051  42  2211  41  2151  41  2151
  39  2011  36  1951  32  1951  33  1871  39  1871  50  1871  61  1771  70  1971
  77  2071  85  2071  91  2171  96  2371  95  2371  88  2171  77  2071  65  1971
  56  2071  50  2071  44  2171  38  2271  32  2471  28  2571  25  2471  22  2371
  19  2271  15  2171  13  2071  14  1911  21  1851  33  1751  46  1711  58  1651
  70  1751  80  1811  89  2051  95  2151  97  2311  95  2151  91  1851  86  1611
  83  1851  82  2051  82  2111  82  2351  82  2551  80  2611  77  2651  73  2651
  68  2611  64  2551  61  2451  63  2311  70  2251  81  2051  94  1911
222  88   001  85   001  89   001 114   001 104   001 103   001 108   471
 114   671 117   871 118   971 117  1171 114  1171 112  1271 105  1171  97  1171
  91  1071  84  1071  80   971  77  1071  74  1071  73  1171  73  1171  74  1071
  72  1071  67  1071  61  1071  58  1071  60  1071  67   971  77  1071  87  1271
  95  1471 101  1771 101  1771  97  1671  92  1671  88  1471  85  1371  84  1371
  85  1271  86  1171  88  1071  90  1171  92  1271  94  1371  96  1371  97  1471
  97  1471  97  1471  96  1471  97  1411 100  1351 105  1251 112  1111 121  1251
 129  1451 136  1511 139  1751 138  1751 135  1911 130  1851 124  1751 119  1511
 115  1451 111  1251 108  1111 105  1351 103  1451 101  1611 100  1651 100  1751
 100  1711 100  1851  99  1851  99  1911 100  1851 102  1851 107  1711
240  76   001  68   001  65   001  66   001  74   001 109   001 120   371
 117   671 108   871  99   871  91  1171  85  1271  81  1271  79  1171  78  1171
  77  1071  74  1071  71   971  68   971  65  1071  63  1071  62  1071  61  1171
  59  1171  54  1171  49  1171  47  1171  49  1171  56  1071  65  1171  75  1171
  85  1271  92  1371  95  1371  96  1471  94  1471  91  1371  88  1271  85  1371
  82  1271  80  1271  78  1171  76  1271  74  1271  73  1371  72  1371  72  1471
  73  1471  75  1471  78  1571  82  1511  87  1551  93  1551 100  1511 109  1551
 119  1651 127  1611 132  1651 135  1651 135  1511 133  1551 129  1451 125  1511
 121  1551 118  1651 114  1611 110  1751 105  1651 101  1711  98  1751  96  1851
  94  1811  92  1851  91  1951  91  1911  93  1951  98  2051 103  2011
255  83   001  72   001  61   001  61   001  66   001  68   001  77   571
  87   971  93   971  92   971  86  1171  80  1171  73  1071  64   971  58   871
  55   871  54   971  56  1071  57   971  57  1071  55  1071  52  1171  49  1271
  45  1371  42  1371  40  1371  41  1371  45  1371  51  1171  58  1071  68  1371
  76  1471  83  1871  89  1671  94  1571  94  1271  90  1171  83  1071  75   971
  69  1071  65  1071  61  1271  60  1271  59  1271  58  1371  56  1471  53  1471
  52  1571  52  1671  55  1771  60  1811  67  1851  76  1751  85  1611  94  1751
 103  1751 112  1811 119  1751 125  1451 127  1311 125  1351 120  1351 115  1311
 110  1451 107  1451 104  1511 102  1551 101  1651  99  1611  95  1751  91  1851
  87  1911  84  2051  83  2051  84  2111  88  2051  93  1851  99  1711
260  87   001  81   001  71   001  66   001  65   001  70   001  80   471
  89   871  93  1271  91  1071  87  1371  82  1171  74  1271  63  1471  55  1571
  51  1771  51  1971  51  2171  49  2271  47  2571  44  2671  43  2671  44  2571
  44  2571  43  2571  41  2471  42  2471  46  2071  52  1571  58   971  66  1271
  73  1671  80  1971  87  1871  92  1571  92  1471  86  1571  77  1571  67  1671
  58  1871  51  2271  45  2571  41  2771  40  2871  39  3071  40  3071  41  3071
  43  3071  45  2971  47  2971  52  2811  60  2651  69  2151  79  1711  88  1951
  97  1951 106  2011 116  1951 124  1951 128  1811 126  1951 120  2051 114  2211
 111  2451 109  2451 107  2611 102  2851  96  2951  91  3111  87  3051  85  3051
  84  2911  83  2951  83  2851  85  2811  90  2451  97  2151 104  1711
280  55   001  51   001  60   001  60   001  64   001  59   001  61   371
  66   771  70  1171  72  1171  76  1471  78  1471  72  1571  61  1571  51  1671
  44  1871  41  1871  39  1971  37  2071  36  1971  36  2071  36  2071  35  1971
  33  1971  29  2071  25  2171  27  2271  36  2071  49  1671  62  1371  72  1571
  78  1671  83  1871  89  1971  93  1971  92  1971  85  1971  74  1871  62  1871
  52  1971  44  2071  35  2171  27  2171  21  2171  16  2171  14  2171  14  2071
  13  2071  10  2171   7  2271   8  2311  16  1951  28  1651  41  1311  53  1451
  64  1351  75  1411  86  1551  95  1651 101  1811 102  1851 100  1851  96  1711
  93  1951  91  2051  88  2111  85  2251  81  2351  78  2311  76  2351  74  2451
  72  2411  69  2551  68  2551  70  2611  78  2351  88  1951  98  1611
299  59   001  59   001  57   001  63   001  70   001  77   001  82   671
  85  1071  86  1371  83  1571  76  1671  69  1771  67  1971  66  1871  64  1871
  60  1971  53  1871  49  1971  46  1971  44  1871  42  1871  39  1971  35  1971
  31  2071  28  1971  26  1871  27  1771  31  1871  39  1771  47  1771  57  1871
  65  1971  71  2271  75  2171  76  2371  75  2411  71  2551  65  2251  59  2211
  54  2351  49  2251  45  2311  40  2251  35  2151  30  1911  25  2051  19  2051
  15  2111  12  2051  11  2051  13  1911  20  1951  30  1851  43  1811  58  1851
  73  1951  85  1911  92  2151  96  2251  96  2411  95  2251  93  2051  92  1811
  92  1951  92  2051  92  2111  91  2151  88  2251  84  2211  79  2351  73  2351
  69  2411  67  2351  68  2351  72  2211  79  2151  88  1951  98  1811
434  68   001  65   001  64   001  64   001  76   001  99   001 108   371
 108   571 104   771  99   871  93  1271  87  1471  79  1371  71  1371  65  1271
  61  1171  57  1171  55  1071  54  1071  52  1171  51  1171  48  1171  44  1171
  41  1171  39  1171  39  1271  39  1271  40  1371  44  1271  51  1271  60  1371
  70  1371  79  1471  82  1571  81  1571  77  1571  71  1571  66  1471  59  1471
  57  1471  56  1471  56  1271  56  1271  56  1271  53  1271  52  1271  52  1371
  52  1371  53  1371  56  1471  59  1411  63  1451  68  1451  75  1411  84  1751
  94  2051 103  2211 108  2451 110  2351 109  2311 105  2251  99  2251  94  2011
  91  1951  89  2051  87  1811  85  1851  83  1651  81  1611  79  1651  76  1651
  73  1611  69  1651  67  1651  66  1611  69  1551  75  1551  84  1411
460  75   001  66   001  67   001  61   001  67   001  87   001 103   771
 115  1271 122  1471 121  1671 112  1671 101  1671  89  1571  79  1471  71  1471
  66  1671  63  1671  63  1771  63  1871  63  1971  62  2071  60  2071  56  2071
  54  2071  53  2071  53  2171  55  2171  57  2171  60  2071  62  2071  66  2071
  71  1971  76  1971  81  2071  84  2071  85  1971  81  1971  74  1771  67  1771
  60  1871  55  1971  51  2071  48  2171  45  2271  42  2371  41  2371  39  2471
  39  2471  42  2471  46  2471  53  2411  63  2351  76  2351  89  2211 102  2251
 114  2251 125  2111 133  2251 137  2251 137  2311 132  2251 123  2151 115  1911
 109  1951 104  2151 101  2111  98  2251  94  2451  91  2511  88  2551  85  2651
  81  2611  77  2751  75  2751  77  2811  84  2751  94  2551 106  2411
481  72   001  65   001  67   001  65   001  71   001  74   001  82   571
  92   971 100  1271 105  1471 105  1671 100  1671  94  1571  85  1571  77  1471
  70  1571  64  1471  61  1471  59  1571  60  1571  60  1671  59  1571  58  1571
  55  1471  53  1471  50  1471  49  1471  49  1671  52  1671  56  1771  61  1871
  69  1871  73  1971  75  1971  74  1871  71  1871  67  1771  63  1571  59  1571
  55  1771  51  1671  47  1671  43  1771  40  1871  36  1871  34  1871  30  1771
  27  1771  23  1771  20  1771  21  1711  28  1651  40  1751  54  1711  69  1751
  84  1851  97  1811 106  1851 112  1951 114  1911 113  1851 109  1751 104  1511
  99  1651  95  1751  92  1711  90  1851  90  1951  89  2011  87  2051  85  2051
  82  2011  79  2051  77  2051  79  2011  85  2051  94  2151 105  2111
497  23   001  22   001  10   001   5   001   5   001   9   001  28  1271
  52  1771  70  1971  79  1871  79  2271  74  2171  65  2071  52  2171  41  2171
  35  2371  32  2471  28  2571  23  2571  19  2671  17  2671  18  2771  19  2871
  18  2971  14  2971   8  2971   6  2971   9  3071  18  3071  29  3171  40  3171
  51  3071  61  2871  67  2871  69  2771  65  2471  54  2371  42  2271  29  2271
  22  2471  16  2571  13  2771   9  2771   6  2771   3  2771   1  2871  -2  2871
  -6  2971 -13  2971 -19  2871 -20  2811 -13  2851   1  2751  21  2711  46  2851
  70  2851  89  2911  98  2751  99  2751  94  2511  85  2451  75  2351  65  2311
  57  2351  51  2451  46  2411  42  2451  39  2551  37  2511  36  2551  35  2651
  33  2611  30  2651  27  2651  26  2611  28  2551  36  2451  53  2311
510  94   001 107   001 129   001 130   001 129   001 134   001 134   571
 131   871 127   871 124   871 120  1271 118  1271 114  1171 111  1071 107   971
 104   971 102  1071  99  1071  97  1171  93  1271  92  1371  91  1471  91  1471
  90  1571  90  1571  89  1471  89  1471  91  1471  94  1371  99  1371 106  1471
 112  1571 116  1671 117  1671 115  1571 112  1571 110  1371 107  1171 104   971
 100  1071  97  1071  97  1171  99  1271 102  1471 105  1571 106  1671 104  1871
 104  1971 104  1971 105  1871 107  1811 108  1951 110  1851 115  1811 123  1951
 132  1951 140  1911 145  2051 147  1951 145  2011 141  1751 134  1551 127  1211
 119  1351 111  1351 104  1311  98  1651  92  1751  87  1911  82  2051  78  2251
  75  2311  74  2251  75  2251  79  2111  85  2051  93  2051 104  1911
579  42   001  45   001  51   001  64   001  74   001  87   001  98   671
 111  1071 126  1371 142  1471 150  1871 146  1871 136  1671 122  1571 108  1371
 100  1471  96  1471  91  1571  84  1771  76  1971  68  2171  62  2271  57  2371
  49  2471  38  2471  29  2571  29  2571  42  2471  62  2171  82  1971  97  2071
 105  2171 111  2271 116  2171 119  2171 117  2071 109  1971  97  1771  87  1671
  81  1771  76  1871  74  1871  71  1971  67  2171  64  2271  62  2371  59  2571
  55  2671  48  2671  43  2771  45  2711  58  2451  78  2251 100  1911 120  2051
 136  2151 148  2211 156  2251 159  2251 157  2211 150  2051 140  1751 130  1511
 121  1751 114  1851 109  1911 105  2151 101  2351  99  2511  97  2651  96  2751
  94  2811  92  2851  91  2951  95  2911 106  2651 121  2351 139  2011
588  42   001  43   001  44   001  47   001  49   001  55   001  64   571
  74   871  83  1071  91  1271  96  1571  98  1671  93  1671  85  1671  76  1671
  71  1771  69  1771  66  1871  59  1971  52  2171  45  2271  38  2271  33  2171
  28  2171  26  2171  26  2071  28  2071  33  2071  43  1971  54  1871  67  1871
  82  1771  93  1771 100  1771 102  1871  98  1771  88  1771  77  1671  66  1671
  59  1771  57  1871  54  1971  51  2071  47  2071  43  2171  38  2271  33  2271
  28  2371  23  2371  20  2251  23  2211  33  2151  49  1951  70  1811  95  1851
 118  1751 137  1711 147  1851 149  2051 144  2111 135  2051 124  1851 113  1711
 104  1851  96  1951  90  2011  85  2051  80  2151  76  2111  72  2151  68  2251
  66  2211  65  2251  67  2351  73  2311  83  2051  98  1751 117  1411
621  98   001 116   001 114   001 129   001 128   001 124   001 129   671
 137   971 139  1071 135  1271 128  1371 122  1571 116  1671 108  1671  98  1771
  89  1771  83  1771  77  1871  72  1971  69  2171  66  2271  64  2271  62  2271
  61  2271  60  2271  60  2371  62  2371  66  2271  73  2171  79  1971  86  2171
  93  2071  98  2171 100  2171 100  1971  98  1971  93  1871  89  1871  85  1871
  83  1871  84  1971  84  2071  83  2071  82  2171  81  2171  80  2271  80  2371
  80  2471  81  2371  81  2251  85  2111  93  2051 104  1951 116  1911 129  2051
 140  2151 151  2211 159  2351 164  2351 163  2411 155  2251 142  2051 127  1911
 112  1951  99  1951  88  2011  79  2151  74  2251  70  2311  68  2451  68  2651
  67  2711  65  2651  65  2451  69  2311  80  2251  97  2251 119  2111
630  89   001  87   001  85   001  88   001 122   001 132   001 141   571
 148   871 150   871 148   971 142  1371 136  1471 125  1271 116  1271 108  1171
 102  1171 100  1171  97  1071  94  1151  92  1251  89  1311  87  1351  84  1351
  81  1311  77  1451  74  1551  73  1671  73  1671  77  1571  81  1471  85  1571
  90  1571  94  1571  97  1571 100  1571 100  1571  98  1471  95  1371  92  1371
  90  1271  89  1171  88  1071  86  1171  83  1271  83  1371  84  1371  86  1471
  87  1471  88  1571  89  1671  91  1711  96  1751 104  1751 113  1611 122  1651
 131  1551 140  1511 148  1651 154  1651 156  1711 152  1651 145  1551 137  1311
 130  1351 123  1251 116  1211 107  1351  97  1351  88  1411  81  1551  75  1651
  69  1711  63  1851  59  1851  61  1911  70  1851  84  1651 101  1511
643 111   001 102   001  95   001  93   001  96   001 100   001 120   371
 144   771 163  1171 171  1171 169  1371 161  1271 147  1171 132  1171 118  1071
 111  1171 109  1271 106  1371 101  1371  93  1371  87  1371  84  1371  81  1271
  79  1271  74  1271  72  1271  73  1271  81  1271  95  1371 109  1371 122  1571
 134  1671 143  1771 149  1671 151  1471 148  1371 139  1271 127  1071 114   971
 106  1071 101  1171  96  1271  90  1371  83  1371  76  1471  72  1471  70  1471
  68  1471  64  1471  63  1471  67  1411  80  1451  98  1551 119  1511 139  1651
 156  1751 169  1711 178  1751 181  1651 178  1711 168  1551 156  1251 145  1011
 139  1151 136  1251 133  1311 129  1551 123  1651 118  1711 114  1751 110  1651
 105  1611  99  1751  96  1751  99  1811 112  1851 132  1951 151  1911
645  51   001  62   001  66   001  69   001  76   001  84   001  98   571
 116   871 138  1071 157  1171 165  1571 159  1571 146  1471 131  1271 117  1171
 108  1271 101  1271  95  1371  87  1471  80  1671  75  1771  73  1771  71  1871
  67  1871  61  1771  57  1771  58  1671  70  1771  86  1771 103  1771 117  1771
 126  1971 134  1871 141  1771 145  1671 143  1571 131  1471 116  1471 100  1371
  91  1571  83  1571  80  1571  75  1671  72  1671  69  1771  67  1871  66  1971
  62  2071  58  2071  57  2071  61  2011  74  1951  94  1951 116  1811 137  1851
 155  1951 170  1911 180  1851 184  1951 181  1911 169  1751 154  1551 138  1311
 127  1451 119  1551 113  1611 108  1851 104  1951 102  2011 103  2051 105  2151
 105  2111 102  2251 100  2251 103  2311 115  2251 133  2151 152  2011
650  87   001  95   001  97   001  91   001 101   001 104   001 111   571
 121   771 133  1071 147  1171 159  1171 165  1071 157   971 141   971 125   871
 115   971 111  1071 107  1171 102  1271  97  1371  93  1471  90  1571  87  1571
  82  1671  73  1671  65  1571  62  1571  68  1471  79  1271  92  1171 101  1271
 108  1271 115  1371 122  1271 127  1151 128  1011 123  1051 114   951 104   911
  97  1051  92  1251  88  1311  85  1351  83  1451  81  1411  78  1551  74  1751
  68  1811  60  1851  54  1851  55  1811  66  1651  83  1451 103  1311 121  1351
 136  1451 149  1411 160  1251 167  1351 169  1111 164  1051 155  1051 145   911
 137  1051 130  1151 125  1211 121  1351 117  1551 114  1611 112  1751 109  1951
 105  2011 100  2151  96  2351  98  2411 109  2151 125  1751 142  1411
675  64   001  81   001  82   001  94   001 101   001 110   001 116   971
 122   971 131   971 143  1071 153  1271 154  1171 148  1171 136  1171 123  1171
 113  1271 106  1371 100  1471  93  1551  85  1651  79  1711  75  1851  73  1851
  72  1911  70  1951  69  1851  71  1811  76  1951  86  1951  99  2111 115  1951
 132  1551 146  1311 154  1351 156  1251 151  1211 141  1251 127  1251 113  1211
 102  1351  92  1451  83  1511  74  1651  66  1851  59  1911  54  2051  51  2151
  46  2211  40  2251  35  2351  37  2311  49  2251  69  2051  94  1911 121  1751
 146  1651 166  1411 177  1551 179  1551 174  1611 162  1551 147  1451 132  1311
 121  1551 114  1651 109  1811 105  1951 102  1951  99  2011  96  2151  92  2251
  86  2311  78  2451  72  2451  73  2511  83  2451 101  2251 124  2111
690 137   001 132   001 135   001 138   001 137   001 159   001 170   471
 173   671 172   571 169   471 167   671 168   671 167   871 159   971 150  1071
 141  1171 132  1371 125  1471 120  1471 115  1471 113  1471 112  1471 111  1571
 108  1571 105  1671 102  1671 104  1771 114  1771 129  1671 142  1671 153  1571
 161  1271 166  1171 169  1071 169   971 166  1071 159   971 150   971 140   971
 130  1171 122  1371 114  1371 107  1371 101  1371  97  1371  94  1371  90  1471
  84  1471  76  1571  71  1651  73  1711  86  1651 105  1651 125  1511 140  1451
 150  1451 156  1411 158  1351 157  1251 153  1211 148  1151 141  1051 135  1011
 129  1151 125  1351 121  1411 118  1451 116  1451 114  1411 112  1451 110  1351
 106  1311 101  1451  98  1451 101  1511 113  1551 129  1551 145  1511
747  84   001  92   001 101   001  98   001  95   001 122   001 146   371
 166   571 179   671 183   871 180  1171 174  1371 163  1271 148  1271 136  1171
 127  1371 122  1571 118  1671 115  1671 112  1771 110  1771 108  1771 106  1771
 103  1771  99  1871  96  1871  96  1971  98  1871 105  1671 112  1471 119  1471
 127  1371 132  1371 136  1371 137  1471 135  1571 129  1471 120  1471 113  1371
 107  1471 102  1671  99  1771  97  1771  96  1671  97  1671  98  1771  99  1971
 101  2071 104  2071 108  1971 114  1911 121  1851 130  1751 141  1611 153  1651
 166  1551 175  1511 180  1651 180  1751 176  1711 169  1651 160  1451 151  1311
 144  1451 139  1551 134  1611 130  1751 126  1751 123  1811 121  1951 119  2151
 116  2211 112  2251 110  2251 113  2211 123  2051 139  1751 156  1511
NT  TEDF  78  35 1
20170306092017030604
20170306092017030605
20170306092017030606
20170306092017030607
20170306092017030608
20170306092017030609
20170306092017030610
20170306092017030611
20170306092017030612
20170306092017030613
20170306092017030614
20170306092017030615
20170306092017030616
20170306092017030617
20170306092017030618
20170306092017030619
20170306092017030620
20170306092017030621
20170306092017030622
20170306092017030623
20170306092017030700
20170306092017030701
20170306092017030702
20170306092017030703
20170306092017030704
20170306092017030705
20170306092017030706
20170306092017030707
20170306092017030708
20170306092017030709
20170306092017030710
20170306092017030711
20170306092017030712
20170306092017030713
20170306092017030714
20170306092017030715
20170306092017030716
20170306092017030717
20170306092017030718
20170306092017030719
20170306092017030720
20170306092017030721
20170306092017030722
20170306092017030723
20170306092017030800
20170306092017030801
20170306092017030802
20170306092017030803
20170306092017030804
20170306092017030805
20170306092017030806
20170306092017030807
20170306092017030808
20170306092017030809
20170306092017030810
20170306092017030811
20170306092017030812
20170306092017030813
20170306092017030814
20170306092017030815
20170306092017030816
20170306092017030817
20170306092017030818
20170306092017030819
20170306092017030820
20170306092017030821
20170306092017030822
20170306092017030823
20170306092017030900
20170306092017030901
20170306092017030902
20170306092017030903
20170306092017030904
20170306092017030905
20170306092017030906
20170306092017030907
20170306092017030908
20170306092017030909
002500130012001400170018001817181717271727162716271535153515311535163516311
63516351631153515351431143515351531153514351431143514351531153515351431143514351
43114351535163116351635163116351735173117351735173117351735173117351735173117351
63516311535143513311335133513311335133513311335133513311335143514311535153515311
005600140014001700180018001817182717271727162716371535153515311635163517311
73517351731173516351631163516351631163516351631163515351531153515351531143513351
33113351435153116351635163117351735173117351635163116351735173118351835173117351
63515311435143514311535153515311535143514311435143515311535153515311635163516311
015600170017001400170018001817181717171727172717371735163516311635153515311
53515351531153515351531163516351731173517351731173517351731163516351531153515351
53115351435143114351435153116351635173117351635163116351735173118351835173117351
73516311635153514311435143514311435143514311335133513311235123512311335143514311
027800180018001800180018001717171718271827183717371635153514311435143514311
43515351531153515351431143514351431143514351431143514351431143514351431153516351
73117351735173117351735163116351635163116351735173117351735173117351735173117351
73517311735173517311635163516311635153515311535163516311635163515311635163517311
070600160016001600180017001717172717271727173717371635163516311635163516311
63516351731173517351731163516351631163516351731173517351731163516351531153516351
63115351435133114351535163116351635163116351635173117351735173117351735173117351
73517311735173517311735163516311535153514311435143514311435143514311435143514311
110500150016001600150015001417142713271327143714371435143514311435143514311
43514351431143514351431143515351531163517351731183518351831183518351731173517351
73116351535153115351635173117351735163116351635163116351735173117351735173117351
73517311735173516311635153515311635163516311635153515311535153516311635173517311
120800170017001800180017001717172716271627152714371435133513311335143514311
43514351431143514351431143515351531153516351631173517351731173517351731173517351
73117351635163115351535153116351635163116351635153116351735173117351735173117351
73517311735163516311635163516311635163516311535153515311535163516311635163517311
130800170016001700180017001717172717271627162715271435143514311435143514311
43514351431143514351431143515351531163516351631153515351631163517351731173517351
73117351735173117351735163116351635163116351535153116351635173117351735173117351
73517311635163516311635163516311635163516311635163516311635153515311535163517311
145300160018001800180018001827182717271727173717271735173517311735163516311
63516351631163516351531143513351331133514351531153515351531153515351531153514351
43114351535163116351635163116351635163116351635163116351735173117351735173117351
73517311735173516311635163515311535153515311535163516311635163515311635163517311
149500170018001800180018001817181717271727172717271735173517311735173517311
73517351731163516351531143513351331133514351531153516351631163516351531153514351
43114351535163116351635163116351735173116351635163116351735173117351735173117351
73517311735173517311635163516311535153515311535153515311535153515311535163516311
156400150018001800180018001817182717271727172717271735173517311735173517311
73517351631163516351531143513351331133514351531153516351631163516351631153514351
43114351535163116351635163116351735173116351635163116351735173117351735173117351
73517311735173517311635163515311535153515311535153515311535153515311535163516311
168600160017001800180018001817181717271727172717271735173517311735173517311
73517351731173517351731173517351731173516351631153515351531153515351531153515351
53115351535153115351635163117351735173116351635163116351735173117351735173117351
73517311735173516311635163516311635163516311635153515311535153515311535153515311
180600160016001400180017001717171717171727172717271735173516311635173517311
73517351731173517351731163516351731173517351731163516351631163516351531153515351
43114351435143114351435143115351535163116351635163116351735173117351735173117351
73517311735173517311735163516311535153514311435143514311435143515311535153515311
190500160017001600170017001717172717271727172717371735173517311735163516311
63517351731173517351731173517351731173517351731173517351731163516351631163515351
53115351535153114351435143114351435143115351535153116351735173117351735173117351
73517311735173517311735163516311635153515311535153515311435133513311335143514311
222800160014001500160017001717162716271627153715371435133513311335143514311
43514351431153516351631163515351531153516351631173517351731173517351731173517351
73117351735173116351535153115351635163116351535153115351635173117351735163117351
73517311635163515311535163516311635153515311535153515311535153516311635163516311
240700170017001700170016001717172717271727173717371635143513311235123512311
23513351331143514351431143514351431143514351431143515351531153515351631163517351
73117351735173117351735173117351735163116351635163116351735173117351735173117351
73517311735163516311635163516311635163516311635163516311635163516311635173517311
255800170017001800160018001817181718271827172717371735173517311635153514311
43514351331133513351431143515351631163516351631163516351731163516351631153515351
53115351635163116351735173117351735163116351635163116351735173117351735173117351
73517311735163516311635163516311635163516311635163516311635163516311635173517311
260700180018001800180017001727172716271627173717371735173517311735163515311
53516351631153515351531153516351731173517351631163516351631163517351731163516351
53115351635163117351735173117351735173116351535153115351635173117351735173117351
73517311735163516311635153515311635163517311735173517311635153515311635163517311
280600170016001800180018001817182718271827182717271735173517311735163516311
63516351731173517351731173517351731163516351631153515351531153515351531153514351
43114351335133113351335133114351435153115351535153116351735173117351735173117351
73517311635153515311535163516311635163516311635163516311635153515311535163516311
299400160016001700180018001817172717271727172717371735173517311735173517311
73517351731173517351731173517351731173517351731173517351731173517351731173516351
63115351435143114351435143114351435143114351435153115351535163116351735173117351
73517311735173517311735173517311735173517311735173516311635153515311535153515311
434800170016001200180018001817171717271727162716271635153515311535153515311
53515351431143514351531153516351631163516351531153515351531153516351731173517351
73117351735173117351735173117351735173116351635163116351735173117351735173117351
73516311635153515311535153515311535163516311635163515311535153515311535163517311
460700170017001700170015001517161716271627162716271635163515311535153515311
53515351531153515351531153516351631173517351731173517351731173517351731163514351
43114351535163116351535153116351635173117351635163116351635173117351735163116351
63516311535153515311535153515311535153515311535153515311635163517311735173516311
481700170018001800180018001817171717271727172717371735173517311735173517311
73516351631163516351631163515351531163516351731173517351631163516351631163515351
53115351535153115351435143114351435143114351435143115351635173117351735163116351
63516311635153515311535163516311635163516311635163516311635163516311635163516311
497800180018001800180018001817182718271827172717271735173517311735173517311
73517351731173517351731173517351731173517351731173517351731173517351631153515351
43114351335143114351435143114351335133113351335143114351535163116351735173117351
73517311635163515311535163516311635153515311535163516311635163516311635173517311
510500140017001300180018001817172717271627163715371535153514311435143514311
43515351531153515351531163516351731173517351731173517351731173517351731173517351
73117351635163115351535143114351435143114351535153115351635163116351635163116351
63516311535143514311435143515311535153515311535153515311535153515311435143514311
579700170018001800180018001717162716271627162716371535143513311235123512311
33513351331133512351231123512351331133514351431143514351431153515351431133512351
13111351135113111351135113112351335143115351535153115351535153114351335133113351
43514311435143514311335133513311435143514311435153514311435133513311335143515311
588700170017001800180018001817181717171627152715371535163516311535133512311
13511351131123512351231123512351231123511351131123512351231123512351131113511351
13111351135113112351235133112351235123112351335143115351535153114351335123112351
33513311335133513311335133514311435143513311435143514311435143514311435143514311
621700170017001600170017001717171717171727172717271735163516311635163515311
53515351531163516351731173517351731173517351731173517351731173517351731173517351
73116351635163116351635163115351535153115351535153116351635153115351335133113351
33513311335133513311335133513311335133512311235133513311435143515311435133512311
630500170018001800170017001617161716271627172717271635153514311435153515311
63516351531153515351531153516351731173517351731173517351731173517351731173516351
63116351635163116351535163116351635173116351635163116351635173117351735173116351
63515311535143514311435143514311435143515311535163516311535153514311435153515311
643500180016001800170017001627162715271427142714271435133512311235113512311
23513351431153515351431133513351231133513351431133513351231133513351431133512351
23112351235123112351135113112351335143115351535153114351335133113351335133114351
43514311435143514311435143514311435143514311435133513311335123512311235123513311
645700170017001700180018001617141714271327142714271335133512311135103511311
23514351431143513351231123512351331123512351231123513351331143514351431133512351
13111351135123111351135113112351335143115351535143114351435133113351335133114351
43514311435143514311435143514311435143514311435143514311335123512311235133514311
650800170018001800180018001617142713271327142714271435133511311135113511311
33514351431143513351231113511351131113511351131113511351231123512351231123511351
13111351135113112351235123113351335133113351335133113351335133112351235123112351
23513311435143514311435143514311435143513311335133513311335133513311335133513311
675400150017001700170016001617161715271427143714271435133513311235113511311
13511351131113511351131113511351131113511351131113511351131113511351131113511351
13111351135113111351135113111351135113112351335143115351535143113351235123112351
33514311435143514311435143514311335133513311335133514311435143514311435153515311
690000100013001400130014001417132713271327122712271235123512311235113511311
13511351131113511351131113511351231123512351331123512351131113511351131113512351
23112351135113111351135113111351135113112351335143114351435143113351235123112351
23513311335133514311435143514311335133513311435143514311435133514311435153516311
747400130015001800180015001517151715271427142714271335133513311335133513311
33513351331133513351331133513351331133514351431143515351531153515351531143513351
33113351435143114351435143114351435143114351535153116351635163116351535153115351
43514311435133513311335133513311335143514311435143513311335133513311335133513311
