20170117131431
T2M TEDF  78  35 1
20170117132017011708
20170117132017011709
20170117132017011710
20170117132017011711
20170117132017011712
20170117132017011713
20170117132017011714
20170117132017011715
20170117132017011716
20170117132017011717
20170117132017011718
20170117132017011719
20170117132017011720
20170117132017011721
20170117132017011722
20170117132017011723
20170117132017011800
20170117132017011801
20170117132017011802
20170117132017011803
20170117132017011804
20170117132017011805
20170117132017011806
20170117132017011807
20170117132017011808
20170117132017011809
20170117132017011810
20170117132017011811
20170117132017011812
20170117132017011813
20170117132017011814
20170117132017011815
20170117132017011816
20170117132017011817
20170117132017011818
20170117132017011819
20170117132017011820
20170117132017011821
20170117132017011822
20170117132017011823
20170117132017011900
20170117132017011901
20170117132017011902
20170117132017011903
20170117132017011904
20170117132017011905
20170117132017011906
20170117132017011907
20170117132017011908
20170117132017011909
20170117132017011910
20170117132017011911
20170117132017011912
20170117132017011913
20170117132017011914
20170117132017011915
20170117132017011916
20170117132017011917
20170117132017011918
20170117132017011919
20170117132017011920
20170117132017011921
20170117132017011922
20170117132017011923
20170117132017012000
20170117132017012001
20170117132017012002
20170117132017012003
20170117132017012004
20170117132017012005
20170117132017012006
20170117132017012007
20170117132017012008
20170117132017012009
20170117132017012010
20170117132017012011
20170117132017012012
20170117132017012013
002 -20   001 -19   001 -17   001  -1   001  10   001  15   001  15   271
  13   371  11   571   7   671   3   871   0   971  -2  1071  -3  1071  -4  1071
  -6  1171  -7  1171  -9  1171 -10  1271 -12  1271 -14  1371 -15  1471 -16  1571
 -16  1571 -15  1571 -12  1571  -7  1471   0  1471   6  1371  12  1271  17  1271
  19  1171  18  1171  15  1171  12  1171   6  1171   4  1271   2  1271   0  1271
  -1  1371  -2  1371   0  1471   1  1471   1  1571   1  1671   0  1771   1  1871
   4  1771   8  1771  13  1671  18  1671  22  1571  26  1571  29  1471  31  1371
  31  1271  28  1271  24  1271  19  1271  16  1271  14  1371  13  1371  12  1471
  11  1571   9  1671   6  1771   3  1771   2  1871   2  1971   4  2071   6  2111
   9  2151  12  2051  16  2011  21  2051  26  1951  30  1911  32  1851
005 -24   001 -27   001 -28   001 -24   001 -19   001 -16   001  -9   371
  -4   471  -4   671 -10   871 -16   771 -19   871 -19  1071 -19  1071 -21  1071
 -23   971 -25   971 -29  1071 -30  1071 -32  1171 -32  1171 -33  1171 -36  1171
 -37  1271 -37  1371 -33  1371 -22  1571  -7  1671   6  1671  16  1671  20  1671
  19  1671  11  1571   1  1471  -8  1271 -11  1371 -13  1471 -12  1571 -13  1571
 -16  1671 -17  1671 -19  1671 -20  1771 -21  1771 -21  1771 -21  1671 -18  1671
 -14  1671  -9  1671  -2  1671   9  1771  20  1971  27  1971  28  1971  25  1871
  20  1771  13  1571   5  1471  -1  1371  -6  1471  -9  1571 -11  1671 -14  1671
 -17  1771 -21  1771 -25  1771 -28  1871 -31  1871 -33  1771 -33  1771 -32  1671
 -28  1671 -22  1651 -13  1611  -2  1851   9  1951  18  2111  22  2151
015 -29   001 -24   001 -24   001 -20   001 -17   001  -9   001  -8   471
 -11   771 -16  1171 -23  1371 -30  1171 -35  1071 -36  1271 -37  1271 -40  1271
 -43  1271 -44  1271 -46  1271 -47  1271 -48  1271 -49  1271 -50  1371 -51  1371
 -53  1371 -52  1271 -47  1271 -37  1371 -22  1571  -9  1671  -2  1671   1  1671
  -1  1671  -7  1571 -15  1471 -22  1371 -23  1371 -23  1471 -22  1471 -22  1571
 -23  1571 -25  1671 -28  1671 -32  1671 -33  1671 -34  1671 -34  1671 -32  1671
 -29  1671 -25  1771 -18  1771  -8  1871   3  1871  11  1871  13  1771  11  1751
   7  1611   2  1451  -3  1551  -7  1411 -10  1551 -12  1551 -13  1611 -15  1651
 -17  1751 -20  1711 -24  1751 -29  1751 -32  1711 -33  1751 -32  1751 -30  1711
 -27  1751 -23  1651 -15  1611  -3  1851   9  2051  18  2211  21  2251
027 -12   001 -11   001  -4   001   5   001  16   001  30   001  33   671
  29   971  19  1171   8  1271  -2  1271  -7  1371  -9  1371  -9  1471 -11  1471
 -13  1571 -16  1571 -18  1571 -21  1671 -24  1671 -27  1671 -30  1571 -32  1571
 -32  1671 -28  1571 -20  1671  -7  1471   6  1471  17  1371  23  1471  25  1471
  23  1571  18  1571  12  1571   5  1571   1  1771  -1  2071  -3  2271  -5  2171
  -7  2271  -7  2271  -8  2271  -9  2171 -12  2171 -16  2071 -20  1971 -20  1871
 -16  1871  -9  2071   0  2071  11  2071  21  1871  28  1771  32  1671  33  1671
  31  1671  27  1771  23  1771  17  1971  11  2071   4  2271  -2  2371  -6  2571
  -9  2571 -12  2671 -13  2671 -15  2571 -17  2571 -20  2471 -23  2371 -24  2271
 -21  2271 -14  2251  -4  2211   7  2151  18  2151  26  2011  29  2051
070 -54   001 -49   001 -41   001 -35   001 -25   001 -24   001 -20   371
 -18   871 -21   871 -28   971 -33  1171 -34  1371 -33  1771 -32  1771 -33  1771
 -36  1771 -39  1871 -42  1871 -46  1871 -49  1871 -51  1871 -51  1871 -50  1771
 -46  1771 -40  1671 -32  1671 -21  1671  -9  1771  -1  1771   4  1771   4  1871
   0  1871  -8  1671 -17  1671 -25  1571 -29  1671 -30  1771 -31  2071 -33  2071
 -34  2071 -36  1971 -35  2071 -34  2071 -36  2171 -40  2171 -44  2071 -43  2071
 -36  1971 -26  2071 -13  2071  -4  1971   4  1871   7  1771   7  1671   5  1671
   1  1671  -6  1771 -13  1671 -21  1671 -27  1871 -31  1971 -34  2071 -36  2071
 -36  2171 -37  2171 -38  2271 -39  2271 -42  2271 -47  2271 -51  2171 -51  2171
 -44  2151 -33  2151 -19  2111  -5  2151   7  2051  15  1911  18  1951
110  56   001  54   001  66   001  67   001  75   001  79   001  74   371
  65   471  54   571  44   871  32   871  26  1071  22  1171  21  1271  18  1271
  14  1371   9  1371   5  1371   1  1271  -1  1271  -2  1371  -2  1471  -2  1571
  -1  1671   2  1871   7  1971  16  1671  26  1471  35  1171  41  1171  43  1071
  42  1071  36  1171  31  1271  25  1371  25  1371  27  1471  30  1471  30  1671
  28  1771  25  1971  23  1871  22  1871  20  1771  18  1871  16  1971  15  2071
  15  2171  18  2271  24  2371  36  1971  48  1571  59  1171  63  1271  62  1371
  56  1571  48  1571  40  1371  31  1271  25  1271  20  1371  16  1371  12  1571
   8  1671   4  1871   1  1771  -2  1771  -5  1671  -7  1771  -9  1871  -9  1971
  -8  2071  -3  2251   5  2311  18  1851  33  1451  44   911  49  1151
120   9   001   8   001  20   001  37   001  46   001  46   001  44   571
  40   571  33   671  26   771  20   771  15   871  13  1171  11  1271   7  1271
   4  1271   2  1271  -1  1271  -3  1371  -4  1371  -4  1471  -3  1471  -2  1571
   0  1471   3  1471   7  1371  14  1371  21  1471  28  1371  32  1271  33  1271
  33  1171  30  1071  28   971  25   871  23   971  23  1271  23  1371  19  1471
  17  1471  16  1571  14  1571  14  1671  13  1671  11  1771  10  1771  10  1871
  11  1871  12  1771  18  1771  28  1671  39  1671  49  1571  53  1471  51  1471
  48  1371  43  1371  39  1271  34  1271  28  1371  22  1371  17  1471  13  1571
  10  1571   7  1671   2  1771  -1  1771  -4  1871  -5  1971  -5  1971  -4  2071
  -2  2071   1  1951   7  1911  17  1851  27  1651  35  1511  38  1451
130 -12   001   1   001  16   001  28   001  33   001  42   001  44   471
  40   971  31  1371  17  1471   3  1371  -6  1371  -9  1571 -11  1671 -15  1571
 -20  1571 -24  1571 -28  1571 -30  1471 -32  1471 -33  1471 -33  1571 -32  1571
 -31  1771 -28  1871 -21  1971  -9  2271   7  2371  20  2571  30  2571  34  2671
  32  2671  23  2271  13  2071   5  1771   0  1771   0  1871  -1  1771  -4  1771
 -10  1671 -15  1671 -17  1671 -18  1671 -19  1671 -21  1771 -24  1771 -26  1871
 -27  1971 -25  2071 -19  2271  -9  2471   4  2571  15  2771  22  2771  23  2671
  21  2571  14  2471   8  2371   1  2171  -2  2271  -5  2271  -8  2371 -14  2371
 -22  2371 -28  2371 -32  2371 -34  2271 -35  2271 -37  2271 -39  2371 -39  2371
 -37  2371 -32  2451 -24  2411 -13  2551  -1  2751   9  2811  14  2751
145 -28   001 -30   001 -21   001 -17   001 -14   001  -7   001  -4   371
  -4   971  -9  1171 -17  1371 -24  1171 -28  1171 -30  1271 -32  1271 -34  1271
 -37  1271 -39  1271 -41  1271 -43  1371 -44  1371 -45  1371 -45  1371 -46  1371
 -48  1371 -48  1271 -42  1271 -32  1471 -16  1671  -2  1771   7  1771  11  1771
   9  1771   3  1571  -6  1471 -15  1371 -18  1371 -18  1271 -19  1271 -22  1271
 -26  1171 -29  1171 -33  1271 -34  1271 -36  1371 -39  1371 -41  1371 -41  1371
 -38  1371 -32  1471 -23  1471 -13  1571  -3  1771   5  1871   7  1971   6  1971
   3  2071  -2  1971  -8  1771 -12  1671 -15  1671 -17  1571 -20  1571 -23  1571
 -27  1571 -32  1571 -35  1571 -37  1671 -39  1671 -41  1671 -42  1671 -41  1671
 -37  1651 -31  1651 -22  1611 -11  1851   0  2151   8  2311  11  2351
149 -37   001 -21   001 -14   001 -10   001  -7   001  -2   001   2   571
   3   871  -1   971  -9  1271 -17  1171 -24  1271 -26  1271 -28  1371 -29  1371
 -29  1371 -31  1471 -34  1471 -37  1571 -40  1571 -42  1571 -43  1471 -43  1471
 -43  1371 -41  1271 -35  1171 -24  1271 -10  1471   3  1671  12  1671  15  1671
  14  1571   7  1571  -2  1471 -12  1371 -17  1371 -19  1371 -23  1371 -26  1371
 -29  1271 -33  1271 -36  1371 -39  1371 -41  1471 -43  1471 -44  1371 -45  1371
 -42  1371 -36  1271 -26  1271 -13  1471   0  1671   9  1771  13  1871  11  1871
   7  1871   2  1871  -2  1871  -6  1871 -10  1771 -13  1771 -16  1671 -20  1671
 -25  1571 -29  1571 -32  1671 -34  1671 -37  1771 -40  1671 -43  1671 -44  1571
 -41  1551 -34  1451 -23  1411  -8  1651   7  1851  17  2011  19  2051
156 -20   001 -19   001 -16   001  -9   001  -2   001   5   001   8   371
   7   771   2   871  -4  1171 -10  1171 -15  1271 -18  1371 -20  1371 -23  1371
 -25  1371 -27  1371 -29  1271 -31  1271 -34  1171 -35  1171 -36  1271 -37  1271
 -38  1271 -38  1171 -32  1171 -21  1371  -6  1571   7  1771  17  1671  21  1671
  19  1571  13  1571   4  1471  -3  1471  -7  1571  -9  1471 -10  1471 -12  1471
 -17  1371 -20  1371 -22  1371 -24  1371 -25  1371 -28  1371 -30  1371 -30  1371
 -27  1371 -22  1271 -14  1271  -3  1471   8  1571  15  1771  18  1871  16  1771
  13  1771  10  1771   7  1871   4  1871   3  1871   1  1771  -1  1771  -5  1771
 -10  1771 -15  1771 -19  1671 -20  1671 -22  1571 -24  1571 -25  1571 -25  1571
 -22  1571 -16  1451  -7  1411   4  1651  14  1851  21  2011  22  2051
168 -44   001 -42   001 -38   001 -30   001 -24   001 -14   001  -9   771
 -10  1271 -15  1271 -22  1271 -28  1371 -30  1671 -29  1671 -28  1771 -28  1771
 -29  1671 -31  1671 -33  1771 -35  1871 -38  1971 -41  1871 -43  1871 -45  1771
 -45  1771 -42  1771 -35  1771 -24  1871 -11  1971   0  2071   7  2071   9  2171
   6  2271  -1  2071 -11  1871 -20  1771 -23  1871 -24  1971 -25  1971 -27  1971
 -32  1871 -34  1871 -35  1971 -34  2171 -36  2271 -40  2271 -45  2271 -48  2271
 -46  2271 -40  2271 -31  2271 -20  2171 -10  2071  -3  1971  -1  1971  -1  2071
  -5  2071 -10  1971 -17  1971 -21  1871 -25  1971 -28  2071 -30  2171 -32  2171
 -34  2171 -35  2171 -36  2271 -38  2271 -42  2371 -49  2371 -55  2271 -57  2271
 -51  2251 -39  2351 -25  2311 -11  2351   1  2251  10  2211  15  2251
180 -40   001 -34   001 -28   001 -19   001 -18   001 -13   001 -11   371
 -13   671 -17   971 -23  1271 -29  1171 -32  1271 -31  1371 -31  1371 -33  1371
 -36  1571 -39  1671 -40  1671 -40  1671 -40  1671 -42  1771 -45  1771 -47  1871
 -48  1771 -47  1671 -43  1671 -36  1571 -27  1571 -19  1671 -13  1571 -11  1671
 -13  1671 -19  1371 -27  1371 -34  1171 -38  1271 -39  1571 -41  1571 -44  1671
 -48  1771 -51  1871 -51  1871 -50  1871 -50  1871 -52  1871 -54  1971 -55  1971
 -52  1871 -47  1871 -39  1771 -29  1671 -20  1571 -14  1571 -14  1571 -16  1671
 -21  1671 -25  1471 -29  1271 -32  1071 -34  1171 -36  1371 -38  1571 -41  1671
 -43  1871 -44  1971 -44  1971 -43  2071 -44  2071 -48  2071 -52  1971 -54  1971
 -52  1951 -47  1851 -39  1811 -30  1851 -21  1951 -14  1911  -9  1851
190 -35   001 -31   001 -21   050 -10   001  -5   001  -2   001  -4   571
  -9   771 -15  1271 -22  1371 -28  1171 -32  1271 -32  1471 -32  1571 -35  1571
 -39  1571 -44  1571 -46  1571 -46  1671 -46  1671 -47  1671 -49  1671 -50  1671
 -50  1671 -49  1671 -44  1671 -37  1971 -28  2371 -21  2471 -16  2571 -15  2571
 -16  2471 -20  2071 -26  1671 -30  1371 -33  1471 -35  1371 -38  1471 -44  1471
 -48  1571 -52  1571 -53  1571 -53  1571 -53  1571 -55  1671 -58  1671 -59  1771
 -57  1771 -51  1671 -44  1771 -35  1771 -26  1871 -21  2071 -21  2071 -23  1971
 -27  1971 -29  1771 -31  1371 -32  1071 -35  1171 -38  1271 -41  1371 -46  1371
 -50  1571 -52  1571 -51  1571 -50  1571 -51  1571 -54  1671 -58  1671 -61  1771
 -60  1651 -56  1651 -48  1511 -37  1751 -25  2051 -15  2211 -10  2251
222  -9   001  -2   001   8   001  11   001  24   001  36   001  40   571
  39  1271  32  1271  22  1571  12  1371   5  1371   0  1471  -3  1471  -6  1471
  -9  1471 -12  1471 -15  1471 -18  1471 -20  1471 -22  1471 -23  1371 -25  1371
 -27  1471 -27  1571 -24  1671 -14  1971  -2  2271  11  2571  19  2571  23  2571
  23  2571  19  2071  12  1871   8  1571   3  1571   1  1771  -2  1671  -5  1671
  -9  1771 -12  1771 -15  1771 -18  1771 -20  1771 -24  1771 -27  1671 -30  1671
 -31  1651 -29  1771 -23  1871 -14  1971  -2  2171   8  2271  14  2271  16  2171
  14  2171   9  2071   2  1971  -5  1771  -8  1871  -9  1871 -12  1971 -17  1971
 -24  2071 -29  2071 -32  2171 -32  2171 -33  2271 -35  2271 -37  2271 -38  2271
 -37  2151 -33  2151 -25  2011 -13  2251  -1  2351  10  2511  16  2551
240 -18   001 -13   001  -6   001  -1   001  10   001  15   001  17   571
  14  1071   8  1271  -2  1471 -11  1271 -17  1271 -21  1171 -23  1171 -25  1171
 -27  1271 -28  1271 -29  1271 -30  1371 -31  1371 -32  1371 -34  1271 -36  1271
 -39  1371 -41  1471 -38  1571 -28  1671 -15  1771  -2  1971   7  2071  12  2271
  11  2371   6  1971  -1  1771  -8  1571 -12  1471 -14  1471 -17  1371 -21  1371
 -24  1371 -27  1371 -28  1371 -28  1371 -29  1371 -32  1371 -36  1371 -39  1371
 -40  1471 -38  1771 -33  1871 -24  1971 -14  2271  -6  2271  -1  2371   0  2571
  -1  2571  -4  2371  -9  2071 -13  1971 -17  1971 -21  1971 -24  1871 -28  1871
 -32  1671 -35  1671 -36  1671 -38  1671 -39  1671 -42  1771 -46  1771 -49  1871
 -48  1971 -44  2051 -36  2111 -24  2251 -11  2451   0  2511   7  2651
255 -36   001 -26   001 -14   001  -5   001   6   001   5   001   4   571
   1   871  -5  1071 -13  1171 -22  1171 -27  1271 -31  1371 -33  1471 -35  1471
 -36  1371 -37  1371 -38  1371 -39  1371 -40  1371 -42  1371 -45  1271 -46  1271
 -46  1371 -44  1471 -39  1471 -33  1771 -24  2071 -14  2371  -5  2271   1  2271
   2  2171  -3  1971 -12  1671 -20  1471 -23  1471 -25  1571 -27  1671 -31  1671
 -36  1671 -40  1671 -42  1671 -42  1571 -44  1571 -48  1571 -52  1571 -54  1571
 -53  1771 -49  1871 -42  2071 -33  2171 -23  2271 -15  2471 -10  2271  -7  2271
  -8  2171 -11  1971 -16  1971 -21  1771 -25  1771 -28  1771 -32  1771 -37  1771
 -42  1871 -46  1871 -47  1771 -47  1771 -48  1671 -52  1671 -57  1771 -59  1771
 -56  1751 -47  1851 -36  1811 -23  2051 -10  2351   1  2511   9  2451
260 -36   001 -23   001  -9   001  -5   001  -6   001 -11   001 -10   571
  -9   871 -12  1271 -20  1571 -27  1671 -29  1771 -28  1771 -27  1871 -29  1971
 -33  2271 -35  2371 -37  2371 -38  2351 -39  2311 -41  2351 -44  2251 -47  2211
 -48  2171 -46  2071 -41  1871 -31  1971 -19  2171  -7  2271   2  2271   6  2171
   5  2171  -2  2071 -13  1971 -22  1871 -27  1971 -28  2171 -30  2371 -33  2371
 -38  2571 -41  2671 -43  2671 -44  2671 -46  2671 -51  2571 -56  2571 -59  2471
 -58  2671 -53  2571 -44  2671 -32  2671 -19  2471  -8  2371  -3  2371  -2  2371
  -6  2371 -13  2271 -21  2171 -28  2171 -33  2371 -36  2371 -39  2571 -44  2671
 -49  2871 -53  2971 -54  2971 -53  2871 -54  2871 -58  2871 -63  2771 -65  2771
 -61  2651 -52  2451 -38  2311 -22  2351  -5  2451   8  2411  16  2451
280 -46   001 -41   001 -27   001 -17   001  -8   001  -4   001  -4   671
  -8  1271 -14  1471 -22  1471 -29  1271 -32  1571 -33  1671 -34  1671 -35  1671
 -36  1571 -37  1571 -37  1571 -36  1671 -37  1671 -39  1771 -42  1871 -44  1971
 -43  1871 -39  1771 -33  1571 -25  1771 -18  2071 -11  2371  -5  2371  -3  2371
  -5  2371 -12  2171 -21  1871 -29  1671 -33  1671 -35  1671 -38  1671 -42  1571
 -46  1671 -49  1671 -49  1671 -47  1771 -47  1771 -50  1771 -54  1871 -56  1871
 -55  1771 -51  1571 -43  1471 -34  1671 -25  1671 -18  1871 -15  1771 -16  1771
 -19  1771 -24  1671 -29  1571 -33  1371 -34  1371 -36  1471 -38  1571 -42  1571
 -47  1671 -50  1671 -49  1671 -49  1771 -49  1771 -52  1871 -56  1971 -58  2071
 -56  1971 -49  1851 -39  1711 -26  1851 -14  1851  -4  1911   0  1851
299 -52   001 -43   001 -31   001 -21   001 -17   001 -20   001 -21   471
 -22   671 -24  1671 -28  1771 -32  1671 -36  1571 -40  1571 -43  1671 -45  1771
 -48  1771 -50  1871 -53  1771 -55  1771 -57  1671 -57  1571 -56  1571 -56  1471
 -57  1471 -57  1371 -55  1271 -48  1371 -42  1471 -33  1671 -27  1771 -24  1771
 -24  1971 -27  1871 -32  1771 -37  1671 -41  1771 -45  1871 -48  1971 -52  1971
 -56  1971 -59  1971 -60  1871 -61  1871 -63  1771 -67  1771 -71  1671 -73  1671
 -72  1671 -67  1571 -60  1571 -50  1471 -40  1571 -33  1571 -31  1571 -32  1671
 -35  1671 -38  1571 -41  1571 -46  1471 -51  1571 -56  1571 -60  1671 -63  1771
 -65  1971 -66  2071 -65  1971 -65  1971 -66  1871 -69  1871 -73  1771 -76  1771
 -75  1751 -71  1651 -63  1611 -52  1651 -41  1551 -31  1511 -26  1551
434 -42   001 -35   001 -28   001 -23   001 -10   001  -6   001  -3   571
  -4   871 -10   971 -19  1071 -27   971 -34  1071 -38  1071 -40  1071 -42  1171
 -45  1271 -47  1371 -49  1371 -50  1271 -50  1271 -50  1371 -50  1371 -51  1471
 -51  1571 -50  1671 -46  1671 -36  1671 -24  1671 -13  1671  -6  1671  -3  1471
  -5  1471 -11  1371 -20  1371 -27  1271 -31  1371 -32  1271 -33  1171 -37  1271
 -42  1371 -46  1471 -47  1471 -46  1471 -46  1471 -48  1571 -51  1571 -52  1671
 -50  1871 -45  1971 -36  2071 -24  2271 -11  2071   1  2071  10  1971  14  1951
  12  1711   4  1651  -6  1651 -14  1611 -18  1551 -18  1451 -19  1311 -22  1451
 -26  1351 -29  1411 -30  1451 -30  1551 -30  1511 -31  1751 -33  1851 -34  2011
 -32  2051 -27  2151 -18  2111  -4  2151  11  2151  26  2111  37  2151
460 -44   001 -36   001 -28   001 -26   001 -14   001 -12   001 -10   571
 -11  1271 -15  1171 -22  1671 -30  1871 -34  1771 -36  1771 -37  1471 -39  1671
 -43  1871 -46  2071 -48  2071 -48  2171 -49  2171 -51  2171 -53  2071 -54  2071
 -53  2071 -50  2071 -46  2071 -41  2271 -36  2371 -29  2571 -21  2771 -15  2571
 -14  2471 -20  2471 -29  2371 -37  2371 -43  2171 -46  2171 -48  1971 -50  2071
 -54  2171 -57  2271 -58  2271 -60  2371 -62  2371 -65  2271 -69  2271 -71  2171
 -69  2271 -64  2471 -54  2571 -42  2671 -28  2771 -16  2771  -7  2771  -2  2671
  -3  2671  -9  2771 -17  2671 -26  2671 -33  2471 -38  2471 -43  2271 -47  2271
 -51  2471 -55  2471 -57  2571 -59  2671 -61  2771 -64  2771 -67  2671 -67  2671
 -63  2651 -54  2751 -40  2711 -22  2851  -3  3051  14  3111  26  3151
481 -37   001 -29   001 -21   001 -13   001 -10   001  -4   001  -5   671
 -10  1171 -17  1171 -24  1371 -31  1371 -36  1571 -38  1671 -40  1771 -43  1771
 -46  1671 -48  1671 -49  1671 -48  1771 -49  1771 -51  1771 -53  1771 -55  1771
 -55  1871 -54  1771 -50  1771 -44  1871 -39  1871 -31  1971 -24  1971 -19  1771
 -18  1771 -22  1671 -29  1671 -36  1671 -39  1871 -40  1871 -43  1771 -49  1771
 -55  1771 -60  1671 -61  1671 -59  1771 -58  1771 -59  1771 -62  1771 -63  1771
 -62  1671 -58  1771 -52  1771 -43  1771 -34  1771 -26  1771 -21  1671 -19  1671
 -20  1571 -23  1571 -27  1571 -31  1471 -32  1571 -33  1571 -36  1671 -41  1771
 -48  1871 -52  1971 -53  1971 -51  1971 -50  1971 -52  1971 -54  1871 -55  1871
 -52  1951 -46  1951 -37  2011 -27  2051 -16  2051  -6  2011   1  2051
497-145   001-140   001 -98   001 -51   001 -32   001 -20   001 -21   671
 -29  1071 -42  1071 -56  1271 -70  1471 -80  1771 -86  1671 -89  1571 -91  1571
 -93  1671 -97  1671-100  1671-103  1671-105  1671-106  1771-107  1871-110  1971
-114  2171-114  2271-101  2371 -72  2371 -36  2271  -7  2071   4  2171   0  2271
 -15  2071 -32  2071 -49  2171 -66  2171 -75  2071 -82  1871 -84  1771 -85  1771
 -85  1771 -87  1671 -87  1671 -89  1771 -89  1771 -87  1871 -87  1871 -90  1971
 -95  2271 -95  2571 -83  2871 -53  2571 -18  2371  10  1971  18  2071  11  2171
  -6  2271 -24  2171 -41  2171 -56  2171 -64  2071 -67  1971 -68  1871 -68  1871
 -67  1871 -68  1871 -69  1871 -71  1971 -73  1971 -75  1971 -77  1971 -80  1971
 -82  2271 -78  2551 -64  2811 -36  2551  -3  2351  22  2011  30  2051
510 -16   001  -4   001   8   001  21   001  29   001  36   001  41   771
  40  1071  33  1271  22  1271  11  1271   5  1271   1  1371  -2  1371  -6  1371
 -11  1271 -15  1271 -17  1371 -18  1371 -20  1471 -23  1471 -26  1471 -28  1471
 -29  1471 -28  1371 -24  1371 -17  1571  -8  1771   1  1971   9  1871  15  1751
  16  1671  12  1671   5  1571  -3  1571 -10  1571 -14  1671 -17  1671 -21  1671
 -24  1671 -27  1671 -29  1671 -30  1771 -32  1771 -35  1771 -39  1771 -41  1771
 -40  1971 -36  1971 -28  2071 -15  2071  -1  2171  12  2071  21  1871  26  1671
  24  1471  17  1571   7  1571  -3  1671 -11  1871 -16  1771 -19  1871 -22  1871
 -23  2071 -25  2071 -27  2071 -29  2171 -32  2171 -36  2171 -39  2071 -40  2071
 -37  2151 -29  2151 -17  2211  -1  2151  17  2151  33  2011  46  1951
579 -15   001  -7   001   2   001  10   001  16   001  17   001  18   371
  17   771  14  1071   8  1271   1  1271  -5  1471  -9  1671 -11  1771 -12  1871
 -15  1971 -17  2071 -19  2071 -21  2171 -23  2171 -24  2271 -24  2271 -24  2371
 -23  2271 -20  2071 -13  1871  -2  1771  11  1671  22  1571  29  1471  31  1471
  27  1271  17  1371   5  1671  -4  1771  -8  1871  -8  2071  -7  2071  -8  2171
 -12  2371 -15  2471 -18  2371 -20  2371 -22  2271 -25  2371 -27  2471 -27  2511
 -24  2371 -16  2271  -5  2071   9  1871  26  1771  38  1571  46  1471  47  1371
  43  1271  33  1271  22  1371  11  1471   3  1671  -2  1771  -6  1971  -9  2071
 -13  2271 -16  2371 -17  2371 -18  2371 -20  2371 -23  2471 -25  2571 -25  2611
 -20  2351 -11  2151   4  1811  23  1751  42  1751  59  1611  69  1651
588 -30   001 -20   001  -4   001  11   001  30   001  36   001  38   371
  33   871  22  1271   5  1771 -10  1971 -18  1971 -22  2171 -23  2171 -24  2171
 -28  2171 -31  2171 -32  2171 -34  2071 -35  2071 -38  1971 -40  1971 -40  1871
 -35  1971 -24  1971 -10  1971   8  1771  28  1671  47  1471  63  1571  72  1571
  69  1571  50  1771  27  2071   4  2271  -8  2371 -12  2371 -15  2571 -21  2371
 -28  2371 -34  2271 -39  2171 -40  2171 -42  2071 -44  1971 -46  1871 -47  1771
 -45  1771 -38  1871 -23  1871   0  1771  26  1571  50  1471  67  1571  73  1571
  67  1671  50  1971  28  2171   8  2471  -2  2471  -7  2571 -11  2571 -17  2471
 -22  2371 -28  2271 -31  2271 -32  2171 -33  2171 -36  2071 -38  1971 -38  1811
 -33  1851 -24  1951  -8  1911  13  1851  35  1651  55  1511  68  1551
621 -42   001 -21   001 -11   001   2   001  12   001  17   001  18   971
  16  1471   8  1371  -5  1471 -17  1871 -24  1971 -25  2171 -27  2371 -30  2271
 -35  2271 -40  2171 -45  2271 -50  2271 -56  2371 -62  2371 -66  2471 -68  2471
 -66  2471 -59  2271 -50  2171 -38  2571 -25  2671 -14  2971  -6  2971  -3  2871
  -6  2771 -17  2671 -29  2471 -39  2271 -42  2371 -41  2471 -43  2571 -47  2471
 -53  2471 -58  2371 -61  2471 -63  2671 -65  2771 -68  2771 -71  2771 -71  2771
 -65  2571 -55  2571 -40  2371 -21  2571  -3  2871  12  3071  20  3071  21  2871
  15  2871   1  2771 -14  2471 -26  2371 -31  2471 -31  2671 -31  2771 -33  2771
 -37  2871 -42  2871 -46  2971 -49  2971 -52  3071 -56  3071 -57  3071 -54  3071
 -44  2851 -28  2751  -8  2511  13  2751  32  3051  47  3211  55  3151
630 -20   001  -9   001   3   350  12   750  18  1050  22  1450  23  1771
  22  1871  17  1271   9  1371  -1  1371  -9  1471 -17  1571 -22  1671 -24  1571
 -24  1571 -25  1471 -26  1571 -30  1671 -34  1771 -38  1771 -41  1871 -42  1871
 -40  1971 -34  1871 -27  1871 -19  2171 -10  2271  -2  2271   4  2371   7  2371
   6  2471  -1  2371 -10  2171 -19  2071 -27  2071 -30  2071 -33  2071 -36  1971
 -40  1971 -42  1871 -42  1871 -42  1971 -42  1971 -44  2071 -47  2171 -48  2271
 -46  2471 -41  2471 -31  2671 -17  2671  -1  2571  11  2571  19  2571  21  2471
  19  2371  14  2471   8  2471   2  2371  -2  2371  -7  2271 -12  2271 -20  2271
 -28  2271 -33  2271 -33  2371 -31  2471 -29  2571 -31  2671 -33  2671 -34  2771
 -30  2751 -22  2651  -9  2611   7  2651  25  2751  40  2711  50  2751
643   8   001  17   001  26   001  37   001  43   001  45   001  44   371
  39   671  30   971  18  1071   8  1071   2  1271   0  1371  -2  1471  -9  1671
 -16  1771 -23  1971 -24  1971 -24  2071 -25  2071 -27  1971 -31  1971 -31  1871
 -26  1671 -15  1571   0  1371  18  1471  36  1271  52  1271  64  1271  69  1171
  65  1171  52  1171  34  1071  19  1071   8  1171   2  1371  -5  1471 -14  1671
 -22  1771 -28  1971 -28  1971 -26  1971 -26  1971 -30  1971 -34  1971 -35  1971
 -28  1871 -14  1771   5  1671  27  1571  47  1471  64  1371  74  1271  76  1371
  72  1371  61  1271  47  1271  33  1171  23  1271  15  1471   7  1571  -3  1771
 -12  1871 -17  1971 -17  1971 -14  1971 -13  1971 -16  1971 -19  1871 -19  1811
 -11  1851   3  1751  22  1711  42  1651  62  1551  77  1411  86  1451
645  -3   001   8   001  17   001  27   001  32   001  35   001  32   371
  24   671  15   871   5  1071  -3  1171  -9  1271 -10  1271 -11  1271 -12  1471
 -14  1571 -16  1771 -16  1771 -17  1871 -19  1871 -20  1771 -22  1771 -21  1671
 -16  1671  -7  1471   6  1371  22  1371  38  1271  51  1271  61  1271  63  1071
  56  1071  40  1171  20  1271   3  1371  -4  1471  -6  1571  -6  1471  -8  1671
 -10  1771 -13  1971 -16  1971 -17  1971 -18  1971 -21  1971 -23  1871 -21  1871
 -14  1771  -2  1571  13  1471  30  1371  47  1371  61  1271  71  1171  74  1051
  69  1011  55  1151  37  1151  21  1211  11  1351   7  1351   4  1411   1  1651
  -3  1851  -6  1911  -7  1951  -8  2051  -9  2011 -12  1951 -13  1951 -10  1811
   0  1751  16  1551  33  1411  50  1451  65  1351  77  1311  85  1351
650 -21   001   5   001  22   001  32   001  42   001  45   001  44   571
  40   771  33   871  24   871  17   971  12  1171   5  1571   0  1771  -6  2071
 -12  2271 -16  2571 -16  2571 -15  2471 -13  2471 -12  2271 -12  2171 -13  1971
 -13  1771 -10  1671  -2  1471  12  1671  29  1771  45  1971  56  1671  60  1471
  57  1171  47  1171  34  1171  21  1171  10  1471   2  1771  -4  1971  -9  2171
 -14  2271 -16  2471 -16  2471 -16  2371 -15  2371 -15  2171 -15  2071 -14  1871
 -10  1771  -3  1671   9  1671  26  1671  45  1771  61  1871  71  1671  73  1471
  70  1171  61  1171  49  1071  37  1171  28  1371  19  1671  11  1971   3  2171
  -4  2571  -7  2771  -6  2771  -3  2671   0  2671   1  2571   1  2471   3  2311
  10  2151  20  2051  34  1811  49  1951  64  1951  78  2011  88  1751
675 -49   001  -6   001  28   001  49   001  68   001  80   001  86   571
  83   871  69  1271  48  1571  27  1771  12  1971   0  1971  -7  2071 -11  2171
 -13  2371 -14  2471 -16  2471 -17  2371 -19  2371 -22  2471 -25  2471 -25  2571
 -22  2671 -12  2771   4  2871  28  2671  57  2471  83  2271 104  1971 114  1871
 111  1671  94  1771  67  1871  43  1971  26  2071  16  2271  10  2371   3  2471
  -1  2471  -4  2571  -5  2571  -7  2571 -10  2571 -16  2571 -21  2471 -24  2471
 -21  2571 -11  2671   6  2771  31  2571  60  2471  84  2271 100  2171 107  1971
 102  1871  87  1871  66  1971  45  1971  31  2071  20  2171  12  2271   5  2371
   0  2371  -4  2471  -6  2471  -8  2571 -10  2571 -12  2571 -15  2571 -15  2511
 -12  2651  -4  2651  11  2711  34  2551  61  2351  83  2111  96  2051
690   9   001  41   001  71   001  84   001  94   001  94   001  94   171
  90   671  79   971  64  1271  52  1671  44  1671  41  1471  40  1371  40  1371
  40  1471  39  1471  37  1471  36  1371  36  1371  36  1371  37  1471  38  1471
  40  1571  45  1671  55  1771  72  1771  92  1671 108  1571 116  1371 117  1371
 110  1271  98  1471  83  1571  70  1771  60  1671  53  1671  49  1571  46  1471
  44  1371  42  1371  40  1371  38  1371  37  1371  37  1371  37  1471  40  1471
  45  1571  53  1571  65  1671  82  1571  99  1571 112  1571 116  1471 113  1371
 105  1371  95  1371  82  1571  72  1771  64  1671  58  1671  53  1571  49  1571
  48  1371  46  1371  45  1371  45  1371  45  1371  44  1471  43  1571  43  1671
  46  1651  53  1751  65  1711  81  1651  98  1451 111  1311 117  1351
747  11   001  16   001  22   001  25   001  30   001  32   001  36   471
  38   771  37   971  32  1471  28  1771  28  1871  29  2071  30  1971  28  2071
  24  2171  20  2271  19  2371  18  2371  17  2471  14  2471  11  2571   9  2571
  11  2471  17  2171  24  1971  34  1771  45  1571  54  1371  62  1271  65  1371
  62  1371  53  1671  41  1971  30  2271  25  2471  23  2471  22  2471  18  2471
  14  2471  11  2471  12  2571  13  2571  12  2671   6  2671   1  2771   0  2771
   9  2871  23  2771  40  2771  56  2371  69  2071  78  1671  83  1671  84  1771
  80  1671  71  1871  59  2071  47  2271  40  2371  34  2671  30  2771  25  2771
  21  2871  19  2971  21  2971  23  3071  24  3071  23  3071  23  3171  25  3111
  32  2851  43  2551  55  2211  67  1951  78  1651  86  1311  90  1451
NT  TEDF  78  35 1
20170117132017011708
20170117132017011709
20170117132017011710
20170117132017011711
20170117132017011712
20170117132017011713
20170117132017011714
20170117132017011715
20170117132017011716
20170117132017011717
20170117132017011718
20170117132017011719
20170117132017011720
20170117132017011721
20170117132017011722
20170117132017011723
20170117132017011800
20170117132017011801
20170117132017011802
20170117132017011803
20170117132017011804
20170117132017011805
20170117132017011806
20170117132017011807
20170117132017011808
20170117132017011809
20170117132017011810
20170117132017011811
20170117132017011812
20170117132017011813
20170117132017011814
20170117132017011815
20170117132017011816
20170117132017011817
20170117132017011818
20170117132017011819
20170117132017011820
20170117132017011821
20170117132017011822
20170117132017011823
20170117132017011900
20170117132017011901
20170117132017011902
20170117132017011903
20170117132017011904
20170117132017011905
20170117132017011906
20170117132017011907
20170117132017011908
20170117132017011909
20170117132017011910
20170117132017011911
20170117132017011912
20170117132017011913
20170117132017011914
20170117132017011915
20170117132017011916
20170117132017011917
20170117132017011918
20170117132017011919
20170117132017011920
20170117132017011921
20170117132017011922
20170117132017011923
20170117132017012000
20170117132017012001
20170117132017012002
20170117132017012003
20170117132017012004
20170117132017012005
20170117132017012006
20170117132017012007
20170117132017012008
20170117132017012009
20170117132017012010
20170117132017012011
20170117132017012012
20170117132017012013
002600160015001400100010001017102710271027102711371135113111351135113111351
13511311135113511311135113511311135113511311135113511311135113511311135113511311
13511351131113511351131113511351131113511351131113511351131113511351131113511351
13111351135113111351135113111351135113111351135113111351135113111351135113111351
005700170018001700150014001317122712271127112711271135113111351135113111351
13511311135113511311135113511311135113511311135113511311135113511311135113511311
13511351131113511351131113511351131113511351131113511351131113511351131113511351
13111351135113111351135113111351135113111351135113111351135113111351135113111351
015600130018001600100010001017102710271027112711271235123112351235123112351
23512311235123512311235123511311135113511311135113511311135113511311135113511311
13511351131113511351131113511351131113511351131113511351131113511351131113511351
13111351135113111351135113111351135113111351135113111351135113111351135113111351
027300110011001000100010001027102711271127112711271135113111351135113111351
13511311135113511311135113511311135113511311135113511311135113511311135113511311
13511351131113511351131113511351131113511351131113511351131113511351131113511351
13111351135113111351135113111351135113111351135113111351135113111351135113111351
070000130016001500150014001417132712271227112711371135113111351135113111351
13511311135113511311135113511311135113511311135113511311135113511311135113511311
13511351131113511351131113511351131113511351131113511351131113511351131113511351
13111351135113111351135113111351135113111351135113111351135113111351135113111351
110200110013001100100010001117112712271227122712371235123111351135113111351
13511311135113511311135113511311135113511311135113511311135113511311135113511311
13511351131113511351131113511351131113511351131113511351131113511351131113511351
13111351135113111351235123112351235123111351135113111351135113111351135113111351
120000110010001000100011001117112711271127122712271235123112351135113111351
13511311135113511311135113511311135113511311135113511311135113511311135113511311
13511351131113511351131113511351131113511351131113511351131113511351131113511351
13111351135113112351235123112351235123112351135113111351135113111351135113111351
130000100010001000100010001017102710271127112711371135113111351135113111351
13511311135113511311135113511311135113511311135113511311135113511311135113511311
13511351131113511351131113511351131113511351131113511351131113511351131113511351
13111351235123112351235123112351235123112351235113111351135113111351135113111351
145200120012001000100010001027102710271027112711271135113111351135113111351
13511311135113511311135113511311135113511311135113511311135113511311135113511311
13511351131113511351131113511351131113511351131113511351131113511351131113511351
23111351135113111351135113111351135113111351135113111351135113111351135113111351
149000100010001000100010001017102711271127112711371135113111351135113111351
13511311135113511311135113511311135113511311135113511311135113511311135113511311
13511351131113511351131113511351131113511351131113511351131113511351131113511351
13111351135113111351135113111351135113111351135113111351135113111351135113111351
156000100010001000100010001027112711271127112711371135113111351135113111351
13511311135113511311135113511311135113511311135113511311135113511311135113511311
13511351131113511351131113511351131113511351131113511351131113511351131113511351
13111351135113111351135113111351135113111351135113111351135113111351135113111351
168000170018001800160017001617142713271227113711371135113111351135113111351
13511311135113511311135113511311135113511311135113511311135113511311135113511311
13511351131113511351131113511351131113511351131113511351131113511351131113511351
13111351135113111351135113111351135113111351135113111351135113111351135113111351
180800170014001700170016001517152714271327132712271235123111351135113111351
13511311135113511311135113511311135113511311135113511311135113511311135113511311
13511351131113511351131113511351131113511351231113511351131113511351131113511351
13111351135113111351135113111351135113111351135113111351135113111351135113112351
190400170017001400140015001417132713271237123712371135113112351235123112351
23512311135113511311235123512311235123511311135113511311135113511311135113511311
23512351231123512351231113511351131123512351331123512351231113511351131113511351
13111351135113112351235123112351135113111351235123112351235123112351235113111351
222000100010001000100010001017111711271127112711371135113111351135113111351
13511311135113511311135113511311135113511311135113511311135113511311135113511311
13512351231123512351231113511351131113511351131113511351131113511351131113511351
13111351135123112351235123112351235123112351235123112351235123112351235113111351
240000100010001000100010001117112711271127112711371135113111351135113111351
13511311135113511311135113511311135113511311135113511311135113511311135113512311
13511351131113511351131113511351131113511351131113511351131113511351131113511351
13112351235123112351235113111351235123112351235113111351135113111351135113111351
255000100010001000100011001127112711271127113711371135113111351135113111351
13511311135113511311135113511311135113511311135113511311135113511311135113511311
13511351131113511351131113511351131113511351131113511351131113511351131113511351
13111351135113111351135113111351135113111351135113111351135113111351135113111351
260000100010001000130014001417132713271227122711271135113111351135113111351
23512311235123511311135113511311135113511311135113511311135113511311135113511311
13511351131113511351131113511351131113511351131113511351131113511351131113511351
13111351135113111351135113112351235123112351235123112351135113111351135113111351
280000100010001000110010001017102711271127113711371135113111351135113111351
13511311135113511311135113511311135113511311135113511311135113511311135113511311
13511351131113511351131113511351131113511351131113511351131113511351131113511351
13111351135113111351135113111351135113112351235123112351335133112351235113111351
299300130013001400150015001517152715271427142714371435133113351235123112351
33513311335133513311435153516311635163515311435133512311135113512311235133513311
43513351331133514351431143514351431153515351631163516351631153513351331133513351
43113351335123112351235123112351235113111351235123113351335143114351435133112351
434000110010001000100010001127112711271127112711371235123112351235133113351
43514311435143513311435143514311435133512311135113511311135113511311135113511311
13511351131113511351131113511351131113511351131113511351131113511351131113511351
13111351135113111351135113111351135113111351135113111351135113111351135113111351
460200140014001500150014001417132713271327142715371635173117351735163116351
63516311535153515311635173517311635143513311335123513311235123512311235133513311
33514351331133513351231133513351331133513351231123511351131113511351131113511351
13111351135113111351135113111351135113111351135113112351235123112351235123112351
481300140015001500160015001527142714271327133712371235133113351335143114351
43514311535153515311535143514311435143514311435133512311235123512311235123512311
23512351331133513351331133513351331143515351531143513351231113511351131123512351
23112351235123112351235123112351235123112351235123113351435143114351435133113351
497100110011001200120011001117112711271127122711271135113111351135123112351
23512311135123512311235123512311335123512311235113511311135113511311135113511311
13511351131113512351231123512351131113511351131113511351131113512351231123511351
13111351135113111351235123112351235113112351235123112351235123112351235123112351
510000100010001000100010001017102711271137113711371135113111351135113111351
13511311135113512311235123512311335133513311335133512311235123511311135113511311
13511351131113511351131113511351131113511351131113511351131113511351131113511351
13111351135113111351135113111351135113111351235123112351235123112351235113111351
579000100010001000100010001017112711271127112711371135113111351135113111351
13511311135113511311135113511311135113511311135113511311135113511311135113511311
13511351131113511351131113511351131113511351131113511351131113511351131113511351
13111351135113112351235123112351235123112351235133114351635163116351535153115351
588000110013001000100010001017112711271127122712371335133113351335123112351
23512311135113511311135113511311135113511311135113511311135113511311135113511311
13511351131113511351131113511351131123513351331143514351531153515351531143512351
23112351335133113351235123112351335133114351335143114351535153115351535163116351
621100110012001000100010001117122712271327122712271235123113351435143113351
33512311235123513311335133513311335123512311235123512311235123513311235123512311
23512351131113511351131113512351231123512351231123512351231123512351131113511351
13111351135113111351135123112351335143114351535143114351335133113351335133113351
630000100010001100120013001317131713271327132712271235113111351135123112351
23511311135113512311235123512311235123512311235123512311235123512311235123512311
23511351131123512351231123512351231123512351331123512351231113511351131123512351
23112351135123112351235123113351335133113351335133113351335143114351435143114351
643000100010001000100010001017102711271127112711371135113111351135113111351
13511311135113511311135113511311135113511311135113511311135113511311135113511311
13511351131113511351131113511351131113511351131113511351131113511351231123512351
33113351235123112351235123112351235123112351235123113351335133113351335133113351
645000100010001000100010001017102711271127113711371135113111351135113111351
13511311135113511311135113511311135113511311135113511311135113511311135113511311
13511351131113511351131113511351131113511351131113511351131113511351131113511351
13112351235123112351235123112351235123112351235133114351435153114351435143114351
650000100010001000100010001017112711271127122711371135113111351135113111351
13511311135113511311135113511311135113511311135113511311135113511311135113511311
13511351131113511351131113511351131113512351231133513351331143515351531153515351
53115351535153115351535153114351435133113351335133114351435153115351635163116351
675000120011001200100011001127112712271227122712371235123111351135113111351
13511311235123512311235113511311135113511311135113511311135113511311135113511311
13511351131113511351131113512351331143515351531153515351531163516351631163515351
43113351435143114351535153114351435143114351435143114351535153115351435143114351
690400100010001000100011001127112712371237133712271235123112351335133113351
33512311235113511311135113511311235123512311235123512311135113511311135113511311
13511351131113511351131123513351431153516351631163515351431143514351431143513351
33113351435153115351535153115351635163116351535153115351535163116351535153115351
747000100010001000100010001027112711271137113711371135123112351235123112351
23512311235123512311235123512311235123511311135113511311135113511311135113511311
13511351131113511351131113512351231123511351131113511351131113511351231123512351
33113351435143114351335143114351535163115351535143115351535153115351535153115351
