20170129221504
T2M TEDF  78  35 1
20170129222017012917
20170129222017012918
20170129222017012919
20170129222017012920
20170129222017012921
20170129222017012922
20170129222017012923
20170129222017013000
20170129222017013001
20170129222017013002
20170129222017013003
20170129222017013004
20170129222017013005
20170129222017013006
20170129222017013007
20170129222017013008
20170129222017013009
20170129222017013010
20170129222017013011
20170129222017013012
20170129222017013013
20170129222017013014
20170129222017013015
20170129222017013016
20170129222017013017
20170129222017013018
20170129222017013019
20170129222017013020
20170129222017013021
20170129222017013022
20170129222017013023
20170129222017013100
20170129222017013101
20170129222017013102
20170129222017013103
20170129222017013104
20170129222017013105
20170129222017013106
20170129222017013107
20170129222017013108
20170129222017013109
20170129222017013110
20170129222017013111
20170129222017013112
20170129222017013113
20170129222017013114
20170129222017013115
20170129222017013116
20170129222017013117
20170129222017013118
20170129222017013119
20170129222017013120
20170129222017013121
20170129222017013122
20170129222017013123
20170129222017020100
20170129222017020101
20170129222017020102
20170129222017020103
20170129222017020104
20170129222017020105
20170129222017020106
20170129222017020107
20170129222017020108
20170129222017020109
20170129222017020110
20170129222017020111
20170129222017020112
20170129222017020113
20170129222017020114
20170129222017020115
20170129222017020116
20170129222017020117
20170129222017020118
20170129222017020119
20170129222017020120
20170129222017020121
20170129222017020122
002  61   001  56   001  55   001  60   001  64   001  68   001  68  1171
  69  1171  70  1171  72  1271  73  1271  74  1371  74  1371  75  1411  76  1571
  78  1571  79  1671  81  1571  81  1571  82  1471  81  1471  80  1371  80  1371
  80  1271  79  1271  78  1171  76  1171  75  1271  73  1271  71  1271  71  1371
  71  1371  71  1471  70  1571  68  1671  65  1671  62  1771  60  1771  60  1771
  62  1871  66  1871  72  1771  79  1771  85  1671  89  1571  90  1471  89  1371
  88  1371  85  1371  82  1371  81  1371  80  1371  80  1371  80  1471  80  1571
  80  1671  83  1951  82  1951  81  2011  79  2151  77  2151  76  2211  75  2251
  76  2251  78  2211  82  2151  86  2151  90  2011  93  1951  94  1851  94  1711
  94  1751  93  1651  91  1611  89  1651  87  1651  86  1661  85  1761
005  55   001  54   001  55   001  57   001  64   001  68   001  68   571
  66   771  65   871  67   971  69  1071  71  1071  71  1171  72  1171  74  1271
  76  1371  78  1371  80  1671  82  1771  83  1871  84  1871  84  1871  85  1871
  86  1671  86  1571  85  1271  84  1371  82  1371  79  1471  78  1471  77  1571
  76  1571  75  1571  74  1671  74  1671  74  1671  75  1671  72  1671  69  1671
  66  1771  66  1671  71  1871  80  2071  89  2071  99  2071 105  2071 106  1971
 101  1671  91  1671  84  1471  81  1571  81  1571  81  1671  80  1671  78  1771
  75  1771  83  2051  82  2151  80  2111  78  2151  75  2051  73  2011  71  2151
  70  2151  70  2211  71  2351  74  2351  79  2411  87  2451  95  2351 101  2311
 101  2151  98  2051  93  1811  88  1951  85  1951  82  2061  80  2161
015  51   001  52   001  53   001  51   001  54   001  55   001  56   571
  57   771  58   971  59   971  61  1071  62  1071  61  1171  62  1171  64  1171
  66  1171  68  1171  71  1271  74  1471  75  1571  76  1671  76  1671  76  1771
  75  1671  74  1471  71  1371  66  1371  59  1471  55  1471  54  1471  54  1471
  56  1471  56  1471  54  1571  52  1571  51  1571  48  1671  45  1671  42  1671
  41  1671  41  1671  45  1771  52  1771  59  1771  66  1771  72  1771  76  1671
  76  1571  73  1471  69  1371  64  1471  61  1571  58  1671  55  1571  54  1671
  55  1571  70  1951  71  1951  71  2011  69  2051  66  2051  64  2011  64  1951
  66  1951  70  1811  76  1951  82  2051  89  2111  95  2151  99  2151 102  2111
 104  2051 103  1951 100  1811  94  1951  87  2151  82  2261  78  2261
027  85   001  88   001  90   001  90   001  89   001  91   001  88   771
  84  1071  81  1271  80  1471  81  1571  84  1471  89  1571  92  1471  93  1571
  94  1571  93  1671  94  1571  96  1671  99  1671 102  1671 104  1571 105  1571
 104  1471 102  1471 100  1371  98  1571  97  1871  97  2071  96  1971  94  2071
  92  2071  89  2071  88  1971  88  1971  90  1871  93  1771  95  1671  94  1871
  92  2071  92  2271  96  2271 103  2171 111  2071 119  1871 125  1871 127  1771
 122  1671 114  1671 105  1671 100  1771  96  1871  94  2071  92  2171  91  2171
  88  2271  82  2151  78  2251  76  2211  76  2251  76  2251  77  2211  77  2351
  77  2451  77  2511  79  2451  83  2351  90  2211  99  2151 107  1951 112  1811
 111  1851 105  1951  99  1911  94  2051  90  2151  88  2261  86  2261
070  49   001  27   001  20   001  28   001  36   001  40   001  39  1771
  38  1871  39  1971  38  2071  39  2071  40  2071  43  2071  46  2071  51  1971
  57  1771  62  1671  67  1671  71  1871  74  1871  77  1871  78  1971  77  2071
  74  1771  72  1671  67  1471  64  1571  62  1771  59  1971  58  1971  56  2071
  54  1971  50  2071  47  2171  45  2171  45  2171  45  2171  47  2171  49  2071
  52  2071  56  1971  60  1871  66  1871  72  1871  78  1871  81  1771  81  1871
  77  1771  71  1671  65  1471  61  1571  60  1771  58  1871  56  2071  53  2071
  52  2171  57  2351  56  2451  55  2411  54  2551  54  2551  56  2511  62  2451
  69  2351  78  2211  86  2151  93  2151  99  2111 103  2251 106  2251 106  2211
 103  2151  99  1951  93  1811  87  2051  81  2151  77  2361  75  2461
110 106   001 107   001 107   001 110   001 108   001 107   001 107   671
 107   971 108  1071 109  1171 110  1271 109  1271 108  1371 107  1371 106  1471
 106  1671 107  1771 110  1671 116  1671 120  1571 125  1471 127  1371 127  1271
 124  1271 121  1371 116  1371 114  1471 112  1471 113  1571 113  1671 113  1671
 114  1771 116  1671 117  1671 118  1571 117  1571 115  1571 110  1571 104  1771
  98  1871  98  2071 104  1971 114  1771 124  1571 130  1671 132  1771 129  1871
 122  1771 112  1571 101  1371  93  1471  87  1471  83  1671  80  1671  77  1671
  76  1771  86  1951  87  1951  88  1911  87  1951  85  1951  83  1911  82  2151
  83  2351  88  2511  97  2251 108  1951 118  1611 123  1651 124  1751 122  1711
 117  1651 110  1651 105  1511 102  1551 101  1651 100  1661 100  1661
120 101   001 100   001  97   001  98   001 103   001 106   001 104   771
 101   971  98  1171  97  1271  95  1471  94  1471  92  1471  91  1471  93  1471
  97  1471 101  1471 107  1471 114  1471 118  1371 119  1371 118  1271 117  1271
 116  1171 116  1171 114  1071 112  1171 111  1371 109  1471 108  1571 108  1571
 107  1671 105  1771 103  1871 101  1971 100  1971  99  1871  97  1871  95  1771
  93  1771  96  1671 104  1671 114  1671 123  1671 127  1671 127  1571 123  1571
 118  1571 111  1471 103  1471  96  1571  90  1571  86  1671  84  1771  82  1871
  80  1971  89  2051  87  2051  85  2111  82  2051  79  2051  77  1911  78  1951
  82  1951  89  1911  98  1951 108  1851 116  1811 121  1851 121  1751 119  1711
 114  1651 107  1651 101  1511  97  1651  95  1751  94  1861  93  1961
130  96   001  91   001  93   001  84   001  87   001  89   001  89  1071
  90  1071  90  1271  89  1371  90  1571  90  1571  92  1571  92  1571  92  1771
  94  1771  96  1871  99  2171 102  2271 106  2471 109  2571 113  2571 115  2671
 117  2371 117  2071 115  1871 112  1871 108  1871 104  1771 102  1671 100  1671
 100  1571  99  1671  97  1671  96  1771  96  1771  95  1871  94  1871  91  1971
  89  2171  90  2371  96  2471 105  2571 115  2671 124  2671 130  2771 132  2771
 129  2571 120  2471 111  2271 102  2271  96  2271  90  2271  86  2171  84  2171
  82  2171  82  1851  80  1951  78  1911  77  2051  75  2051  74  2111  73  2351
  74  2451  78  2611  86  2651  97  2651 108  2611 117  2751 122  2751 124  2811
 121  2651 115  2351 107  2111  99  2251  92  2251  87  2361  85  2361
145  61   001  60   001  63   001  64   001  66   001  71   001  70   671
  67   871  65  1071  65  1271  65  1371  66  1471  66  1471  68  1471  71  1471
  74  1371  76  1371  76  1471  76  1671  76  1671  78  1771  80  1771  83  1871
  86  1671  89  1471  90  1371  88  1371  85  1271  82  1271  80  1271  79  1271
  79  1271  78  1371  76  1371  75  1471  74  1471  74  1471  73  1471  73  1551
  73  1671  73  1771  75  1771  79  1871  85  1871  93  1971 100  1971 104  2071
 103  1871  97  1771  90  1571  85  1571  81  1571  77  1571  74  1571  72  1571
  70  1571  71  1951  69  1851  66  1811  64  1751  62  1751  62  1611  64  1751
  68  1751  74  1811  82  1951  90  2151  97  2211 103  2251 107  2151 109  2111
 110  2051 109  1951 106  1811 101  1851  96  1851  94  1861  91  1861
149  62   001  61   001  67   001  65   001  65   001  67   001  66   571
  64   871  63  1171  62  1371  63  1371  66  1471  69  1371  72  1371  74  1371
  74  1271  75  1271  75  1371  77  1471  78  1671  78  1671  80  1671  82  1571
  84  1571  86  1471  87  1371  87  1271  86  1371  83  1271  80  1271  77  1271
  75  1271  75  1371  75  1371  75  1471  75  1471  74  1371  72  1371  70  1371
  69  1471  70  1471  73  1571  79  1771  85  1771  93  1871  98  1871 101  1871
 100  1771  94  1771  89  1671  83  1571  79  1571  76  1471  73  1471  71  1471
  69  1471  70  1951  68  1851  65  1811  61  1751  58  1751  58  1611  62  1651
  69  1651  78  1611  87  1751  95  1951 102  2011 109  2051 113  1951 116  1911
 116  1951 113  1951 108  1911 102  1951  97  1851  94  1861  91  1861
156  67   001  65   001  71   001  69   001  66   001  67   001  67   471
  67   671  68   871  69   971  72   971  74  1071  76  1171  78  1171  79  1171
  81  1271  82  1271  82  1471  84  1571  85  1771  85  1671  85  1671  87  1571
  90  1471  94  1471  96  1371  96  1471  93  1471  91  1471  89  1471  87  1371
  86  1371  86  1371  86  1271  86  1271  85  1271  84  1371  82  1371  81  1471
  80  1471  80  1571  82  1571  87  1771  92  1871  98  1871 104  1871 106  1771
 105  1771 100  1771  95  1771  92  1771  89  1671  87  1671  84  1671  81  1671
  78  1671  85  1951  83  1751  80  1611  76  1651  73  1751  72  1711  74  1751
  78  1851  84  1811  91  1951  99  2051 106  2111 111  2051 115  1951 118  1811
 120  1951 120  1951 117  2011 112  2051 105  1951 102  1961 100  1961
168   3   001  -3   001 -10   001  -2   001  21   001  35   001  37  1071
  31  1371  25  1771  21  1971  20  2171  21  2171  23  2271  27  2271  32  2171
  36  1971  43  1971  49  1971  57  2071  65  2171  70  2271  73  2271  75  2371
  75  2071  74  1971  72  1771  68  1871  64  1871  61  1871  60  1971  60  1971
  59  2071  56  2271  51  2371  49  2571  50  2571  52  2571  53  2571  50  2471
  47  2471  47  2371  53  2271  64  2171  75  2071  85  2071  91  2171  92  2171
  88  1971  78  1871  69  1671  61  1771  55  1771  51  1871  48  1971  46  2171
  43  2271  47  2351  44  2451  39  2511  33  2551  28  2651  28  2611  35  2551
  47  2551  61  2411  75  2351  89  2351 100  2211 108  2251 113  2151 113  2111
 108  2051 100  2051  91  1911  82  2051  74  2151  67  2261  62  2361
180  46   001  44   001  29   001  11   001   2   001  -3   001  -2   671
   1  1171   3  1471   3  1671   5  1871   9  2071  13  2271  18  2371  23  2171
  29  1971  33  1871  37  1871  38  1971  41  2171  43  1971  44  1971  46  1871
  46  1671  47  1671  45  1571  43  1771  40  1871  38  1971  38  1971  38  2071
  35  2171  32  2271  28  2371  26  2471  25  2571  27  2671  28  2771  27  2571
  27  2371  26  2171  28  2071  33  2171  38  2071  44  2071  51  1971  54  1971
  54  1771  50  1671  45  1471  39  1571  34  1771  30  1971  30  2071  30  2271
  30  2371  19  2151  16  2351  13  2411  11  2551  11  2551  13  2611  16  2551
  21  2551  27  2411  35  2451  45  2451  56  2411  66  2351  75  2351  78  2211
  75  2051  68  1951  60  1711  53  1951  46  2051  41  2261  36  2361
190  37   001  12   001  -1   001 -18   001 -19   001 -17   001 -18   771
 -20  1271 -21  1671 -19  1871 -15  1971 -10  2071  -6  2271   0  2271   9  2271
  20  2171  31  2071  37  2271  42  2671  44  2571  45  2671  45  2871  44  2771
  43  2371  41  2071  38  1871  36  1971  33  1871  33  1971  34  2071  36  2071
  36  2171  36  2171  35  2271  33  2271  32  2271  32  2371  31  2371  30  2271
  29  2371  29  2271  30  2171  32  2071  35  2171  38  2271  41  2271  42  2271
  40  2071  36  1871  31  1671  25  1871  20  1871  17  2071  16  2071  18  2271
  20  2271   4  2351   5  2351   5  2311   3  2351   1  2251   2  2211   7  2351
  14  2551  21  2611  25  2751  29  2951  35  3011  46  3051  57  2951  62  2911
  57  2651  47  2351  35  2011  27  2151  22  2151  19  2261  18  2361
222 103   001 104   001 106   001  99   001  97   001 101   001 102   571
 103   871 102  1071 101  1271 101  1371 102  1371 104  1371 106  1271 106  1371
 106  1471 107  1571 108  1771 112  2171 116  2471 118  2471 120  2371 121  2371
 120  1871 119  1771 115  1471 110  1571 106  1671 104  1671 104  1671 107  1771
 107  1771 105  1771 102  1771  99  1771  98  1671  98  1671  98  1571  96  1551
  95  1651  96  1711 102  1951 112  2051 123  2211 133  2251 140  2151 141  2111
 135  2051 125  1851 114  1611 105  1751  99  1751  95  1811  94  1851  94  1951
  93  1911  85  1851  81  1851  78  1811  76  1851  76  1851  77  1811  78  1951
  80  2051  85  2111  93  2251 104  2251 115  2311 125  2351 132  2251 133  2211
 128  2051 119  1951 109  1711 101  1751  95  1851  91  1861  89  1861
240 104   001  99   001  95   001  89   001  91   001  90   001  86   571
  82   871  81   971  81  1071  82  1171  82  1171  82  1171  81  1171  80  1271
  81  1371  83  1471  88  1671  93  1871  98  2171 101  2171 101  2271 102  2271
 103  1971 103  1671 103  1571 103  1471 102  1471 100  1371  99  1371  98  1271
  95  1271  93  1271  90  1271  87  1271  85  1271  83  1271  82  1271  81  1371
  81  1671  85  1771  92  1971 101  2271 110  2371 118  2571 124  2471 125  2471
 121  2271 114  1971 107  1871 103  1771 100  1771  97  1671  95  1671  91  1471
  88  1471  81  1551  78  1551  74  1511  69  1651  65  1751  63  1811  64  1951
  69  1951  76  2011  86  2051  97  2151 107  2111 116  2251 122  2251 125  2311
 125  2251 122  2151 117  2011 112  1951 106  1851 103  1761  99  1761
255  68   001  58   001  63   001  55   001  53   001  55   001  52   571
  49   871  47   971  49   971  50  1071  52  1071  56  1071  59  1071  62  1071
  64  1271  66  1271  69  1571  74  1871  77  2171  79  2171  81  2071  82  2071
  83  1871  83  1571  81  1371  79  1371  75  1471  73  1571  74  1571  76  1571
  77  1571  76  1471  73  1471  70  1371  68  1371  66  1271  65  1271  64  1551
  65  1671  68  1971  74  2071  84  2071  94  2271 104  2171 111  2071 113  2071
 108  1871 100  1771  90  1571  82  1571  75  1571  71  1571  68  1671  67  1671
  65  1771  50  1851  48  1851  44  1711  38  1751  33  1851  32  1811  39  1851
  53  1851  70  1811  88  1951 105  2151 119  2211 128  2251 132  2151 132  2111
 127  2051 119  1951 110  1811 101  1851  93  1951  87  1961  82  1961
260  70   001  34   001  54   001  52   001  56   001  44   001  37   971
  34  1771  33  2171  33  2271  35  2371  40  2271  46  2371  52  2271  57  2171
  61  2071  63  1871  64  1971  66  1971  68  2071  72  2071  76  1971  79  1971
  79  1871  78  1671  76  1571  75  1771  72  2171  70  2471  68  2571  66  2671
  64  2771  62  2771  60  2871  59  2871  59  2671  61  2571  62  2371  63  2571
  65  2571  67  2671  70  2571  74  2371  83  2171  93  2171 103  2171 106  2171
  99  2071  87  1871  73  1871  62  2171  54  2271  49  2571  47  2671  46  2871
  47  2971  37  2851  37  2851  35  2911  29  2851  24  2651  24  2511  33  2551
  48  2451  65  2411  81  2351  96  2351 109  2211 121  2251 129  2151 129  2111
 120  2151 106  2051  93  2011  84  2251  78  2551  71  2761  65  2861
280  59   001  30   001  14   001  -2   001 -10   001 -17   001 -15   671
  -8   971  -1  1171   3  1471   4  1571   5  1771   7  1971  12  2171  19  1971
  29  1771  37  1471  42  1671  42  1771  42  1971  43  2071  45  2071  47  2071
  48  1971  49  1571  50  1571  51  1571  51  1471  51  1371  51  1371  50  1271
  49  1271  48  1371  46  1571  44  1671  42  1871  40  1971  39  2171  39  1971
  40  1571  42  1371  44  1571  48  1571  54  1771  62  1671  70  1771  73  1771
  69  1771  61  1671  53  1571  48  1471  46  1471  44  1471  41  1471  38  1571
  37  1571  30  1551  29  1551  27  1611  24  1751  22  1951  24  2011  31  1851
  43  1751  57  1511  72  1851  86  2051  98  2311 105  2251 108  2151 105  2011
  96  1951  85  1751  73  1611  64  1651  56  1651  51  1661  47  1661
299  25   001  12   001   2   001  -3   001   6   001   6   001   4  1271
   1  1671  -2  1671  -4  1771  -4  1671   1  1571   7  1671  15  1571  23  1571
  28  1471  37  1371  45  1571  52  1771  56  2071  56  2071  53  2271  50  2371
  46  2371  44  2171  43  2071  43  2071  44  2071  47  2071  52  2171  54  2071
  55  2071  54  1971  51  1971  49  1871  50  1771  52  1771  54  1671  54  1671
  53  1671  51  1671  49  1671  48  1871  50  1871  55  1971  61  1971  62  1971
  58  1871  50  1871  41  1771  37  1871  35  1871  34  1871  34  1971  33  2071
  33  2171  32  2051  31  2051  28  1911  25  1951  22  1951  23  1911  28  2051
  35  2251  42  2311  46  2351  49  2251  53  2211  60  2251  67  2251  68  2211
  61  2251  50  2351  38  2311  30  2351  25  2451  20  2461  16  2561
434  71   001  69   001  67   001  63   001  59   001  58   001  58   771
  59  1071  59  1171  60  1371  61  1471  61  1571  63  1471  64  1471  66  1671
  68  1671  69  1871  71  1671  74  1671  77  1471  83  1571  88  1471  91  1471
  90  1371  85  1371  81  1271  77  1371  76  1471  76  1371  77  1471  78  1571
  78  1671  77  1671  76  1771  76  1771  76  1771  77  1671  79  1671  81  1851
  86  1971  93  2071 103  2071 115  1971 127  1871 133  1871 136  1671 133  1671
 125  1571 115  1671 104  1671  97  1671  92  1771  88  1671  84  1771  81  1671
  78  1771  76  1851  74  1851  73  1811  72  1851  73  1951  75  1911  80  1951
  86  2051  95  2011 105  1951 116  1951 126  1811 134  1851 139  1751 138  1711
 131  1751 121  1851 112  1811 106  1851 102  1751  97  1761  94  1861
460  80   001  48   001  30   001  33   001  44   001  51   001  54   871
  54  1271  52  1671  50  1971  48  1971  47  2071  47  2171  49  2271  53  2271
  60  2271  67  2271  75  2471  81  2571  89  2771  93  2971  96  2871  95  2871
  91  2671  87  2571  82  2471  79  2371  76  2371  74  2271  71  2271  70  2371
  68  2371  66  2371  65  2471  62  2471  59  2471  58  2571  57  2571  61  2571
  67  2671  77  2671  88  2771  99  2971 111  2971 120  2871 125  2871 123  2871
 113  2871  98  2771  83  2671  73  2571  68  2471  64  2471  61  2471  58  2671
  55  2671  52  2751  48  2751  44  2811  40  2951  39  2951  41  3011  49  3051
  61  3151  76  3111  93  3251 110  3351 124  3411 134  3451 137  3551 134  3511
 123  3451 109  3251  95  3111  85  3151  79  3051  74  3061  69  3061
481  63   001  63   001  57   001  55   001  51   001  47   001  47   771
  48  1171  49  1371  50  1471  53  1571  55  1571  56  1571  59  1571  61  1671
  64  1571  65  1571  65  1771  67  1871  67  2071  70  2171  73  2171  75  2271
  75  2071  73  1971  72  1871  70  2071  68  1971  67  1971  66  1771  66  1771
  64  1571  63  1571  60  1671  57  1671  57  1671  57  1771  58  1771  58  1671
  58  1671  59  1671  62  1771  68  1971  75  2071  84  1971  90  1971  93  2071
  90  1871  83  1771  77  1571  72  1671  70  1771  69  1871  68  1871  68  1871
  67  1871  64  1651  62  1751  61  1711  62  1751  65  1751  68  1711  71  1851
  75  1851  80  1911  86  2051  93  2251 100  2311 106  2351 110  2451 110  2411
 105  2251  98  1951  90  1711  84  1851  80  2051  77  2161  73  2161
497  28   001  20   001   7   001   1   001  -6   001  -8   001  -7  1171
  -6  1671  -6  2171  -5  2671  -4  2871  -3  2871  -4  2971  -6  2971 -10  3171
  -8  3171   3  3371  26  3171  52  2871  71  2571  75  2671  68  2471  59  2371
  51  2371  46  2471  40  2671  38  2771  37  2671  36  2871  35  2771  35  2771
  34  2671  33  2771  32  2971  31  3071  31  2971  32  2971  30  2871  27  3071
  24  3371  29  3471  43  3071  61  2771  75  2371  80  2271  76  2371  70  2371
  65  2471  59  2571  54  2771  47  2771  41  2771  35  2771  29  2771  25  2671
  21  2671  22  2851  19  3051  16  3111  12  3051   7  3051   6  2911   9  3051
  19  3251  37  3311  62  2951  89  2651 107  2211 111  2351 105  2351  96  2411
  88  2651  82  2751  75  2911  67  3051  58  3151  48  3261  39  3261
510 124   001 116   001 111   001 110   001 108   001 110   001 105   971
  99  1271  95  1371  94  1371  94  1371  94  1471  93  1471  92  1471  93  1371
  95  1371  99  1271 106  1471 114  1671 123  1871 128  1871 131  1771 130  1771
 127  1671 123  1471 118  1371 114  1471 110  1671 107  1771 104  1771 102  1771
 100  1771 100  1771  97  1771  92  1771  86  1771  82  1771  79  1771  81  1971
  89  1971 101  2071 116  2071 133  1971 146  1871 155  1871 157  1671 154  1671
 147  1571 137  1571 126  1471 116  1671 107  1671  99  1771  93  1771  88  1971
  84  1971  74  1851  71  1851  68  1811  65  1951  64  1951  66  2011  72  2051
  82  1951  96  1911 113  1951 131  2051 147  2011 158  2051 163  2051 163  2011
 157  1951 147  1851 136  1711 126  1951 117  2151 110  2361 105  2361
579 108   001  78   001  62   001  61   001  52   001  49   001  48   771
  47  1171  44  1371  40  1671  36  1771  34  1771  34  1971  37  1971  43  1971
  52  1771  62  1671  72  1771  83  1871  92  1971  98  1971 102  2071 101  2071
  97  1971  91  1771  85  1671  80  1871  77  1971  74  2071  73  2071  72  2071
  71  2071  69  1971  68  1971  67  1871  67  1971  68  2071  71  2111  75  2071
  81  1971  90  1871 100  1971 110  2071 118  2171 123  2171 124  1971 122  1971
 118  1771 114  1671 109  1471 106  1771 103  1871 101  2071 100  2071  99  2171
  98  2171 105  2151 103  2151  99  2111  95  2251  92  2351  92  2411  96  2251
 102  2051 110  1811 118  2051 124  2151 129  2311 132  2351 133  2451 132  2411
 130  2151 126  1851 120  1511 113  1751 105  1951 101  2161  97  2161
588  89   001  71   001  48   001  38   001  24   001  28   001  25  1971
  24  2071  21  2071  16  2171  11  2171   6  2071   4  1871   6  1771  15  1971
  28  2071  45  2171  62  2171  77  1971  92  1871 105  1871 112  1871 111  1771
 101  1971  86  2071  72  2271  60  2171  53  2171  48  2071  45  2071  44  2171
  43  2171  41  2171  39  2171  37  2171  35  2071  36  1871  40  1771  49  1871
  61  1971  74  2071  84  2071  94  1971 103  1971 112  1971 118  2071 119  2071
 112  2271 101  2371  90  2571  81  2471  75  2371  72  2271  71  2271  69  2271
  68  2271  78  2151  76  2151  73  2111  67  2151  61  2051  59  2011  63  2151
  71  2151  82  2211  93  2251 103  2151 111  2111 117  2151 120  2251 120  2211
 118  2451 113  2751 105  2911  93  2751  81  2651  74  2461  70  2361
621 117   001  46   001  43   001  65   001  71   001  86   001  82  1371
  70  1771  60  2171  56  2471  59  2571  63  2671  68  2871  71  2971  74  2771
  78  2571  86  2271 100  2571 120  2671 135  2871 144  2871 145  2971 138  2871
 126  2771 110  2571  95  2371  84  2471  78  2371  73  2471  68  2471  63  2471
  59  2471  56  2571  54  2771  52  2871  51  2971  51  2971  56  3071  66  2871
  80  2871  96  2671 115  2871 133  2971 147  3071 156  3071 158  2951 152  2911
 137  2751 118  2451  99  2211  83  2351  72  2551  63  2611  57  2651  53  2851
  50  2811  47  2651  44  2751  41  2711  38  2951  36  3251  41  3411  53  3251
  72  3151  94  2911 117  3051 138  3251 154  3311 163  3351 164  3251 157  3211
 143  3051 124  2851 107  2611  94  2751  84  2851  75  2961  67  3061
630 116   001 106   001  93   001  84   001  77   001  75   001  71  1471
  65  1471  62  1471  59  1571  57  1571  59  1671  61  1771  64  1871  69  1871
  75  1871  84  1771  96  1871 106  2171 117  2071 124  2171 129  2271 129  2371
 125  2271 119  2071 111  1971 104  1871  95  1971  89  1871  84  1771  81  1771
  78  1671  77  1771  74  1771  72  1871  69  1971  66  2171  65  2271  67  2371
  74  2371  84  2371  98  2571 113  2371 126  2471 134  2471 137  2371 135  2211
 128  2351 119  2351 110  2211 104  2251 100  2151  98  2111  96  2151  95  2051
  94  2011  92  1751  91  1851  89  1911  86  2051  83  2151  84  2211  89  2351
  97  2351 107  2411 117  2551 126  2651 134  2711 141  2751 145  2651 145  2611
 139  2451 130  2351 121  2111 114  2251 109  2251 105  2361 102  2361
643  94   001  78   001  60   001  57   001  45   001  40   001  39  1071
  38  1671  37  1771  35  1871  35  1971  37  1971  40  1871  45  1771  48  1671
  54  1671  62  1671  73  1671  86  1571  99  1571 110  1371 115  1271 113  1171
 105  1171  94  1271  82  1271  75  1371  71  1371  69  1471  68  1671  65  1871
  63  2071  61  2071  60  1971  59  1971  60  1971  63  1871  66  1871  70  1771
  76  1671  83  1571  92  1571 103  1471 113  1471 122  1371 128  1371 129  1371
 125  1271 119  1171 114  1071 110  1171 109  1271 108  1371 108  1771 107  1971
 106  2271 110  2151 110  2051 109  2011 108  2051 108  2051 108  2011 109  2051
 112  2051 115  2011 119  1951 125  1951 131  1811 137  1851 142  1751 142  1711
 136  1651 127  1551 118  1411 113  1551 110  1551 108  1661 107  1961
645 104   001  72   001  57   001  47   001  35   001  28   001  30   671
  34  1071  37  1371  37  1671  35  1771  36  1671  39  1771  45  1671  51  1671
  58  1471  68  1371  82  1371  94  1271 106  1271 112  1371 114  1371 111  1471
 101  1471  92  1471  81  1471  76  1671  72  1671  71  1671  72  1771  71  1971
  71  2071  69  1971  68  1971  67  1871  68  1771  71  1671  74  1571  78  1471
  84  1471  92  1371 104  1371 115  1371 125  1371 129  1271 128  1371 124  1371
 118  1371 112  1371 108  1371 107  1471 106  1471 106  1571 104  1771 102  1871
  99  1971 107  1951 105  1951 103  1811 103  1751 105  1751 107  1611 109  1551
 111  1551 115  1411 121  1451 129  1551 135  1511 139  1651 140  1751 137  1811
 130  1751 121  1551 113  1411 107  1551 103  1551 100  1661  98  1761
650 105   001  91   001  88   001  81   001  67   001  49   001  44   971
  45  1671  48  1971  48  2071  47  2271  46  2171  49  2171  56  2071  67  1871
  82  1671  95  1471 108  1671 116  1771 123  1971 128  1871 131  1771 130  1671
 124  1671 117  1471 108  1471 101  1771  96  1871  91  2071  87  2171  81  2371
  78  2471  77  2371  79  2371  82  2271  85  2171  88  2071  92  1971  96  1771
 101  1571 109  1471 118  1571 128  1771 137  1971 143  1871 145  1871 144  1771
 140  1671 135  1571 130  1471 126  1671 123  1871 121  2071 118  2271 115  2471
 111  2671 114  2351 111  2251 108  2111 106  2151 105  2251 106  2211 110  2051
 116  1851 123  1611 129  1851 135  2151 140  2311 145  2251 148  2151 148  2011
 143  1951 136  1851 129  1711 124  1851 121  2051 116  2161 111  2361
675 112   001 101   001  87   001  71   001  64   001  59   001  54   971
  49  1571  46  1871  45  2171  45  2171  42  2171  39  2171  39  2171  44  2271
  55  2571  70  2671  89  2471 107  2271 124  2071 135  1871 141  1771 139  1671
 130  1771 117  1771 104  1871  95  1971  88  2071  82  2171  78  2171  73  2271
  69  2271  65  2371  63  2371  63  2471  66  2371  71  2371  76  2271  80  2371
  84  2571  92  2671 104  2571 119  2371 131  2271 139  2171 141  2071 139  1971
 133  1971 124  1871 116  1871 110  1971 106  2071 102  2171  96  2171  91  2271
  88  2271  96  2651  95  2651  91  2711  84  2851  76  2851  71  2911  73  3051
  80  3051  93  3111 109  2851 126  2651 139  2311 146  2251 147  2051 144  1911
 137  2051 129  2151 120  2211 112  2351 104  2351  99  2461  94  2561
690 120   001 114   001  98   001  92   001  87   001  87   001  86   771
  85  1271  83  1471  79  1571  77  1671  76  1771  77  1871  80  1971  84  1971
  89  2071  98  1971 110  1871 123  1871 133  1671 139  1471 141  1371 139  1271
 135  1471 128  1671 120  1871 113  1871 105  1771 100  1771  97  1771  95  1771
  94  1871  94  1871  93  1771  94  1771  95  1871  97  1871  98  1971  99  1971
 101  1871 106  1871 114  1771 124  1671 133  1671 137  1471 138  1471 137  1371
 134  1471 129  1671 124  1971 119  1971 114  1971 111  1971 108  1971 106  1971
 104  1971 107  2051 106  2051 105  1911 104  2051 103  2151 103  2211 105  2251
 110  2351 118  2311 128  2151 139  1951 147  1711 151  1651 150  1551 147  1411
 142  1651 135  1951 129  2111 123  2151 118  2051 114  2061 111  2161
747 100   001  87   001  92   001  63   001  57   001  55   001  58  1171
  62  1471  64  1771  63  1971  61  2071  59  2071  58  2171  59  2171  65  2171
  73  2071  83  1971  95  1871 105  1771 114  1671 119  1571 121  1571 119  1571
 114  1771 105  1871  98  2071  93  2271  91  2271  92  2271  90  2271  88  2371
  85  2371  83  2371  81  2471  81  2471  82  2471  83  2471  86  2471  90  2571
  94  2571 100  2571 108  2371 117  2071 123  1871 127  1871 128  1951 126  1811
 122  1851 116  1851 110  1811 105  1951 102  2251  99  2211  97  2351  96  2551
  95  2611 107  3051 104  3051 101  3011 100  3151 102  3151 104  3211 107  3051
 111  2751 117  2511 124  2351 132  2051 139  1811 143  1851 144  1951 141  1911
 134  2051 125  2151 117  2211 112  2451 109  2551 110  2761 110  2961
NT  TEDF  78  35 1
20170129222017012917
20170129222017012918
20170129222017012919
20170129222017012920
20170129222017012921
20170129222017012922
20170129222017012923
20170129222017013000
20170129222017013001
20170129222017013002
20170129222017013003
20170129222017013004
20170129222017013005
20170129222017013006
20170129222017013007
20170129222017013008
20170129222017013009
20170129222017013010
20170129222017013011
20170129222017013012
20170129222017013013
20170129222017013014
20170129222017013015
20170129222017013016
20170129222017013017
20170129222017013018
20170129222017013019
20170129222017013020
20170129222017013021
20170129222017013022
20170129222017013023
20170129222017013100
20170129222017013101
20170129222017013102
20170129222017013103
20170129222017013104
20170129222017013105
20170129222017013106
20170129222017013107
20170129222017013108
20170129222017013109
20170129222017013110
20170129222017013111
20170129222017013112
20170129222017013113
20170129222017013114
20170129222017013115
20170129222017013116
20170129222017013117
20170129222017013118
20170129222017013119
20170129222017013120
20170129222017013121
20170129222017013122
20170129222017013123
20170129222017020100
20170129222017020101
20170129222017020102
20170129222017020103
20170129222017020104
20170129222017020105
20170129222017020106
20170129222017020107
20170129222017020108
20170129222017020109
20170129222017020110
20170129222017020111
20170129222017020112
20170129222017020113
20170129222017020114
20170129222017020115
20170129222017020116
20170129222017020117
20170129222017020118
20170129222017020119
20170129222017020120
20170129222017020121
20170129222017020122
002605170018051805180017001717172717271627162716271635163116351635173117351
73516311635163516311635163516311735173517311735173517311735173517311735173517311
73517351731173517351731173517351731173517351731173517351731173516351631163517351
73117351735173117351735173117351735173117351735173117351635163116351635163616361
005805180518051805180017001717172717271627162716271535153116351635173117351
73517311635163516311635163517311735173517311735173517311735173517311735173517311
73517351731173517351731173517351731173517351731173517351731173517351731173517351
73117351735173117351735173117351735173117351735173116351635163116351635163617361
015800180018001800180018001817181718271727172717371635163116351735173117351
73517311735173517311635163515311535163516311635163516311635173517311735173517311
73517351731173518351831173517351731173517351731173517351731173517351731173517351
73117351735173117351735173117351735173117351735173117351735173117351735173617361
027800180018001800160014001417151715271527162717271735173117351735173117351
73517311735173517311735173517311735173517311735173517311735173517311735173517311
73517351731173517351731173517351731173517351731173517351731173517351731173517351
73117351735173117351735173117351735173117351735173117351635163116351635163616361
070705180317051705170018001817182718271827172717271735173117351735173117351
73517311735173517311635163516311635163517311735173517311735173517311735173517311
73517351731173517351731173517351731173517351731173517351731173517351731173517351
73117351735173117351735173117351735173117351735173117351735173116351635163616361
110800180018001800130014001417151715271527162716271735173117351735173117351
83518311835173517311735173517311735173517311735173516311635163516311635173517311
73517351731173517351731173517351731173517351731173517351731173516351631163516351
63116351635163116351635173117351735163116351635163116351635163116351635163616361
120800180018001800130014001417151715271627162717271735173117351735173117351
73517311735173517311735173517311735173517311735173517311735173517311735173517311
73517351731173517351731173517351731173517351731173517351731173517351731173517351
73117351735173117351735173116351635163116351635163116351535153115351535153615361
130800180018001800130013001317142714271537163716371735173117351735173117351
73517311735173517311735173517311735173517311735173517311735173517311735173517311
73517351731173517351731173517351731173517351731173517351731173516351631163516351
73117351735173117351735173117351735173117351735173117351735163116351535153615361
145600170018001800170017001717172717271727172717271735173117351735173117351
73517311735173517311735173517311735173517311735173517311735173517311735173517311
73517351731173517351731173517351731163516351531153515351631163516351631173517351
73117351735173117351735173117351735173117351735173117351635163116351635153615361
149500150018001800180016001617172717271727172717271735173117351735173117351
73517311735173517311735173517311735173517311735173517311735173517311735173517311
73517351731173517351731173517351731173516351631163516351631163516351731173517351
73117351735173117351735173117351735173117351735173117351635163116351635153615361
156605170318051805180017001717172717271727172717271735173117351735173117351
73517311735173517311735173517311735173517311735173517311735173517311735173517311
73517351731173517351731173517351731173516351631163516351631163516351731173517351
73117351735173117351735173117351735173117351735173116351635163116351535153615361
168705170517051700170018001817182718271727172717271735173117351735183118351
83518311735173517311735163516311635173517311735173517311735173517311735173517311
73517351731173517351731173517351731173517351731173517351731173516351631163515351
53116351635173117351635163115351535153115351635173117351735173116351635163616361
180700180018001800130014001417141715171627162717271735173117351735173118351
83517311735173517311735173517311635163516311635163517311735173517311735173517311
73517351731173517351731173517351731173517351731173517351731173517351731173517351
73117351635163117351735173117351735173117351735163116351635163116351635163616361
190605150514051405130012001217131713271427152716271735173118351735173117351
73517311835173517311735163516311635163516311735173517311735173517311735173517311
73517351731173517351731173517351731173517351731173517351731173517351731173517351
73117351735173117351735173117351735163116351635163116351635163116351635163616361
222800180018001800100010001117122713271427152716271735173117351735173117351
73517311735173517311735173517311735173517311735173517311735173517311735173517311
73517351731163516351631163516351731173517351731173517351731173517351731173517351
73117351735173117351735173117351735173117351735173117351635163115351535153615361
240800180018001800140013001317132714271437153716371735173117351735173117351
73517311835183517311735173517311735173517311735173517311735173517311735173517311
73517351731173516351631163516351631163516351531153516351631163517351731173517351
63116351635163116351635173117351735173117351735173117351635163116351535153615361
255705170018001700160017001717161716271627162716271635163117351735173118351
83518311735173517311735173517311735173517311735173517311735173517311735173517311
73517351731173517351731173517351731163515351531143514351431143515351531153515351
53114351335133114351535163116351635163116351635173117351735163116351635163616361
260700170518001800140015001517151715271627162716271735173117351735173118351
83518311735173517311735173517311735173517311735173517311735173517311735173517311
73517351731173517351731173517351731163516351531153515351431143513351331143514351
53114351435133114351435143115351535153116351635173117351735173116351635163616361
280600140513051205120013001317142714271527152716271635173117351735173118351
83518311735173517311735173517311735173517311735173517311735173517311735173517311
73517351731173517351731173517351731173517351731163516351531153515351531153515351
53115351635163117351735173116351535153115351535153116351635173117351635163616361
299500140011001100100012001317131714171427142715271635163116351635163116351
73517311735173517311735173517311735173517311735173517311735173517311735173517311
73517351731173517351731173517351731173517351731173517351731173517351731173517351
73116351635163116351635163115351535153115351535153115351535153115351535153615361
434600170518001800110014001417142714271427142715271535163117351735183118351
83518311735173517311735173517311735173517311735173517311735173517311735163516311
63516351631163515351531143514351431143515351531153515351431133513351331133514351
43115351535153116351635173117351735173117351735173117351735173116351635163616361
460800180518051805160013001317141714171527152715271635163116351735173117351
73517311735173517311735173517311735173517311735173517311635163516311635163516311
73517351731173516351631153515351431153515351531143514351331133513351431133513351
33113351435143114351435143115351535153115351535153115351535153115351435143614361
481700140013001700140014001417152715271527152716271635163116351635173116351
63516311735173517311735173517311735173517311735173517311735173517311735173517311
73517351731173517351731173517351631163515351531153515351531153515351431143514351
43114351435153115351635163116351535153115351635163116351635153115351535153615361
497405150314051305110010001017112712271327142714271535163116351735173117351
73517311735173517311635163516311635163516311635153515311535163516311635163516311
73517351731173517351731173517351731163516351531153515351431143514351431143514351
43114351435143113351235123111351135113112351235123112351335133114351435153615361
510700180018001800140016001617162716271627172717271735173117351735173117351
73517311735173517311735173517311735173517311735163516311635163516311635163516311
53515351431133512351231123513351331143514351431153515351531153515351531163516351
63116351635163116351735173117351735173117351635163116351635163116351635153615361
579505160017001305100012001317131714271427142715271535153116351635163117351
73517311735173517311735173517311735173517311735173517311735173517311735173517311
73517351731173517351731173517351731173516351631163516351631163516351631163516351
73117351635163117351735173117351735173117351735173117351735163116351635163616361
588800180016051305120014001417142714271427142714271435143114351535153115351
53516311635173517311635153515311535163517311735173516311635163517311735173517311
73517351731173517351731173517351631163515351531153516351631173517351731163515351
53114351535153115351535153115351535163116351635173116351635153116351635163616361
621605180318051805170016001617161716271527152715271535153116351735173117351
73517311735173517311735163515311535153515311535153515311435143513311335133514311
43514351431143514351431143514351431143513351331133513351331133513351431143515351
53115351435143114351435143115351535153115351535153115351435143114351335133614361
630705170315051305120013001327142714271527152715271535153115351635173117351
73516311735173517311735173516311635153515311535153515311535153514311435143514311
53515351531153514351431143514351431143514351431143514351431143515351531153515351
53115351535153115351635163115351435143114351435153115351635153115351435143614361
643500150015001400100010001017111712271327132714271535153115351635173117351
63516311635163517311735173516311635163515311535163516311635163516311635163517311
73517351731173517351731173517351731173517351731173517351731173517351731173517351
73117351735173117351735173117351735173117351635163116351635163116351635163615361
645605150313051105100011001117122712271327142715271535153116351635163117351
73517311735173517311735173517311635163516311635163516311635163516311635163517311
73517351731173517351731173517351731173517351731173517351731163516351631163516351
73117351735173117351735173117351735173117351735173116351635163115351535153615361
650505140312051005100011001117122712271327142714271535153115351535153115351
53515311635163517311735163516311635163516311635153516311635163517311735163516311
63517351731173516351631163516351731163516351631163516351631163516351631153515351
53115351535153115351535163116351535153116351635163116351535153115351535153615361
675405120312051205120011001117122712271327142715271535153115351535153115351
53515311535163516311635153515311535153515311535153515311535153515311535163516311
63516351731173517351731173517351731163515351531153515351531153515351531153515351
53115351635163116351635163116351635163116351635153115351535153115351635163615361
690600120014001100100010001017112712271227132714371435143114351535153115351
53515311535153515311535153515311535153514311435153515311535153515311535163516311
63516351731173517351731173517351631163515351531153515351531143514351431143514351
43114351535153115351635163116351635163115351535153115351635163116351635163615361
747705150313051005100012001217131713271327132714271435143115351635163116351
53515311635163517311735173516311635163516311635163515311635163516311635153515311
53516351631163516351631163516351631163515351431143514351431143514351531153515351
43114351435153115351635163116351635163116351635163117351735173116351635163616361
