20170228061541
T2M TEDF  78  35 1
20170228062017022801
20170228062017022802
20170228062017022803
20170228062017022804
20170228062017022805
20170228062017022806
20170228062017022807
20170228062017022808
20170228062017022809
20170228062017022810
20170228062017022811
20170228062017022812
20170228062017022813
20170228062017022814
20170228062017022815
20170228062017022816
20170228062017022817
20170228062017022818
20170228062017022819
20170228062017022820
20170228062017022821
20170228062017022822
20170228062017022823
20170228062017030100
20170228062017030101
20170228062017030102
20170228062017030103
20170228062017030104
20170228062017030105
20170228062017030106
20170228062017030107
20170228062017030108
20170228062017030109
20170228062017030110
20170228062017030111
20170228062017030112
20170228062017030113
20170228062017030114
20170228062017030115
20170228062017030116
20170228062017030117
20170228062017030118
20170228062017030119
20170228062017030120
20170228062017030121
20170228062017030122
20170228062017030123
20170228062017030200
20170228062017030201
20170228062017030202
20170228062017030203
20170228062017030204
20170228062017030205
20170228062017030206
20170228062017030207
20170228062017030208
20170228062017030209
20170228062017030210
20170228062017030211
20170228062017030212
20170228062017030213
20170228062017030214
20170228062017030215
20170228062017030216
20170228062017030217
20170228062017030218
20170228062017030219
20170228062017030220
20170228062017030221
20170228062017030222
20170228062017030223
20170228062017030300
20170228062017030301
20170228062017030302
20170228062017030303
20170228062017030304
20170228062017030305
20170228062017030306
002  51   001  53   001  53   001  62   001  58   001  60   001  58   371
  56   771  55   971  56  1071  60  1171  63  1271  66  1171  68  1171  69  1071
  68   971  68   871  68   771  69   751  70   851  72   811  74   851  76   951
  77   911  76   951  74   951  71   911  67   951  64  1051  62  1011  63  1051
  65  1151  68  1111  71  1251  74  1351  75  1411  75  1351  75  1251  77  1111
  81  1051  87  1051  90   911  90   951  87   951  84   911  81   951  80  1051
  79  1011  79  1051  79  1051  77  1011  74  1151  70  1251  67  1311  67  1351
  69  1451  72  1411  76  1551  80  1551  84  1611  86  1551  87  1451  86  1311
  84  1251  81  1251  78  1111  75  1151  72  1051  69  1011  67  1051  65  1151
  64  1111  63  1151  63  1251  62  1211  61  1351  60  1451  59  1511
005  45   001  44   001  46   001  35   001  40   001  45   001  45   571
  43   871  44  1071  47  1171  51  1271  57  1371  64  1371  68  1271  68  1271
  64  1071  58   971  54   771  54   851  57   851  62   911  66   951  69   951
  71   911  72   951  71   951  69   911  65  1051  61  1151  58  1211  58  1251
  61  1251  66  1211  72  1351  77  1451  80  1511  80  1451  80  1351  81  1211
  85  1151  90  1151  93  1011  92  1051  87  1151  82  1111  78  1151  75  1251
  73  1211  73  1251  72  1251  71  1211  68  1351  64  1451  62  1511  63  1651
  67  1651  73  1711  79  1751  85  1751  89  1711  91  1551  91  1451  88  1211
  82  1151  75  1051  69   911  65  1051  62  1051  60  1111  58  1251  57  1251
  56  1311  56  1351  56  1451  57  1411  58  1551  59  1651  59  1711
015  50   001  46   001  46   001  46   001  46   001  41   001  43   571
  48   971  54   971  58  1071  62  1071  66  1171  68  1171  70  1071  69  1071
  65   971  60   971  55   871  52   851  51   951  52   911  56   951  60   951
  64   911  66   951  66  1051  64  1011  61  1051  58  1151  57  1111  58  1151
  61  1051  67  1011  74  1151  81  1251  83  1311  79  1351  74  1351  72  1311
  78  1251  87  1251  94  1111  95  1151  92  1151  86  1111  81  1151  77  1151
  74  1111  72  1151  71  1251  68  1211  64  1351  60  1351  59  1411  61  1451
  67  1451  73  1411  79  1551  85  1551  90  1611  94  1751  95  1751  93  1811
  87  1651  79  1451  71  1211  66  1251  63  1351  60  1311  57  1351  53  1351
  51  1311  51  1451  52  1451  52  1511  51  1651  50  1651  50  1711
027  46   001  46   001  46   001  44   001  45   001  47   001  49   571
  52   871  57  1171  64  1271  71  1271  78  1371  82  1271  83  1071  82   971
  76   871  68   871  63   771  63   851  67  1051  71  1111  72  1251  72  1251
  70  1311  68  1351  66  1451  64  1411  62  1451  60  1451  60  1411  62  1351
  65  1251  70  1111  75  1251  81  1351  89  1411  98  1351 106  1251 109  1111
 106  1051  98   951  89   811  82  1051  76  1251  73  1411  72  1551  71  1551
  71  1611  70  1651  69  1751  66  1711  63  1751  60  1851  60  1811  64  1851
  71  1851  79  1811  87  1751  94  1651 100  1511 103  1451 104  1451 101  1311
  94  1251  86  1051  77   911  70  1251  66  1451  63  1711  61  1751  60  1851
  59  1811  58  1951  57  1951  57  2011  58  2151  60  2351  64  2411
070  57   001  51   001  50   001  54   001  52   001  51   001  58   971
  68  1471  75  1471  79  1471  78  1471  75  1471  72  1371  71  1371  70  1371
  66  1371  58  1371  50  1371  44  1451  41  1551  39  1611  40  1751  41  1851
  44  1811  46  1951  48  1951  50  1911  51  1851  53  1851  55  1811  59  1751
  65  1651  72  1511  79  1551  85  1551  87  1511  84  1551  78  1551  75  1511
  77  1551  83  1451  88  1411  90  1551  90  1651  88  1811  84  1851  80  1951
  75  1911  70  2051  65  2051  60  2011  56  2051  55  2051  56  1911  61  1951
  68  1951  76  1811  83  1851  89  1751  94  1711  97  1751  97  1751  93  1811
  86  1751  76  1651  67  1511  59  1651  53  1751  49  1811  46  1951  44  2051
  43  2111  42  2151  41  2151  40  2111  40  2151  41  2151  45  2011
110  55   001  47   001  52   001  38   001  38   001  35   001  35   571
  38   871  44  1071  53  1171  63  1271  74  1371  85  1271  91  1271  92  1171
  89  1071  83  1071  78   971  75   951  74   951  74   911  73  1051  71  1051
  70  1111  71  1151  72  1151  73  1111  73  1151  74  1151  77  1111  83  1151
  91  1051  98  1011 104  1251 107  1451 109  1611 108  1551 106  1551 102  1411
  97  1351  92  1251  87  1111  83  1151  79  1251  76  1211  73  1351  69  1351
  67  1411  65  1451  64  1451  63  1411  61  1451  60  1551  60  1511  64  1551
  70  1551  77  1511  85  1651  92  1751  98  1811 101  1951 102  2151  99  2211
  93  1851  85  1551  79  1111  75  1251  74  1251  73  1311  72  1451  71  1551
  72  1611  75  1651  79  1651  83  1611  87  1651  90  1551  92  1511
120  45   001  41   001  40   001  40   001  37   001  32   001  34   271
  40   571  48   671  56   971  63   971  71  1071  80  1071  86  1171  87  1171
  84  1071  79  1071  73   971  71   951  72   951  73   911  73  1051  72  1051
  70  1111  67  1151  65  1251  63  1211  63  1251  65  1251  67  1211  70  1151
  75  1051  83   911  95  1051 107  1051 115  1111 115  1251 111  1251 104  1311
  98  1251  94  1151  89  1011  84  1051  79  1051  75  1011  73  1151  71  1151
  69  1211  66  1351  62  1351  57  1411  53  1451  50  1451  51  1411  56  1351
  65  1251  76  1111  87  1251  96  1351 103  1411 106  1551 104  1751 100  1811
  94  1651  86  1551  80  1311  76  1351  73  1351  71  1311  69  1451  68  1451
  68  1511  69  1551  71  1651  74  1611  78  1751  83  1751  86  1811
130  50   001  49   001  44   001  54   001  41   001  37   001  42   471
  52   871  62  1271  70  1271  76  1171  83  1171  90  1171  95  1271  96  1271
  91  1171  83  1071  75   971  70   951  68  1051  68  1011  68  1151  68  1351
  66  1411  63  1551  60  1751  58  1811  59  1651  62  1551  66  1311  69  1351
  73  1351  80  1311  90  1351 101  1251 111  1211 118  1251 120  1351 119  1311
 113  1251 105  1151  96  1011  88  1151  81  1151  75  1211  71  1351  68  1551
  65  1611  62  1751  58  1951  54  2011  50  2051  48  1951  48  1911  53  2051
  61  2051  72  2111  85  1951  98  1651 109  1411 115  1651 116  1851 112  2011
 103  1851  91  1551  81  1311  75  1351  71  1451  70  1411  69  1551  69  1751
  68  1811  67  2051  67  2151  68  2311  70  2351  73  2351  77  2311
145  35   001  42   001  42   001  36   001  35   001  36   001  39   571
  44   971  49  1171  54  1171  58  1071  61  1071  65  1171  67  1171  67  1271
  67  1171  66  1171  64  1071  61  1151  59  1151  57  1211  57  1251  58  1151
  59  1111  60  1251  60  1251  60  1311  59  1351  58  1251  59  1211  61  1251
  65  1151  69  1111  72  1251  75  1251  78  1311  81  1451  85  1551  91  1611
  98  1451 105  1351 108  1111 106  1251 100  1451  93  1511  86  1551  80  1551
  75  1511  71  1551  67  1451  63  1411  59  1451  56  1351  55  1311  58  1451
  64  1551  72  1611  80  1651  88  1651  94  1611  98  1751  98  1751  96  1811
  91  1651  84  1551  78  1311  74  1451  70  1451  67  1511  63  1651  58  1651
  55  1711  54  1751  55  1851  56  1811  57  1851  58  1851  61  1811
149  43   001  50   001  49   001  45   001  40   001  44   001  49   871
  54  1171  61  1271  66  1271  70  1371  74  1371  76  1371  76  1471  75  1471
  73  1371  70  1171  66  1071  62  1051  59  1051  57  1011  58  1151  60  1251
  62  1311  64  1351  65  1351  65  1311  64  1251  64  1251  64  1111  66  1251
  69  1251  74  1311  79  1451  84  1451  88  1511  90  1651  92  1651  96  1711
 102  1551 108  1451 111  1211 109  1251 103  1251  97  1211  92  1351  87  1451
  83  1511  78  1551  72  1651  67  1611  63  1551  60  1551  60  1411  62  1551
  67  1651  74  1711  83  1751  93  1851 101  1811 105  1851 106  1951 103  1911
  97  1751  90  1551  83  1311  77  1351  73  1451  69  1411  66  1551  63  1651
  61  1711  59  1851  59  1951  58  2011  58  2051  59  1951  62  1911
156  48   001  54   001  54   001  50   001  46   001  46   001  47   471
  50   871  54  1071  58  1171  62  1171  67  1271  73  1271  75  1371  76  1371
  75  1271  74  1171  73  1071  72  1351  72  1651  72  1911  72  1651  73  1451
  74  1111  76  1151  77  1051  77  1011  76  1051  74  1051  73  1011  74  1051
  77  1051  80  1011  83  1151  86  1251  89  1311  91  1451  94  1451  98  1511
 104  1451 112  1351 117  1211 119  1551 118  1851 114  2111 108  1851 101  1551
  94  1211  89  1251  85  1151  81  1111  76  1151  71  1251  69  1211  70  1351
  74  1551  81  1611  89  1651  97  1751 103  1711 107  1751 108  1751 106  1711
 101  1651  95  1451  90  1311  88  1651  87  1951  85  2211  81  1951  76  1751
  72  1411  70  1451  71  1551  71  1511  71  1651  71  1651  72  1711
168  67   001  40   001  55   001  50   001  50   001  40   001  44   971
  54  1371  64  1471  72  1571  78  1571  82  1571  85  1471  85  1371  80  1271
  69  1471  58  1671  47  1871  42  1851  42  1751  44  1711  47  1851  50  2051
  52  2111  53  2251  54  2251  55  2311  56  2251  58  2151  61  2011  65  1851
  70  1751  76  1511  84  1651  91  1651  95  1711  94  1651  91  1651  88  1511
  87  1651  88  1851  89  1911  89  1951  89  2051  89  2011  89  2151  88  2151
  86  2211  82  2351  76  2351  70  2411  63  2351  58  2351  57  2211  61  2251
  68  2251  76  2211  84  2151  92  2151  99  2011 106  1951 109  1851 105  1711
  93  1851  77  1951  62  2011  53  2151  50  2151  49  2211  49  2251  48  2351
  47  2311  45  2451  44  2451  43  2511  44  2451  47  2351  53  2211
180  57   001  60   001  59   001  55   001  54   001  53   001  57   971
  63  1371  70  1371  77  1671  82  1871  85  2171  86  2071  86  1971  83  1871
  78  1871  71  1771  63  1771  56  1751  50  1751  46  1711  43  1851  42  1951
  42  2011  42  2051  43  2151  44  2111  45  2151  47  2251  50  2211  54  2051
  59  1951  67  1711  77  1951  86  2251  93  2411  94  2351  92  2251  88  2111
  84  2151  82  2051  80  2011  80  2051  81  2151  82  2111  83  2251  83  2251
  82  2311  79  2451  75  2451  70  2511  65  2551  61  2651  59  2611  60  2551
  63  2351  69  2211  77  2451  86  2651  94  2811  99  2751 100  2651  98  2511
  92  2451  83  2351  73  2211  64  2351  56  2351  50  2411  46  2551  43  2551
  40  2611  36  2751  32  2951  30  3011  31  2951  35  2951  41  2811
190  51   001  53   001  49   001  52   001  36   001  31   001  35   871
  44  1471  58  1271  72  1371  85  1571  94  1671  98  1771  95  1971  88  2071
  81  1971  75  1771  71  1671  67  1751  63  1851  58  1911  52  2151  45  2351
  41  2511  40  2451  41  2351  42  2211  42  2251  41  2151  43  2111  49  2051
  57  1851  69  1711  82  1851  94  2051 103  2111 107  2251 105  2351 100  2411
  92  2351  83  2151  77  2011  76  2151  79  2251  82  2311  84  2551  85  2651
  85  2811  84  2751  80  2551  75  2411  67  2351  60  2351  57  2211  61  2151
  69  2051  80  1911  90  2151 100  2251 107  2411 112  2651 114  2751 110  2911
 100  2751  88  2551  75  2311  65  2451  57  2551  50  2611  42  2751  35  2851
  30  2911  28  2851  26  2851  25  2711  22  2651  20  2551  21  2411
222  53   001  58   001  57   001  55   001  63   001  47   001  45   471
  51   871  60   871  69  1071  77  1171  84  1371  93  1371  97  1271  96  1271
  91  1271  85  1171  80  1171  78  1051  78  1051  80   911  81  1051  81  1051
  80  1111  79  1151  77  1151  76  1111  76  1151  76  1151  78  1111  81  1051
  86  1051  93   911 102  1151 111  1451 118  1611 122  1551 123  1451 121  1311
 117  1351 111  1351 104  1311  97  1251  90  1151  85  1011  81  1151  79  1251
  76  1311  73  1351  68  1451  63  1411  57  1451  52  1351  52  1311  58  1351
  68  1351  81  1311  94  1451 107  1551 117  1611 124  1751 125  1951 121  2011
 111  1851  97  1751  86  1511  80  1451  77  1251  77  1111  77  1351  78  1451
  78  1611  78  1751  77  1751  77  1811  78  1851  80  1951  84  1911
240  49   001  49   001  50   001  49   001  47   001  55   001  59   271
  62   671  67   871  73  1171  79  1171  83  1271  87  1271  87  1371  84  1371
  81  1271  77  1271  72  1171  68  1151  65  1051  64  1011  64  1051  65  1151
  67  1111  69  1151  69  1151  69  1111  67  1151  65  1251  64  1211  66  1251
  69  1251  75  1211  82  1351  89  1351  97  1411 104  1451 110  1551 114  1511
 115  1451 114  1451 111  1311 107  1351 101  1251  96  1211  91  1251  86  1351
  82  1311  78  1351  74  1451  68  1411  61  1451  54  1551  51  1511  54  1551
  62  1651  73  1611  85  1651  97  1551 107  1511 114  1551 116  1651 114  1611
 107  1551  98  1551  89  1411  83  1451  79  1551  77  1511  75  1651  74  1651
  73  1711  73  1751  74  1851  74  1811  73  1851  71  1951  71  1911
255  54   001  55   001  49   001  50   001  46   001  47   001  51   371
  57   471  65   871  73  1171  80  1371  85  1571  86  1471  81  1471  75  1371
  70  1171  65  1071  61   871  57   851  55   951  53   911  53  1051  54  1051
  55  1111  56  1251  56  1251  56  1311  55  1351  54  1451  55  1411  60  1351
  67  1151  74  1011  81  1351  86  1651  91  1911  95  1851  98  1651 101  1511
 103  1351 104  1251 103  1011 101  1051  98  1151  95  1111  93  1251  92  1351
  89  1411  84  1551  78  1551  69  1611  59  1751  51  1751  48  1811  52  1851
  61  1851  73  1811  85  1951  96  1951 104  2011 109  1951 111  1751 108  1611
 101  1551  91  1551  82  1411  75  1451  70  1551  66  1511  63  1551  61  1651
  59  1611  57  1751  55  1951  54  2011  54  2151  56  2151  60  2211
260  51   001  53   001  57   001  56   001  48   001  47   001  54   971
  66  1171  76  1171  83  1371  87  1571  91  1671  90  1571  90  1471  85  1371
  77  1471  66  1571  57  1671  50  1851  46  2051  43  2211  40  2351  38  2551
  38  2611  40  2651  44  2651  46  2611  46  2551  46  2551  48  2411  55  2051
  66  1751  76  1311  84  1551  91  1751  95  1911  98  1851  99  1751  99  1611
  98  1651  97  1751  96  1711  96  1951  96  2251  94  2411  91  2651  86  2751
  81  2911  77  3051  72  3051  66  3111  57  3051  50  2951  47  2811  52  2551
  63  2251  75  1911  86  2051  96  2051 105  2111 113  2151 117  2051 115  2011
 105  2051  91  2051  77  2011  67  2251  59  2351  53  2511  47  2751  43  2851
  41  3011  43  3051  47  3051  51  3011  53  3051  54  2951  58  2911
280  42   001  51   001  53   001  52   001  50   001  46   001  55   571
  69   771  82   771  90  1071  93  1271  94  1371  92  1471  94  1471  92  1571
  85  1571  74  1671  62  1671  52  1751  45  1751  38  1811  32  1851  28  1951
  26  1911  27  1951  28  2051  30  2011  30  2151  31  2251  34  2311  42  1951
  53  1651  64  1211  74  1451  82  1551  87  1711  89  1851  90  1851  89  1911
  89  1951  88  1851  87  1811  85  1951  82  1951  80  2011  78  2051  77  1951
  75  1911  73  2051  69  2051  63  2111  54  2351  45  2451  43  2611  51  2251
  64  1951  79  1511  90  1651  99  1751 105  1811 110  1951 113  2051 110  2111
 100  2151  86  2151  71  2111  59  2251  50  2251  43  2311  37  2351  31  2351
  27  2311  24  2451  23  2451  21  2511  19  2651  19  2851  24  2911
299  63   001  37   001  20   001  26   001  30   001  37   001  39   471
  40   971  44  1071  51  1371  62  1571  73  1671  84  1771  85  1971  82  2071
  78  1971  75  1871  72  1771  67  1751  62  1851  57  1811  51  1851  45  1951
  41  1911  38  1951  37  1851  37  1811  38  1851  39  1751  43  1711  49  1651
  57  1551  66  1411  76  1751  84  1951  90  2211  92  2251  91  2351  88  2311
  85  2351  84  2251  84  2211  87  2251  90  2251  92  2211  91  2151  89  2151
  85  2011  81  2051  78  2051  75  2011  72  2051  70  1951  70  1911  72  1851
  75  1851  81  1711  88  2051  95  2251 102  2511 107  2651 108  2751 105  2811
  97  2651  85  2551  73  2311  62  2351  53  2351  45  2311  37  2351  30  2351
  23  2311  18  2351  14  2251  12  2211  13  2251  17  2151  24  2111
434  41   001  38   001  44   001  38   001  39   001  42   001  44   671
  46  1071  49  1171  53  1271  57  1271  61  1271  65  1371  65  1471  63  1571
  60  1471  54  1471  50  1371  46  1351  43  1251  41  1211  40  1251  40  1351
  40  1311  40  1351  40  1451  40  1411  39  1451  38  1451  38  1411  41  1451
  45  1351  51  1311  58  1451  65  1451  72  1511  78  1551  82  1651  86  1611
  88  1651  89  1651  88  1611  85  1551  81  1551  79  1411  79  1451  80  1451
  79  1411  76  1551  70  1551  63  1611  56  1651  50  1651  47  1611  49  1651
  56  1651  65  1611  76  1751  87  1951  96  2011 103  2051 106  2151 105  2111
  99  2151  91  2051  83  2011  77  1951  74  1951  72  1811  71  1751  70  1751
  69  1611  68  1651  68  1751  68  1711  68  1751  70  1751  73  1711
460  73   001  74   001  59   001  57   001  57   001  49   001  55   571
  69  1071  82  1571  92  1671  99  1971 103  1971 102  1871 100  1871  96  1771
  88  1771  79  1671  69  1671  59  1751  50  1751  43  1811  39  1951  38  2151
  38  2211  39  2251  41  2151  42  2111  43  2251  44  2251  48  2311  55  2251
  64  2251  76  2111  89  2251 101  2251 109  2311 111  2351 108  2351 106  2311
 106  2251 107  2051 107  1911 104  2051  99  2151  95  2211  93  2351  92  2451
  90  2511  86  2551  79  2451  72  2411  65  2551  59  2551  58  2611  63  2551
  72  2551  84  2411  96  2551 107  2651 117  2711 124  2751 128  2751 126  2711
 118  2651 106  2451  93  2311  81  2351  70  2351  62  2311  56  2451  53  2651
  52  2711  54  2751  56  2751  58  2711  58  2851  58  2951  62  3011
481 122   001  95   001  95   001 103   001 104   001 102   001 106   471
 113   871 120  1171 126  1571 130  1671 130  1871 124  1871 118  1971 111  1971
 101  1871  91  1771  82  1671  74  1651  68  1551  62  1511  57  1651  53  1651
  49  1711  46  1651  43  1651  41  1511  39  1551  39  1551  41  1511  46  1651
  54  1651  66  1711  81  1951  96  2051 106  2211 109  2251 108  2351 105  2311
 104  2151 104  2051 104  1811 103  1851 100  1851  98  1811  96  1951  95  1951
  94  2011  93  2051  91  1951  89  1911  85  1951  82  1851  80  1811  81  1951
  85  1951  92  2011 101  2151 111  2351 119  2411 124  2451 126  2451 123  2411
 116  2251 106  2151  96  1911  87  2051  80  2051  73  2111  66  2151  59  2251
  54  2211  51  2251  50  2251  51  2211  54  2251  58  2351  66  2311
497  56   001  53   001  55   001  56   001  52   001  40   001  40   971
  48  1871  59  2671  72  2871  85  2771  94  2471  97  2371  94  2271  87  2171
  76  2271  64  2471  53  2571  45  2651  39  2651  34  2711  29  2751  24  2851
  20  2811  16  3051  12  3151   7  3311   2  3351  -3  3351  -4  3311   0  3351
   8  3451  23  3411  43  3251  64  2951  82  2711  94  2551  98  2451  95  2211
  85  2351  73  2551  62  2611  56  2751  54  2851  53  2911  52  2951  52  2951
  51  2911  50  3151  49  3251  47  3411  44  3351  41  3351  39  3211  40  3251
  45  3351  55  3311  69  3251  85  3051  99  2911 108  2751 110  2651 105  2411
  91  2551  74  2751  57  2811  45  2851  36  2951  29  2911  21  2951  14  2951
   9  2911   6  2951   6  3051   7  3011   8  3051  12  2951  19  2911
510  91   001  87   001  86   001  90   001  89   001  99   001 101   771
  99  1071  98  1271 101  1371 106  1471 110  1571 111  1471 110  1371 106  1271
 103  1171  99   971  95   871  91   951  86  1151  82  1211  79  1351  77  1351
  75  1411  73  1551  72  1551  70  1611  68  1551  68  1551  70  1411  75  1451
  83  1451  93  1411 105  1551 116  1651 127  1711 135  1751 141  1651 143  1611
 142  1451 138  1351 133  1111 127  1251 120  1251 115  1311 112  1451 109  1551
 106  1611 101  1751  95  1851  88  1911  82  1951  77  1851  76  1811  80  1851
  88  1851  98  1811 109  1851 120  1951 130  1911 137  2051 142  2151 142  2211
 138  1951 131  1751 123  1411 115  1451 107  1551 101  1511  97  1651  94  1851
  91  1911  88  2051  84  2251  81  2311  79  2251  79  2251  82  2111
579 117   001 119   001 120   001 113   001 105   001 101   001 108   571
 122  1071 135  1371 147  1771 153  1971 154  2071 145  1971 138  1871 130  1771
 121  1671 110  1471  99  1371  88  1451  77  1551  68  1611  61  1751  56  1951
  51  2011  46  2151  41  2251  33  2311  24  2351  18  2451  21  2411  36  2251
  59  2051  83  1811 102  2051 116  2151 127  2311 137  2251 143  2251 144  2111
 138  1951 126  1651 114  1411 103  1551  95  1751  88  1811  83  1951  79  2151
  75  2211  72  2351  67  2351  61  2411  53  2551  47  2551  50  2611  65  2451
  88  2151 111  1911 129  2151 142  2451 152  2611 159  2551 162  2551 159  2411
 148  2251 132  1951 116  1711 103  1851  93  2051  85  2111  79  2251  74  2451
  70  2511  66  2651  62  2651  57  2711  51  2851  47  2851  50  2911
588 101   001 102   001 101   001 104   001 105   001  99   001 102   671
 109  1171 116  1571 121  1671 123  1771 121  1771 115  1771 114  1771 111  1771
 103  1671  93  1671  81  1571  72  1651  65  1751  59  1811  54  1951  49  2051
  42  2111  34  2151  24  2151  16  2111  10  2051   8  2051  12  1911  22  1951
  36  1851  53  1811  71  1851  89  1851 106  1811 120  1851 129  1951 130  1911
 121  1851 106  1751  90  1611  78  1751  69  1851  63  1911  58  2051  54  2151
  51  2211  48  2251  44  2351  38  2311  31  2351  27  2251  31  2211  46  2151
  68  2151  92  2011 112  2051 129  2051 141  2011 150  2051 153  2051 148  2011
 134  1951 116  1951  97  1811  82  1951  71  2051  62  2111  55  2251  49  2251
  44  2311  40  2451  35  2451  30  2511  24  2451  21  2451  24  2311
621  95   001  93   001  88   001  84   001  57   001  58   001  72   971
  92  1471 108  1571 117  1771 116  1771 109  1771  99  1871  94  1871  90  1971
  85  1871  80  1771  74  1671  67  1751  60  1751  54  1811  49  1951  46  2151
  43  2211  40  2251  36  2351  35  2311  36  2451  41  2451  49  2511  62  2351
  78  2051  96  1811 114  1851 131  1951 145  1911 154  1951 157  2051 154  2011
 145  1951 132  1851 117  1711 103  1851  90  1851  81  1911  76  2051  73  2151
  72  2211  71  2351  70  2451  70  2511  70  2551  71  2551  74  2511  80  2351
  87  2251  97  2011 108  2051 119  2051 131  2011 142  2151 149  2351 150  2411
 142  2251 129  1951 113  1711  98  1851  85  1951  76  2011  70  2151  68  2351
  66  2411  64  2551  61  2751  56  2811  50  2851  47  2951  54  2911
630  97   001  98   001 103   001 100   001  92   001  92   001  98   471
 107   771 116  1271 122  1471 126  1371 123  1371 113  1371 103  1371  96  1371
  92  1271  91  1271  89  1171  85  1151  80  1151  74  1111  69  1251  65  1351
  62  1411  59  1451  56  1351  52  1311  47  1451  44  1551  47  1611  57  1551
  73  1551  90  1411 107  1451 121  1551 133  1511 142  1551 147  1551 147  1511
 143  1451 136  1451 128  1311 121  1251 114  1151 108  1011 101  1151  96  1251
  92  1311  91  1351  91  1451  90  1411  87  1551  83  1751  82  1811  86  1851
  94  1751 104  1711 115  1751 125  1651 134  1611 141  1651 146  1751 146  1711
 142  1651 134  1451 125  1311 117  1251 109  1251 102  1111  96  1251  91  1451
  88  1511  86  1651  84  1751  82  1811  78  1951  75  2051  77  2111
643 113   001 117   001 112   001 105   001  97   001  94   001 102   571
 115  1071 129  1271 141  1371 150  1471 154  1571 152  1471 149  1271 143  1171
 133  1171 123  1071 112  1071 105  1151  99  1251  94  1311  87  1351  81  1451
  75  1411  71  1351  68  1351  63  1211  56  1251  51  1251  53  1211  66  1351
  85  1351 105  1411 120  1551 131  1651 140  1711 148  1651 152  1451 151  1311
 143  1351 131  1251 121  1211 115  1251 113  1351 110  1311 105  1351  99  1451
  94  1411  91  1451  88  1351  83  1311  75  1351  69  1451  70  1411  82  1551
 101  1651 123  1711 143  1751 158  1851 170  1811 176  1851 177  1751 172  1711
 161  1551 147  1451 133  1211 122  1351 113  1351 104  1411  95  1651  86  1751
  80  1911  77  1851  77  1751  76  1611  73  1751  71  1851  73  1911
645 114   001 112   001 108   001 106   001 105   001  96   001 100   871
 111  1171 124  1171 136  1371 147  1471 152  1471 149  1471 142  1571 133  1571
 122  1471 111  1371 101  1271  94  1251  88  1351  82  1311  76  1451  69  1551
  62  1611  55  1751  49  1751  44  1811  40  1751  40  1751  46  1611  61  1651
  80  1651 100  1611 116  1651 130  1751 141  1711 151  1751 157  1751 156  1711
 146  1651 131  1451 117  1311 107  1451 101  1451  96  1511  91  1651  87  1651
  83  1711  79  1851  76  1951  71  2011  65  2051  62  1951  66  1911  80  1851
 100  1851 122  1711 141  1851 156  1851 168  1911 177  1951 180  2051 175  2011
 161  1851 142  1751 123  1511 109  1551 100  1651  93  1611  88  1751  83  1851
  79  1911  75  1951  71  2051  67  2011  63  2151  63  2151  68  2211
650 135   001 130   001 132   001 116   001 112   001 101   001 103   671
 111  1071 120  1071 127  1271 133  1371 137  1471 139  1471 139  1471 136  1471
 130  1471 123  1371 115  1371 108  1351 101  1351  95  1311  88  1451  81  1451
  74  1511  68  1551  63  1651  58  1611  53  1651  50  1751  54  1711  66  1651
  82  1451  98  1311 111  1451 121  1551 130  1611 139  1651 147  1551 148  1511
 142  1451 130  1351 119  1211 111  1251 106  1351 104  1311 103  1451 101  1551
  99  1611  95  1651  90  1751  84  1711  78  1851  74  1951  75  2011  82  1851
  94  1651 110  1411 127  1551 144  1751 157  1811 166  1751 168  1751 165  1611
 155  1551 142  1451 128  1311 116  1451 105  1451  96  1511  88  1751  83  1851
  81  2011  83  2051  85  2151  86  2111  83  2251  79  2351  80  2411
675 107   001 104   001 102   001 106   001 105   001 107   001 107   971
 108  2071 112  2071 119  1871 130  1671 141  1471 150  1371 155  1171 152  1071
 142  1071 127  1171 113  1171 104  1251  98  1351  92  1411  84  1551  75  1651
  67  1711  61  1851  58  1851  55  1911  52  1951  51  1951  52  1911  57  1951
  67  2051  82  2011 103  1851 126  1751 146  1511 160  1351 166  1251 163  1011
 152  1051 136  1151 121  1111 111  1251 105  1451 101  1511  96  1651  91  1751
  86  1811  82  1951  78  2151  74  2211  69  2351  66  2451  70  2511  83  2351
 103  2251 125  2011 147  1951 166  1751 181  1611 190  1551 193  1551 187  1411
 174  1351 155  1351 137  1211 121  1451 108  1651  96  1811  84  1951  74  2051
  66  2111  62  2351  60  2451  57  2611  53  2751  50  2851  53  2911
690 107   001 115   001 133   001 134   001 110   001 134   001 144   671
 147  1371 148  1471 149  1371 152  1171 154  1071 153   971 152   971 150   871
 146   971 141  1171 134  1271 126  1351 118  1351 111  1411 107  1551 104  1551
 101  1611  97  1651  92  1551  86  1511  80  1651  77  1851  80  1911  91  1851
 108  1651 124  1511 137  1451 146  1251 152  1111 156  1051 158  1051 156   911
 150  1051 141  1251 133  1311 127  1451 122  1451 118  1511 114  1551 109  1651
 106  1611 104  1651 102  1651 101  1611 100  1851 100  1951 103  2111 111  2051
 123  1851 135  1711 146  1551 155  1351 161  1111 164  1151 163  1151 160  1111
 154  1251 146  1351 138  1411 130  1551 122  1651 116  1711 111  1751 108  1751
 105  1711 103  1751 102  1751 100  1711  98  1851  97  1851  99  1911
747  74   001  65   001  64   001  62   001  75   001  83   001  88   871
  95  1471 105  1471 120  1471 136  1371 147  1371 152  1371 149  1371 140  1371
 129  1271 119  1171 109  1071 103  1251  99  1351  97  1511  95  1651  94  1651
  92  1711  90  1751  86  1851  81  1811  73  1851  68  1951  68  1911  78  1751
  94  1651 111  1411 126  1451 137  1451 145  1411 149  1451 151  1551 148  1511
 142  1451 134  1251 124  1111 114  1351 105  1451  97  1611  92  1751  89  1751
  86  1811  83  1951  82  2051  81  2111  83  2051  87  2051  95  1911 106  1851
 119  1751 132  1611 144  1651 153  1651 160  1611 164  1651 165  1751 161  1711
 153  1551 142  1451 130  1211 119  1351 110  1551 104  1611 101  1751  99  1951
  98  2011  95  2151  91  2351  86  2411  81  2351  78  2351  79  2211
NT  TEDF  78  35 1
20170228062017022801
20170228062017022802
20170228062017022803
20170228062017022804
20170228062017022805
20170228062017022806
20170228062017022807
20170228062017022808
20170228062017022809
20170228062017022810
20170228062017022811
20170228062017022812
20170228062017022813
20170228062017022814
20170228062017022815
20170228062017022816
20170228062017022817
20170228062017022818
20170228062017022819
20170228062017022820
20170228062017022821
20170228062017022822
20170228062017022823
20170228062017030100
20170228062017030101
20170228062017030102
20170228062017030103
20170228062017030104
20170228062017030105
20170228062017030106
20170228062017030107
20170228062017030108
20170228062017030109
20170228062017030110
20170228062017030111
20170228062017030112
20170228062017030113
20170228062017030114
20170228062017030115
20170228062017030116
20170228062017030117
20170228062017030118
20170228062017030119
20170228062017030120
20170228062017030121
20170228062017030122
20170228062017030123
20170228062017030200
20170228062017030201
20170228062017030202
20170228062017030203
20170228062017030204
20170228062017030205
20170228062017030206
20170228062017030207
20170228062017030208
20170228062017030209
20170228062017030210
20170228062017030211
20170228062017030212
20170228062017030213
20170228062017030214
20170228062017030215
20170228062017030216
20170228062017030217
20170228062017030218
20170228062017030219
20170228062017030220
20170228062017030221
20170228062017030222
20170228062017030223
20170228062017030300
20170228062017030301
20170228062017030302
20170228062017030303
20170228062017030304
20170228062017030305
20170228062017030306
002600140016001400160018001817172717271627152714271335133513311435163517311
73516351531143514351431143514351431143513351331143515351631173517351631173517351
73118351835173115351335123112351335143114351335133113351435153115351535153115351
43514311435143515311535153515311535153515311535153516311635153515311535153516311
005500140015001600170017001717172717271827182717271535133512311335153517311
73516351531143514351431153515351531153514351431153515351631173517351731173517351
73117351635153114351235123112351335143113351335133113351435153115351535153115351
53515311535153515311535153515311535153515311635163516311635153515311635163517311
015200160016001500150017001717172717271827182717271635143513311435163517311
73516351531153516351631163515351431133513351331143515351631173517351731173517351
73117351735163115351435133112351235123113351335143115351635163116351635153115351
63516311635153514311435143514311435153515311535163516311635163516311635163516311
027300130013001400170017001717182717271727162715271435143514311435153515311
53514351431133513351331133513351431143515351631163517351731173517351731173517351
73117351635153114351335123112351235123112351235123113351435153115351535143115351
53515311535153515311535153515311535153515311535153516311635163516311735173517311
070000110011001300140012001317152716271627172717271835183517311535133512311
33515351731173516351531153515351631173517351731163516351631163516351731173517351
73117351735173117351635163115351435133113351335133113351335133114351435153116351
63516311635163515311535143514311435143515311535163516311635153515311535153516311
110800170018001300160017001617142713271327122712271135113512311235123513311
23512351231123513351331143514351531163516351731173517351731173517351731173517351
73115351435123112351135113111351135113111351135123112351335133113351335133113351
33513311335143514311535163516311735173517311735173517311735173516311635163516311
120600170017001700150014001417132713271327123712371235123512311435153516311
53514351231123512351231133514351431153516351731173517351731173517351731173517351
73116351535143113351235113112351235123112351235123112351235123113351335143114351
53515311535153515311535143514311435143514311535153515311635163516311635163516311
130400130014001800180016001637162716271627162716271535143513311335133513311
33513351331123512351231123513351431153515351631163517351731173518351831173517351
73117351735163115351435133112351235123111351135123112351335133114351435143114351
43514311435153515311535153515311535153515311535153515311535163516311635163516311
145200140016001400130014001527152716271627162717271735173516311435133512311
33515351631163514351331133514351431153514351431153516351731173517351731173517351
73117351735173117351635153114351335123112351235123113351335133113351435153115351
63516311635163515311535143514311435143514311435143514311535153516311635163517311
149300120013001400130014001617172717271727162717371735173517311535133512311
33515351631153514351331133514351531153515351431153516351631173517351731173517351
73117351735173117351635153114351335123112351335133113351335133113351435153116351
63516311635163515311535153514311435143514311435143514311535153515311635163516311
156300140015001400120014001517161716271727172717271735173516311535133512311
33515351631163514351331133514351531153515351431153516351631173517351731173517351
73117351735173117351635153114351335123112351335133113351335133114351435153116351
63516311635163515311535143514311435143514311435143515311535153515311635163516311
168600140013001400140012001317141715171627162717271735173516311535133512311
33515351731173516351531153516351731173517351731173516351631163517351731173517351
73117351735173117351735173117351635163115351535143113351335123113351435143115351
63516311635153515311535143514311435143514311435153515311535153514311435143514311
180800180017001800140014001427142715271627162717371635153515311535163516311
43513351231123514351631173517351731173516351631163516351731173517351731173517351
73117351735173117351735173117351735173116351535143113351335133114351535163117351
73517311735173517311635153514311435143515311535153515311535153515311535153514311
190800180018001800170014001417152715271527162716371735173517311735163515311
43514351431143515351531163515351531153515351531163516351631173517351731173517351
73117351735173117351735173117351635163116351635163115351435143114351535163116351
73517311735173516311635153515311535153515311535153515311435143514311335133513311
222500130017001700180016001627162715271527152714271435133512311135113511311
23514351531153514351431143514351531153516351631173517351731173517351731173517351
73117351735173117351635163114351335123111351135123112351335143114351435133114351
43514311435133513311335143514311535163516311735173517311635163515311635163517311
240300140016001400180018001717151715271527162717271735173516311435123511311
23512351331143514351431143515351531153516351631163517351731173517351731173517351
73117351735173117351735163115351435133112351235123112351235133112351235123113351
43514311535153515311435143513311335143515311535153516311635163516311635153515311
255600150016001500150015001617162716271727172717271735173516311535143513311
23513351331143515351631163515351531153515351631163517351731173518351831173517351
73117351735173117351735173117351735163115351335123112351235133114351535153116351
53515311535153515311535143513311235123513311335133514311435143515311535153515311
260700170014001500150016001627162716271627162716271635163516311535153514311
33513351331143516351731173516351531153516351731173517351731173517351731173517351
73117351735173117351735173117351835173115351335123112351235133113351335133114351
53515311635163515311535143513311335133513311335143514311435143514311435143514311
280800180018001400160015001527162716271727172717271735173516311635163516311
53513351331133514351531153515351531153516351631163516351631173517351731173517351
73117351735173117351735173117351735173117351635163115351535143114351535153115351
53515311535153515311435143513311335133513311335143514311435143514311535163516311
299800180018001800180018001727162716271637173717371835183517311635143513311
43516351731163514351331143514351531153514351431143515351631163516351631163517351
73117351635163116351735173117351735173117351735173116351535143114351535153115351
53515311535153515311535143514311335133513311335133514311435133513311335123512311
434800170017001700170018001827182718271727172716271635163516311535133511311
13511351231143515351631163516351531153516351631173517351731173517351731173517351
73117351735173117351735173117351735173116351535143114351535153116351635153115351
43514311435143514311335123511311235123513311435143515311535153515311535153515311
460700180016001600170016001617171717271727172717371735163516311535143513311
23512351131113511351231133514351531153515351531153516351731173517351731173517351
73117351735163116351635163116351635163116351635163115351435133113351335133114351
33513311335143514311335133512311235123512311335133513311435143515311535163516311
481800170018001800180017001717172717271727172717271735173517311735163515311
43513351231113511351131133514351631163517351631163515351531153516351631173517351
73117351735173117351735173117351735173117351735173117351735173116351535143114351
43513311335133513311235123512311235123512311235133513311335123512311235133513311
497700180018001800180018001817182718271827182718271735183517311735173517311
73517351731173517351731173517351731173517351731173517351731173517351731173516351
63116351635163116351635163116351635163116351735173117351735173117351735173117351
63516311535153515311435133513311335123512311235133513311235123512311235123513311
510700170015001800160017001717172717271727173717371735163516311535133512311
23511351131113512351231123513351331143515351631173517351731173517351731173517351
73117351735163117351735173117351735173116351535153114351435143115351535153115351
53515311535143514311435153515311535153515311435143514311435153515311635163516311
579400150016001700180018001817172717271727163716271635173517311735163514311
33512351131113511351131113511351131113511351131133514351531153515351431143514351
43115351635173116351635163116351635163116351635163116351735173116351635153114351
43514311335123512311135113511311135113511311135113511311235133514311535153515311
588700170016001700170018001817172717171827182717271735173517311735173516311
53512351131103510351131113511351131113511351231133513351431133512351231133515351
63116351535153115351635163116351635153115351535163116351635163116351635153115351
53514311335123511311135113511311135113511311135113511311235133514311335123512311
621500150014001400140014001527152716271627162717271735173518311735163515311
53514351331133513351331133514351431143514351431153515351631173517351731173517351
73117351735163115351535153115351635173117351735173117351735173117351735173117351
73517311735173516311535143513311335133514311435133513311335133513311335133513311
630600180017001400140016001617162716271727172717371735173517311735163515311
43512351131113511351131123512351231133514351531153515351631163517351731173517351
63116351635163116351535153115351635163116351735173117351735173117351735173117351
63516311635153515311435143514311335123512311235133513311335143514311435143514311
643400140014001500170017001727172717271627162716371635163517311635163515311
33512351131113511351131113511351131123512351231133514351431143513351331143515351
63115351435143114351535163116351635153115351535163115351535143114351435143114351
53515311535143514311335123512311235123512311235123512311235123513311335143514311
645400150014001500180018001817182717271727162716271635163517311635153513311
23511351131113511351131113511351131113511351131123514351431143514351331143514351
43114351435143114351435153115351535153115351535163116351635163115351535153115351
53515311435133512311235113511311135113511311135113512311235133513311435143514311
650400140015001400160017001717182718271727172716371635163516311635173517311
63514351231113511351131113511351131113511351131113511351231123512351331123512351
23112351235133113351435143114351535153115351535153115351535153115351535153114351
33513311235123512311235123512311135113511311135113511311235123512311235123512311
675500140017001700170013001317142714271527152716271635163516311735173517311
63514351331123511351131113511351131113511351131113511351131113511351231123513351
43114351535153115351435143114351435143114351435143114351535153115351435143114351
33513311235123512311135113511311135113511311135113511311135113511311135123512311
690700140016001700170017001727172717271727172717371735173516311635153514311
53515351531143512351131103511351131113511351131113511351131113511351131123513351
33113351335133114351435143113351335123113351435153115351535143115351535153114351
33512311235123513311335143514311335133513311235123512311235133513311335133513311
747400130013001600170018001817172717271727162716371635163517311735183517311
53513351131113512351331133513351231133513351431143514351531153515351531153515351
53115351435143114351435153115351435143115351535153116351635163116351635173117351
73517311735173517311735163516311535153514311435133513311435143515311535153515311
