20170416011429
T2M TEDF  78  35 1
20170416012017041520
20170416012017041521
20170416012017041522
20170416012017041523
20170416012017041600
20170416012017041601
20170416012017041602
20170416012017041603
20170416012017041604
20170416012017041605
20170416012017041606
20170416012017041607
20170416012017041608
20170416012017041609
20170416012017041610
20170416012017041611
20170416012017041612
20170416012017041613
20170416012017041614
20170416012017041615
20170416012017041616
20170416012017041617
20170416012017041618
20170416012017041619
20170416012017041620
20170416012017041621
20170416012017041622
20170416012017041623
20170416012017041700
20170416012017041701
20170416012017041702
20170416012017041703
20170416012017041704
20170416012017041705
20170416012017041706
20170416012017041707
20170416012017041708
20170416012017041709
20170416012017041710
20170416012017041711
20170416012017041712
20170416012017041713
20170416012017041714
20170416012017041715
20170416012017041716
20170416012017041717
20170416012017041718
20170416012017041719
20170416012017041720
20170416012017041721
20170416012017041722
20170416012017041723
20170416012017041800
20170416012017041801
20170416012017041802
20170416012017041803
20170416012017041804
20170416012017041805
20170416012017041806
20170416012017041807
20170416012017041808
20170416012017041809
20170416012017041810
20170416012017041811
20170416012017041812
20170416012017041813
20170416012017041814
20170416012017041815
20170416012017041816
20170416012017041817
20170416012017041818
20170416012017041819
20170416012017041820
20170416012017041821
20170416012017041822
20170416012017041823
20170416012017041900
20170416012017041901
002 101   001 100   001  99   001  99   001  96   001  91   001  87   371
  83   471  80   671  79   771  80   871  84  1171  87  1371  90  1471  95  1471
 100  1471 103  1471 105  1371 106  1371 106  1271 105  1271 100  1271  98  1271
  93  1171  91  1171  87  1071  87  1071  87  1171  85  1171  85  1171  85  1171
  84  1171  83  1171  81  1171  81  1171  83  1271  87  1371  92  1471  96  1571
 100  1671 102  1771 103  1671 104  1671 102  1571  97  1571  93  1471  87  1471
  82  1371  78  1371  75  1271  71  1371  69  1371  66  1471  65  1251  62  1251
  60  1211  58  1251  56  1351  57  1311  60  1451  65  1451  71  1511  77  1651
  83  1851  88  1911  91  1851  91  1851  90  1711  87  1651  82  1651  78  1511
  74  1551  71  1451  67  1461  64  1461  61  1461  59  1461  57  1461
005  96   001  90   001  85   001  88   001  90   001  91   001  86   571
  78   771  72   971  70   871  73   871  83   971  96   971 109   871 116   971
 121  1071 122  1171 125  1271 127  1271 127  1371 124  1371 117  1271 109  1271
 101  1171  94  1171  89  1071  87  1071  87  1171  87  1171  87  1171  85  1271
  84  1271  82  1271  83  1171  86  1171  91  1171  99  1271 106  1271 112  1271
 118  1371 122  1371 124  1471 124  1671 122  1771 118  1671 111  1571 102  1471
  92  1371  81  1371  71  1271  65  1371  63  1471  60  1571  57  1351  56  1351
  55  1411  52  1351  51  1351  53  1211  62  1251  74  1251  86  1211  95  1351
 102  1551 106  1611 109  1751 111  1751 110  1811 106  1751  99  1751  90  1611
  78  1551  67  1551  58  1461  52  1461  47  1561  45  1561  42  1561
015  94   001  94   001  87   001  90   001  77   001  70   001  66   371
  64   571  61   771  59   871  63  1071  73  1071  85  1171  96  1071 103  1171
 106  1271 109  1371 112  1371 116  1371 117  1371 114  1271 109  1271 102  1171
  92  1071  86  1071  80   971  77  1071  73  1171  72  1271  70  1271  69  1171
  67  1171  65  1271  64  1371  67  1471  75  1471  87  1371  96  1371 103  1371
 108  1471 111  1471 114  1571 116  1671 115  1771 109  1571 100  1471  91  1271
  81  1271  72  1171  65  1171  58  1271  52  1471  48  1571  44  1351  44  1351
  42  1211  38  1351  35  1351  37  1411  48  1451  65  1351  81  1311  93  1451
 101  1551 107  1611 112  1751 115  1951 115  2011 111  1851 104  1651  94  1411
  83  1451  72  1351  61  1361  52  1461  44  1461  39  1561  36  1561
027  92   001  94   001  90   001  71   001  60   001  62   001  58   471
  52   771  47   971  45  1071  52   971  68  1071  92  1171 112  1071 126   971
 132   971 133   871 135   971 135   971 133  1071 127  1071 118  1171 111  1171
 102  1271  96  1271  91  1371  88  1371  87  1471  86  1471  84  1571  82  1571
  80  1671  79  1671  80  1571  86  1571  96  1471 109  1471 119  1371 127  1271
 132  1071 134   971 136  1071 136  1271 133  1371 127  1271 118  1271 108  1171
  97  1271  87  1471  79  1571  75  1571  73  1571  72  1571  64  1551  61  1651
  58  1711  54  1751  52  1651  56  1611  67  1551  81  1551  94  1411 102  1351
 107  1151 109  1011 111  1251 111  1351 110  1511 107  1451 101  1351  93  1211
  84  1251  74  1351  67  1361  61  1461  57  1461  53  1561  49  1661
070 101   001  98   001 105   001 109   001 101   001  85   001  74   571
  67   871  64  1271  65  1471  70  1671  81  1671  92  1671 104  1471 113  1471
 118  1371 121  1371 122  1371 125  1471 125  1471 123  1371 117  1371 106  1271
  96  1471  83  1571  72  1771  66  1971  61  2071  59  2171  55  2271  53  2371
  52  2471  53  2471  57  2471  64  2471  72  2271  85  1971  95  1671 105  1671
 114  1671 119  1671 121  1671 122  1771 120  1871 115  1771 107  1571  97  1371
  84  1571  71  1671  59  1871  52  2071  47  2271  45  2371  38  2351  35  2451
  32  2511  29  2551  29  2651  33  2611  44  2351  59  2051  74  1811  86  1751
  95  1751 102  1711 106  1851 109  1951 109  2011 107  1851 102  1751  92  1511
  76  1751  58  1951  48  2061  39  2261  31  2461  26  2661  21  2661
110 104   001 102   001  99   001  96   001  89   001  84   001  79   571
  75   871  72   871  73  1071  77  1071  85  1171  95  1371 110  1371 121  1271
 129  1271 136  1171 139  1171 140  1171 138  1171 133  1071 124   971 112   871
 101   971  89   971  80  1071  73  1171  69  1171  67  1271  68  1271  71  1271
  73  1271  75  1271  77  1271  81  1271  90  1271  99  1171 111  1171 121  1171
 132  1071 139  1071 141  1171 140  1171 136  1271 130  1171 122  1071 113   971
 103   971  95  1071  86  1071  81  1171  78  1171  76  1271  70  1151  69  1251
  67  1211  66  1251  66  1351  71  1311  81  1351  94  1251 107  1211 118  1251
 125  1151 130  1111 132  1251 130  1351 125  1411 117  1351 107  1251  96  1111
  86  1151  78  1251  71  1261  66  1361  63  1361  60  1461  58  1461
120  96   001  79   001  78   001  79   001  83   001  81   001  75   371
  69   571  64   771  64   871  70  1271  81  1271  93  1271 107  1171 117  1271
 123  1271 128  1371 132  1371 135  1471 135  1471 131  1471 123  1371 114  1371
 101  1371  90  1271  82  1271  75  1271  69  1271  68  1271  69  1371  71  1371
  73  1471  73  1471  73  1571  77  1571  87  1471  99  1471 112  1371 119  1371
 124  1471 127  1471 130  1471 131  1571 130  1571 126  1571 119  1471 111  1471
 100  1371  89  1371  79  1271  72  1271  69  1371  67  1371  65  1351  65  1351
  65  1411  65  1551  65  1551  69  1611  77  1551  86  1551  96  1411 103  1551
 108  1551 112  1611 114  1751 115  1751 113  1811 108  1851 101  1751  92  1711
  82  1651  73  1551  66  1461  62  1461  59  1561  58  1561  57  1661
130 106   001  99   001  93   001  82   001  77   001  80   001  74   571
  64  1171  56  1071  54  1371  61  1471  78  1471  97  1471 118  1371 130  1471
 136  1471 140  1571 147  1671 154  1771 156  1871 151  1671 140  1571 127  1371
 114  1371 101  1271  91  1271  81  1371  73  1471  67  1571  64  1671  64  1871
  63  1971  62  1971  62  1971  68  1971  82  1771  99  1671 118  1471 132  1471
 142  1571 149  1571 154  1771 156  1871 155  2071 150  1871 141  1571 129  1371
 116  1371 102  1371  90  1371  81  1471  75  1571  70  1671  61  1651  58  1851
  56  1911  52  2051  51  2051  55  2111  67  1951  85  1651 102  1411 116  1551
 126  1651 132  1711 136  1951 137  2051 135  2211 130  2051 123  1851 113  1611
 101  1651  88  1551  77  1561  68  1561  61  1661  54  1661  49  1861
145 112   001 102   001  93   001  90   001  81   001  72   001  65   471
  60   571  57   671  57   771  63   771  75   871  92  1071 104  1071 113  1071
 121  1071 125  1071 128  1171 132  1271 134  1371 135  1371 132  1271 126  1271
 114  1271 102  1171  90  1171  85  1171  83  1271  81  1271  78  1271  75  1271
  72  1271  71  1171  73  1071  78   971  84  1071  94  1271 104  1371 112  1371
 120  1371 127  1371 130  1471 133  1471 133  1571 131  1571 125  1571 117  1571
 105  1571  91  1571  80  1571  73  1571  69  1471  66  1471  58  1451  52  1451
  47  1411  43  1351  41  1251  44  1111  52  1251  65  1251  78  1311  90  1451
 101  1451 109  1511 115  1651 119  1651 120  1711 119  1751 116  1651 108  1611
  96  1651  83  1551  72  1561  63  1561  55  1561  49  1561  44  1561
149 126   001 117   001 101   001  87   001  77   001  60   001  54   371
  55   571  57   771  60   871  66   871  79  1071  96  1071 114  1071 125  1171
 130  1171 134  1271 139  1371 141  1471 142  1571 140  1471 135  1471 127  1371
 119  1371 109  1271 101  1271  93  1271  86  1371  81  1371  77  1371  75  1471
  74  1471  75  1371  77  1271  83  1171  92  1271 102  1371 113  1471 122  1471
 128  1571 134  1571 138  1671 141  1671 141  1771 137  1671 130  1571 122  1471
 111  1471 101  1571  90  1571  79  1671  70  1671  64  1771  56  1551  51  1451
  47  1411  45  1451  46  1351  51  1311  61  1351  74  1451  88  1411 100  1551
 110  1551 118  1611 124  1751 127  1751 127  1811 124  1751 118  1751 111  1611
 103  1651  93  1651  83  1661  73  1761  63  1761  54  1861  47  1861
156 132   001 122   001 111   001 103   001  96   001  91   001  88   371
  85   471  83   671  83   771  86   771  95   971 109  1071 123  1171 131  1171
 138  1171 143  1171 146  1271 147  1371 147  1471 145  1371 140  1271 135  1171
 124  1071 117  1071 109   971 104   971 102   971  98   971  95   971  93   971
  92   971  89   971  89  1071  92  1071  98  1171 106  1371 115  1471 123  1471
 131  1371 138  1371 144  1471 148  1571 148  1671 143  1571 134  1471 125  1371
 115  1271 106  1271 100  1171  92  1171  86  1071  80  1071  72   951  68   951
  65   911  61   951  58  1051  59  1011  67  1251  79  1351  92  1511 104  1551
 113  1551 122  1511 129  1651 134  1751 135  1811 131  1751 124  1551 116  1411
 108  1351  99  1351  91  1261  83  1261  75  1161  69  1161  64  1261
168 112   001 106   001 107   001 109   001 108   001 100   001  89   571
  78   771  69  1071  66  1371  70  1471  81  1571  95  1471 111  1271 122  1271
 127  1371 130  1371 131  1371 133  1371 133  1371 132  1371 128  1471 119  1471
 106  1571  91  1571  76  1671  67  1771  61  1771  57  1871  54  1971  51  1971
  49  2071  49  2171  52  2171  59  2271  70  2071  83  1771  96  1571 106  1571
 114  1671 120  1671 125  1671 126  1771 125  1771 120  1671 112  1571 101  1471
  87  1571  72  1571  59  1671  50  1771  45  1971  42  2071  33  1951  28  2051
  23  2011  18  2151  16  2351  20  2411  33  2151  51  1951  70  1611  85  1651
  96  1751 104  1711 110  1851 114  1851 115  1911 114  1851 108  1851  97  1711
  80  1751  61  1851  47  1861  37  2061  29  2161  25  2361  21  2361
180 105   001  99   001  97   001  98   001  98   001  98   001  91   371
  80   771  71   971  67  1271  69  1271  78  1371  90  1171 103   971 109  1071
 111  1271 112  1371 110  1471 111  1471 111  1571 110  1571 107  1471  99  1471
  91  1571  81  1571  69  1671  63  1671  59  1571  56  1571  50  1771  47  1871
  44  2071  44  2071  46  1971  52  1971  63  1771  76  1571  89  1371  97  1471
 103  1471 106  1571 109  1771 109  1871 108  2071 105  1871  99  1771  90  1571
  77  1671  63  1671  50  1771  43  1771  39  1671  36  1671  30  1751  26  1951
  20  2011  13  2151   9  2151  13  2211  27  1951  47  1751  66  1411  78  1451
  86  1551  90  1511  94  1751  97  1951  98  2111  97  1951  92  1851  83  1611
  69  1751  53  1751  40  1861  30  1861  23  1861  19  1861  16  1961
190 102   001 103   001 105   001  99   001  92   001  86   001  82   671
  79   971  77  1071  76  1171  80  1071  91  1171 104  1171 116  1171 121  1371
 123  1471 123  1671 123  1671 123  1571 122  1571 119  1471 114  1371 106  1271
  98  1271  87  1371  79  1371  72  1471  67  1571  63  1671  63  1771  60  1771
  59  1871  57  1771  57  1671  60  1571  70  1571  83  1471  94  1471 101  1571
 105  1771 108  1871 113  1871 117  1971 118  1971 113  1771 104  1571  94  1371
  84  1471  75  1471  67  1571  59  1671  51  1771  46  1871  44  1751  41  1751
  38  1811  34  1751  31  1751  34  1611  44  1551  59  1551  74  1411  86  1651
  95  1751 102  1911 108  2051 112  2051 112  2111 106  1951  96  1751  84  1511
  72  1651  61  1651  51  1761  41  1861  34  1861  28  1961  25  2061
222 122   001 113   001 106   001 104   001 100   001 101   001  96   371
  88   571  82   971  81  1271  87  1271  99  1171 113  1271 128  1171 141  1271
 148  1371 155  1471 161  1571 166  1571 169  1671 167  1571 160  1471 151  1371
 135  1271 118  1271 104  1171  93  1171  86  1271  79  1271  73  1371  69  1471
  64  1571  58  1571  57  1671  63  1671  78  1571  98  1371 118  1271 134  1371
 145  1371 154  1471 161  1671 165  1871 166  2071 163  1871 157  1771 148  1571
 136  1471 121  1371 109  1271  99  1271  92  1171  87  1171  82  1351  77  1451
  71  1511  67  1551  66  1651  70  1611  81  1551  97  1351 113  1211 127  1351
 139  1551 146  1611 149  1851 149  2151 147  2311 144  2151 140  2051 132  1811
 121  1651 107  1551  96  1361  86  1261  78  1161  71  1061  64  1261
240 122   001 122   001 120   001 112   001 104   001 103   001  96   471
  87   671  79   771  76   871  78   971  88  1071 102  1171 116  1171 127  1271
 132  1271 137  1371 142  1471 149  1571 153  1671 153  1471 149  1371 139  1171
 127  1171 112  1271  98  1271  86  1171  78  1171  73  1071  71  1171  69  1271
  66  1371  62  1371  60  1471  64  1471  77  1471  94  1371 111  1371 125  1371
 134  1471 142  1471 149  1571 154  1571 155  1671 152  1571 145  1371 136  1271
 125  1271 113  1271 101  1271  92  1271  84  1271  78  1271  77  1351  73  1351
  68  1411  61  1451  56  1551  57  1511  67  1451  82  1451  97  1311 109  1451
 117  1451 123  1511 128  1651 132  1851 133  1911 131  1751 125  1651 116  1411
 105  1351  92  1351  81  1261  71  1261  63  1161  57  1161  52  1161
255 117   001 111   001 111   001 110   001 110   001 107   001 101   271
  94   471  88   571  84   671  86   771  93  1171 104  1371 116  1371 123  1471
 128  1571 132  1671 138  1671 144  1771 148  1771 148  1671 143  1571 135  1471
 126  1371 115  1271 105  1171  95  1171  86  1071  78  1071  71  1171  65  1171
  61  1271  59  1371  61  1371  69  1471  83  1471  99  1471 116  1471 127  1571
 137  1771 143  1871 150  1871 153  1971 155  1971 152  1871 147  1671 137  1571
 127  1471 115  1271 106  1171  97  1171  90  1271  83  1271  77  1151  71  1151
  64  1211  56  1251  51  1351  52  1311  62  1351  77  1451  91  1411 101  1551
 108  1751 113  1811 119  1951 124  2151 127  2211 125  2051 120  1851 112  1611
 102  1451  91  1351  80  1161  71  1161  63  1161  55  1161  48  1261
260 117   001 112   001 113   001 111   001 110   001 111   001 105   871
  97  1571  90  1771  88  1871  92  1871  99  1671 108  1571 121  1171 128  1271
 132  1371 136  1471 139  1571 144  1771 147  1871 147  1771 142  1671 131  1571
 115  1671  95  1871  76  1971  62  2071  53  2171  48  2271  44  2471  41  2571
  39  2771  38  2671  40  2671  50  2571  70  2071  93  1671 114  1171 128  1271
 136  1371 141  1471 146  1671 149  1871 150  2071 146  1971 139  1871 127  1771
 110  1871  93  2071  78  2171  69  2371  62  2471  57  2671  44  2551  38  2651
  32  2811  26  2851  23  2751  29  2711  46  2251  68  1751  89  1211 103  1351
 111  1451 116  1511 120  1751 123  2051 124  2211 123  2051 117  1951 106  1711
  88  1851  68  1951  52  2061  40  2261  30  2361  24  2561  18  2761
280 111   001  98   001 104   001 107   001  97   001 101   001  97   471
  90   771  84   971  82  1071  84  1171  91  1371 102  1271 116  1171 128  1171
 136  1271 143  1271 147  1271 148  1271 146  1271 141  1271 133  1171 123  1171
 111  1171  99  1271  89  1271  80  1371  74  1471  70  1571  67  1671  64  1671
  61  1771  57  1771  55  1671  60  1671  75  1571  94  1571 112  1471 126  1571
 135  1571 143  1671 148  1671 152  1771 152  1771 147  1571 137  1471 125  1271
 111  1271  98  1171  87  1171  79  1271  73  1371  68  1471  61  1551  56  1551
  49  1611  41  1651  34  1551  35  1511  45  1551  62  1451  78  1411  90  1551
  99  1651 106  1711 113  1751 118  1851 119  1811 116  1651 108  1451  96  1211
  81  1251  66  1251  53  1261  43  1361  36  1361  31  1461  29  1561
299 117   001 112   001 113   001 109   001 103   001 100   001  96   571
  91   971  87   971  86  1171  88  1271  95  1271 103  1271 113  1071 119  1171
 122  1371 124  1471 124  1471 125  1471 124  1471 120  1471 113  1371 104  1371
  95  1371  84  1371  76  1371  70  1571  65  1771  61  1971  56  1971  53  2071
  51  2071  50  1971  51  1971  57  1871  68  1671  82  1471  95  1271 106  1371
 113  1471 119  1571 124  1671 126  1871 125  1971 119  1871 109  1671  96  1571
  84  1571  73  1571  62  1571  55  1771  49  1871  46  2071  40  2051  37  2151
  33  2211  27  2151  23  2151  24  2011  33  1751  47  1551  61  1211  72  1351
  80  1551  87  1611  93  1851  97  1951  98  2111  95  2051  88  1851  78  1711
  65  1751  51  1651  40  1661  31  1861  24  2061  19  2261  15  2461
434 102   001 101   001 101   001  97   001  85   001  87   001  85   471
  82   571  79   771  79   771  82   771  87   971  97  1271 104  1371 111  1471
 117  1671 124  1771 130  1771 136  1771 140  1771 139  1671 134  1671 124  1571
 114  1471 103  1271  91  1171  86  1171  82  1171  79  1171  76  1171  72  1171
  65  1171  60  1171  59  1071  64  1071  78  1271  98  1371 116  1571 132  1771
 141  1871 150  2071 157  2171 161  2171 163  2271 161  2071 154  1971 146  1771
 135  1571 124  1371 113  1171 106  1171 100  1271  95  1271  88  1251  81  1151
  75  1111  70  1151  67  1051  70  1011  79  1351  91  1651 103  1911 112  2151
 118  2251 122  2411 124  2451 124  2551 121  2511 116  2351 109  2151 100  1911
  90  1751  80  1651  72  1461  65  1461  60  1361  55  1361  51  1461
460 110   001 112   001 112   001 107   001  99   001  95   001  93   571
  92   971  91  1071  91  1171  93  1171 100  1471 110  1671 121  1671 130  1671
 136  1671 141  1671 149  1571 153  1571 154  1471 149  1371 141  1271 128  1171
 119  1271 110  1471 100  1571  90  1571  81  1671  73  1671  69  1771  65  1871
  61  1971  58  1971  57  1871  63  1871  78  1871 100  1871 120  1871 136  1871
 146  1971 153  1971 160  2071 164  2071 165  2171 160  1971 152  1671 142  1471
 130  1571 119  1571 110  1671 101  1771  94  1771  88  1871  80  1651  75  1751
  69  1811  62  1851  58  1851  59  1811  68  1851  81  1951  95  1911 105  1951
 111  1851 116  1811 119  2051 121  2151 119  2311 114  2051 106  1751  96  1411
  86  1451  76  1451  67  1461  58  1561  50  1561  42  1661  36  1861
481 107   001 107   001 113   001 115   001 115   001 112   001 107   271
 102   371  98   371  97   671  99   671 105   971 113  1171 121  1271 130  1271
 137  1371 143  1371 148  1371 151  1471 152  1471 151  1471 148  1371 141  1371
 129  1371 116  1271 105  1271  98  1271  94  1171  89  1171  83  1171  76  1071
  70  1071  66  1071  65   971  70   971  79  1171  94  1271 108  1471 123  1471
 137  1571 147  1571 154  1671 159  1871 160  1971 158  1871 156  1671 147  1571
 137  1471 123  1371 113  1271 104  1271 100  1271  95  1271  88  1251  84  1251
  79  1211  73  1251  67  1151  66  1111  71  1251  79  1451  89  1511  98  1551
 105  1651 111  1611 117  1851 120  1951 121  2111 117  2051 110  1851 101  1711
  90  1651  80  1551  71  1461  63  1461  56  1361  50  1361  45  1461
497 110   001 109   001 103   001  99   001  94   001  91   001  83   571
  74   971  66  1171  63  1471  68  1671  82  1771 101  1871 123  1571 141  1671
 154  1871 163  1971 169  2071 170  2171 164  2271 152  2071 135  1771 120  1571
 106  1671  95  1771  87  1871  80  1871  75  1771  67  1771  61  1771  54  1871
  48  1871  40  2071  37  2271  43  2471  62  2271  89  2071 115  1871 136  1871
 150  1971 160  1971 166  2071 169  2071 165  2171 155  1971 140  1871 124  1671
 109  1771  98  1771  87  1871  80  1871  75  1871  71  1871  63  1851  56  1851
  49  1811  43  2051  39  2351  41  2511  49  2251  60  2051  73  1711  85  1851
  95  1851 103  1911 109  2051 111  2251 108  2311  98  2151  84  1851  69  1611
  56  1651  44  1751  35  1761  26  1761  20  1861  15  1861  11  1861
510 108   001  97   001  88   001  84   001  82   001  86   001  84   371
  79   771  76   871  77   871  85   871 100  1071 119  1271 137  1471 149  1471
 156  1371 162  1371 168  1471 175  1571 178  1671 177  1571 170  1571 159  1471
 143  1371 126  1271 109  1171  97  1171  89  1271  84  1271  81  1371  78  1371
  74  1471  69  1371  67  1271  73  1171  91  1271 117  1471 144  1571 166  1571
 182  1471 194  1471 203  1671 207  1871 207  2071 203  1971 196  1771 183  1671
 168  1471 151  1371 133  1171 120  1271 110  1271 103  1371  97  1251  93  1251
  90  1211  87  1251  87  1151  93  1111 106  1251 123  1251 141  1311 156  1451
 167  1651 174  1711 177  1951 178  2251 176  2411 173  2251 167  2051 157  1811
 143  1651 127  1551 112  1361 101  1361  93  1361  86  1361  79  1461
579 140   001 132   001 123   001 131   001 126   001 124   001 119   671
 114   971 111  1171 112  1271 119  1371 133  1471 150  1571 165  1371 177  1371
 184  1371 191  1371 197  1371 201  1471 200  1471 193  1371 180  1371 169  1271
 157  1371 150  1471 142  1571 137  1671 132  1871 127  1971 121  1971 116  2071
 111  2071 109  2071 109  1971 116  1971 131  1871 149  1671 169  1571 185  1571
 197  1471 207  1471 213  1571 217  1671 216  1771 211  1671 200  1471 190  1371
 179  1471 168  1471 158  1571 150  1771 143  1871 137  2071 124  2151 116  2151
 108  2211 103  2151 101  2051 104  1911 113  1851 126  1751 138  1611 147  1651
 153  1751 157  1711 160  1751 161  1851 158  1811 150  1651 139  1551 128  1311
 118  1451 110  1551 102  1661  94  1861  87  1961  81  2161  76  2361
588 149   001 142   001 133   001 134   001 127   001 124   001 117   671
 110   871 105   971 105  1171 112  1171 126  1471 142  1571 162  1471 180  1471
 193  1471 202  1471 206  1571 206  1771 201  1871 190  1871 178  1971 164  1971
 150  1971 136  1871 125  1871 117  1971 110  1971 104  2071  98  2071  92  2071
  85  2071  80  2071  79  1971  86  1971 105  1971 130  1871 155  1871 175  1771
 191  1771 202  1671 207  1871 208  2171 205  2371 196  2371 186  2271 173  2271
 160  2171 149  2071 138  1971 128  1971 120  2071 113  2071 103  2051  97  2151
  93  2111  91  2151  92  2051  97  2011 107  1951 119  1951 131  1811 140  1851
 147  1851 152  1811 156  2151 157  2451 153  2711 142  2551 127  2251 112  2011
 101  2051  94  1951  84  1961  76  2061  69  2061  62  2161  57  2261
621 113   001 106   001 105   001 103   001 101   001  97   001  92   471
  86   771  80   871  77   971  80  1071  93  1471 113  2071 133  2271 146  2071
 153  1971 158  1771 165  1671 171  1671 175  1571 175  1571 171  1671 159  1671
 142  1671 123  1671 106  1671  95  1671  90  1671  87  1671  85  1771  81  1971
  75  2071  66  1971  61  1871  66  1771  87  2071 117  2271 145  2571 162  2371
 172  2271 178  2071 186  1971 193  1971 198  1871 198  1871 192  1871 178  1871
 157  1871 132  1771 113  1771 100  1771  95  1771  93  1771  92  1851  87  1951
  81  2011  74  1951  70  1851  76  1711  94  2051 118  2351 141  2611 157  2551
 167  2351 173  2211 178  2251 181  2251 181  2211 178  2151 170  1951 156  1811
 136  1851 114  1751  96  1761  84  1761  78  1861  73  1861  67  2061
630 119   001 113   001 110   001 102   001 103   001  99   001  97   271
  95   471  93   571  92   771  95   871 103  1071 115  1271 129  1171 141  1271
 152  1271 162  1371 172  1371 178  1371 181  1371 180  1371 174  1471 165  1471
 155  1471 143  1371 128  1371 116  1371 105  1271  97  1271  91  1271  86  1371
  83  1371  77  1371  74  1471  78  1471  92  1371 112  1371 134  1271 152  1271
 167  1371 180  1371 191  1471 200  1471 204  1571 202  1571 196  1671 187  1671
 174  1571 161  1471 147  1371 133  1371 120  1271 110  1271 104  1351 100  1351
  96  1311  92  1451  90  1451  93  1511 104  1551 119  1451 136  1411 151  1551
 163  1551 172  1611 179  1651 183  1651 183  1611 179  1651 171  1651 161  1611
 149  1551 135  1451 120  1361 104  1361  89  1461  77  1461  69  1561
643 152   001 146   001 135   001 138   001 137   001 130   001 123   371
 116   671 110   771 108  1071 115  1071 135  1171 163  1371 188  1371 203  1471
 211  1571 217  1671 223  1571 228  1471 229  1371 222  1371 210  1471 194  1471
 180  1471 164  1371 150  1371 137  1371 129  1471 121  1471 117  1471 110  1471
 103  1471  94  1471  90  1471  98  1471 121  1571 156  1571 188  1671 210  1571
 220  1571 224  1471 226  1471 226  1471 226  1471 226  1471 221  1471 213  1471
 200  1471 184  1371 169  1371 158  1371 151  1471 146  1471 136  1451 132  1451
 126  1411 119  1451 115  1351 119  1311 134  1451 154  1451 173  1511 185  1551
 191  1551 194  1511 197  1551 197  1651 193  1611 183  1651 170  1551 156  1511
 144  1551 134  1451 125  1461 115  1461 107  1461 100  1461  95  1561
645 149   001 139   001 136   001 133   001 129   001 129   001 125   371
 120   671 119   771 121   971 130   971 144  1371 161  1571 176  1671 188  1571
 198  1571 208  1471 218  1471 226  1471 225  1471 213  1471 196  1371 176  1371
 165  1571 155  1671 149  1871 139  1871 131  1971 123  1971 118  1871 116  1771
 113  1671 110  1571 110  1571 118  1471 137  1571 161  1771 185  1871 204  1771
 216  1571 227  1471 236  1571 241  1571 240  1671 231  1571 216  1371 201  1271
 187  1471 175  1771 164  1971 155  1971 148  1971 142  1971 129  1951 125  1851
 122  1711 119  1651 118  1551 122  1411 132  1651 145  1751 158  1911 168  1851
 176  1751 182  1611 187  1651 190  1751 186  1711 175  1651 159  1551 144  1411
 133  1651 125  1751 115  1961 106  1961  98  1961  91  1961  86  2061
650 164   001 157   001 151   001 146   001 139   001 139   001 134   371
 128  1071 124   871 125  1271 132  1271 146  1371 162  1371 177  1271 189  1371
 197  1471 203  1571 207  1571 209  1471 208  1471 202  1371 194  1371 183  1271
 173  1371 163  1371 155  1471 145  1571 135  1771 126  1871 121  1871 117  1871
 113  1871 109  1771 107  1671 113  1571 130  1571 150  1571 171  1571 186  1671
 194  1671 202  1771 208  1771 211  1671 210  1671 204  1671 195  1571 185  1571
 178  1571 173  1571 167  1571 158  1671 148  1871 137  1971 126  1851 119  1951
 113  1911 110  1851 110  1851 116  1711 128  1651 143  1651 157  1511 166  1651
 170  1651 172  1711 173  1751 171  1651 166  1611 157  1651 145  1651 135  1611
 127  1651 122  1751 113  1761 104  1861  97  1961  90  2061  85  2161
675 178   001 170   001 154   001 140   001 137   001 131   001 125  1371
 121  1571 121  1871 124  2071 134  2171 150  2071 171  2171 196  2071 220  1971
 241  1771 255  1671 261  1671 260  1771 254  1771 243  1771 229  1671 211  1671
 194  1771 176  1771 160  1871 146  1971 133  1971 123  2071 118  2171 113  2371
 108  2471 102  2571 101  2571 109  2671 131  2471 159  2371 188  2171 212  2171
 227  2071 237  2071 240  2171 238  2271 232  2371 221  2271 208  2071 194  1971
 179  1971 165  1971 151  1971 139  2071 128  2071 119  2171 105  2151 102  2251
 100  2311  99  2451 101  2651 109  2711 124  2551 144  2451 164  2211 181  2151
 193  2151 199  2011 199  2151 193  2251 184  2311 172  2251 160  2051 147  1911
 135  1951 124  1951 113  1961 103  2061  94  2161  87  2261  82  2461
690 166   001 164   001 157   001 156   001 152   001 161   001 157   371
 148   571 140   571 136   871 141   971 155  1171 171  1171 185  1071 193  1071
 194  1171 194  1171 194  1171 194  1171 193  1171 188  1071 182  1071 175   971
 171  1071 169  1171 163  1271 159  1371 152  1471 147  1571 143  1571 140  1571
 136  1571 132  1571 130  1571 133  1571 145  1471 163  1471 176  1371 185  1271
 187  1271 188  1171 188  1171 188  1271 186  1271 182  1171 176  1171 169  1071
 163  1171 158  1171 153  1271 149  1371 145  1471 141  1571 138  1451 136  1451
 133  1411 129  1451 127  1451 129  1411 137  1451 147  1351 158  1311 166  1251
 170  1151 173  1011 174  1151 173  1151 168  1211 160  1151 150  1151 142  1011
 137  1151 135  1151 130  1261 125  1361 120  1361 116  1461 115  1561
747 151   001 147   001 144   001 142   001 137   001 138   001 136   671
 132   871 128  1171 126  1571 129  1671 139  1471 154  1471 171  1271 186  1271
 196  1171 206  1171 213  1371 216  1671 215  1871 209  1771 200  1771 190  1671
 178  1771 171  1871 162  1971 156  1971 152  1871 150  1871 146  1971 142  1971
 135  2071 128  2071 124  2071 129  2071 145  1871 166  1671 188  1471 202  1471
 213  1371 219  1371 225  1571 228  1871 227  2071 221  1971 212  1971 200  1871
 189  1971 179  1971 171  2071 167  1971 163  1971 159  1871 154  2051 148  2151
 142  2211 136  2251 133  2251 136  2211 146  2051 160  1951 176  1711 190  1651
 200  1451 207  1311 209  1651 207  1851 203  2111 197  2051 190  1951 179  1811
 165  1951 150  2051 137  2161 128  2161 122  2061 118  2061 116  2361
NT  TEDF  78  35 1
20170416012017041520
20170416012017041521
20170416012017041522
20170416012017041523
20170416012017041600
20170416012017041601
20170416012017041602
20170416012017041603
20170416012017041604
20170416012017041605
20170416012017041606
20170416012017041607
20170416012017041608
20170416012017041609
20170416012017041610
20170416012017041611
20170416012017041612
20170416012017041613
20170416012017041614
20170416012017041615
20170416012017041616
20170416012017041617
20170416012017041618
20170416012017041619
20170416012017041620
20170416012017041621
20170416012017041622
20170416012017041623
20170416012017041700
20170416012017041701
20170416012017041702
20170416012017041703
20170416012017041704
20170416012017041705
20170416012017041706
20170416012017041707
20170416012017041708
20170416012017041709
20170416012017041710
20170416012017041711
20170416012017041712
20170416012017041713
20170416012017041714
20170416012017041715
20170416012017041716
20170416012017041717
20170416012017041718
20170416012017041719
20170416012017041720
20170416012017041721
20170416012017041722
20170416012017041723
20170416012017041800
20170416012017041801
20170416012017041802
20170416012017041803
20170416012017041804
20170416012017041805
20170416012017041806
20170416012017041807
20170416012017041808
20170416012017041809
20170416012017041810
20170416012017041811
20170416012017041812
20170416012017041813
20170416012017041814
20170416012017041815
20170416012017041816
20170416012017041817
20170416012017041818
20170416012017041819
20170416012017041820
20170416012017041821
20170416012017041822
20170416012017041823
20170416012017041900
20170416012017041901
002300130014001300140012001317132714271527162716371735173117351735173117351
73516311635163516311635163515311635163516311635163516311635163515311535143513311
33513351331133512351231123511351131113511351131123513351431133513351231123512351
23112351135113112351235133112351235113111351235123112351235123612361236133613361
005300120014001300140013001317142714271427152715371635173117351735173116351
63516311535153514311535153516311635153515311535163516311635163515311535153514311
43514351431143515351531143513351231113511351231123512351231123512351131113511351
23112351135113112351235123112351235123111351135113111351135123612361236123612361
015400140014001400140014001417142715271527162716371735173117351735173117351
73517311735173517311735173517311635163516311635163516311635163515311535153514311
43513351331123512351231123512351131113512351231123512351231123512351231123512351
23112351235123112351135113112351235123113351335133113351235123613361336143614361
027600140013001200100010001017102710271127122712371335133114351535163116351
63515311435133512311235123513311335143514311535153516311635153515311535153515311
53515351531153514351331133512351231123512351231123512351231123512351231113511351
23112351235123112351235123111351135113111351135113111351135123612361336133614361
070400160016001500140013001417142715271627162717371735173117351735173117351
73517311635153514311435143515311535153514311435153515311635163517311735163516311
53514351431143514351431143513351331133512351231123512351231123512351231123512351
23112351235123112351135113112351235123112351235113111351135113611361136113611361
110700170018001800130014001417132713271327132713371335133113351335123112351
23512311235123511311235123512311235123512311235133514311535163516311635163515311
53515351531143513351231123512351231123511351131123512351231123512351231123512351
23111351135113111351135113111351135113111351135113111351135113612361236133614361
120400120015001800170014001417132713271227122712371235133113351335133113351
33513311335133513311335133512311235123512311335143515311535153515311635163516311
63516351531143514351331123512351231123512351231133513351331133513351231123512351
23112351235123112351235123112351235123112351235123112351235123612361336143614361
130500130016001400120016001517152714271327132713371235133114351435143114351
43514311435143513311335123512311235133513311335133513311435153516311635163516311
63515351531153514351331133512351231123512351231123512351231123512351131113511351
13111351135113111351235123112351135113111351135113111351135113612361236133613361
145400140013001400110014001417141714271427142714371535153114351435153115351
63517311635153514311335133513311335133513311335133514311535163516311635153515311
53515351631153515351431143514351431133513351331123512351231123512351231123511351
13111351135113111351235123112351235123112351235113111351135113611361136113611361
149400140014001500130014001417132714271427142715371535153115351535153116351
73517311635153513311335133513311335133513311335133513311435163516311635163515311
53516351631163514351431133513351431143513351331123512351131113511351131113511351
13111351135113111351235123112351235123112351235113111351135113611361136113611361
156400140013001200110013001317131714271427142714371535153114351435153116351
73517311635153513311335133513311335133513311335133513311535163516311635153515311
53516351631153514351431133514351431143514351331133512351131113511351131113511351
13111351135113111351235123112351235123112351235113111351135113611361136113611361
168600170015001700150016001617162716271627162716371635163115351535153116351
73517311735163515311435143514311435153515311535163516311635163516311635173517311
73516351631163516351531153514351331123512351231113511351131113511351131123512351
23112351235123112351235133113351335133113351235123111351135113611361136113611361
180400140014001600150016001617162716271637163716371735173117351735173117351
73517311735173517311735163516311635163517311735173517311735173517311735173517311
73517351731173517351631153513351231113511351131113512351231123512351331143514351
53114351335123112351135123112351335143113351335123112351235123612361236133613361
190600160016001600140017001717161716271627162716371635163116351635173117351
73517311735173517311735173517311735173517311735173517311735173517311735173517311
73517351731163516351531143513351231133514351531153515351531153515351531163516351
63116351535143113351335133114351535153115351535143113351335133614361436143615361
222800150018001600150017001617151715271527152714371435143114351335133113351
33513311335123512311235123511311135113511311235123512311235123512311335133514311
53515351631163515351531143513351231123512351231123512351231123512351131113511351
13111351135113111351135113111351135113111351135113111351135123612361236133613361
240700180018001800140014001317122712271227122712371335133113351335143115351
53516311635163515311435123511311135113512311235123512311235133514311535153516311
63516351631163515351531143513351231123512351331133513351331133513351231123512351
23112351235113111351135123112351235123112351135113111351135113611361136113611361
255600170017001700170017001617152715271527142714371335133113351335143114351
53515311535153515311535163516311535143513311235123512311235123513311335133513311
43516351731173516351631163516351631163516351531143513351231113511351131113511351
13111351135113111351235123112351235123111351135113111351135113611361136113611361
260700160017001700160017001717161716271627162715371435143114351435143115351
53516311535143514311335133514311435153515311435133512311135123513311335133514311
53516351731173517351631163516351631153514351331123512351231113511351131113511351
13111351135113112351235133114351435143113351235113111351135113611361136113611361
280300130014001300140015001517151715271627162716371735173116351535153115351
63516311635153514311435143515311535143514311335133512311235133514311435143514311
53516351631163516351631153515351531153515351431133512351131113511351131113511351
13111351135113112351335133114351435133113351235113111351135113611361136113611361
299700170017001600150015001517151715271527162717371735173117351635163116351
63517311735173517311735163516311635163517311735173517311635153515311635173517311
83517351731173517351731163516351631163516351631163516351631163516351631163515351
53115351535153115351535153115351635153114351335133113351535153615361536153615361
434800180018001600110016001617162716271527162716371635163115351335123112351
23512311235123511311135113511311135113511311135113511311135113511311135113511311
23512351331133513351331133512351231113511351231123512351231123512351231123512351
13111351135113111351135113111351135113111351135113111351135113611361136113611361
460700180017001200140016001617161716271627162717271735173117351635153115351
43513311335133512311235123511311135123512311235123512311235133513311435143514311
43513351331133513351431133513351331133513351431143515351531153515351431143515351
43114351335123112351135123112351235123112351235113111351135123612361236133613361
481100160017001700150017001617142713271327132713271435143115351435143114351
43514311335133513311335133514311435133513311235123511311135123512311235123511311
13511351231133514351531153515351531153514351431143514351431143513351331123512351
23112351235113111351235123112351335133112351235113111351135123612361336133613361
497700160016001700100015001517152715271527152715371635163116351635163116351
63516311635153515311535153515311535143514311435143514311335133513311435153516311
63516351631163516351631163515351531153515351531153516351631163516351531153515351
53115351635173117351635163115351535143113351235123112351335133613361336133614361
510000100010001000100014001417142714271427142714271435153116351635153114351
33512311135113511311235123512311335133512311235123512311335133514311435143514311
33513351231123512351231123512351131113512351231123512351231123512351131113511351
13111351135113111351135113111351135113111351135113111351135113611361136113611361
579000100010001000100010001027102711351135113111351135113111351235123112351
23512311135113511311135113511311135113511311135113511311135113511311135113511311
13511351131113511351131113511351131113511351131113511351131113511351131113511351
23112351235113111351135123112351235123111351135113111351135113611361136113611361
588300100010001000100010001117112711271127112711371135113111351135113111351
13511311135113511311135113511311135113511311135113511311135113511311135113511311
13511351131113511351131113511351131113511351131113511351131113511351131113511351
13111351135113111351135113111351135113111351135113111351135113611361136113611361
621700170016001600140015001417132713271327122712371235113111351135123112351
33514311435143514311435143513311335133513311335133512311235123512311235123512311
23512351231123512351231123511351131113511351131113511351131113511351131113511351
13111351235123112351335133114351435143114351335133113351235123612361236133614361
630400130012001100120012001317132712271227112711271135113112351235123112351
23512311135113511311235123513311335133513311235123512311235123512311235123512311
23512351231123512351231123512351231123511351131113511351131123512351231123512351
23111351135113111351135113111351135113111351135113111351135113612361236123612361
643000100010001000100010001127112711271127112711371135113111351135113111351
13511311135113511311135113511311135113511311135113511311135113511311135113511311
13511351131113512351231123512351231113511351131113511351131113511351131113511351
13111351135113111351135113111351135113111351135113111351135113611361136113611361
645000100010001000100010001117112711271127112711371135113111351135113111351
13511311135113511311135113511311135113511311135113511311135113511311135113511311
13511351131123512351231123511351131113511351131113511351131113511351131113511351
13111351135113111351135113111351135113111351135113111351135113611361136113611361
650000100010001000100010001027112711351135113111351135113111351135113111351
13511311135113511311135113511311135113511311135113511311135113511311135113511311
13511351131113511351131113511351131113511351131113511351131113511351131113511351
13111351135113111351135113111351135113111351135113111351135113611361136113611361
675400150011001000100010001017112711271127112711371135113111351135113111351
13511311135113511311135113511311135113511311135113511311135113511311135113511311
13511351131113511351131113511351131113511351131113511351131113511351131113511351
13111351135113111351135113111351135113111351135113112351235123613361336133614361
690400150013001000100010001017112711271227122711271135113111351135113111351
13511311135113511311135113511311135113511311135123512311235123511311135113511311
13511351131113511351131113511351131113511351131113511351131113511351131123512351
23113351235123112351235123112351235123112351235123112351235123612361136113611361
747100100010001000100010001117112711271127112711371135113111351135113112351
23512311235113511311235123513311235123512311135113511311135113512311235123512311
23513351331133513351331133512351231123512351231123511351131113511351131113512351
23112351135113111351235123112351135113111351135113111351135113612361236133613361
