20170127101731
T2M TEDF  78  35 1
20170127102017012705
20170127102017012706
20170127102017012707
20170127102017012708
20170127102017012709
20170127102017012710
20170127102017012711
20170127102017012712
20170127102017012713
20170127102017012714
20170127102017012715
20170127102017012716
20170127102017012717
20170127102017012718
20170127102017012719
20170127102017012720
20170127102017012721
20170127102017012722
20170127102017012723
20170127102017012800
20170127102017012801
20170127102017012802
20170127102017012803
20170127102017012804
20170127102017012805
20170127102017012806
20170127102017012807
20170127102017012808
20170127102017012809
20170127102017012810
20170127102017012811
20170127102017012812
20170127102017012813
20170127102017012814
20170127102017012815
20170127102017012816
20170127102017012817
20170127102017012818
20170127102017012819
20170127102017012820
20170127102017012821
20170127102017012822
20170127102017012823
20170127102017012900
20170127102017012901
20170127102017012902
20170127102017012903
20170127102017012904
20170127102017012905
20170127102017012906
20170127102017012907
20170127102017012908
20170127102017012909
20170127102017012910
20170127102017012911
20170127102017012912
20170127102017012913
20170127102017012914
20170127102017012915
20170127102017012916
20170127102017012917
20170127102017012918
20170127102017012919
20170127102017012920
20170127102017012921
20170127102017012922
20170127102017012923
20170127102017013000
20170127102017013001
20170127102017013002
20170127102017013003
20170127102017013004
20170127102017013005
20170127102017013006
20170127102017013007
20170127102017013008
20170127102017013009
20170127102017013010
002  16   001   2   001  -3   001  -4   001   7   001  16   001  32   371
  48   471  59   571  64   871  65   871  66   971  67   871  66   871  65   971
  64   971  65  1071  65  1071  66  1171  67  1171  67  1171  66  1271  63  1271
  60  1371  57  1471  55  1571  55  1571  56  1571  59  1571  60  1571  63  1471
  65  1471  69  1471  73  1371  74  1371  71  1271  68  1271  63  1171  60  1171
  56  1171  53  1171  50  1271  47  1271  45  1371  43  1471  43  1471  40  1571
  34  1671  28  1771  24  1811  24  1851  29  1851  35  1811  42  1751  50  1751
  56  1611  60  1551  63  1451  65  1311  66  1351  65  1351  64  1311  62  1351
  59  1451  57  1411  56  1551  56  1651  56  1711  55  1851  54  1951  53  2011
  52  2151  52  2151  52  2211  52  2251  53  2151  56  2111  61  2051
005 -21   001 -23   001 -25   001 -21   001 -11   001   4   001  24   571
  45   871  59   971  66  1371  66  1271  63  1271  58  1071  54   971  53   971
  52  1071  53  1071  54  1071  57   971  57   971  57   971  55  1071  53  1071
  50  1071  48  1071  47  1071  45  1171  45  1271  48  1271  53  1571  59  1671
  66  1771  72  1771  76  1771  75  1771  70  1671  63  1471  54  1271  49  1371
  44  1371  40  1471  35  1471  32  1571  29  1571  27  1571  25  1671  24  1671
  22  1671  21  1571  19  1571  17  1571  19  1651  23  1611  31  1751  41  1951
  50  1911  57  1951  61  1951  63  1811  62  1651  59  1551  56  1411  54  1551
  53  1551  52  1611  51  1651  51  1751  50  1711  49  1751  49  1851  49  1811
  51  1751  52  1751  53  1611  52  1651  50  1651  51  1611  55  1851
015 -28   001 -24   001 -30   001 -24   001   1   001  13   001  30   471
  48   871  61  1071  69  1271  70  1371  66  1571  60  1471  57  1371  56  1271
  56  1271  55  1271  54  1271  54  1171  53  1171  52  1171  50  1171  49  1171
  48  1171  48  1171  49  1171  50  1151  53  1171  57  1171  62  1271  67  1471
  71  1571  72  1671  72  1671  69  1771  65  1671  61  1471  55  1371  50  1371
  44  1471  38  1471  33  1471  30  1471  27  1471  25  1471  23  1571  22  1571
  21  1571  20  1571  19  1571  19  1551  20  1551  23  1511  29  1651  36  1751
  43  1711  48  1751  51  1751  53  1611  54  1551  53  1551  51  1411  48  1551
  44  1551  41  1611  40  1651  40  1651  41  1611  42  1651  44  1751  45  1711
  46  1751  47  1751  47  1711  46  1651  45  1651  46  1511  51  1751
027 -18   001 -21   001 -15   001 -11   001   5   001  15   001  33   471
  52   671  67   871  74  1071  74  1271  70  1271  64  1171  60  1171  58  1271
  59  1171  60  1271  62  1371  62  1471  61  1571  58  1671  55  1671  53  1771
  54  1671  56  1671  56  1571  53  1671  50  1571  50  1671  56  1571  65  1571
  75  1571  81  1571  83  1571  80  1571  71  1571  60  1471  49  1471  42  1671
  37  1871  34  2071  30  2071  27  2071  22  2171  19  2071  16  2071  16  1971
  18  1871  21  1871  24  1771  27  1871  30  2151  36  2211  45  2251  56  2151
  68  2011  78  1851  86  1851  88  1711  85  1651  78  1651  72  1611  68  1751
  67  1851  67  2011  67  2151  67  2151  66  2211  65  2251  63  2251  63  2211
  64  2251  66  2151  67  2111  66  2251  65  2351  67  2411  73  2351
070 -50   001 -42   001 -36   001 -21   001  12   001  28   001  45   571
  61   871  74   971  82  1371  82  1571  75  1471  64  1371  57  1271  51  1371
  45  1471  39  1571  34  1671  29  1871  26  1971  24  1971  23  2071  22  2071
  21  2071  22  2071  26  2071  34  1871  44  1771  54  1671  64  1671  70  1771
  73  1771  71  1871  67  1971  62  1971  57  1771  53  1671  49  1571  46  1671
  42  1771  38  1971  35  1971  33  2071  31  1971  30  2071  28  2171  27  2171
  23  2171  20  2271  18  2271  19  2251  23  2151  29  1911  37  1851  44  1851
  51  1711  55  1751  57  1751  55  1811  51  1751  45  1651  40  1511  38  1651
  37  1851  37  1911  37  2051  36  2151  35  2211  33  2251  31  2351  30  2311
  32  2351  35  2351  38  2211  41  2251  44  2151  49  2111  56  2051
110  37   001  36   001  36   001  42   001  48   001  59   001  72   471
  83   771  89   871  88  1071  84   971  78  1071  71   971  65   971  63  1071
  62  1271  61  1371  59  1371  57  1271  54  1271  54  1271  54  1371  53  1371
  51  1371  48  1371  44  1371  41  1471  41  1671  47  1771  60  1671  76  1671
  91  1571 100  1471 100  1371  94  1271  81  1271  65  1371  53  1371  48  1471
  48  1471  49  1571  50  1671  51  1671  52  1771  55  1671  59  1671  64  1571
  68  1571  71  1571  72  1571  71  1771  70  1951  74  2111  84  1951  98  1851
 112  1511 121  1651 126  1651 125  1711 119  1651 111  1551 104  1311  99  1451
  97  1451  96  1611  96  1651  96  1651  97  1711  98  1751  99  1751 100  1711
 100  1751  99  1651  97  1611  95  1851  94  2151  97  2311 105  2151
120  -6   001  -3   001   1   001  12   001  26   001  41   001  52   671
  60   971  67  1171  72  1171  71  1071  65  1071  59  1071  55   971  52  1071
  51  1171  52  1271  53  1271  54  1271  54  1271  50  1371  46  1471  42  1571
  38  1571  35  1471  33  1471  32  1471  34  1471  41  1471  54  1471  70  1471
  82  1371  88  1271  87  1271  81  1171  71  1171  60  1071  49  1071  43  1171
  41  1371  40  1471  40  1571  40  1571  41  1671  42  1771  42  1871  43  1971
  44  1971  45  1871  47  1871  51  1871  56  1751  64  1711  74  1751  86  1651
  97  1611 106  1551 112  1551 112  1411 107  1451  98  1451  91  1411  87  1551
  87  1551  87  1611  87  1751  86  1851  85  1911  84  2051  84  2051  84  2111
  84  2151  85  2051  85  2011  85  2051  86  2051  90  2011  99  1951
130   7   001  13   001  17   001  22   001  29   001  40   001  53   471
  64   971  70  1071  74  1671  77  1871  78  1671  73  1671  66  1471  59  1471
  53  1571  50  1671  48  1571  47  1471  46  1471  45  1471  43  1571  41  1571
  38  1571  35  1571  30  1571  25  1771  22  1771  27  1871  41  2171  61  2271
  78  2471  89  2371  91  2551  87  2511  76  2251  61  2051  47  1811  36  1851
  28  1851  23  1711  20  1651  18  1651  17  1511  17  1551  17  1651  19  1611
  22  1751  25  1751  28  1811  29  1951  32  2151  38  2311  50  2451  66  2551
  82  2611  95  2651 104  2751 106  2711 101  2551  93  2451  84  2211  78  2251
  75  2251  73  2211  72  2151  72  2151  72  2111  73  2151  74  2051  75  2011
  77  2051  78  2151  78  2111  77  2251  76  2451  78  2511  84  2651
145 -15   001 -11   001  -7   001   3   001  18   001  27   001  42   471
  58   671  71   971  78  1071  79  1471  79  1371  77  1271  74  1071  71  1071
  67  1171  65  1171  64  1171  63  1171  61  1171  56  1271  51  1271  47  1371
  46  1371  47  1271  49  1271  50  1251  50  1351  50  1311  49  1451  49  1651
  52  1611  58  1751  65  1751  68  1811  64  1651  57  1451  48  1311  41  1351
  36  1251  31  1211  26  1251  20  1251  16  1211  13  1251  11  1351  10  1311
   8  1351   7  1351   7  1311   9  1451  13  1551  19  1611  26  1751  34  1751
  41  1811  48  1951  53  1951  57  2011  59  1951  58  1751  56  1611  53  1651
  49  1551  45  1511  42  1551  41  1551  40  1511  39  1651  39  1651  40  1711
  41  1751  43  1751  44  1711  44  1751  44  1851  46  1811  50  1951
149  -9   001  -4   001  -7   001   3   001  14   001  27   001  45  1071
  64  1271  80  1171  89  1471  88  1471  84  1371  81  1271  77  1171  72  1171
  70  1071  69  1071  67  1171  66  1271  63  1371  60  1371  56  1471  54  1471
  53  1471  53  1371  54  1371  55  1271  56  1271  57  1171  58  1271  60  1471
  63  1671  68  1671  72  1671  72  1511  67  1551  58  1451  50  1311  45  1251
  41  1251  38  1111  33  1151  27  1151  23  1111  21  1251  20  1251  19  1311
  16  1351  13  1351  11  1311  13  1351  17  1351  24  1311  31  1551  39  1651
  47  1711  54  1851  60  1851  63  1811  63  1851  61  1751  58  1711  54  1651
  50  1551  47  1411  44  1451  43  1551  42  1511  42  1551  43  1651  44  1611
  45  1651  45  1551  45  1511  45  1551  46  1551  49  1511  53  1751
156   0   001   6   001   4   001   9   001  24   001  35   001  51   471
  67   771  81   971  89  1171  90  1371  90  1271  90  1371  88  1271  85  1271
  80  1271  76  1271  74  1271  72  1171  71  1171  69  1171  67  1071  65  1071
  63  1071  62  1171  62  1171  63  1151  65  1171  66  1171  65  1371  65  1471
  66  1671  70  1671  75  1571  77  1571  74  1471  68  1471  62  1371  58  1471
  54  1471  51  1471  47  1471  42  1371  38  1371  34  1371  32  1271  29  1271
  27  1271  25  1271  24  1271  25  1351  27  1351  31  1411  36  1551  41  1651
  48  1811  55  1851  62  1851  67  1711  70  1751  70  1751  68  1711  65  1751
  61  1751  58  1711  56  1751  55  1651  54  1611  53  1551  53  1551  53  1411
  53  1451  54  1451  54  1411  54  1551  55  1551  57  1611  60  1851
168  -3   001 -46   001 -34   001  -1   001  23   001  49   001  68   371
  82   571  94   771 102  1371  99  1571  88  1571  76  1571  64  1471  54  1571
  45  1471  36  1471  31  1671  27  1771  24  1971  22  2071  21  2271  21  2371
  23  2271  27  2271  32  2171  38  2071  45  1971  52  1971  60  1971  66  2071
  70  2171  70  2071  68  2271  64  2271  60  2071  55  1871  47  1771  39  1771
  31  1871  24  1771  20  1871  18  1971  17  2071  16  2271  14  2371  13  2571
  13  2571  13  2571  14  2571  14  2451  16  2451  20  2311  28  2251  38  2151
  47  2011  54  2051  58  2151  57  2111  52  2051  44  1851  36  1711  30  1851
  26  1851  24  1911  24  2051  25  2251  24  2311  20  2451  15  2451  12  2511
  12  2551  15  2551  19  2511  22  2551  25  2551  30  2511  38  2551
180 -82   001 -95   001 -89   001 -76   001 -56   001 -53   001 -27   371
   6   571  34   671  47   971  44  1171  34  1271  22  1371   9  1271  -2  1371
 -12  1571 -19  1671 -21  1771 -23  1771 -25  1871 -30  1971 -36  2071 -40  2171
 -41  2171 -38  2271 -33  2271 -26  2071 -16  1871  -1  1771  19  1671  41  1671
  56  1771  62  1671  61  1671  56  1671  50  1471  44  1371  38  1271  34  1471
  31  1671  29  1871  27  1871  24  1971  22  2071  20  2171  17  2271  14  2371
  11  2471   9  2471   9  2571  12  2351  17  2251  24  2011  31  1951  37  1851
  44  1711  50  1851  53  1751  52  1611  45  1651  34  1451  24  1311  18  1351
  14  1651  13  1711  12  1951  11  2051   9  2111   6  2351   1  2451  -2  2611
  -4  2651  -4  2651  -2  2611   2  2551   8  2551  14  2411  20  2351
190 -99   001-101   001 -93   001 -84   001 -59   001 -36   001 -17   771
   0  1071  16  1371  27  1571  27  1671  19  1871   5  1671  -6  1471 -16  1571
 -23  1671 -28  1771 -31  1871 -33  1851 -34  1911 -35  1951 -36  2051 -38  2011
 -40  2051 -42  2151 -42  2111 -39  2151 -32  2051 -21  1911  -6  2251  10  2551
  25  2511  36  2651  41  2851  41  2711  35  2351  26  1951  16  1711   7  1851
   1  1751  -2  1811  -2  1851   0  1951   3  1911   5  1951   5  2051   4  2011
   1  2151  -2  2151  -2  2211   2  2151  10  2151  20  2011  31  2051  41  2051
  49  2111  55  2251  56  2251  53  2211  44  2051  32  1851  20  1611  10  1651
   3  1751  -1  1811  -3  1851  -3  1951  -2  1911  -1  2051  -1  2051  -2  2111
  -4  2151  -6  2251  -6  2211  -2  2251   4  2251  11  2211  18  2451
222  45   001  48   001  49   001  58   001  68   001  78   001  88   571
  94   971  94  1171  90  1471  90  1471  87  1471  83  1371  80  1271  76  1271
  72  1271  70  1271  69  1271  69  1371  68  1371  65  1371  61  1471  57  1471
  54  1471  50  1371  47  1371  44  1351  43  1551  48  1511  61  1751  78  2051
  93  2311 101  2351 102  2351  96  2311  85  1851  72  1751  60  1411  50  1451
  44  1651  39  1511  36  1551  33  1651  30  1611  27  1651  25  1751  26  1711
  30  1651  36  1651  41  1511  45  1551  48  1651  54  1711  64  1851  76  2051
  88  2111  98  2151 104  2151 105  2111 102  2051  96  1851  89  1611  84  1751
  81  1751  81  1811  83  1951  85  1951  86  2011  85  2151  83  2251  82  2311
  84  2251  87  2251  88  2111  86  2151  84  2051  84  2011  89  2151
240  13   001  17   001  19   001  14   001  27   001  54   001  73   571
  86   871  94  1071  97  1671  99  1771  98  1571  91  1471  85  1171  81  1171
  77  1071  75  1071  73  1071  72  1051  69  1011  65  1051  61  1151  58  1111
  56  1151  54  1151  52  1111  48  1251  45  1451  46  1511  52  1651  61  1851
  71  2011  80  2151  85  2151  84  2211  77  1951  66  1651  55  1511  47  1451
  41  1451  37  1311  34  1351  32  1251  29  1211  25  1251  20  1251  17  1211
  16  1251  17  1351  18  1311  18  1451  19  1751  24  1811  36  2051  50  2251
  64  2311  73  2551  78  2451  79  2411  77  2251  74  1951  70  1811  66  1751
  62  1751  60  1611  60  1651  60  1551  61  1511  61  1551  59  1551  58  1511
  57  1651  56  1751  54  1811  52  1951  51  2051  54  2111  61  2251
255   6   050  11   030  21   350  33   650  47   850  63  1150  80  1471
  95  1671 102  1671 102  1671  97  1671  91  1471  85  1371  80  1171  76  1171
  73  1171  71  1271  68  1171  64  1171  60  1171  56  1071  53  1071  49   971
  46  1071  43  1071  42  1171  44  1171  47  1371  50  1371  53  1671  57  1871
  61  2171  67  2171  72  2071  73  2011  67  1851  57  1551  47  1311  41  1351
  37  1451  34  1511  30  1551  25  1551  21  1511  19  1451  18  1451  18  1311
  17  1351  15  1351  14  1311  14  1651  15  1851  21  2111  31  2151  44  2251
  56  2311  66  2251  72  2151  73  2111  70  1951  63  1851  56  1611  50  1651
  46  1651  43  1611  42  1751  41  1751  40  1811  38  1751  35  1751  31  1611
  27  1651  24  1551  22  1511  23  1651  27  1651  35  1711  46  1951
260  32   001  37   001  38   001  39   001  47   001  64   001  82   971
  92  1271  93  1171  91  1671  90  1671  87  1671  81  1551  74  1511  68  1751
  64  1751  60  1911  58  2051  55  2351  53  2411  50  2451  46  2451  44  2411
  43  2451  44  2451  45  2411  47  2351  48  2251  50  2011  51  2051  53  2151
  57  2111  63  2151  67  2051  68  2011  62  1951  52  1851  41  1711  32  1951
  26  2151  21  2411  17  2551  14  2651  12  2711  10  2751   8  2851   7  2811
   6  2751   5  2651   6  2511   9  2751  14  2751  21  2811  31  2751  42  2451
  53  2211  62  2251  68  2251  69  2211  63  2151  53  1951  43  1911  35  2151
  30  2351  26  2511  23  2751  20  2851  17  3011  15  3051  13  3051  13  3011
  15  2951  17  2751  19  2611  20  2551  21  2551  26  2411  36  2451
280 -60   001 -71   001 -64   001 -46   001 -25   001 -10   001   5   371
  18   771  29   871  35  1171  31  1271  27  1271  25  1271  22  1271  19  1271
  14  1371  10  1371   7  1371   5  1271   5  1271   4  1371   4  1471   2  1571
   1  1671   0  1871   0  1971   4  1871   9  1571  18  1371  29  1571  41  1771
  49  1971  53  2071  53  1971  49  1971  43  1771  36  1471  30  1471  27  1471
  24  1471  22  1371  19  1371  16  1371  13  1371  11  1471   9  1571   5  1671
  -1  1771  -6  1871  -9  1971  -7  1771  -2  1551   6  1311  15  1451  25  1551
  35  1611  44  1551  49  1551  50  1611  44  1551  35  1451  25  1311  18  1351
  15  1351  12  1411  10  1551   8  1551   7  1611   6  1751   5  1751   4  1811
   2  1951   0  2151  -1  2211   0  2051   3  1951   9  1711  17  1851
299 -50   001 -63   001 -66   001 -61   001 -39   001 -16   001   8   671
  27  1271  36  1371  37  1471  30  1571  20  1871   7  1771  -2  1671  -7  1571
  -8  1671  -9  1671 -12  1771 -16  1871 -20  1971 -23  1871 -25  1871 -24  1771
 -22  1671 -19  1571 -15  1471 -10  1471  -4  1371   8  1271  25  1471  42  1771
  54  2071  59  2071  57  2271  50  2371  42  2271  34  2171  26  1971  19  1971
  15  1971  12  1971   9  1971   8  2071   7  2071   3  1971   0  1971  -2  1871
  -3  1771  -1  1671   4  1571  12  1551  22  1551  32  1511  42  1651  50  1751
  56  1811  60  1951  60  1951  54  1911  42  1851  27  1851  15  1711   8  1851
   5  1851   4  1811   2  1951  -1  2051  -3  2111  -4  2051  -6  2051  -7  1911
  -9  1851 -10  1851  -7  1711   0  1751  10  1851  20  1811  28  1951
434  60   001  60   001  74   001  76   001  88   001  97   001 107   371
 115   571 121   771 121  1171 115  1371 109  1271 100  1271  93  1171  86  1171
  82  1171  79  1271  76  1271  72  1371  68  1471  64  1471  60  1571  58  1571
  58  1571  60  1471  59  1471  55  1551  51  1671  50  1671  55  1671  63  1671
  72  1671  77  1671  79  1571  77  1571  71  1471  63  1471  55  1371  49  1471
  44  1371  40  1271  37  1371  35  1571  32  1671  31  1671  31  1771  32  1771
  33  1771  34  1671  34  1671  34  1851  36  1951  40  2011  48  2051  59  2051
  69  1911  77  1951  82  1751  82  1711  78  1651  72  1651  65  1611  60  1651
  56  1651  54  1511  53  1651  52  1551  51  1611  50  1651  50  1751  50  1711
  51  1851  51  1851  52  1911  52  1951  54  2051  57  2011  64  2051
460  54   001  52   001  60   001  64   001  65   001  69   001  77   771
  85  1171  90  1571  91  1971  85  2271  85  1971  82  2071  79  1971  75  1771
  70  1771  67  1571  66  1671  68  1871  70  1971  70  1971  68  2071  63  2071
  57  2171  50  2171  46  2271  45  2271  46  2271  50  2271  53  2471  57  2571
  60  2771  60  2971  59  2771  56  2771  51  2671  44  2471  35  2471  27  2371
  21  2271  17  2171  16  2271  16  2271  16  2371  14  2371  11  2471   6  2471
   1  2471  -3  2571  -3  2571   2  2651  11  2651  23  2711  36  2851  49  2951
  60  2911  69  2851  73  2851  72  2811  64  2851  53  2751  41  2611  31  2551
  25  2451  21  2411  20  2451  20  2651  21  2611  21  2751  20  2751  18  2811
  15  2951  13  2951  13  3011  15  3051  21  2951  30  2911  43  3151
481  13   001  37   001  29   001  19   001  26   001  37   001  52   371
  65   871  72  1171  73  1471  71  1571  70  1571  68  1571  65  1471  61  1671
  56  1671  52  1771  49  1671  48  1571  46  1471  44  1571  39  1571  34  1671
  29  1671  24  1671  23  1671  25  1771  31  1671  38  1671  45  1871  53  1871
  57  2071  58  2171  57  2071  54  2171  50  2071  47  1871  43  1871  39  2071
  35  1971  33  1971  33  1871  33  1771  32  1671  28  1671  23  1671  19  1671
  16  1671  14  1771  14  1771  16  1651  20  1751  25  1711  32  1751  40  1951
  49  1911  57  1951  63  1951  64  1911  59  1851  50  1751  41  1611  35  1751
  31  1851  29  1911  28  1951  26  1951  25  1911  23  1951  21  1951  19  1911
  18  1951  18  2051  18  2011  18  2051  19  2051  23  2011  30  2051
497  55   001  54   001  58   001  68   001  66   001  72   001  86  1071
  97  1471  96  1671  83  2171  70  2271  61  2271  55  2471  49  2671  46  2671
  46  2571  47  2471  47  2371  44  2371  43  2271  40  2371  39  2471  37  2571
  35  2671  33  2671  30  2771  24  2971  21  2971  25  3171  42  3071  63  3071
  77  2771  78  2871  70  2871  56  2671  45  2671  37  2771  29  2971  23  2871
  17  2771  11  2771   4  2571  -3  2371 -10  2171 -15  2271 -20  2471 -24  2571
 -28  2471 -32  2471 -35  2371 -36  2671 -31  2751 -16  3011  11  2851  43  2551
  67  2311  76  2251  72  2351  60  2311  45  2351  30  2451  17  2511   8  2551
   1  2551  -4  2511 -10  2351 -15  2251 -20  2011 -24  2151 -26  2251 -26  2311
 -24  2351 -20  2351 -18  2311 -18  2451 -14  2651  -3  2711  20  2551
510  38   001  40   001  47   001  56   001  62   001  69   001  83   571
  96   971 103  1071 103  1271  99  1471  94  1371  89  1271  83  1171  78  1271
  74  1471  69  1571  65  1571  63  1471  62  1471  62  1471  62  1471  61  1471
  58  1471  54  1471  51  1471  51  1451  56  1351  66  1311  82  1551 100  1651
 114  1811 119  1751 117  1751 110  1611 100  1551  89  1551  79  1411  72  1551
  66  1651  62  1711  58  1751  55  1751  52  1711  51  1751  50  1751  48  1711
  46  1751  43  1851  43  1811  46  2051  52  2051  63  2111  77  2051  93  2051
 107  1811 117  1851 123  1651 123  1611 117  1651 109  1651 100  1611  94  1851
  89  1851  87  1911  86  1951  85  2151  84  2111  83  2151  83  2151  82  2111
  81  2151  80  2151  80  2111  80  2151  82  2151  88  2111  98  2151
579  98   001  99   001 101   001 104   001 115   001 119   001 124   371
 126   571 123   771 116  1171 111  1471 107  1471 101  1471  97  1371  97  1471
  97  1671  98  1771  98  1771  96  1771  92  1771  86  1771  80  1771  77  1771
  79  1871  84  1971  88  2071  88  1971  86  1871  86  1671  90  1771  94  1771
  98  1871  99  1871  96  1951  92  1911  87  1851  82  1751  78  1611  74  1851
  71  1951  69  2011  68  2051  67  2151  66  2111  64  2051  60  1951  56  1811
  52  1951  49  2051  51  2111  58  2051  68  1951  78  1811  87  1951  93  1951
  98  2011 101  2051 102  1951  99  1911  92  1751  82  1651  72  1411  64  1651
  57  1851  51  1911  46  1951  41  2051  38  2011  36  2051  35  1951  35  1911
  35  2051  35  2151  37  2211  42  2051  49  1951  60  1711  73  1951
588  63   001  63   001  80   001  72   001  94   001 103   001 111   471
 115   771 115  1071 111  1371 106  1471  99  1771  84  1871  72  2071  66  1971
  65  1971  65  1871  65  1971  63  1971  61  2071  57  2071  53  1971  48  1971
  44  1871  43  1771  43  1671  46  1871  52  1971  61  2071  70  1971  81  1771
  92  1671 102  1771 107  1751 105  1711  95  1851  81  2051  67  2111  57  2151
  51  2151  48  2211  46  2151  45  2151  43  2111  39  2051  34  2051  28  1911
  22  1851  19  1751  20  1611  28  1751  40  1851  55  1911  70  1951  84  1851
  97  1811 107  1851 112  1951 109  1911  96  2151  79  2251  61  2411  48  2351
  40  2351  34  2211  30  2251  25  2151  21  2111  16  2151  11  2051   8  2011
   7  1951  10  1951  14  1811  21  1951  31  1951  44  2011  61  2051
621  90   001 104   001  73   001  42   001  35   001  57   001  76   571
  91  1071  97  1371  95  1771  89  2071  79  2071  65  2071  51  2071  42  2071
  37  2171  36  2271  36  2271  37  2251  39  2211  42  2351  44  2351  45  2411
  44  2551  42  2551  40  2611  41  2571  45  2471  53  2271  66  2571  80  2671
  92  2871  99  2871  99  2871  92  2771  79  2671  62  2571  48  2371  38  2371
  31  2371  27  2371  24  2371  21  2371  19  2371  17  2571  15  2671  12  2871
   8  2871   7  2871  10  2871  21  2751  38  2651  58  2511  79  2851  98  2851
 113  3011 121  3051 122  2951 115  2911 101  2751  85  2551  70  2311  61  2451
  56  2551  53  2611  50  2751  47  2851  46  2911  46  3051  47  3051  48  3111
  48  3151  48  3051  49  3011  53  2951  62  2851  76  2711  96  2951
630  99   001 102   001 102   001 102   001 111   001 114   001 122   571
 130   771 133   971 131  1571 126  1671 121  1371 114  1371 107  1271 100  1371
  95  1371  88  1571  80  1571  72  1471  67  1471  66  1471  67  1571  68  1571
  68  1671  66  1771  64  1871  62  1851  62  1851  65  1711  72  2051  81  2151
  90  2111  97  2251 100  2251  99  2311  94  2251  86  2051  77  1911  69  1951
  62  1951  55  1911  49  1851  43  1751  38  1611  33  1751  29  1751  25  1811
  23  1951  23  2151  25  2211  31  2351  40  2351  53  2311  69  2551  86  2351
 100  2411 109  2451 113  2351 111  2211 105  2351  96  2351  88  2211  81  2251
  77  2151  73  2111  70  2151  67  2051  64  2011  60  2151  57  2151  55  2211
  55  2351  55  2451  57  2511  59  2551  63  2451  69  2411  79  2551
643 112   001 113   001 106   001 110   001 113   001 117   001 121   371
 126   671 130   971 129   971 123  1071 116  1271 110  1271 105  1371 104  1371
 104  1471 104  1471 103  1671 100  1871  98  2071  95  2071  93  2071  92  2071
  91  1971  90  1871  89  1771  86  1671  84  1671  84  1671  86  1571  91  1571
  96  1371 100  1271 102  1271  99  1171  92  1271  83  1271  76  1371  72  1371
  72  1471  71  1471  69  1671  66  1871  63  2071  61  2071  60  2071  57  2071
  53  1971  49  1971  48  1811  52  1751  61  1751  72  1611  84  1551  95  1551
 105  1411 113  1351 117  1351 115  1311 107  1251  94  1151  82  1011  72  1151
  64  1251  58  1311  52  1651  47  1851  43  2011  41  1951  40  1951  38  1811
  35  1751  33  1751  34  1611  40  1751  51  1751  65  1811  80  1851
645  78   001  86   001  85   001  89   001  95   001 104   001 112   371
 117   571 119   771 117  1071 111  1271 106  1271 103  1371  99  1371  98  1371
  97  1371  96  1371  94  1471  90  1671  87  1771  84  1771  82  1871  81  1871
  82  1771  83  1771  83  1611  81  1651  79  1451  82  1311  90  1351 101  1251
 108  1211 108  1351 102  1251  94  1311  86  1351  80  1451  75  1411  72  1551
  71  1651  70  1511  69  1751  68  1851  66  2011  64  1951  62  1951  59  1811
  56  1751  54  1751  55  1611  61  1551  71  1551  83  1411  96  1451 108  1351
 116  1311 117  1251 113  1351 106  1311  97  1351  86  1351  76  1311  66  1451
  58  1451  52  1511  48  1751  46  1851  44  1911  42  1951  40  1951  38  1911
  38  1851  39  1751  43  1611  50  1651  60  1551  72  1511  86  1551
650  90   001  99   001 101   001 107   001 114   001 130   001 136   871
 136  1371 135  1571 133  1771 132  1571 129  1571 125  1471 123  1471 121  1571
 120  1771 116  1871 111  2071 105  2151 100  2311  96  2351  94  2451  94  2411
  95  2351  96  2151  98  2011 100  1851 103  1651 107  1411 112  1651 117  1951
 121  2111 124  1951 124  1851 122  1611 117  1651 111  1451 106  1411 103  1751
 101  1851  96  2011  87  2151  77  2251  68  2311  63  2351  61  2251  61  2211
  61  2151  62  2051  65  1911  70  1751  78  1551  87  1411  98  1551 109  1751
 118  1911 125  1851 128  1851 127  1711 122  1651 115  1451 106  1311  98  1551
  89  1851  80  2011  70  2151  60  2451  53  2511  49  2551  48  2451  49  2411
  51  2351  54  2251  59  2111  67  2051  77  1851  88  1711 100  1951
675  94   001  98   001  99   001 100   001 108   001 112   001 114  1471
 116  1371 118  1671 119  1771 118  1671 115  1771 110  1751 106  1811 104  1951
 102  1951 100  2011  96  2151  91  2151  88  2211  87  2251  88  2151  90  2111
  91  2151  92  2251  91  2211  89  2351  88  2551  89  2611  94  2451 101  2251
 108  2011 114  1851 117  1751 117  1611 113  1751 107  1851 100  1911  95  2051
  91  2251  87  2311  82  2351  78  2451  74  2411  71  2451  69  2551  65  2511
  59  2451  54  2351  52  2211  56  2351  66  2451  80  2511  97  2451 113  2351
 127  2211 135  2151 137  2051 133  1911 124  1951 112  1951  98  1911  85  2051
  72  2051  61  2111  51  2251  43  2251  38  2311  35  2451  34  2551  34  2611
  33  2651  33  2651  35  2611  40  2651  50  2751  64  2711  83  2551
690 124   001 123   001 123   001 125   001 127   001 131   001 136   471
 137   571 133   571 127   671 124  1071 121  1271 117  1571 113  1771 111  1671
 109  1571 108  1471 107  1571 105  1571 104  1671 103  1671 102  1571 103  1571
 104  1671 105  1771 106  1871 106  1871 107  1971 108  1871 112  1771 115  1771
 120  1571 123  1371 124  1371 124  1271 123  1471 119  1671 116  1871 112  1771
 106  1771 103  1671 101  1571 100  1671  99  1671  97  1671  95  1571  92  1571
  90  1671  89  1771  90  1871  94  1851 100  1751 109  1711 119  1651 129  1651
 137  1611 141  1451 141  1451 137  1311 129  1451 119  1651 109  1911 100  1951
  94  1851  88  1811  83  1851  80  1651  77  1611  75  1651  74  1651  73  1611
  72  1751  72  1951  74  2011  78  1951  84  1951  93  1811 105  1751
747 108   001 106   001 111   001 108   001 127   001 133   001 137   371
 139   571 138   771 135  1071 129  1271 123  1371 117  1671 115  1771 114  1771
 114  1871 114  1771 113  1871 111  1971 110  2071 109  2071 108  2171 107  2171
 104  2171 100  2271  96  2271  92  2271  89  2071  89  1971  95  1871 103  1771
 109  1671 111  1571 110  1571 105  1571  99  1771  92  1971  89  2171  88  2371
  88  2371  89  2371  88  2371  86  2371  83  2371  80  2371  76  2371  70  2371
  62  2371  55  2471  53  2411  59  2551  70  2651  83  2611  95  2351 105  2251
 112  1811 116  1851 117  1951 114  1811 107  1951  99  1951  91  2011  86  2151
  82  2451  79  2411  76  2551  72  2651  69  2711  66  2751  64  2851  63  2811
  62  2851  63  2951  64  2911  67  2751  72  2451  80  2211  91  2051
NT  TEDF  78  35 1
20170127102017012705
20170127102017012706
20170127102017012707
20170127102017012708
20170127102017012709
20170127102017012710
20170127102017012711
20170127102017012712
20170127102017012713
20170127102017012714
20170127102017012715
20170127102017012716
20170127102017012717
20170127102017012718
20170127102017012719
20170127102017012720
20170127102017012721
20170127102017012722
20170127102017012723
20170127102017012800
20170127102017012801
20170127102017012802
20170127102017012803
20170127102017012804
20170127102017012805
20170127102017012806
20170127102017012807
20170127102017012808
20170127102017012809
20170127102017012810
20170127102017012811
20170127102017012812
20170127102017012813
20170127102017012814
20170127102017012815
20170127102017012816
20170127102017012817
20170127102017012818
20170127102017012819
20170127102017012820
20170127102017012821
20170127102017012822
20170127102017012823
20170127102017012900
20170127102017012901
20170127102017012902
20170127102017012903
20170127102017012904
20170127102017012905
20170127102017012906
20170127102017012907
20170127102017012908
20170127102017012909
20170127102017012910
20170127102017012911
20170127102017012912
20170127102017012913
20170127102017012914
20170127102017012915
20170127102017012916
20170127102017012917
20170127102017012918
20170127102017012919
20170127102017012920
20170127102017012921
20170127102017012922
20170127102017012923
20170127102017013000
20170127102017013001
20170127102017013002
20170127102017013003
20170127102017013004
20170127102017013005
20170127102017013006
20170127102017013007
20170127102017013008
20170127102017013009
20170127102017013010
002500100010001200140016001617161716271727172717271735173117351735173117351
73517311735173517311735173517311735173517311735173517311735163515311435133513311
33513351431143514351431133513351331143515351631163516351631163516351631173517351
63115351435133113351435153116351635163116351635163116351735173117351735163115351
005400120010001400120018001817182718271827183717271735173116351635163116351
63516311635163516311735173517311735173517311835183517311635143513311235133513311
33512351231133513351431133512351231133514351531153515351531143514351431153516351
63116351535143114351535153116351635163115351535153116351635173116351635153114351
015200130010001000120016001517141713271327133714371535173117351735163116351
63516311635163516311635173517311735173517311735173517311735173517311635163515311
53515351631163516351631163515351531153515351531163516351631163516351631163516351
63116351535153115351635163117351635163116351635153116351635163116351635153114351
027000100013001600160018001717161716271627172717371735173117351735173117351
73517311635163516311635173517311735163515311435133512311335143514311435133512311
13512351231123512351231123512351231123512351231123512351231133514351531153515351
63116351635163116351635163116351735173117351735173117351635163117351735173117351
070000100012001500150017001717162716271637173717371735163116351635163116351
63517311735173517311735173517311735173517311735173517311735173517311735173517311
73516351631163517351731173516351631153514351431153516351731173517351731153514351
43114351535163116351635153115351535143114351435143114351435143114351435153115351
110700170018001800170018001817172717271727182717271735173117351735173117351
73516311535143512311235123512311235123512311235123512311235123512311235133514311
43513351331143514351431143514351331143515351631163517351731173517351731173517351
73117351735173117351635163116351635163116351635163117351735173117351735173117351
120100150015001700180018001827172717271727172717271735173117351735173117351
73517311735173516311635153514311335123512311235133514311535153515311435123512311
13512351231123512351231133514351431133513351231123513351431143514351431153516351
73117351735173117351735173117351735173117351735173117351735173117351735173117351
130400170018001800170018001727172716271627172717371735173117351735173116351
63516311635173517311735163515311435133512311235133513311435143514311335123511311
13511351131113511351131123512351331143514351531143514351331133514351531153515351
53116351635163117351735173117351635163116351635163116351635163116351735173117351
145600150012001500180018001617162716271727172717271735173117351735173117351
73517311735173517311735173517311735173517311735173517311735163515311435133513311
33514351531153515351531153514351431143514351531153516351631163516351531153515351
63116351635163116351635163116351635163116351635163116351635153115351535143113351
149700170014001500180018001717172717271727172717371735173117351735173117351
63516311635173517311735173517311735173517311735173517311735163516311435133513311
33514351531163516351531153514351431143515351531163516351631163516351631153515351
53115351535163116351635163116351635163116351635163116351535153114351435143113351
156700170013001500180018001717172717271727172717371735173117351735173117351
73517311735173517311735173517311735173517311735173517311735163515311435133513311
33514351531163515351531153514351431143515351531153516351631163516351631163516351
63116351635163116351635163116351635163116351635163116351535153115351535143114351
168300140014001600170017001717161716271627162717371735173117351635163116351
73517311735173517311735173517311635163515311635173517311735173517311735173517311
73517351731163515351531153516351731173517351631163516351731173517351731173517351
63115351435143114351435143114351435143114351335123112351235123112351235123112351
180400140017001600180018001717161715271527142713271335143114351335133113351
33514311435153516311635163516311535143513311335123513311435163517311835173517311
73517351731173517351631163516351631163516351631173517351731173516351631163516351
53115351535153115351535163116351535153114351435143114351535153115351535153115351
190600160018001800170016001417131712271227122712371335143114351335123112351
23512311335133513311335123512311235123512311335133513311235123512311335143515311
63516351631163517351731173516351631163516351631163515351531153515351531153515351
53115351535153115351535153114351435143114351435143114351335133114351435143113351
222700180017001800180018001617151716271627172717271735173117351735173117351
73517311735173517311635153513311335123513311335143514311435153514311335123511311
13512351331133513351431143515351531153515351431143514351531143514351531153516351
63117351735163117351735173117351735173117351735173117351635163117351735173117351
240700160017001800180017001727172717271737173717371735173117351735173117351
73517311735163516311635173517311735163516311635173517311635153514311535163516311
63516351531153516351631163516351631153515351531163516351731173516351531143513351
23113351435153116351635153115351535163116351635153115351535153115351635163116351
255300140016001700170017001617162716271727172717271735173117351735173117351
73517311735173517311735173517311735173517311735173517311735173517311735173516311
53513351231123513351431153516351731173517351631173517351731173517351731173517351
73116351535143113351435143114351435143114351435143114351335133113351335133112351
260300140015001700180018001717172717271737173717371735163116351735173117351
73517311735173517311735173517311735173517311735173517311735173517311735163516311
63515351431133512351231133514351431143514351331133514351531153516351631163517351
63116351635153115351435133114351435153115351535153114351435133113351235123112351
280400140017001800170018001717162716271627172717271735173117351735163116351
63516311635163516311635163516311635153514311535163516311735173517311735173517311
73517351731163516351531153515351531153515351531153516351631173517351731163516351
63116351635163116351635153115351435143114351435143114351535153116351635163116351
299400160017001700180018001717152714271327132712371235123113351335143114351
43513311335133513311335133514311435143514311435143514311435143514311435143515311
53516351631163516351631163516351631163516351631163516351631153515351431153516351
73117351635163116351635163116351635163115351435133113351335143114351435143114351
434400140015001500170016001517151716271627162716371635163116351735173117351
73517311735163516311635173517311735173517311735173517311635153515311435133513311
43515351531153515351531153516351731163516351631163517351731183518351731163516351
53115351535153116351635153115351435143113351335133113351335143114351535163115351
460800170017001800180018001717171717271627162716371635173117351735173117351
73517311635163516311735173517311735173517311735173517311735173517311735173517311
63515351431133513351331133513351331133513351331133513351431143515351531153515351
53115351435143113351335123112351335133112351235123112351235123112351235123112351
481700180018001800180018001817172717271727173717371635163116351635163116351
63516311635163516311635163517311635163516311635173517311735173517311735173517311
73517351731173517351731173516351631163516351631163516351631163516351531153514351
43114351435143114351435143114351435143115351535153115351535153115351535153115351
497700160016001600180018001827171717271627162716271535163116351635153115351
53516311635163516311635163515311535153515311635163516311735173517311735173516311
63515351531153515351531143514351331133514351431133512351231113512351231123512351
33112351235123112351135113111351235123112351135123112351235123112351235123111351
510400150017001800180018001817182717271837183718371735173116351635153115351
63516311635153515311535163516311635163515311435133513311435153515311635153515311
53514351431143514351531153515351531153515351631163517351731163515351531153515351
53115351535153115351635163116351535153115351635163116351635163116351635163117351
579400150014001600170018001817182718271727172717371735173117351735173117351
73517311735163516311635173517311735173517311735173517311735173517311735173517311
73517351731173517351731173516351631153514351431143514351431143514351431143514351
43114351435143114351335123112351235123113351435143114351535153116351635163116351
588800170017001800180017001717171717271727172717371735173117351635163116351
63517311735173517311735173517311735173517311735173517311735173517311735173516311
63515351531153515351531163516351631163516351631163515351531153515351431143513351
33112351235123112351235123112351135113112351235133113351335143115351535163116351
621700170018001700180018001817181717171727172717271635163117351735173117351
73517311735173517311735173517311735173516311635153515311535163516311535133512311
23513351431153515351531153515351431143514351431153515351531143513351331133513351
33113351335133113351335133113351435153115351635163116351635163116351635163116351
630800180018001800180018001817172717271727172716271635163116351735173117351
73517311735173517311735173517311735173517311735173517311735163516311635153514311
43513351331123513351331143515351531153514351431143514351431153514351431143514351
43113351335123112351235123112351235123113351435153115351535153116351635163117351
643600180017001700180017001727172717271727172717271735173117351735173117351
73517311735173517311735173517311735173517311735173517311735173517311735173517311
73517351731173517351731173517351731163516351531153515351631163516351631153515351
43113351235123112351335133113351335133114351435153115351635163116351635163116351
645500160017001700180018001817172717271727172717271735173117351735173117351
73517311735173517311735173517311735173517311735173517311735173517311735173517311
73517351731173516351631163516351631163515351531143513351331133514351431143514351
33112351235123112351235123113351335133113351435143115351535163116351635163115351
650400150016001800180018001817182718271827182717271735173117351735173117351
73517311735173517311735173517311735173517311735173517311735173517311735173517311
73516351631163516351531143514351331143514351531153514351431133513351431143515351
53115351535143114351335123112351235123111351235123112351335143115351535163116351
675600160017001600180018001817182718171837172717371735173117351735173117351
73517311735173517311735173517311735173517311735173517311735173517311735163516311
63516351731163516351531153515351631163516351631153514351431143514351431143514351
43113351335123112351235123112351235123112351235123113351335133114351535163116351
690700170018001800180018001727172717271727172717371735173117351735173117351
73517311735173517311735173517311735173517311735173517311735173517311735173517311
73517351731163516351631163517351731163515351431143515351531153514351431133513351
33112351235123112351235133113351335133112351235123112351335133114351435153115351
747700170017001700170017001717171717271727172717371735173117351735173117351
73517311735173517311735173517311735173517311735173517311735163516311635173517311
73516351631143513351331133513351431143514351431143514351431143514351431143513351
33113351335133113351335133113351335133113351335133113351335133113351435143114351
