20170207041436
T2M TEDF  78  35 1
20170207042017020623
20170207042017020700
20170207042017020701
20170207042017020702
20170207042017020703
20170207042017020704
20170207042017020705
20170207042017020706
20170207042017020707
20170207042017020708
20170207042017020709
20170207042017020710
20170207042017020711
20170207042017020712
20170207042017020713
20170207042017020714
20170207042017020715
20170207042017020716
20170207042017020717
20170207042017020718
20170207042017020719
20170207042017020720
20170207042017020721
20170207042017020722
20170207042017020723
20170207042017020800
20170207042017020801
20170207042017020802
20170207042017020803
20170207042017020804
20170207042017020805
20170207042017020806
20170207042017020807
20170207042017020808
20170207042017020809
20170207042017020810
20170207042017020811
20170207042017020812
20170207042017020813
20170207042017020814
20170207042017020815
20170207042017020816
20170207042017020817
20170207042017020818
20170207042017020819
20170207042017020820
20170207042017020821
20170207042017020822
20170207042017020823
20170207042017020900
20170207042017020901
20170207042017020902
20170207042017020903
20170207042017020904
20170207042017020905
20170207042017020906
20170207042017020907
20170207042017020908
20170207042017020909
20170207042017020910
20170207042017020911
20170207042017020912
20170207042017020913
20170207042017020914
20170207042017020915
20170207042017020916
20170207042017020917
20170207042017020918
20170207042017020919
20170207042017020920
20170207042017020921
20170207042017020922
20170207042017020923
20170207042017021000
20170207042017021001
20170207042017021002
20170207042017021003
20170207042017021004
002  53   001  48   001  47   001  49   001  51   001  49   001  50   271
  53   371  58   671  65  1071  72  1371  78  1571  80  1671  82  1671  83  1571
  84  1471  83  1371  82  1271  78  1171  72  1071  69  1071  66  1171  64  1171
  64  1171  63  1071  61  1071  61  1171  57  1371  55  1471  52  1471  48  1571
  45  1571  42  1671  39  1671  39  1771  43  1771  49  1671  55  1671  58  1571
  59  1471  56  1371  49  1371  42  1371  33  1371  28  1371  26  1371  24  1371
  22  1471  19  1471  17  1571  12  1451   9  1551   6  1611   3  1751   1  1751
  -2  1811  -4  1851  -5  1951  -4  1911   0  1851   6  1751  12  1611  16  1551
  18  1451  17  1311  14  1351  11  1351   7  1311   4  1351   3  1351   1  1361
   0  1361  -2  1461  -3  1461  -5  1561  -7  1561  -9  1661 -11  1751
005  56   001  55   001  54   001  51   001  50   001  50   001  52   271
  55   371  59   571  63   871  68  1271  72  1371  74  1571  77  1671  79  1671
  79  1671  78  1671  75  1571  68  1371  62  1271  57  1371  52  1371  52  1471
  51  1571  52  1571  53  1671  52  1671  52  1571  52  1571  51  1571  49  1571
  47  1571  45  1671  44  1771  44  1871  48  1971  53  1971  57  2071  62  1971
  64  1971  63  1871  57  1771  50  1571  42  1471  35  1471  30  1571  26  1571
  24  1671  21  1671  20  1771  13  1551  12  1551  11  1511  10  1551   8  1451
   6  1411   4  1451   4  1551   4  1511   6  1551   9  1651  13  1611  17  1551
  21  1551  22  1411  20  1451  16  1351  12  1311   8  1351   6  1451   3  1461
   0  1461  -4  1561  -8  1561 -13  1561 -17  1561 -21  1561 -25  1651
015  49   001  48   001  48   001  48   001  47   001  45   001  45   171
  46   371  47   471  49   771  52  1071  55  1171  59  1371  66  1471  72  1571
  77  1571  77  1671  71  1571  63  1471  55  1371  54  1371  54  1471  52  1471
  49  1471  45  1371  42  1371  41  1371  40  1471  41  1471  41  1471  39  1471
  37  1471  34  1471  31  1571  30  1571  32  1671  36  1671  40  1771  43  1771
  44  1871  44  1871  41  1671  38  1571  33  1371  29  1471  25  1471  21  1571
  17  1471  14  1471  11  1371   6  1351   4  1351   3  1411   2  1451   0  1451
  -3  1411  -7  1451 -10  1351 -11  1311  -8  1451  -2  1451   3  1511   6  1551
   8  1651   8  1611   8  1551   7  1351   6  1211   4  1351   1  1551  -3  1661
  -8  1561 -12  1461 -17  1361 -22  1461 -27  1661 -31  1761 -34  1751
027  66   001  68   001  69   001  72   001  85   001  87   001  88   371
  89   371  90   371  91   771  94  1171  99  1471 104  1571 109  1671 110  1671
 107  1571 100  1571  92  1471  80  1471  71  1371  64  1571  59  1671  57  1871
  52  1971  50  1971  48  2071  48  2071  49  1971  48  1971  45  1871  42  1771
  40  1671  40  1771  42  1971  48  2071  56  2071  66  1971  72  1971  74  1871
  72  1871  66  1771  57  1671  50  1671  41  1571  35  1671  31  1771  28  1871
  27  1971  23  1971  21  2071  19  1851  16  1851  13  1711  10  1751   7  1651
   4  1611   2  1751   3  1851   8  1911  18  1951  29  1851  39  1811  44  1751
  44  1751  41  1611  35  1651  29  1551  24  1511  21  1651  21  1751  19  1861
  17  1861  14  1961  10  1961   4  2061  -1  2261  -6  2361  -9  2351
070  28   001  33   001  35   001  35   001  36   001  38   001  37   471
  36   571  37   971  41  1271  45  1571  48  1571  50  1671  55  1671  62  1771
  68  1871  71  1971  68  1771  60  1471  53  1271  47  1471  44  1571  42  1671
  41  1771  39  1871  37  1971  33  1971  31  2071  29  2071  28  2071  28  2071
  29  2071  30  1971  32  1771  36  1671  42  1771  50  1771  57  1771  61  1871
  62  1871  60  1971  54  1771  46  1671  39  1471  33  1671  29  1771  26  1971
  24  2071  21  2071  20  2171  11  2251   9  2251   7  2311   5  2251   3  2251
   3  2111   4  1951   7  1851  11  1611  16  1651  21  1651  26  1611  29  1751
  31  1751  31  1811  29  1751  24  1651  19  1511  13  1751   8  1951   3  2161
  -1  2261  -6  2261 -11  2361 -17  2461 -22  2561 -27  2561 -30  2551
110 112   001 104   001  95   001  91   001  81   001  68   001  64   371
  64   571  66   471  67   771  70  1271  76  1471  87  1571  94  1571 100  1471
 101  1371  98  1271  89  1271  77  1171  67  1171  62  1171  60  1271  60  1271
  61  1271  61  1271  61  1271  60  1271  58  1371  55  1371  52  1371  49  1371
  48  1371  49  1471  53  1671  61  1771  72  1771  84  1671  94  1671 100  1771
 100  1871  95  1971  83  1671  71  1471  57  1171  46  1271  39  1271  34  1371
  29  1371  27  1371  24  1371  23  1351  20  1451  19  1411  19  1451  20  1351
  21  1311  23  1451  27  1651  34  1711  45  1751  57  1651  67  1611  73  1751
  73  1751  69  1811  60  1651  49  1451  38  1211  31  1351  26  1351  21  1461
  18  1461  15  1461  14  1461  13  1561  12  1761  11  1861  10  1851
120  99   001 100   001 101   001  99   001  95   001  85   001  79   171
  76   371  73   471  72   771  74  1071  80  1171  89  1271  96  1271  97  1271
  93  1271  87  1271  79  1171  70  1171  63  1071  55  1171  52  1271  51  1371
  50  1371  48  1471  47  1471  45  1571  41  1671  38  1771  35  1671  33  1671
  33  1571  36  1571  41  1471  50  1471  62  1471  74  1371  83  1371  86  1371
  83  1471  76  1471  66  1471  57  1371  47  1371  41  1371  35  1471  32  1471
  30  1571  28  1571  26  1671  21  1551  18  1651  14  1611  10  1551   6  1551
   6  1411  10  1451  17  1451  27  1411  38  1451  49  1451  56  1411  59  1551
  57  1551  52  1611  45  1551  37  1451  30  1311  25  1451  21  1451  18  1561
  15  1561  13  1661  13  1661  13  1761  13  1761  13  1861  12  1851
130  71   001  76   001  80   001  79   001  69   001  75   001  72   371
  66   671  62   871  63  1171  69  1471  82  1871  97  2171 107  2371 111  2371
 108  2371 101  2371  91  2171  80  1871  71  1671  63  1671  58  1671  53  1671
  48  1671  44  1671  40  1671  38  1771  37  1771  36  1871  33  1871  31  1871
  30  1871  32  1971  38  2071  48  2171  62  2271  75  2271  86  2371  90  2371
  89  2471  83  2471  75  2271  64  2071  53  1871  42  1871  31  1871  22  1871
  15  1871  11  1971   8  1971   9  1751   7  1751   5  1811   1  1851  -3  1751
  -6  1711  -5  1951  -1  2051   8  2211  21  2251  36  2151  48  2111  55  2151
  56  2251  53  2211  47  2051  39  1851  32  1611  27  1751  22  1751  18  1861
  13  1861  10  1961   7  1961   4  1961   2  2061   1  2061   0  1951
145  59   001  59   001  48   001  46   001  45   001  45   001  46   271
  47   571  49   571  52   871  59  1171  68  1471  80  1671  87  1871  92  1971
  93  2071  90  2171  84  1871  74  1671  66  1371  59  1371  52  1371  49  1371
  48  1471  46  1471  44  1571  40  1571  39  1571  38  1571  37  1571  37  1471
  36  1471  34  1571  34  1671  36  1771  42  1871  52  1871  60  1971  65  2071
  68  2071  66  2171  59  1971  50  1771  42  1571  36  1571  33  1671  31  1671
  28  1771  25  1771  22  1871  17  1651  13  1751  11  1711  10  1751   8  1651
   6  1611   2  1651  -1  1651  -2  1611   2  1751   8  1751  14  1811  18  1951
  20  1951  21  2011  20  1951  19  1851  17  1711  15  1751  12  1651  10  1661
   8  1661   5  1761   1  1761  -3  1761  -8  1661 -12  1661 -15  1651
149  62   001  63   001  63   001  59   001  54   001  48   001  48   271
  52   371  55   471  58   871  63  1171  70  1471  79  1671  88  1871  94  1971
  96  1971  95  2071  88  1871  76  1671  66  1471  60  1371  55  1371  52  1271
  51  1371  49  1371  48  1471  46  1471  45  1571  43  1571  44  1571  45  1471
  46  1471  46  1571  47  1571  49  1671  55  1771  62  1871  70  1971  76  1971
  77  2071  75  2071  68  1971  59  1771  50  1671  43  1671  38  1671  36  1671
  34  1671  32  1771  30  1771  26  1651  24  1751  22  1711  21  1751  19  1651
  17  1611  13  1651  10  1551   9  1511  12  1651  17  1851  22  1911  25  1951
  27  1951  27  1911  27  1951  25  1851  23  1811  20  1851  16  1751  14  1761
  11  1761   8  1861   4  1861   0  1861  -4  1861  -8  1861 -12  1851
156  69   001  69   001  68   001  61   001  58   001  54   001  55   271
  57   371  59   671  61   871  65  1171  74  1471  85  1671  92  1871  97  1871
  98  1971  96  1971  91  1871  83  1671  77  1571  73  1571  71  1571  67  1571
  64  1571  58  1571  55  1571  52  1471  52  1471  50  1371  50  1371  51  1471
  50  1471  49  1571  49  1671  50  1771  56  1871  65  1971  72  2071  77  2071
  79  1971  77  1971  71  1871  63  1871  55  1771  49  1771  46  1771  41  1771
  36  1771  33  1771  29  1771  24  1651  22  1551  21  1511  20  1551  19  1551
  18  1511  16  1651  15  1651  15  1711  18  1851  23  1951  27  2011  29  2051
  30  1951  30  1911  30  1951  30  1851  29  1811  28  1851  25  1851  23  1861
  20  1761  17  1761  13  1661   9  1561   5  1561   2  1461  -1  1551
168  35   001  42   001  45   001  45   001  47   001  48   001  47   471
  45   471  46   771  48  1371  51  1671  54  1771  58  1871  64  1871  70  1871
  73  1971  75  1971  73  1871  70  1671  62  1571  57  1671  51  1671  46  1771
  44  1871  41  2071  42  2171  42  2271  42  2371  42  2471  39  2471  35  2471
  33  2471  34  2371  37  2271  44  2171  52  2071  60  2071  65  1971  68  1971
  67  1871  63  1871  57  1871  49  1771  43  1771  39  1871  36  1871  35  1971
  32  2171  31  2271  29  2471  20  2451  18  2651  17  2811  16  2751  15  2651
  14  2511  12  2351  10  2251  11  2011  15  1951  21  1951  27  1811  31  1851
  32  1751  31  1711  29  1851  25  1851  21  1911  17  2051  13  2051   9  2161
   5  2361   0  2461  -4  2661 -10  2761 -15  2861 -20  2961 -23  2851
180   9   001  15   001  13   001  17   001  23   001  25   001  24   471
  22   471  22  1071  23  1571  27  1671  30  1871  35  2071  39  2271  42  2271
  45  2171  46  2171  46  1971  47  1871  45  1671  43  1771  41  1871  40  1971
  39  1971  37  2071  34  2071  30  2171  27  2371  24  2471  20  2571  18  2571
  19  2671  24  2471  28  2371  33  2171  36  2271  36  2371  38  2471  40  2371
  41  2371  41  2271  38  2171  34  1971  27  1871  20  1971  14  2171   8  2271
   4  2271   0  2371  -2  2371   7  2351   5  2451   3  2611   2  2651   1  2751
   1  2711   1  2551   2  2451   4  2211   7  2251  10  2351  13  2311  15  2251
  17  2251  16  2111  13  2051  10  2051   5  1911   1  2051  -3  2251  -7  2361
 -11  2361 -15  2461 -19  2461 -24  2661 -28  2761 -32  2961 -35  2951
190  -3   001  -7   001 -10   001 -11   001  -8   001  -7   001  -7   471
  -7   571  -3  1071   4  1471  13  1671  21  1871  26  1971  31  2171  36  2271
  40  2371  39  2471  37  2271  32  2071  28  1871  26  1971  24  2071  24  2171
  22  2271  21  2371  18  2471  15  2371  12  2271  10  2171  10  2171  11  2171
  12  2171  13  2171  14  2071  17  2071  22  2171  27  2371  31  2471  32  2571
  31  2571  28  2671  23  2471  17  2271  12  2071  10  2171   7  2371   4  2471
   0  2471  -4  2571  -9  2571   1  2351  -1  2251  -3  2111  -6  2151 -10  2151
 -12  2111 -12  2151  -9  2051  -5  2011   1  2151   6  2351  11  2411  14  2451
  14  2451  12  2411   8  2251   2  2151  -3  1911  -7  2151 -10  2251 -13  2461
 -17  2561 -20  2561 -23  2661 -27  2661 -30  2561 -33  2561 -34  2551
222  89   001 115   001 115   001 117   001 112   001 107   001 100   671
  93   871  86   671  82   871  82  1171  90  1571 105  1871 116  2171 120  2171
 117  2071 110  2071 101  1871  92  1771  83  1571  74  1571  68  1671  62  1671
  56  1671  53  1671  50  1671  45  1771  41  1771  37  1871  35  1771  34  1671
  35  1571  37  1671  42  1671  50  1771  63  1871  78  2071  91  2171  98  2171
  99  2171  94  2171  85  1971  74  1871  62  1671  54  1671  45  1771  38  1771
  33  1771  28  1871  24  1871  18  1751  13  1851   9  1811   6  1751   4  1751
   3  1611   5  1651  10  1751  19  1711  33  1851  48  1851  60  1911  65  1951
  65  2051  60  2011  53  1851  46  1551  39  1311  34  1451  30  1551  26  1661
  22  1761  19  1761  16  1861  13  1761  11  1761   9  1661   8  1551
240  54   001  55   001  58   001  62   001  65   001  67   001  69   271
  72   371  76   471  80   771  85  1271  93  1671  99  1871 106  2071 110  2171
 110  2171 106  2271  97  2071  85  1771  75  1571  66  1571  61  1471  56  1471
  52  1471  50  1471  50  1471  48  1471  47  1471  45  1471  41  1471  38  1471
  37  1471  38  1571  42  1671  47  1771  55  1871  62  1871  71  1971  78  1971
  81  2071  80  2071  74  1971  64  1771  55  1671  47  1671  43  1671  38  1671
  35  1671  32  1671  30  1671  20  1451  17  1551  13  1511   9  1551   6  1651
   3  1611   2  1651   2  1751   6  1711  13  1751  22  1851  30  1811  36  1951
  40  1951  41  2011  39  2051  35  1951  31  1911  27  1851  24  1851  21  1761
  17  1761  14  1861  11  1861   8  1761   5  1761   2  1661  -1  1651
255  48   001  48   001  49   001  48   001  42   001  41   001  45   171
  50   171  54   471  57   571  60   971  65  1471  75  1871  84  2171  92  2171
  97  2071  98  2071  91  1771  80  1571  68  1271  59  1271  51  1271  47  1271
  43  1371  39  1371  37  1471  36  1471  37  1371  37  1371  36  1471  35  1471
  34  1571  35  1671  38  1771  43  1871  49  1971  57  1971  64  2071  69  1971
  72  1971  71  1871  65  1771  57  1571  49  1471  42  1471  38  1571  33  1571
  28  1671  24  1671  21  1771  16  1551  16  1551  17  1511  17  1651  17  1651
  15  1711  11  1751   7  1651   6  1611   8  1751  14  1851  20  1911  26  1851
  29  1851  30  1711  27  1751  22  1651  17  1611  13  1651  10  1751   6  1761
   3  1761   0  1861  -3  1861  -5  1861  -8  1761 -10  1761 -11  1851
260  41   001  45   001  47   001  49   001  49   001  46   001  48   571
  52   671  55   871  58  1271  60  1571  61  1771  66  1871  72  2071  81  2071
  89  2071  90  2071  83  1871  70  1771  59  1571  52  1771  49  2071  46  2271
  43  2371  39  2471  35  2571  35  2571  36  2671  36  2671  35  2571  33  2371
  31  2271  31  2271  35  2171  40  2171  47  2171  56  2071  63  2071  68  1971
  70  1971  67  1871  58  1871  47  1771  40  1771  38  1971  39  2271  38  2471
  33  2571  27  2571  21  2671  19  2651  17  2651  16  2711  16  2651  17  2451
  16  2311  14  2251  12  2251  11  2111  14  2151  18  2051  24  2011  29  1951
  32  1951  32  1811  27  1851  20  1951  14  1911  10  2151   8  2451   4  2661
   0  2761  -4  2961  -8  3061 -10  3061 -12  2961 -15  2961 -17  2851
280  39   001  41   001  39   001  36   001  36   001  33   001  33   371
  35   471  38   671  41  1171  44  1171  46  1471  48  1671  51  1771  54  1771
  56  1871  57  1871  59  1771  57  1671  56  1571  54  1571  54  1671  50  1671
  49  1571  49  1571  46  1471  45  1571  40  1571  37  1671  36  1871  34  2171
  36  2371  42  2171  49  1871  57  1671  61  1771  66  1771  67  1871  67  1871
  65  1871  61  1871  54  1871  48  1771  40  1771  34  1871  32  1871  27  1971
  23  1971  18  1871  14  1871  18  1751  16  1851  15  1811  14  2051  13  2251
  14  2411  16  2151  18  1851  21  1511  23  1651  26  1751  28  1811  31  1851
  32  1851  32  1811  29  1851  23  1851  18  1811  14  1951  11  2051   7  2161
   2  2161  -2  2061  -6  2061 -11  2061 -15  2061 -18  2061 -20  2151
299  26   001  29   001  30   001  26   001  21   001  18   001  18   271
  20   471  23   571  25   971  28  1271  32  1571  38  1871  45  2071  49  2071
  50  2171  49  2171  45  2171  42  2071  41  2071  38  2071  38  2071  37  2071
  33  2071  29  2071  24  2071  20  1971  18  1971  18  1871  18  1871  18  1771
  18  1771  18  1771  20  1871  22  1871  27  1971  33  2071  37  2171  40  2271
  41  2271  40  2371  37  2371  33  2271  28  2271  24  2271  21  2271  16  2271
   9  2271   3  2171  -1  2171   5  1951   3  1951   1  1911   0  1851  -1  1851
  -2  1711  -3  1651  -2  1651  -1  1511   2  1751   6  1851  10  2011  13  2151
  14  2151  12  2211   8  2251   3  2151  -1  2111  -2  2151  -1  2251  -4  2261
  -6  2261 -10  2361 -13  2361 -17  2261 -20  2161 -23  2061 -25  1951
434  42   001  42   001  43   001  44   001  45   001  46   001  49   371
  54   571  60   771  67  1271  74  1371  82  1571  86  1471  91  1471  95  1471
  95  1371  92  1371  85  1371  75  1371  65  1371  59  1371  55  1371  52  1371
  49  1471  46  1471  43  1571  40  1571  38  1671  37  1671  37  1671  37  1571
  36  1571  35  1571  34  1571  35  1571  39  1571  43  1571  50  1571  56  1571
  59  1671  58  1671  51  1671  42  1671  33  1671  27  1671  25  1571  23  1571
  23  1571  21  1671  19  1671  13  1551  10  1651   7  1611   4  1651   2  1551
   1  1511   1  1551   3  1651   7  1611  15  1751  24  1751  33  1811  39  1851
  42  1851  41  1811  35  1851  27  1851  19  1811  14  1851  11  1751   9  1761
   6  1761   4  1761   4  1761   4  1861   5  1961   4  2061   2  2051
460  20   001  26   001  29   001  27   001  24   001  30   001  32   271
  35   271  40   571  49  1171  59  1571  70  2071  78  2271  86  2471  94  2471
  99  2471  99  2471  92  2471  82  2371  72  2371  62  2371  57  2271  53  2271
  47  2271  43  2271  40  2271  38  2271  38  2371  37  2371  36  2371  35  2371
  35  2371  36  2371  40  2471  44  2471  47  2471  50  2571  52  2571  55  2571
  58  2571  58  2571  55  2571  48  2471  44  2471  38  2471  36  2471  33  2471
  31  2571  28  2571  27  2671  22  2451  21  2551  19  2511  16  2551  13  2551
  11  2511  11  2451  13  2451  14  2311  14  2351  15  2451  16  2411  19  2551
  23  2551  25  2611  23  2651  19  2551  14  2511   9  2651   5  2651   1  2761
  -3  2761  -6  2761  -8  2761  -9  2761  -9  2661 -10  2661  -9  2651
481  45   001  35   001  32   001  29   001  32   001  31   001  32   171
  35   271  39   771  44  1171  49  1571  52  1971  54  2071  56  2271  59  2371
  62  2371  64  2471  65  2271  64  2071  62  1871  60  1871  59  1871  57  1871
  56  1871  55  1871  53  1871  50  1871  46  1971  44  1971  42  1971  41  1871
  41  1871  41  1971  41  1971  41  2071  42  2171  43  2271  44  2371  47  2371
  50  2371  50  2371  48  2271  43  2071  39  1971  38  2071  37  2071  36  2171
  35  2171  33  2171  30  2171  27  2051  25  2151  24  2111  23  2151  23  2051
  22  2011  21  2151  19  2151  19  2211  20  2351  23  2451  26  2511  29  2551
  31  2451  31  2411  29  2351  26  2251  23  2111  20  2251  18  2351  15  2461
  13  2461  10  2561   7  2561   3  2561   0  2461  -3  2461  -6  2551
497   8   001   8   001   6   001   4   001   4   001   3   001  -1   471
  -5   371  -3   671   5  1671  17  2771  31  2971  46  2871  58  2571  60  2471
  59  2271  55  2171  49  2271  44  2371  37  2471  34  2571  31  2671  27  2771
  25  2771  24  2771  23  2771  22  2871  19  3071  18  3171  17  3071  15  2971
  14  2871  13  3071  13  3171  16  3371  22  3071  29  2871  36  2571  40  2471
  41  2371  38  2271  32  2371  24  2571  17  2671  12  2671  10  2771  10  2771
  10  2771  10  2771   9  2771  10  2851   8  2951   5  3011   2  2951  -1  2951
  -4  2811  -7  2951  -8  3151  -4  3211   6  3051  19  2751  29  2511  33  2551
  31  2451  26  2411  20  2551  14  2651   8  2711   3  2851   0  2851  -2  2961
  -5  2961  -7  3061 -10  3061 -14  3161 -17  3361 -21  3461 -23  3451
510  91   001 102   001 113   001 122   001 124   001 124   001 123   471
 122   871 120   871 119   971 118  1171 120  1371 123  1471 126  1671 126  1771
 121  1871 112  1971 102  1771  93  1571  88  1371  84  1471  85  1471  83  1571
  80  1571  76  1571  72  1571  70  1571  70  1671  70  1671  67  1671  64  1571
  61  1571  60  1571  62  1471  66  1471  75  1571  82  1571  91  1671  95  1771
  96  1971  93  2071  86  1971  77  1771  67  1671  60  1771  53  1771  47  1871
  40  1871  32  1771  27  1771  29  1651  26  1651  22  1611  18  1651  15  1551
  14  1511  16  1451  22  1451  32  1311  46  1551  60  1651  73  1811  81  1951
  83  2151  80  2211  73  2151  63  2051  54  1911  48  2051  43  2051  40  2161
  37  2161  33  2161  30  2161  26  2261  22  2261  17  2361  13  2251
579  73   001  70   001  68   001  69   001  69   001  68   001  67   271
  67   471  70   571  77  1171  85  1571  92  1871  98  2071 105  2171 113  2071
 119  2071 119  1971 114  1871 106  1671  97  1571  90  1671  84  1871  79  1971
  77  1971  76  2071  75  2071  73  2071  69  2071  66  2071  65  2171  64  2271
  65  2371  68  2271  73  2071  79  1971  84  2071  88  2271  92  2371  96  2271
  97  2271  95  2171  88  1971  81  1871  73  1671  67  1771  65  1871  64  1971
  62  1971  60  2071  57  2071  51  1851  48  1851  44  1911  41  2051  39  2251
  40  2311  44  2151  49  1951  56  1711  62  1951  68  2251  72  2411  74  2451
  74  2351  71  2311  66  2051  59  1751  53  1411  48  1551  44  1751  39  1861
  34  1861  29  1861  25  1861  21  1961  18  2161  16  2261  15  2351
588  62   001  65   001  56   001  55   001  54   001  50   001  48   571
  47   471  49   671  53  1371  61  1871  72  1971  88  1971 102  1871 111  1871
 115  1871 112  1871 103  1971  92  1971  77  2071  64  1971  53  1971  46  1871
  43  1871  41  1971  42  1971  40  1971  39  2071  36  2071  35  1971  34  1871
  35  1771  38  1871  44  2071  51  2171  59  2171  68  2071  75  2071  81  2071
  84  2071  84  2071  80  2171  72  2171  64  2271  55  2171  48  2071  43  1971
  42  1971  42  2071  42  2071  36  1951  38  1951  37  1911  33  1951  29  1851
  26  1811  27  1951  33  2051  41  2111  52  2151  63  2251  73  2211  81  2251
  84  2351  82  2311  73  2351  61  2251  49  2211  42  2151  37  2151  32  2061
  28  2061  25  2061  22  2061  19  2161  17  2161  16  2261  17  2251
621 111   001 110   001 110   001 105   001 120   001 126   001 125   271
 120   471 114   871 109  1571 106  1971 107  2371 108  2671 110  2871 108  2871
 103  2871  94  2871  85  2571  74  2371  67  2071  63  2171  61  2171  59  2271
  55  2371  49  2371  45  2471  44  2671  43  2771  43  2971  43  2971  42  3071
  41  3071  40  2871  40  2571  43  2371  51  2471  60  2471  68  2571  71  2571
  69  2671  64  2671  56  2471  47  2371  39  2171  33  2271  28  2471  24  2571
  21  2671  16  2871  12  2971  15  2851  14  2951  12  2911   9  3051   5  3051
   4  3111   7  2951  15  2751  27  2511  42  2651  58  2651  72  2711  80  2851
  82  2851  77  2911  65  2651  49  2451  35  2111  26  2351  21  2451  17  2661
  12  2761   8  2961   5  3061   3  3261   1  3361  -2  3561  -5  3551
630  66   001  67   001  67   001  66   001  68   001  70   001  75   171
  80   271  85   371  90   771  95  1171 106  1471 117  1771 124  1971 126  2071
 123  2271 118  2371 111  2171 104  1871  98  1671  92  1671  85  1571  80  1571
  74  1571  70  1571  66  1571  64  1571  64  1671  64  1671  64  1671  63  1771
  61  1771  59  1771  58  1771  61  1771  68  1871  75  1971  82  2071  86  2071
  85  2171  83  2171  78  2071  73  1871  67  1771  60  1771  53  1771  48  1771
  43  1771  38  1871  35  1871  33  1651  31  1751  28  1711  25  1751  21  1851
  20  1811  21  1851  26  1851  33  1811  43  2051  54  2151  64  2311  71  2351
  73  2351  72  2311  67  2251  59  2051  51  1911  45  1951  40  2051  34  2061
  27  2061  21  2161  17  2161  17  2161  19  2161  20  2161  17  2151
643  62   001  67   001  55   001  56   001  45   001  44   001  46   571
  50   571  58   671  69  1171  83  1471  99  1571 117  1571 131  1571 144  1471
 152  1271 151  1171 140  1171 123  1271 107  1271  97  1271  92  1171  88  1171
  83  1371  79  1571  74  1771  70  1771  68  1771  67  1771  65  1671  64  1571
  65  1471  69  1571  76  1571  85  1671  96  1671 107  1771 117  1771 124  1671
 127  1671 123  1571 112  1471  99  1371  86  1271  77  1271  72  1271  68  1271
  63  1471  59  1771  54  1971  57  1751  56  1851  53  1811  49  1751  46  1751
  46  1611  50  1751  58  1851  69  1911  81  1951  93  1851 103  1811 110  1751
 113  1751 110  1611 100  1551  86  1451  72  1311  61  1351  52  1451  44  1461
  37  1661  32  1861  29  2061  27  2161  26  2161  27  2261  28  2251
645  77   001  71   001  68   001  69   001  71   001  69   001  71   271
  76   371  81   971  88  1271  97  1371 108  1571 119  1471 134  1471 145  1471
 151  1371 149  1371 136  1471 120  1471 104  1571  94  1571  88  1571  85  1571
  79  1671  75  1671  70  1771  66  1771  64  1671  64  1671  65  1671  68  1771
  70  1771  73  1771  77  1671  83  1671  93  1671 105  1771 115  1771 121  1671
 121  1671 116  1571 104  1571  89  1671  77  1671  70  1671  68  1571  67  1571
  64  1671  61  1671  57  1771  54  1551  52  1651  51  1611  50  1651  50  1751
  51  1711  53  1651  57  1651  64  1511  74  1651  85  1751  95  1811 101  1751
 103  1751  98  1611  87  1651  72  1551  58  1511  48  1551  42  1651  37  1661
  33  1661  30  1761  27  1761  26  1861  24  1861  24  1961  25  1951
650  81   001  81   001  81   001  77   001  72   001  74   001  74   571
  75   471  78   871  84  1071  92  1171 101  1371 114  1571 125  1771 135  1671
 141  1671 142  1571 137  1471 129  1471 121  1371 113  1471 109  1571 105  1671
 100  1771  97  1871  91  1971  86  1971  81  1871  79  1871  78  1871  79  1771
  81  1771  83  1571  84  1471  87  1271  91  1571  96  1771 102  2071 105  1971
 108  1971 107  1871 101  1771  93  1571  86  1471  81  1571  77  1771  74  1871
  71  1971  68  2171  65  2271  64  1951  60  1951  57  1811  55  1951  54  2051
  55  2111  57  1951  61  1651  66  1411  73  1651  82  1951  90  2111  96  2051
 100  2051  99  1911  93  1751  85  1651  77  1411  71  1551  67  1751  62  1861
  58  2061  54  2161  50  2361  46  2361  43  2461  41  2461  40  2451
675  77   001  73   001  71   001  73   001  68   001  71   001  72  1071
  72  1271  74  1471  78  1671  86  2171  98  2071 114  1971 132  1771 143  1571
 147  1371 144  1171 135  1271 123  1471 109  1571  97  1671  89  1771  80  1871
  73  1871  67  1971  63  1971  61  2071  60  2171  64  2271  67  2271  70  2171
  74  2171  77  2271  81  2271  84  2371  90  2171  96  2071 100  1871 104  1671
 106  1571 105  1371 100  1471  93  1571  85  1671  80  1771  73  1971  68  2071
  64  2071  61  2171  59  2171  55  2151  54  2351  52  2411  49  2451  47  2551
  48  2511  52  2551  59  2551  68  2511  77  2351  85  2051  93  1811  99  1751
 102  1551 101  1411  95  1551  86  1551  78  1611  72  1751  68  1951  63  2061
  59  2161  55  2161  52  2261  51  2561  51  2961  51  3261  49  3251
690  97   001  98   001  95   001  91   001  89   001  82   001  80   271
  81   371  86   571  96  1171 107  1671 123  1671 135  1571 146  1471 151  1371
 151  1171 148  1071 140  1271 133  1571 124  1771 114  1671 106  1671 100  1571
  96  1671  92  1671  91  1771  91  1771  91  1771  91  1771  90  1871  89  1971
  89  2071  91  1971  95  1871 100  1771 106  1671 115  1571 121  1471 124  1371
 124  1271 122  1171 118  1371 115  1671 109  1871 103  1871  97  1771  95  1771
  92  1771  91  1871  89  1871  84  1851  83  1751  82  1711  82  1851  82  2051
  82  2111  82  2051  83  2051  86  1911  91  1751  96  1651 100  1411 102  1451
 102  1351 102  1311 102  1551 101  1751  99  1911  95  1851  90  1851  87  1761
  86  1861  84  2061  83  2161  82  2161  81  2261  81  2261  82  2451
747  87   001  98   001 103   001 128   001 140   001 140   001 141   571
 142   671 143   571 145  1271 148  1371 151  1671 154  1571 159  1571 161  1571
 161  1571 156  1571 146  1571 132  1471 121  1471 114  1571 111  1571 107  1671
 101  1771  94  1771  90  1871  90  1871  93  1971  92  1971  89  1971  84  1971
  80  1971  78  2071  79  2071  81  2171  87  1971  95  1871 102  1671 108  1671
 110  1671 108  1671 101  1571  90  1571  82  1471  79  1571  78  1571  77  1671
  74  1871  70  1971  68  2171  70  2051  68  2051  66  2011  63  2151  60  2151
  59  2211  61  2151  66  2151  73  2011  82  1951  91  1751  99  1611 104  1651
 105  1751 102  1711  94  1751  83  1651  73  1611  65  1751  59  1751  54  1861
  49  2061  47  2161  46  2361  46  2561  46  2761  45  2961  44  2951
NT  TEDF  78  35 1
20170207042017020623
20170207042017020700
20170207042017020701
20170207042017020702
20170207042017020703
20170207042017020704
20170207042017020705
20170207042017020706
20170207042017020707
20170207042017020708
20170207042017020709
20170207042017020710
20170207042017020711
20170207042017020712
20170207042017020713
20170207042017020714
20170207042017020715
20170207042017020716
20170207042017020717
20170207042017020718
20170207042017020719
20170207042017020720
20170207042017020721
20170207042017020722
20170207042017020723
20170207042017020800
20170207042017020801
20170207042017020802
20170207042017020803
20170207042017020804
20170207042017020805
20170207042017020806
20170207042017020807
20170207042017020808
20170207042017020809
20170207042017020810
20170207042017020811
20170207042017020812
20170207042017020813
20170207042017020814
20170207042017020815
20170207042017020816
20170207042017020817
20170207042017020818
20170207042017020819
20170207042017020820
20170207042017020821
20170207042017020822
20170207042017020823
20170207042017020900
20170207042017020901
20170207042017020902
20170207042017020903
20170207042017020904
20170207042017020905
20170207042017020906
20170207042017020907
20170207042017020908
20170207042017020909
20170207042017020910
20170207042017020911
20170207042017020912
20170207042017020913
20170207042017020914
20170207042017020915
20170207042017020916
20170207042017020917
20170207042017020918
20170207042017020919
20170207042017020920
20170207042017020921
20170207042017020922
20170207042017020923
20170207042017021000
20170207042017021001
20170207042017021002
20170207042017021003
20170207042017021004
002800180018001800170018001817172717271727172717271735173117351735163116351
53515311535163516311635163516311535153515311535153516311635163517311735163516311
63516351631163516351631163516351631153515351531163516351731173517351731173517351
73116351635163116351635163116351635163116351635163616361636163616361636163616351
005800180018001800180018001717172717271727172717271735173117351635153115351
53515311535153516311635163516311635163516311635163516311635163517311735173517311
63516351531153516351631163516351631163516351631163516351731173517351731173517351
73117351735173117351735173117351635163116351635163616361636163616361636163616351
015800180018001700170018001827182718271727173717371735173117351735173116351
53515311535163517311735173516311635163516311635163516311635163517311735173517311
73517351731173517351731173517351731173517351731173517351731173517351731173517351
73117351735173117351735173117351635163116351635163616361636163616361636163616351
027800180017001800160018001817171717271627162715271535153115351535153116351
63516311635163516311635153515311535153515311535153515311535153516311635163516311
53514351331133513351231123512351231123512351231133513351331133514351431143514351
43114351535153114351435133113351235133113351435153615361536163616361636163616351
070700170018001700180018001727172717271727172717271735173117351735163116351
63516311635163515311535153515311535153515311535163516311635173517311735173517311
73517351631153515351431143515351531153515351631163516351631173517351731173517351
73117351735173117351735173117351735173117351735173617361736173617361736173617351
110600150014001000100010001017102711271127122713271435153115351535143114351
43513311335123512311235133513311335123511311135113512311235133514311435143514311
33513351231123512351231123511351131113511351131113512351231123512351231123512351
23112351235133113351435143115351535163116351535153616361636163616361636163616351
120600170016001700130011001117112711271127122712271335143115351635163116351
53514311335133513311335133513311335133512311235123512311235133514311435143514311
43515351431143513351231123512351231123512351231123512351231123512351231123512351
23112351235123112351235123112351335133113351335143614361536153615361636163616351
130800170015001700150015001417142713271327132713271435153115351535153116351
63516311635143513311335143514311435143514311335133513311435153515311535153514311
33513351331123512351231123512351231133513351331133514351431143513351331143514351
53115351435133113351335133113351335133113351235133613361436143614361536153616351
145600170017001600170018001817182717271727172717271735173117351735173116351
53515311535153515311535153515311535163516311635163516311635173517311735173517311
73517351631153514351431133514351431143515351531153516351631163516351631163516351
63116351635163117351735173117351735163116351635163616361636163615361536153615351
149600160017001700160018001817182717271727172717271735173117351735173116351
63515311535153515311535153515311535153515311535153515311635163517311735173517311
73516351631153515351531153515351531153515351531163516351631163516351631163516351
63116351635173117351735173117351735163116351635163616361636163615361536153615351
156700170017001800170017001717172717271727172717271735173117351735173116351
53515311535153515311535153515311535153515311535153515311635163517311735173517311
73516351631163515351531153515351531153515351531163516351631163516351631163516351
63116351635173117351735173117351635163116351635163616361636163615361536153615351
168600170017001700170018001817172717271827182718271835173117351735173117351
73517311635163516311635173517311735173517311735173517311735173517311635163516311
63516351731163516351631153515351531153515351531153516351631173517351731173517351
73117351735173117351735173117351735173117351735173617361736163616361636153614351
180500150013001500180016001727172717271727172717271735173117351735173116351
53515311535153516311635163516311535163516311635163517311735173517311735173517311
73517351731173517351731173517351731173516351631173517351731173517351631163517351
73117351735173117351735173117351735173117351735173616361636163616361636153615351
190500130014001400150014001517162716271727172717271735173117351735173117351
73517311735173517311735173517311735173517311635163516311635173517311735173517311
73517351731173517351731173517351731173517351731173517351731173517351731173517351
73117351735173117351735173117351735173117351735173617361736173616361636163616351
222800170017001700170016001517141713271427142714271435153115351535163117351
73517311735173516311535143513311335123513311335133514311435143513311335123512311
23512351231123512351231113512351231123512351231123512351231123512351231123513351
33113351335133113351335133113351335143114351535153615361636163616361636163616351
240600170017001800180016001717172717271727172717271735173116351535153114351
43515311535153516311635163516311635163517311735173517311635163516311635163516311
63515351431133513351231123511351131123512351231123512351231133514351531163516351
63116351635163116351535143113351335123112351235133613361436143615361536163616351
255700140017001600170017001717171717271827172717271835173117351635163115351
53515311535153515311535153516311635173517311735163516311635173517311735173517311
73517351631153514351231123512351231133514351431153515351531153515351531163516351
63116351635163116351635153114351435133112351235123613361336143614361536153616351
260400140014001700170018001817181718171827182718371735173117351735173116351
63515311535153516311635173517311735163516311635173517311735173517311735163516311
63517351631163516351631163516351631163516351531153515351531163516351631163516351
63115351535153115351635163116351535153113351235133613361336143614361536153616351
280600170015001700150015001517162716271727172717271835183118351835173117351
73516311635153515311535163517311735173517311735173517311735173517311735173517311
73517351731173517351731173517351731173517351731173517351731173517351731173517351
73117351735173117351735173117351735173117351735173616361636163616361736173617351
299600150015001600150012001217132714271427152716271635173117351735173117351
73517311735173517311735173517311735173517311735173517311735173517311735173517311
73517351731173517351731173517351731173517351731173517351731173517351731173517351
73117351735173117351735173117351735173117351735173617361736163616361636163616351
434500170017001800160017001717172717271727172717271735173117351635153115351
53516311635163516311735173517311735173517311635163516311735173517311735173517311
73516351531143513351231133513351431143514351431143514351431153515351531153515351
53115351535153114351435133113351235123111351135123612361236123613361336133614351
460100140012001400180016001717172717271827172717271735173117351735163116351
63516311635153515311635163517311735173516311635163516311635163515311635163516311
63516351631163516351631163516351631163517351731173516351631163516351731173517351
73116351635153115351635153115351335123112351235123612361236123613361436153616351
481600140014001400150014001517152716271627172717271735173117351735173117351
73517311735173517311735173517311735173517311735173517311735173517311735173517311
73517351731173517351731173517351731173517351731173517351731173517351731173517351
73117351735173117351735173117351735163115351535153615361536153615361636163616351
497300110011001100120011001217131714271527162717271735173117351735173117351
73517311735173517311735173516311635163516311635173517311735173517311735173517311
73517351731173517351731173517351731173517351731173517351731173517351731173517351
73117351735173117351735173117351735173117351735163616361636163616361536153616351
510700180018001700170015001627152715271427142714271535153116351635163116351
73517311735173517311735173517311735173517311635163515311535143514311535153516311
63515351531143513351231123512351231123512351231123513351331133514351431153516351
63115351535143113351235123113351335143114351335133613361336133614361536153616351
579600130012001800170016001617172717271727172716271635163117351735173116351
43512311135113511311235143515311635173517311735163516311635163516311635153515311
63516351731173517351631163516351631163516351531153516351631163516351531153514351
33113351335133113351335123112351135123112351335133614361436143615361536153615351
588100140014001100160016001617171717271727172717271735173116351635153115351
53515311535143514311435143514311535163517311735173517311735173517311735173517311
73517351731173517351731173517351731173517351731173517351731173517351731173517351
73117351735173117351735173117351735173116351635163616361636163616361636163615351
621400160017001600160015001617161717271727172717271735173117351735173117351
73517311735173517311735173517311735173517311735173517311735173517311735173517311
73517351731163515351531153515351531153515351531143513351331133514351431143513351
33112351235123112351135113111351135123112351235123613361336133614361436153615351
630400160013001700150015001517162716271627172717271735173117351735173117351
73516311635173517311735173517311735173517311735173517311735173517311735173516311
73517351731163515351431143514351431143514351331133514351431153515351531153515351
53116351635163115351435133112351235123112351135123612361236133613361436143615351
643200140016001700180017001617151714271427152715371535163116351735173115351
33512311135123513311435153516311735173516311635153514311435143515311535153515311
53515351531153514351431143514351431143514351331133512351231113511351131113512351
23112351235113111351135113111351135113111351235123613361336143614361436143614351
645200130015001800170018001717161716271527152715271535153116351735173116351
43512311135113512311335143515311635163517311635163515311535153516311535153515311
53515351631153515351531153515351531143513351331133513351331133513351331123512351
13111351135123112351235123111351135113112351235133613361436143614361536153615351
650400170012001300140014001417141715271527152715271535153116351535153115351
43513311235123512311435163517311835173517311735173517311735173517311735173517311
73517351731173517351731173517351731173517351731173517351731163516351531153515351
43114351435143114351435143113351335133114351435143614361436153615361536153615351
675100110013001300120013001217122713271427142715271535153116351635163115351
43513311235113511311235143515311635163516311635173517311735173517311735173517311
73517351731173517351731173517351731173517351731173517351731173517351631173517351
73117351735173117351735173117351635163116351635163616361636153615361536153615351
690100100010001000120013001317132713271227132713271435153116351735173116351
53515311435143515311535153515311535153515311635163517311735173517311735173517311
73517351731173517351731173517351731173517351731173517351731173517351731173517351
73117351735173117351735173117351735173117351735173616361636163616361636163615351
747400150015001700180018001727172717271727172717271735163115351535143114351
53516311735173517311735173517311735173517311735173517311735163516311535143513311
33514351431143514351331123512351231123512351231123512351231123512351231123512351
23112351235123112351135113111351135113111351135123612361336143614361436153615351
