20140806171429
T2M TEDF  78  35 1
20140806172014080612
20140806172014080613
20140806172014080614
20140806172014080615
20140806172014080616
20140806172014080617
20140806172014080618
20140806172014080619
20140806172014080620
20140806172014080621
20140806172014080622
20140806172014080623
20140806172014080700
20140806172014080701
20140806172014080702
20140806172014080703
20140806172014080704
20140806172014080705
20140806172014080706
20140806172014080707
20140806172014080708
20140806172014080709
20140806172014080710
20140806172014080711
20140806172014080712
20140806172014080713
20140806172014080714
20140806172014080715
20140806172014080716
20140806172014080717
20140806172014080718
20140806172014080719
20140806172014080720
20140806172014080721
20140806172014080722
20140806172014080723
20140806172014080800
20140806172014080801
20140806172014080802
20140806172014080803
20140806172014080804
20140806172014080805
20140806172014080806
20140806172014080807
20140806172014080808
20140806172014080809
20140806172014080810
20140806172014080811
20140806172014080812
20140806172014080813
20140806172014080814
20140806172014080815
20140806172014080816
20140806172014080817
20140806172014080818
20140806172014080819
20140806172014080820
20140806172014080821
20140806172014080822
20140806172014080823
20140806172014080900
20140806172014080901
20140806172014080902
20140806172014080903
20140806172014080904
20140806172014080905
20140806172014080906
20140806172014080907
20140806172014080908
20140806172014080909
20140806172014080910
20140806172014080911
20140806172014080912
20140806172014080913
20140806172014080914
20140806172014080915
20140806172014080916
20140806172014080917
002 180   001 185   001 189   001 184   001 188   001 189   001 186   271
 183   571 180   671 178   771 177   871 175   871 174   771 172   771 168   871
 166   871 167   871 168   971 171   971 174  1071 179  1071 182  1171 186  1271
 189  1371 193  1471 197  1471 200  1571 201  1571 200  1471 196  1371 191  1271
 185  1171 179  1171 174  1071 170   971 168   971 167   871 166   971 166   971
 166  1071 167  1071 168  1071 170  1071 173  1171 176  1271 180  1371 184  1471
 187  1671 190  1771 191  1671 190  1571 187  1471 183  1471 179  1471 176  1471
 175  1371 175  1371 176  1271 177  1271 177  1371 177  1371 177  1051 174  1151
 170  1111 167  1151 164  1151 163  1111 164  1251 166  1451 168  1511 170  1651
 173  1851 176  1911 179  1851 182  1851 184  1711 184  1651 181  1451
005 178   001 183   001 197   001 207   001 202   001 202   001 195   271
 185   371 173   671 163   671 156   771 152   971 148  1071 144  1171 140  1171
 138  1271 137  1171 140  1171 147  1071 159  1371 174  1571 188  1871 199  1871
 206  1871 210  1771 210  1871 209  1971 207  2071 205  1971 203  1771 197  1571
 187  1371 174  1171 162   971 156  1071 152  1071 150  1171 148  1271 147  1371
 145  1471 146  1371 149  1271 155  1171 164  1471 175  1671 186  1871 194  1971
 199  1971 202  1971 201  1971 199  1971 196  1971 193  1771 190  1771 186  1671
 181  1571 175  1471 171  1371 170  1371 169  1471 168  1471 164  1451 159  1651
 154  1711 149  1551 147  1451 149  1211 157  1451 167  1551 177  1711 183  1751
 186  1851 188  1811 191  1951 194  2051 196  2111 196  1951 194  1751
015 185   001 174   001 172   001 177   001 190   001 197   001 192   471
 186   671 180   871 174  1171 169  1171 163  1171 158  1171 153  1271 149  1271
 146  1371 146  1271 149  1071 157   971 171  1171 187  1371 202  1571 213  1571
 221  1571 226  1571 229  1571 231  1571 231  1571 230  1571 226  1471 217  1471
 205  1371 190  1371 178  1271 169  1171 163  1171 159  1071 155  1171 150  1171
 147  1271 146  1171 149  1071 155   971 167  1171 182  1471 195  1671 204  1771
 210  1771 215  1771 218  1771 221  1771 221  1671 218  1671 212  1571 204  1671
 195  1571 187  1571 182  1471 180  1371 180  1471 179  1371 177  1251 171  1351
 165  1311 162  1251 162  1151 165  1011 171  1251 179  1451 186  1611 190  1651
 193  1651 195  1611 198  1751 201  1751 204  1811 206  1751 206  1751
027 220   001 232   001 232   001 234   001 240   001 231   001 221   471
 205   671 188   771 173   671 160   971 152  1171 148  1271 146  1271 147  1371
 149  1371 150  1171 154  1071 161   871 172  1171 184  1371 196  1671 205  1571
 213  1671 218  1671 220  1571 221  1471 220  1371 218  1371 214  1371 207  1371
 195  1371 182  1371 169  1271 159  1271 153  1371 149  1371 147  1471 146  1471
 148  1571 152  1371 158  1071 165   871 173  1171 182  1671 189  1971 194  2071
 198  1971 202  1971 206  1771 209  1571 211  1471 211  1471 209  1571 204  1671
 196  1571 189  1471 181  1471 174  1471 168  1571 163  1571 149  1551 147  1651
 145  1611 143  1351 144  1151 148   811 157  1151 169  1551 181  1811 191  1851
 198  1951 203  1911 207  1851 209  1751 209  1611 207  1651 203  1751
070 195   001 184   001 175   001 176   001 184   001 186   001 181   371
 175   671 169  1271 162  1271 156  1371 150  1471 147  1471 143  1571 138  1571
 136  1571 135  1471 139  1271 149  1071 162  1271 179  1471 195  1571 207  1671
 218  1771 225  1871 228  1871 231  1871 231  1971 230  1771 226  1771 216  1671
 200  1571 184  1471 169  1371 160  1471 152  1471 148  1571 144  1671 140  1771
 136  1871 135  1671 138  1471 147  1271 164  1471 185  1771 203  2071 217  1971
 227  2071 233  2071 238  1971 240  1971 240  1971 236  1871 228  1871 220  1871
 211  1671 202  1571 194  1471 188  1571 183  1571 179  1671 176  1751 168  1951
 163  2011 163  1851 166  1551 173  1311 181  1551 190  1751 197  1911 203  2051
 207  2151 211  2211 215  2251 220  2251 222  2211 222  2151 218  2051
110 210   001 219   001 210   001 209   001 207   001 204   001 193   471
 182   771 173   971 166   771 160   771 155   871 152   871 151   871 151   971
 150   971 148   871 146   871 150   771 163   871 180   971 197  1071 210  1271
 216  1271 219  1371 221  1471 221  1571 220  1671 217  1571 211  1371 202  1271
 190  1171 176   971 164   871 156   871 152   971 150   971 149   971 149  1071
 148  1071 146   971 146   971 150   871 158  1071 168  1171 177  1371 184  1471
 188  1471 192  1471 196  1571 199  1571 201  1671 200  1671 196  1571 189  1471
 180  1371 171  1171 162  1071 156  1071 150  1171 147  1171 142   951 139   951
 136   911 133   951 132   851 136   811 146   951 159  1151 172  1211 181  1351
 187  1351 191  1411 193  1551 193  1651 192  1711 188  1651 183  1451
120 222   001 190   001 216   001 202   001 205   001 197   001 185   371
 178   371 172   571 166   571 162   671 157   971 155   971 155  1071 156  1071
 158  1171 157  1071 157   971 161   871 170   971 182   971 194  1071 202  1271
 207  1471 210  1571 211  1571 210  1571 208  1571 204  1471 199  1371 191  1271
 178  1071 167  1071 159   871 153   871 152   971 151   971 149  1071 147  1171
 146  1271 147  1171 151  1071 156   971 164  1071 170  1271 176  1371 179  1571
 182  1771 186  1971 191  1971 196  1871 200  1871 201  1771 197  1571 191  1471
 182  1271 171  1071 162   871 155   871 152   971 149   971 141  1151 139  1151
 136  1211 134  1151 135  1051 139   911 149  1151 161  1251 173  1411 182  1651
 189  1751 193  1911 195  1951 195  1951 194  1911 191  1751 187  1651
130 227   001 239   001 242   001 244   001 249   001 230   001 220   371
 209   571 197   871 187   971 178  1071 172  1271 166  1371 161  1471 157  1471
 155  1571 157  1471 161  1271 168  1171 178  1171 189  1171 202  1171 211  1271
 220  1471 227  1571 235  1571 239  1671 241  1671 239  1671 233  1671 222  1671
 207  1571 191  1371 179  1271 170  1371 164  1371 159  1471 153  1471 148  1471
 146  1471 148  1371 155  1171 163  1071 173  1171 183  1371 192  1471 198  1471
 203  1371 208  1371 214  1471 219  1671 221  1771 220  1871 216  1771 209  1771
 199  1671 189  1371 181  1271 174  1371 167  1371 162  1471 143  1451 139  1551
 136  1511 136  1451 139  1251 146  1111 156  1251 169  1451 182  1511 194  1551
 205  1551 212  1511 216  1651 217  1751 217  1811 216  1751 213  1751
145 176   050 180   001 198   001 221   001 203   001 212   001 210   271
 203   671 192   871 182   971 173   971 166   971 160   971 153  1071 149  1171
 147  1271 147  1271 152  1271 159  1271 168  1271 178  1171 188  1171 197  1271
 204  1371 209  1471 213  1471 216  1371 218  1371 220  1471 221  1471 218  1571
 209  1471 197  1271 187  1071 180  1071 174  1071 169  1071 163  1171 159  1171
 156  1271 157  1271 162  1271 169  1271 177  1371 185  1371 192  1471 198  1471
 204  1571 210  1571 216  1571 219  1571 221  1571 219  1671 213  1871 207  1971
 200  1771 194  1471 189  1271 187  1271 186  1171 182  1171 174  1151 165  1251
 157  1311 154  1351 155  1451 159  1411 166  1451 175  1551 183  1511 190  1651
 196  1651 201  1711 206  1751 211  1751 215  1711 217  1751 216  1851
149 177   050 186   001 195   001 195   001 219   001 198   001 196   271
 192   571 188   671 181   971 174  1071 167  1071 161  1171 156  1171 152  1271
 153  1271 158  1271 163  1171 171  1171 178  1171 187  1171 196  1171 205  1271
 214  1371 222  1571 226  1571 229  1671 231  1571 232  1671 230  1571 227  1571
 220  1371 211  1271 200  1071 189  1171 181  1171 173  1271 168  1271 165  1271
 164  1271 167  1271 171  1171 176  1171 183  1271 191  1371 200  1471 210  1571
 219  1771 227  1771 231  1871 232  1971 230  1971 226  1971 220  1871 215  1871
 210  1671 204  1571 200  1371 195  1371 192  1271 187  1271 181  1251 173  1251
 167  1311 165  1251 166  1251 170  1111 176  1351 183  1551 191  1711 200  1851
 208  1951 215  2011 220  2051 223  2051 225  2011 225  2051 223  1951
156 184   001 191   001 193   001 215   001 208   001 213   001 210   271
 204   471 199   671 191   871 184   871 179  1071 175  1071 173  1071 171  1071
 168  1071 166  1071 166  1071 170  1071 181  1171 194  1271 207  1371 217  1471
 225  1371 230  1471 235  1571 238  1571 240  1671 242  1671 241  1771 238  1771
 229  1571 219  1571 209  1371 201  1271 193  1271 189  1171 183  1171 179  1171
 177  1171 175  1171 176  1071 181  1071 189  1271 199  1471 209  1671 217  1571
 225  1571 231  1571 237  1771 240  1771 242  1871 240  1971 235  1971 227  2071
 218  1871 209  1671 204  1471 201  1471 200  1371 198  1371 193  1251 185  1151
 177  1111 172  1151 171  1151 173  1111 179  1351 187  1651 195  1811 202  1851
 208  1951 214  1911 220  1951 225  1951 229  1911 231  2051 229  2051
168 203   001 206   001 200   001 209   001 211   001 215   001 204   471
 191  1471 179  1371 169  1471 160  1471 153  1571 148  1571 145  1571 144  1471
 144  1471 146  1371 150  1271 159  1171 173  1271 189  1371 205  1471 217  1771
 225  1871 229  2171 230  2071 230  2171 230  2171 231  1971 230  1971 222  1871
 207  1771 187  1671 170  1471 161  1471 156  1571 154  1571 152  1671 150  1671
 146  1771 145  1571 147  1371 155  1171 172  1371 192  1571 213  1771 228  1871
 239  1971 246  2071 250  2071 251  2171 251  2171 250  2171 247  2071 240  1971
 227  1971 213  1771 200  1671 191  1671 186  1671 183  1671 177  1751 171  1751
 166  1811 165  1651 168  1451 174  1211 184  1451 195  1751 206  1911 214  2051
 220  2251 224  2311 226  2351 228  2251 229  2211 230  2251 228  2251
180 240   001 234   001 219   001 210   001 204   001 196   001 184  1271
 175  1471 168  1671 162  1571 157  1271 153  1271 151  1371 148  1371 145  1471
 145  1471 147  1371 151  1271 158  1171 167  1271 179  1471 193  1671 205  1571
 218  1571 226  1671 230  1671 232  1771 231  1871 229  1771 225  1971 216  1971
 202  1771 185  1571 171  1171 161  1271 155  1271 150  1371 143  1471 138  1471
 135  1571 138  1471 145  1271 159  1171 177  1371 198  1471 217  1671 233  1571
 245  1671 253  1671 259  1871 262  1871 262  2071 260  1971 255  1871 246  1771
 234  1571 220  1471 210  1371 203  1471 198  1471 194  1571 182  1751 178  1751
 176  1811 179  1651 185  1551 193  1311 202  1551 210  1651 216  1811 219  1851
 220  1851 222  1811 225  2051 228  2151 229  2311 227  2251 221  2251
190 248   001 257   001 251   001 242   001 236   001 220   001 209   571
 199  1071 194  1471 189  1571 185  1171 181  1171 176  1071 171  1071 167  1071
 165  1071 166  1071 171  1071 178  1071 186  1271 195  1471 203  1671 213  1971
 221  2371 227  2471 230  2571 231  2671 230  2571 228  2271 225  2071 217  1871
 206  1771 192  1471 181  1371 174  1271 168  1171 161  1071 155  1171 148  1171
 145  1271 147  1171 154  1171 166  1071 183  1171 202  1371 221  1471 238  1571
 251  1671 261  1871 268  1971 270  1971 270  1971 266  1971 260  1771 250  1671
 236  1471 222  1471 211  1271 203  1171 198  1271 194  1171 186  1251 179  1351
 176  1411 178  1351 184  1151 193  1011 204  1251 215  1351 224  1511 229  1751
 232  2051 234  2211 235  2351 236  2451 235  2511 231  2451 225  2351
222 241   001 240   001 243   001 237   001 229   001 213   001 208   371
 201   471 190   771 182  1471 177  1471 174  1371 173  1271 171  1271 167  1371
 167  1371 166  1271 169  1251 174  1171 181  1171 191  1171 200  1271 210  1471
 220  1771 229  1971 236  2071 240  2071 241  1971 238  1771 233  1771 223  1671
 209  1771 196  1871 185  1871 179  1671 177  1571 174  1371 170  1471 167  1571
 165  1671 168  1571 173  1371 180  1271 188  1371 195  1271 202  1371 207  1571
 211  1771 216  1971 219  1971 221  1871 221  1871 218  1871 212  1671 205  1571
 196  1671 187  1871 181  1971 177  1771 173  1671 169  1471 155  1451 149  1451
 144  1511 142  1451 145  1451 152  1311 165  1451 180  1451 194  1511 205  1751
 213  1951 219  2111 224  2151 226  2051 227  2011 225  1951 219  1951
240 193   001 217   001 204   001 234   001 235   001 230   001 214  1171
 204  1171 196  1271 186  1171 179  1071 173  1071 170   971 167   971 165   871
 164   871 166   871 169   851 173   871 179  1071 185  1471 192  1671 201  1571
 210  1471 217  1471 224  1571 229  1671 231  1771 230  1671 226  1771 219  1871
 209  1671 198  1371 189  1171 181  1171 176  1071 172  1071 168  1071 167  1071
 165  1071 165   971 168   971 173   871 181  1171 191  1471 203  1771 213  1771
 221  1771 227  1771 230  1871 230  1871 228  1871 223  1871 217  1971 211  2071
 204  1871 199  1671 195  1471 191  1371 188  1271 182  1171 169  1051 163  1051
 157  1011 154  1051 154   951 159   911 169  1251 181  1451 194  1711 205  1751
 213  1751 219  1711 222  1751 224  1851 225  1811 225  1851 223  1851
255 211   001 232   001 229   001 205   001 195   001 202   001 206   371
 201   971 193   871 187  1271 182   971 179   971 175  1071 170  1071 169   971
 166   971 166   971 167   971 170   971 176  1071 183  1371 190  1471 199  1571
 206  1771 214  1871 218  1871 224  1771 227  1771 229  1771 228  1771 224  1771
 214  1571 202  1371 191  1271 184  1171 178  1071 173  1071 167  1071 163   971
 157   971 156   971 158   971 166   971 180  1271 197  1371 213  1571 225  1671
 235  1771 242  1871 247  1871 249  1871 248  1871 243  1851 235  1851 226  1811
 216  1651 206  1351 199  1111 195  1151 192  1051 189  1011 185  1051 178   951
 172   911 169   951 170  1051 175  1011 183  1251 193  1451 202  1611 210  1751
 216  1951 221  2011 226  2051 231  2151 233  2111 232  2151 228  2051
260 207   001 221   001 234   001 232   001 226   001 193   001 189   371
 185   671 179   971 172   971 169  1371 167  1671 166  1771 161  1871 158  1871
 156  1971 160  1671 168  1271 176   971 185  1071 192  1171 197  1371 201  1271
 205  1471 208  1371 213  1471 218  1671 221  1771 221  1671 216  1471 208  1371
 197  1471 183  1371 173  1371 165  1471 160  1671 156  1771 151  1871 148  2071
 147  2171 150  1771 158  1371 171   971 189  1171 208  1371 226  1571 238  1571
 246  1571 253  1471 258  1671 261  1771 261  1971 257  1871 250  1771 238  1771
 224  1671 210  1471 198  1371 191  1571 185  1671 181  1871 171  1851 164  2051
 160  2211 161  1851 167  1451 176  1011 186  1251 197  1451 206  1611 212  1651
 217  1651 222  1611 228  1851 233  2151 235  2311 233  2251 227  2051
280 234   001 238   001 236   001 222   001 228   001 227   001 216   371
 207  1171 198  1271 191  1271 185  1271 179  1271 175  1371 171  1371 168  1371
 166  1371 168  1271 171  1171 175  1071 178  1371 184  1571 189  1871 197  1971
 205  1971 210  2071 211  2171 208  2171 207  2171 209  2071 211  1871 208  1771
 198  1671 184  1471 174  1271 166  1271 163  1271 160  1271 154  1371 151  1371
 147  1471 148  1371 153  1171 163  1071 177  1271 193  1471 208  1671 220  1771
 229  1771 236  1871 242  1871 246  1871 249  1871 250  1871 247  1771 242  1671
 232  1571 219  1371 208  1271 200  1271 193  1271 188  1271 183  1351 177  1451
 174  1511 175  1451 180  1351 188  1211 197  1451 207  1651 213  1811 215  1951
 215  2051 215  2111 217  2151 219  2151 222  2111 224  2151 222  2051
299 238   001 236   001 232   001 235   001 226   001 219   001 202  1471
 189  1671 180  1671 172  1671 166  1671 162  1571 159  1471 156  1471 155  1571
 155  1571 156  1371 159  1271 164  1071 171  1371 180  1471 191  1671 201  1871
 211  2171 217  2571 220  2271 221  2271 220  2071 219  2171 215  1971 208  1871
 196  1871 182  1671 170  1771 163  1571 160  1571 157  1371 154  1471 149  1471
 146  1571 146  1471 150  1271 161  1171 179  1371 201  1471 222  1671 240  1771
 253  1871 262  1971 268  1971 271  1871 271  1771 269  1771 264  1671 252  1671
 236  1671 217  1571 202  1571 195  1471 192  1571 189  1471 178  1551 174  1751
 173  1811 176  1651 182  1351 190  1111 199  1351 207  1551 215  1711 221  1951
 225  2151 228  2311 230  2251 230  2251 229  2111 226  2051 220  1951
434 211   001 213   001 208   001 191   001 187   001 193   001 186   671
 179   771 175   871 171  1171 168  1071 164  1171 161  1171 160  1171 158  1171
 158  1171 157  1071 157  1051 159   971 165  1071 174  1171 182  1271 186  1271
 189  1171 192  1171 195  1371 201  1471 205  1571 208  1571 207  1571 203  1571
 195  1571 186  1471 178  1271 173  1271 170  1271 169  1271 166  1271 163  1171
 159  1171 157  1071 159  1051 165   971 176  1171 192  1171 206  1271 219  1471
 227  1671 234  1671 237  1871 237  1771 235  1871 230  1671 223  1671 214  1571
 204  1471 195  1471 187  1371 183  1471 180  1371 177  1471 172  1251 168  1151
 164  1111 162  1051 161  1051 164   911 170  1051 179  1151 187  1211 194  1251
 199  1351 203  1311 207  1451 210  1551 210  1611 208  1551 203  1551
460 233   001 242   001 254   001 249   001 253   001 244   001 229   371
 217   671 206   971 196  1071 187  1271 181  1471 176  1571 172  1571 169  1671
 167  1671 166  1571 167  1571 173  1471 182  1371 192  1271 202  1171 207  1371
 210  1571 213  1771 214  1871 218  1671 219  1671 218  1671 214  1471 207  1471
 197  1471 186  1671 176  1671 170  1671 165  1571 162  1571 158  1671 151  1771
 149  1871 146  1771 149  1671 158  1571 174  1571 194  1571 214  1571 231  1671
 243  1871 253  1871 258  1871 259  1871 255  1871 247  1871 237  1771 226  1771
 216  1771 205  1771 198  1771 192  1771 189  1571 185  1471 181  1551 176  1651
 173  1711 172  1651 174  1551 179  1411 188  1551 198  1551 207  1611 212  1851
 215  1951 217  2111 220  2151 222  2151 223  2111 220  2051 215  1951
481 235   001 243   001 247   001 251   001 249   001 244   001 233   271
 221   671 210   871 202  1171 195  1171 191   971 187   971 185   971 182   971
 180   971 177   971 176   871 178   871 185   971 193  1271 203  1371 209  1471
 215  1571 218  1671 221  1671 221  1671 220  1671 217  1571 213  1571 206  1571
 200  1771 193  1571 188  1571 184  1471 181  1271 178  1071 175  1071 170  1071
 168  1071 166  1071 167   971 173   971 187  1171 204  1171 222  1371 237  1571
 249  1671 259  1771 266  1771 270  1771 271  1771 269  1771 264  1671 256  1571
 247  1471 236  1471 228  1371 220  1271 215  1271 210  1171 208  1051 204  1151
 201  1111 198  1051 198  1051 200   911 206  1151 213  1251 219  1411 221  1651
 222  1951 222  2111 224  2151 227  2251 229  2211 228  2151 224  1951
497 238   001 241   001 245   001 237   001 230   001 219   001 201   771
 186   871 171   871 159  1171 152  1371 145  1671 141  1671 138  1671 137  1671
 137  1671 135  1571 136  1471 142  1371 156  1571 174  1771 192  1971 207  2271
 219  2471 227  2671 232  2671 232  2671 227  2371 216  2171 203  2071 188  1971
 175  1871 166  1871 158  1771 153  1771 150  1871 147  1771 145  1771 142  1871
 139  1871 136  1771 136  1571 143  1471 162  1771 187  2071 212  2271 233  2571
 250  2671 262  2871 270  2671 272  2671 267  2471 253  2271 235  2071 218  1971
 204  1871 194  1771 186  1671 179  1671 172  1671 166  1671 167  1751 163  1851
 159  1811 157  1751 157  1651 161  1511 170  1751 181  2051 193  2211 203  2451
 212  2651 219  2811 224  2751 227  2651 224  2511 215  2351 203  2251
510 260   001 218   001 212   001 243   001 239   001 245   001 231   771
 221   971 214   971 203   971 194  1071 190  1071 188   971 187   971 188   971
 187   971 186   971 187  1071 192  1071 201  1171 212  1271 222  1371 227  1571
 229  1871 234  2071 242  2071 252  1971 259  1971 261  1871 259  1771 250  1671
 237  1571 221  1471 208  1371 200  1271 195  1271 193  1171 191  1171 190  1171
 188  1171 186  1171 187  1071 192  1071 203  1171 217  1471 229  1571 237  1771
 241  1971 245  2071 249  2071 251  2071 250  2071 243  1971 233  1871 222  1771
 213  1771 205  1571 200  1471 197  1471 195  1371 193  1271 189  1251 185  1251
 182  1211 181  1151 182  1151 187  1011 196  1251 206  1351 215  1511 220  1751
 223  1851 225  2011 228  2051 230  1951 233  1911 234  1951 233  1951
579 284   001 285   001 291   001 289   001 287   001 278   001 266   471
 254   771 242   771 232   771 224   971 218  1071 213  1171 210  1271 208  1271
 206  1371 207  1271 209  1271 216  1171 230  1071 246  1071 260  1071 267  1271
 271  1571 273  1771 276  1971 279  2271 279  2471 275  2171 268  1871 259  1571
 249  1471 238  1471 229  1271 221  1271 216  1171 211  1171 206  1271 202  1271
 199  1371 197  1271 199  1171 208  1071 224  1071 244  1171 263  1171 277  1471
 286  1671 293  1971 297  2271 299  2471 297  2711 291  2351 281  2051 268  1611
 253  1651 237  1451 225  1311 217  1251 212  1251 209  1111 204  1151 200  1151
 199  1211 201  1251 207  1251 215  1211 225  1251 236  1151 245  1111 252  1351
 256  1551 258  1711 258  2051 257  2451 257  2711 258  2451 257  2051
588 284   001 289   001 296   001 295   001 287   001 285   001 271   471
 254   971 239   971 224  1171 212  1271 202  1471 194  1571 188  1671 183  1671
 179  1771 177  1571 178  1471 185  1271 200  1271 220  1271 239  1271 254  1371
 265  1371 274  1471 279  1771 283  1971 282  2271 277  2371 268  2371 256  2471
 243  2271 231  2071 218  1871 208  1771 200  1671 193  1571 187  1671 183  1671
 179  1771 176  1671 177  1471 185  1371 201  1271 222  1271 243  1171 261  1271
 275  1471 285  1571 291  1871 293  2271 290  2571 282  2571 270  2671 256  2671
 241  2371 226  2171 214  1871 204  1771 197  1771 191  1671 188  1551 183  1651
 180  1611 179  1551 182  1351 190  1211 204  1251 220  1151 235  1111 246  1351
 254  1551 260  1711 265  2151 269  2451 268  2811 263  2851 253  2751
621 232   001 241   001 234   001 244   001 241   001 232   001 228   371
 216   671 203   871 191   871 184  1171 181  1271 180  1271 179  1271 178  1271
 177  1271 176  1171 176  1071 181   971 191  1071 204  1071 219  1271 231  1371
 240  1571 247  1671 250  1671 252  1571 253  1571 253  1471 251  1371 244  1371
 230  1271 213  1171 200  1171 193  1271 190  1271 189  1371 187  1371 184  1371
 180  1371 176  1271 176  1171 180  1071 192  1171 207  1271 223  1371 236  1571
 246  1571 252  1671 254  1771 251  1971 246  2171 240  2171 233  2071 223  2071
 212  1771 199  1471 191  1371 187  1371 187  1471 187  1471 186  1351 184  1451
 182  1411 182  1351 184  1151 186  1011 189  1151 193  1351 199  1411 206  1551
 214  1551 221  1611 227  1751 230  1951 232  2011 232  2051 229  1951
630 261   001 268   001 275   001 273   001 273   001 261   001 253   671
 243   871 232   971 223   871 214   871 207  1071 202  1071 196  1071 191   971
 189   971 187   871 187   851 190   771 198   871 210  1171 222  1271 232  1471
 241  1771 249  1871 254  1871 258  1771 259  1771 257  1771 253  1671 248  1671
 239  1571 230  1371 220  1171 213  1171 206  1071 201  1071 197  1071 192   971
 190   971 187   871 187   871 192   771 205   971 222  1371 242  1571 260  1771
 273  1771 283  1971 288  1971 288  1871 284  1871 276  1971 265  1871 254  1871
 243  1771 235  1571 228  1471 222  1471 218  1371 212  1371 206  1151 202  1151
 199  1011 197   951 196   951 198   811 203  1051 211  1351 219  1511 226  1651
 233  1851 240  1911 248  2051 254  2051 257  2111 255  2151 248  2051
643 290   001 289   001 286   001 285   001 288   001 275   001 274   471
 270  1071 260   971 250  1271 242  1171 236  1171 231  1171 225  1171 222  1171
 218  1171 217  1171 219  1171 230  1171 250  1171 273  1071 294  1071 305  1271
 308  1471 309  1671 310  1671 311  1571 310  1571 307  1571 301  1471 291  1471
 280  1371 268  1271 256  1171 246  1171 239  1171 231  1171 224  1171 217  1271
 211  1271 207  1171 208  1171 217  1071 234  1171 254  1271 271  1371 279  1571
 281  1671 279  1771 277  1771 276  1671 273  1771 269  1571 264  1671 258  1571
 253  1471 248  1371 245  1371 241  1371 238  1271 234  1271 229  1251 226  1251
 225  1211 226  1151 229  1151 237  1011 248  1051 260  1151 268  1111 269  1351
 266  1551 262  1711 261  1751 262  1851 262  1811 260  1851 256  1851
645 292   001 304   001 312   001 304   001 315   001 302   001 280   871
 263   971 247   971 234   771 226  1071 221  1171 218  1371 215  1371 212  1471
 208  1471 207  1371 209  1271 217  1171 231  1271 250  1371 268  1471 281  1471
 290  1471 295  1471 298  1871 298  2071 296  2471 291  2271 282  1971 271  1771
 257  1771 241  1571 229  1371 221  1371 216  1471 211  1471 207  1471 204  1571
 200  1571 197  1371 199  1271 207  1071 225  1271 247  1471 269  1671 285  1671
 295  1671 299  1671 299  1971 295  2271 289  2771 282  2471 274  2171 264  1871
 250  1771 237  1471 226  1371 219  1471 216  1471 215  1571 214  1351 211  1451
 210  1411 211  1351 215  1251 222  1111 231  1251 241  1451 250  1511 256  1551
 259  1551 260  1511 259  1951 257  2351 256  2711 257  2551 256  2251
650 282   001 295   001 298   001 305   001 307   001 305   001 290   371
 276   571 265   671 255   871 247   871 240  1071 234  1171 227  1371 221  1471
 218  1671 217  1471 221  1371 229  1171 242  1171 258  1071 272  1071 283  1071
 289  1071 295  1071 299  1171 302  1271 301  1371 295  1371 286  1371 275  1371
 265  1371 254  1271 245  1171 239  1171 233  1271 226  1271 219  1471 213  1571
 208  1771 207  1571 211  1271 221  1071 237  1071 255  1071 273  1071 287  1071
 296  1171 301  1171 302  1271 300  1471 294  1471 286  1471 277  1371 267  1371
 258  1371 251  1271 245  1171 240  1271 236  1371 232  1371 227  1351 224  1451
 223  1611 226  1451 233  1251 241  1011 250  1151 258  1151 266  1211 273  1251
 278  1151 281  1111 280  1251 277  1451 273  1511 268  1551 263  1651
675 310   001 319   001 310   001 317   001 310   001 304   001 287   371
 269   671 251   771 237   871 227  1071 221  1271 214  1471 205  1571 196  1771
 188  1871 186  1771 190  1671 203  1571 226  1371 253  1071 279   871 297  1071
 309  1271 317  1471 322  1671 323  1971 319  2171 309  1971 295  1871 280  1671
 265  1571 251  1371 240  1271 231  1371 223  1371 216  1471 208  1671 201  1771
 197  1971 197  1871 202  1671 215  1571 235  1471 260  1271 282  1171 298  1271
 307  1371 312  1471 313  1871 311  2171 306  2571 299  2371 289  2071 277  1871
 263  1671 249  1571 238  1371 229  1471 222  1471 215  1571 208  1651 201  1751
 196  1911 195  1751 200  1651 212  1411 231  1351 253  1351 274  1211 289  1351
 300  1551 306  1611 309  2051 309  2451 305  2811 297  2551 286  2151
690 265   001 265   001 268   001 270   001 258   001 254   001 256   171
 254   471 250   671 246   871 242   971 238  1171 235  1171 231  1171 227  1271
 225  1271 226  1271 228  1271 234  1271 244  1271 253  1171 261  1071 262  1171
 261  1171 258  1271 255  1271 253  1471 251  1571 248  1371 246  1071 245   871
 242  1071 241  1071 240  1071 237  1171 234  1171 230  1271 227  1271 225  1371
 224  1371 226  1371 230  1371 235  1371 242  1271 249  1071 255   971 259  1071
 262  1171 262  1371 261  1371 259  1471 257  1571 254  1371 251  1171 249  1071
 246  1071 243  1271 240  1271 237  1271 234  1271 230  1271 230  1251 226  1251
 224  1211 224  1251 227  1351 232  1311 240  1251 248  1051 254   911 256  1051
 256  1051 255  1111 255  1251 255  1351 254  1411 252  1251 250  1151
747 303   001 307   001 308   001 314   001 307   001 290   001 281   871
 270   771 260   971 251   871 244  1071 239  1171 235  1171 230  1171 225  1271
 219  1271 216  1271 217  1271 224  1271 236  1271 253  1371 269  1371 283  1471
 293  1571 300  1671 303  1671 303  1971 300  1971 295  1871 287  1871 278  1771
 268  1571 259  1371 250  1171 243  1171 237  1171 232  1171 225  1271 220  1271
 217  1371 216  1271 220  1251 228  1171 241  1271 255  1571 268  1671 275  1771
 279  1871 281  1971 282  2071 283  2071 283  2071 282  1971 278  1871 272  1771
 263  1571 252  1371 242  1171 236  1171 232  1171 230  1171 226  1251 223  1251
 222  1311 225  1251 231  1251 238  1111 245  1251 252  1351 259  1411 266  1551
 271  1751 275  1811 276  1951 276  1951 273  2011 269  1951 263  1951
NT  TEDF  78  35 1
20140806172014080612
20140806172014080613
20140806172014080614
20140806172014080615
20140806172014080616
20140806172014080617
20140806172014080618
20140806172014080619
20140806172014080620
20140806172014080621
20140806172014080622
20140806172014080623
20140806172014080700
20140806172014080701
20140806172014080702
20140806172014080703
20140806172014080704
20140806172014080705
20140806172014080706
20140806172014080707
20140806172014080708
20140806172014080709
20140806172014080710
20140806172014080711
20140806172014080712
20140806172014080713
20140806172014080714
20140806172014080715
20140806172014080716
20140806172014080717
20140806172014080718
20140806172014080719
20140806172014080720
20140806172014080721
20140806172014080722
20140806172014080723
20140806172014080800
20140806172014080801
20140806172014080802
20140806172014080803
20140806172014080804
20140806172014080805
20140806172014080806
20140806172014080807
20140806172014080808
20140806172014080809
20140806172014080810
20140806172014080811
20140806172014080812
20140806172014080813
20140806172014080814
20140806172014080815
20140806172014080816
20140806172014080817
20140806172014080818
20140806172014080819
20140806172014080820
20140806172014080821
20140806172014080822
20140806172014080823
20140806172014080900
20140806172014080901
20140806172014080902
20140806172014080903
20140806172014080904
20140806172014080905
20140806172014080906
20140806172014080907
20140806172014080908
20140806172014080909
20140806172014080910
20140806172014080911
20140806172014080912
20140806172014080913
20140806172014080914
20140806172014080915
20140806172014080916
20140806172014080917
002800170013001300130010001027112712271227132714271431143514351531153516351
63117351635163116351635153114351335123111351235123113351435143114351435143115351
53516311735173517311735173517311735163516311635173517311735173517311735173517311
63516351631163516351531153514351431143514351431143514351431143514351431143514351
005800180017001300110011001127112712271227132714371431143513351331133514351
43114351435143115351535153115351435133113351335133114351435153115351535163116351
63516311635173517311735173517311735173517311735173517311735173517311735173517311
73517351731163516351531153514351331143514351531153515351431143514351531153515351
015800180018001800170015001427132713271327143714371431143515351531163516351
73116351635153116351635173116351535133112351235123112351335133113351235123113351
43516311635163516311635163515311535143514311535163517311735173516311635163516311
63516351731173516351631163517351731173517351631163516351631163516351631153515351
027700170016001700150016001627152715271527152715371631163516351631163517351
73117351735173117351735173117351735173116351535143114351435143115351535153116351
63516311735173517311735173517311735173517311735173517311735173517311735173516311
63515351531153515351631153515351531143514351431143514351431153515351531153515351
070800180018001800180018001727172716271627152715271431153515351631163516351
63117351735173117351735173117351635163114351335123112351335143114351435133113351
43514311535153516311535153515311535163516311635163516311635163516311635163515311
53516351631163517351731173517351731173516351631153515351531153515351531153515351
110700160016001700180018001827172717271627162715271531143513351331133512351
23112351235123112351235133113351335143114351435143114351435143115351535163116351
63517311735173517311735173517311735173517311735173517311735173516311635153514311
33513351331133513351331123512351231133513351431153515351531153515351431153515351
120600170017001700170018001727172716271627172717271731163515351531143514351
43113351235123112351235133113351435143114351435143114351435143115351535153116351
63516311635173517311735173517311735173517311735173517311735173517311635163515311
53515351531143514351331123512351231133514351531153515351531153515351631153515351
130600160017001700170017001727172717271727172717271631163516351631163515351
63116351635173117351735163116351535143114351435143114351435143114351435153115351
63517311735173517311735173517311735173517311735173517311735163516311535153515311
43514351331133513351231123512351231133513351431153515351531153515351431143514351
145800170017001600170017001727172717271627162716271631173517351731173517351
73117351735173117351735173117351735163116351535153114351535153115351535143114351
43514311535163516311735173517311735173517311735173517311735173517311735173517311
73517351731163516351531153515351531153515351531153515351531153515351531153515351
149800180018001700170017001627162716271627162716371631173517351731173517351
73117351735173117351735173117351735163116351535143114351435153115351535143114351
43514311535163517311735173516311735173517311735173517311735173517311735173517311
73517351731173516351631163516351631163515351531153515351531153515351531153515351
156800180017001500170017001727172717271627162716371631173517351731173517351
73117351735173117351735173117351735163116351535153115351535153115351435143114351
43514311535163516311735173517311735173517311735173517311735173517311735173517311
73517351731173516351631163516351631163515351531153515351531153515351531153515351
168800180018001800180018001717172716271627162716271631173517351731173517351
73117351735173117351735173117351735173116351535153114351435143114351435143114351
43515311535153515311535153515311535153515311535153516311635163517311735163516311
63516351631163516351631173517351731173517351631163516351531153516351631163515351
180800180018001800180018001727172717271727172717371731173517351731173517351
73117351735173116351635163116351735173116351535133113351335133112351235123112351
33514311435143514311335133513311335143515311535163516311635163515311535153515311
53516351731173517351731173517351731173517351731173517351731173516351631153515351
190600170017001800180018001727162717271727172717371731173517351731173517351
63116351635153115351435143114351435153115351635163116351535153115351435143113351
33512311235123512311235123512311235123513311435153515311535153515311535153516311
63516351631163516351631163516351631173517351731173517351731173516351631163515351
222700140016001700170018001727172717271727172717271731173517351631163515351
53116351635173117351735173116351535153114351435143114351435143114351535153116351
63517311735173517311735173517311735173517311735173517311735173516311635153515311
43513351231123512351231123512351331133513351331143514351431143515351531143513351
240800160017001500180018001827182717271737172717271731173517351731173517351
73117351735173117351735173117351635163116351635153115351535153115351635163116351
63516311635163516311735173517311735173517311735173517311735173517311735163516311
63516351631163515351531153514351431143514351431143514351531153515351531153515351
255700170017001800170017001717162716271627162717271731173517351731173517351
73117351735173117351735173117351735173116351635163116351635153115351535153115351
53515311535163516311635163515311535163516311635173517311735173517311735163516311
73517351731163516351631163516351631163516351531153515351631153515351531153514351
260800170017001700180018001817172717271727172717271731173517351731173517351
73117351735173117351735173117351735173116351535143115351535153115351535153114351
43514311535153516311635173517311635163516311635153515311635163517311735173517311
73517351731173517351731173517351731173516351631163515351531153515351531153514351
280800180018001800170017001727172717271737163716271631163516351631173517351
73117351735173117351735173117351735173117351735173116351635153115351435143114351
43515311535163516311735173517311635153515311435153515311635163516311535153514311
43514351431153516351731173517351731173517351631163516351631163515351531153515351
299600180018001800180018001727172716271627162716271631163516351631163516351
63116351635163116351635163116351635173117351735173117351735173117351735163116351
63515311535153515311535153515311435143514311435153516311635153515311435143514311
53515351531153514351431143515351631173517351731173517351731173517351631163515351
434600160018001700170016001627162716271737173717371731173517351731173517351
73117351735173117351735173117351735163116351535153115351435143115351535153115351
63516311635163516311735173517311735163516311635163516311635163516311635173517311
73517351731173517351631163517351631163516351531153515351631163516351631153514351
460700150016001600170017001627163716371627162716271531163516351631163517351
73117351735173117351735173117351735173117351735163115351335133113351435143114351
43514311535153515311535153514311435143514311535163517311735163516311635153515311
53515351631163516351731173517351731173517351731163515351531163516351731173516351
481400150014001100160016001627162715271527152715271531153515351531153515351
63116351635163116351635153116351635163117351735173116351635153114351435133113351
33513311335143514311435143514311435143514311435143514311435133513311335133514311
43514351431153515351531163517351731173517351731173517351731173517351731163516351
497300160017001600150015001427142714271427142715271531143514351431143514351
43114351535163116351635163116351735173117351635153115351535143114351335123111351
23512311335133514311435143514311535153516311635163516311635153515311535153515311
53515351531153515351631163516351731173517351731173517351731173517351731173517351
510600170017001700160017001527152716271627173717271631173517351731173517351
73117351735173117351735173117351735173117351635163116351535153115351535153115351
63516311735173517311735173517311735173517311735163516311735173517311735173517311
73517351731173517351631163516351631163516351731163516351531153515351531163516351
579200100012001200100011001327132714271427132713271331133514351431143514351
43115351535153115351435143114351535163116351635153115351535143114351335123113351
33514311435143514311435153515311535153515311535153515311535143514311435143514311
53515351531153515351631163516351631163517351731173517351731173517351731173517351
588100130010001000110010001127122712271327142714271431143514351431143514351
43114351435143114351435143114351535153116351635163115351335123113351335143114351
33512311135123512311335143514311535153515311535153515311435143513311335123512311
23512351231133514351531153516351631163516351631153515351531153515351531153515351
621600160016001700170017001627162715271427142714271331143514351431143514351
43114351535153115351635163117351735173116351535143113351335143114351535153115351
53515311435143513311335133513311335143514311435143514311435143515311535163516311
63517351731173516351631163517351731173517351731173517351731173517351731173516351
630400140014001500150015001427142714271427152715271531153515351531153516351
63116351635163116351535153115351535153115351535143113351235123112351335133114351
43515311535143514311435143514311335123512311235123512311235133513311435153516311
63517351731173517351731173517351731173517351731173517351731163516351631163516351
643100100011001000100012001327132714271327132712371231123513351431143514351
43114351535153114351435143114351435153115351435143114351335133113351335133113351
43514311435143514311535163516311635163515311535153515311435133513311435153516311
63516351631163516351631163517351731173517351731173517351631163516351631163517351
645100100011001100100012001327132713271427132712371231123512351331143514351
43115351535153114351435143114351535153115351535153114351435133113351235123112351
33514311435143514311535153515311535153515311535153515311335123512311335143515311
63515351531163516351631173517351731173517351731173517351731173516351631163516351
650000110010001000100010001127112712271327132713271331143514351431143514351
43114351335133113351435133113351235113111351235123112351235123112351235123112351
13512311235133514311435143514311535153515311535163515311535143513311335133513311
33514351431143515351531163516351631163516351531153515351631163516351631153515351
675200110012001100110011001127122712271327132713371331133513351331143514351
43114351335133113351435143114351335123112351235123112351235123112351335133113351
23512311235133513311435143514311435153515311535153515311535153514311435133513311
33513351331133513351331133514351431143514351431143515351531153514351431143514351
690400130013001000120014001427143713371327133713371331143514351431143515351
53115351535153115351535153115351435133114351535153114351335123113351335143113351
33512311335133514311435153515311535153515311635163515311535153515311435143513311
33513351231123512351331133514351431153516351631163516351531153516351631163515351
747100100012001000110014001427142714271427142713271331133513351431143515351
53115351635163115351535153115351635163116351535143114351535153115351435143114351
43514311435153515311635163516311635163515311535153514311335133512311235133513311
43515351531153515351531153515351531153516351731173516351631163517351731173516351
