20141011161420
T2M TEDF  78  35 1
20141011162014101111
20141011162014101112
20141011162014101113
20141011162014101114
20141011162014101115
20141011162014101116
20141011162014101117
20141011162014101118
20141011162014101119
20141011162014101120
20141011162014101121
20141011162014101122
20141011162014101123
20141011162014101200
20141011162014101201
20141011162014101202
20141011162014101203
20141011162014101204
20141011162014101205
20141011162014101206
20141011162014101207
20141011162014101208
20141011162014101209
20141011162014101210
20141011162014101211
20141011162014101212
20141011162014101213
20141011162014101214
20141011162014101215
20141011162014101216
20141011162014101217
20141011162014101218
20141011162014101219
20141011162014101220
20141011162014101221
20141011162014101222
20141011162014101223
20141011162014101300
20141011162014101301
20141011162014101302
20141011162014101303
20141011162014101304
20141011162014101305
20141011162014101306
20141011162014101307
20141011162014101308
20141011162014101309
20141011162014101310
20141011162014101311
20141011162014101312
20141011162014101313
20141011162014101314
20141011162014101315
20141011162014101316
20141011162014101317
20141011162014101318
20141011162014101319
20141011162014101320
20141011162014101321
20141011162014101322
20141011162014101323
20141011162014101400
20141011162014101401
20141011162014101402
20141011162014101403
20141011162014101404
20141011162014101405
20141011162014101406
20141011162014101407
20141011162014101408
20141011162014101409
20141011162014101410
20141011162014101411
20141011162014101412
20141011162014101413
20141011162014101414
20141011162014101415
20141011162014101416
002 146   001 161   001 165   001 162   001 150   001 155   001 148   271
 141   471 139   671 138   771 136   771 133   971 129   971 125  1071 121  1071
 117  1071 116  1071 115  1071 116   971 118   971 122  1071 126  1071 132  1171
 139  1171 145  1171 150  1171 153  1171 153  1171 151  1171 147  1171 142  1071
 137  1071 135  1071 134   971 136   971 140  1071 143  1071 145  1171 144  1171
 142  1071 141  1071 141  1071 143  1071 144  1071 145  1071 145  1071 146  1071
 148  1171 150  1271 151  1371 153  1371 153  1371 152  1371 148  1271 144  1271
 140  1171 139  1171 138  1071 139  1071 139  1171 138  1171 137  1271 135  1271
 132  1271 129  1271 127  1271 126  1151 126  1111 127  1251 130  1351 133  1411
 136  1451 138  1451 140  1411 140  1551 139  1551 137  1611 134  1651
005 166   001 174   001 164   001 163   001 172   001 161   001 146   271
 133   371 124   371 118   671 113   771 107   871 101   971  96   971  93   971
  89  1071  88  1071  86  1171  85  1171  87  1271  93  1371 101  1271 115  1271
 130  1271 145  1171 158  1171 162  1371 162  1471 158  1671 153  1471 150  1171
 146   971 143  1071 142  1071 141  1171 142  1171 142  1171 142  1171 141  1171
 140  1271 138  1271 137  1271 136  1371 136  1371 137  1371 138  1271 139  1271
 141  1271 143  1271 147  1271 150  1471 153  1671 152  1871 147  1571 140  1371
 132  1171 128  1271 126  1271 125  1371 123  1371 121  1371 119  1371 118  1371
 116  1471 114  1471 110  1471 106  1471 106  1411 111  1351 119  1351 128  1211
 136  1351 143  1451 149  1511 153  1751 153  1951 150  2111 142  1851
015 140   001 154   001 168   001 176   001 178   001 167   001 154   371
 141   471 130   571 121   771 114   971 109  1071 105  1071 100  1171  96  1171
  94  1271  91  1271  87  1271  85  1271  88  1271  97  1171 110  1171 127  1071
 143  1171 157  1271 168  1371 173  1371 173  1271 168  1271 160  1171 151  1171
 143  1071 138  1071 137  1071 137  1071 139  1171 141  1271 142  1371 142  1371
 140  1471 138  1471 136  1471 135  1471 136  1471 138  1371 142  1371 145  1271
 149  1371 153  1471 156  1471 160  1371 163  1371 161  1271 155  1271 146  1171
 138  1171 133  1171 131  1271 130  1271 128  1371 127  1471 125  1571 123  1571
 122  1571 120  1571 117  1571 114  1571 114  1511 119  1451 126  1351 134  1211
 141  1351 146  1451 150  1511 153  1551 154  1451 151  1411 143  1551
027 160   001 162   001 172   001 181   001 181   001 164   001 144   571
 128   671 115   771 106   871  99   771  93  1171  89  1171  86  1271  85  1371
  86  1371  87  1471  87  1471  88  1571  91  1571  98  1571 109  1371 121  1271
 134  1471 145  1771 152  1971 153  1871 151  1671 147  1571 144  1471 142  1371
 140  1271 139  1371 136  1371 133  1371 132  1371 132  1271 131  1271 130  1371
 128  1571 126  1671 125  1671 125  1571 126  1571 129  1471 133  1471 138  1371
 142  1471 146  1671 149  1771 152  1671 153  1771 151  1771 145  1671 137  1471
 129  1371 122  1471 118  1571 115  1671 113  1671 112  1571 110  1571 108  1671
 104  1671  98  1771  91  1771  85  1771  86  1711  96  1551 111  1451 127  1211
 138  1351 146  1551 151  1611 154  1751 155  1851 151  1911 142  1751
070 161   001 174   001 181   001 177   001 181   001 177   001 152   471
 134   671 120   971 110  1471 102  1671  96  1671  92  1771  89  1771  85  1771
  81  1771  78  1871  74  1871  75  1871  80  1871  93  1771 108  1671 125  1571
 141  1471 152  1471 163  1371 170  1571 173  1671 173  1671 171  1571 166  1471
 161  1471 157  1571 154  1671 152  1871 150  1971 148  1971 147  1971 145  2071
 144  2071 143  2171 144  2171 145  2171 148  2171 153  1971 160  1971 166  1771
 172  1671 178  1671 181  1671 184  1671 184  1671 180  1771 171  1771 161  1571
 150  1471 141  1571 134  1671 129  1671 124  1871 120  1971 116  1971 110  2071
 104  2071  98  2071  96  2071  97  2071 102  2011 111  1951 122  1851 133  1711
 144  1751 153  1751 160  1711 165  1851 166  1951 163  1911 154  1851
110 154   001 180   001 158   001 160   001 168   001 166   001 151   471
 136   571 124   671 112   971 103   971  98  1071  96  1171  97  1271  98  1271
 100  1371 102  1371 104  1371 109  1471 116  1471 124  1371 133  1171 139  1071
 142  1271 142  1371 142  1471 141  1371 141  1071 140   971 136   971 133   971
 128   971 124   971 120   971 117   971 115  1171 113  1271 110  1471 109  1571
 107  1671 106  1771 105  1771 105  1671 106  1671 109  1471 114  1371 122  1171
 130  1271 140  1271 147  1271 152  1171 153  1171 150  1171 141  1171 129  1071
 117  1071 108  1171 100  1171  95  1271  91  1471  89  1571  88  1771  88  1871
  87  1971  87  2071  86  2071  85  1951  87  1911  93  1751 102  1551 112  1311
 123  1451 133  1451 141  1511 147  1451 149  1451 145  1311 135  1351
120 165   001 164   001 176   001 179   001 170   001 150   001 141   271
 133   571 124   571 116   571 110   671 108   871 108   971 107  1071 106  1171
 105  1271 105  1371 105  1371 105  1471 109  1471 116  1371 124  1371 133  1271
 138  1271 141  1171 143  1071 142  1071 141  1171 139  1171 139  1171 138  1071
 135  1071 133   971 130  1071 128   971 127  1071 128  1071 129  1171 128  1271
 126  1471 123  1571 119  1571 116  1571 115  1571 118  1471 124  1471 130  1371
 136  1371 139  1271 141  1271 143  1371 143  1371 140  1471 133  1371 125  1371
 116  1271 110  1271 105  1171 101  1171  98  1271  95  1371  93  1471  91  1571
  90  1771  88  1871  84  1871  81  1951  82  1911  90  1751 102  1451 115  1211
 126  1351 134  1351 140  1411 143  1451 142  1551 138  1511 130  1451
130 180   001 184   001 188   001 190   001 198   001 194   001 176   471
 158   371 142   471 129   771 119   871 111   871 107  1171 105  1271 104  1271
 106  1371 106  1371 105  1371 105  1371 107  1371 111  1271 117  1271 124  1171
 129  1271 133  1471 137  1571 139  1471 142  1471 143  1371 143  1271 144  1271
 142  1171 141  1071 138  1171 136  1171 134  1271 133  1271 131  1371 130  1471
 127  1571 124  1671 120  1671 116  1571 115  1571 119  1471 127  1271 136  1171
 143  1271 149  1371 155  1471 160  1471 163  1471 162  1471 154  1371 143  1371
 130  1171 118  1371 110  1271 102  1371  95  1471  89  1571  86  1671  84  1771
  83  1871  79  1971  74  1971  70  1971  71  1911  79  1751  91  1451 107  1211
 123  1351 137  1451 148  1511 154  1651 156  1851 152  1911 144  1751
145 164   001 170   001 172   001 170   001 170   001 160   001 147   371
 134   571 124   871 116   971 110  1071 104  1071  99  1171  96  1171  95  1171
  95  1071  95  1071  95  1071  97   971 101   971 109  1071 120  1071 131  1171
 143  1271 154  1271 160  1371 163  1371 164  1371 161  1371 159  1271 154  1171
 150  1171 146  1171 144  1171 141  1171 141  1171 141  1171 141  1171 142  1171
 141  1171 139  1171 137  1171 135  1171 135  1171 137  1271 140  1371 144  1471
 149  1471 153  1571 157  1571 162  1571 164  1651 162  1611 154  1551 143  1551
 132  1411 123  1351 117  1351 113  1211 110  1251 107  1351 105  1311 103  1251
 100  1251  96  1111  91  1151  88  1251  90  1211  98  1351 111  1351 125  1411
 138  1451 150  1451 158  1411 163  1551 163  1551 160  1611 153  1651
149 172   001 185   001 191   001 188   001 171   001 169   001 156   271
 145   471 135   671 128   871 121  1571 115  1271 110  1271 106  1271 105  1271
 106  1271 106  1271 105  1171 104  1171 107  1071 115  1071 128  1071 143  1071
 158  1071 171  1071 181  1171 184  1271 184  1371 181  1471 176  1371 172  1371
 167  1271 161  1271 156  1371 154  1371 152  1271 153  1271 152  1171 150  1271
 148  1271 145  1371 144  1371 144  1271 144  1271 145  1271 147  1371 151  1371
 157  1471 163  1571 169  1671 173  1671 174  1771 171  1771 163  1671 151  1471
 141  1371 132  1371 126  1371 121  1371 116  1371 113  1371 109  1371 106  1371
 103  1371  99  1371  94  1371  91  1271  92  1211 100  1251 112  1251 127  1211
 142  1351 156  1451 167  1511 174  1551 176  1651 172  1611 163  1551
156 168   001 172   001 189   001 180   001 178   001 170   001 165   171
 156   371 147   471 141   571 136   771 131   771 124   971 119   971 117   971
 117   971 117   971 115   971 114   971 116   971 122   971 132  1071 143  1071
 156  1071 168  1071 178  1171 183  1171 184  1171 182  1271 178  1271 171  1171
 165  1171 161  1171 157  1071 155   971 155   971 155   871 155   871 153   871
 152   971 149   971 147   971 145  1071 144  1071 144  1171 147  1271 150  1371
 156  1371 164  1371 169  1471 173  1471 174  1471 171  1471 164  1471 154  1471
 146  1471 140  1371 136  1171 133  1071 130  1071 125  1171 121  1171 118  1171
 117  1171 113  1171 108  1171 104  1171 104  1111 110  1251 121  1251 135  1311
 149  1451 161  1451 170  1511 175  1451 176  1451 173  1311 166  1451
168 178   001 182   001 184   001 189   001 188   001 179   001 153   571
 133   771 121  1671 113  1471 106  1571  99  1571  92  1571  87  1571  88  1671
  89  1671  89  1771  86  1871  84  1971  87  2071  97  1871 112  1771 130  1571
 147  1571 162  1471 176  1371 187  1471 194  1571 192  1671 183  1671 169  1571
 157  1571 153  1671 155  1671 155  1671 153  1671 147  1771 143  1771 142  1871
 143  1971 142  2071 139  2171 135  2171 134  2271 139  2071 147  1871 157  1671
 166  1671 174  1671 179  1671 183  1771 183  1871 178  1971 167  1871 152  1871
 139  1771 129  1671 121  1571 116  1471 111  1571 107  1671 104  1771 103  1871
 100  1871  95  1971  87  2071  81  2071  81  2111  91  1951 108  1851 127  1611
 144  1651 159  1751 170  1711 178  1851 180  1851 174  1911 160  1851
180 175   001 188   001 183   001 175   001 186   001 179   001 163   671
 151   971 142  1371 134  1671 129  1871 122  1771 114  1471 110  1471 106  1471
 103  1471  99  1471  97  1471  95  1371  99  1371 109  1571 124  1771 138  2071
 151  1771 162  1471 173  1271 182  1371 191  1571 194  1671 191  1471 185  1571
 176  1471 171  1571 167  1671 164  1671 161  1671 157  1571 155  1571 153  1571
 153  1671 151  1671 148  1671 145  1571 147  1571 154  1671 164  1871 174  1971
 182  1671 186  1571 190  1371 193  1571 193  1771 189  1871 179  1671 166  1571
 153  1471 145  1371 139  1571 135  1571 131  1671 128  1671 126  1671 123  1771
 120  1871 114  1971 106  1871  99  1771  98  1611 107  1751 121  1951 137  2011
 149  1951 159  1751 166  1611 172  1851 175  1951 172  2111 162  1951
190 177   001 186   001 202   001 198   001 189   001 192   001 174   671
 157   771 144   971 133  1271 125  1471 120  1571 115  1371 112  1471 109  1471
 106  1371 104  1371 104  1371 107  1371 111  1371 118  1571 128  1671 141  1871
 155  1971 171  1971 184  1771 192  2071 194  2371 192  2471 185  2071 175  1771
 166  1471 158  1571 152  1471 149  1571 146  1571 143  1471 141  1471 139  1471
 137  1471 134  1471 134  1471 135  1471 141  1471 151  1571 165  1571 178  1771
 191  1571 203  1371 210  1371 214  1571 212  1871 203  1971 187  1771 169  1571
 153  1271 142  1271 137  1471 135  1471 133  1471 131  1671 128  1671 125  1671
 120  1571 116  1571 112  1571 109  1551 111  1511 118  1651 129  1651 143  1711
 158  1751 171  1751 181  1711 186  1951 186  2251 179  2411 166  2151
222 178   001 183   001 191   001 187   001 191   001 186   001 168   271
 155   371 143   571 133   771 125  1271 118  1371 115  1471 114  1471 114  1471
 114  1571 114  1571 115  1471 116  1371 118  1271 120  1271 126  1371 131  1371
 139  1371 148  1471 156  1571 161  1671 163  1871 163  1971 162  1571 158  1271
 154  1071 149  1171 146  1271 141  1371 137  1371 133  1471 130  1471 128  1471
 127  1571 124  1571 120  1471 116  1471 115  1371 120  1371 127  1371 139  1371
 150  1371 160  1471 168  1471 173  1671 172  1771 168  1971 158  1771 146  1371
 134  1071 123  1171 114  1271 107  1371 101  1471  94  1571  91  1671  90  1671
  89  1671  88  1671  84  1671  81  1571  82  1511  90  1551 103  1451 119  1411
 136  1451 152  1551 164  1511 171  1851 171  2251 167  2511 158  2151
240 149   001 167   001 181   001 186   001 186   001 183   001 168   571
 153   771 140   771 131   971 124  1071 118  1071 115  1051 114  1011 114  1051
 115  1151 115  1111 115  1251 115  1251 117  1371 121  1271 128  1371 138  1271
 149  1271 161  1471 172  1571 180  1471 183  1471 183  1371 180  1071 175  1071
 169   871 163   971 157   971 154  1071 152  1071 151  1171 149  1171 147  1271
 145  1271 141  1371 138  1371 135  1471 134  1471 137  1471 142  1571 148  1571
 155  1671 161  1771 167  1871 172  1871 174  1871 172  1771 163  1571 150  1271
 138  1071 127  1271 120  1271 113  1371 107  1371 101  1271  97  1271  94  1271
  92  1371  89  1371  83  1371  78  1471  78  1411  87  1451 103  1551 121  1511
 138  1651 154  1651 167  1711 177  1751 181  1851 180  1811 171  1651
255 156   001 166   001 171   001 186   001 184   001 173   001 164   571
 151   771 139  1071 130  1071 122  1371 116  1171 111  1171 108  1171 105  1171
 105  1271 106  1271 107  1271 109  1171 114  1171 121  1171 132  1271 147  1271
 166  1371 185  1471 198  1571 203  1771 202  1971 196  2071 190  1871 182  1471
 176  1271 171  1271 166  1171 162  1271 159  1271 155  1271 152  1371 148  1371
 145  1471 142  1471 139  1471 135  1371 135  1371 139  1471 146  1571 155  1571
 163  1771 172  1871 179  2071 183  2071 183  2271 178  2371 169  2071 156  1771
 143  1471 133  1371 125  1371 117  1271 112  1371 108  1371 104  1471 101  1471
  96  1571  90  1571  83  1571  78  1571  80  1511  91  1551 110  1451 131  1411
 151  1651 168  1851 181  2011 188  2251 190  2351 186  2511 177  2251
260 163   001 177   001 180   001 184   001 191   001 179   001 159   471
 142   671 128   871 117  1171 108  1371 102  1571  99  1771  97  1771  96  1871
  96  1971  96  2071  95  2071  96  1971 102  1971 116  1771 134  1571 156  1371
 177  1471 197  1671 209  1771 214  1871 212  1871 205  1971 193  1771 181  1471
 170  1271 163  1571 158  1671 154  1971 150  1871 145  1971 140  1971 137  2071
 135  2071 130  2171 123  2271 117  2271 116  2371 124  2271 137  2071 152  1871
 165  2071 175  2071 181  2171 184  2271 182  2471 176  2571 166  2271 151  1871
 137  1671 124  1771 112  1771 102  1871  96  1871  93  1871  91  1871  90  1971
  89  1971  84  2071  75  2071  68  2151  69  2111  83  1951 107  1851 132  1611
 154  1851 171  2051 182  2211 188  2351 188  2451 182  2511 171  2251
280 163   001 172   001 185   001 184   001 191   001 181   001 165   471
 154   571 144   871 136  1271 127  1371 120  1371 115  1171 110  1071 107  1071
 106   971 105   971 105  1071 107  1271 112  1371 120  1571 133  1771 149  1971
 168  1971 188  1971 203  1971 211  2071 213  1971 210  1971 203  1671 194  1471
 185  1371 177  1371 170  1471 165  1371 161  1371 157  1271 155  1271 154  1271
 153  1171 151  1171 148  1271 145  1371 146  1471 151  1571 160  1671 167  1771
 172  1771 176  1771 179  1871 182  1771 183  1771 180  1771 172  1671 159  1471
 147  1271 137  1371 131  1371 125  1571 122  1471 118  1471 116  1371 115  1371
 113  1271 109  1271 105  1371 101  1571 102  1611 109  1751 120  1851 134  1911
 147  2051 160  2051 170  2111 177  2251 181  2351 179  2411 171  2151
299 179   001 181   001 177   001 186   001 171   001 170   001 155   971
 143   971 137  1071 133  1171 129   771 124   971 116  1271 110  1371 106  1471
 104  1571 105  1671 107  1571 111  1371 116  1271 124  1471 133  1571 145  1671
 158  1671 171  1771 182  1871 191  1971 194  2171 192  2371 184  2171 172  1671
 160  1471 152  1271 149  1271 146  1171 143  1271 141  1371 138  1371 135  1471
 134  1471 134  1571 136  1471 140  1371 146  1271 154  1471 164  1571 174  1771
 184  1571 193  1571 201  1471 204  1571 202  1751 193  1711 177  1651 159  1351
 143  1111 134  1051 130  1051 129   911 128  1151 126  1351 124  1511 121  1651
 116  1751 112  1811 108  1651 107  1551 110  1311 120  1451 134  1651 149  1711
 162  1751 173  1851 182  1811 188  1951 190  2151 185  2211 172  1951
434 164   001 173   001 179   001 187   001 188   001 173   001 165   271
 158   771 151   871 146   971 143   871 140  1071 137   971 135   971 136   971
 137   971 137   971 137  1071 137  1071 140  1171 146  1371 156  1571 169  1671
 183  1671 198  1771 208  1771 212  1771 210  1571 204  1571 194  1471 185  1471
 176  1371 167  1371 160  1371 153  1171 148  1171 143  1071 139  1071 133  1071
 129  1171 124  1171 120  1271 116  1271 116  1371 119  1571 125  1871 133  1971
 139  2071 145  2171 152  2171 158  2171 161  2071 161  1971 154  1771 145  1571
 135  1471 129  1471 126  1371 122  1371 119  1371 117  1371 114  1371 112  1371
 108  1371 105  1371 101  1371  99  1471 102  1411 111  1551 124  1651 138  1711
 151  1851 162  1851 171  1911 178  1851 182  1851 181  1711 174  1651
460 186   001 189   001 196   001 197   001 197   001 192   001 176   671
 157   671 140  1071 126  1271 116  1271 110  1371 107  1371 107  1371 108  1371
 110  1371 110  1371 107  1371 107  1471 113  1471 129  1571 150  1571 173  1671
 192  1671 207  1571 217  1571 221  1871 221  1971 215  2071 206  1971 196  1871
 185  1771 178  1671 172  1671 166  1571 162  1571 157  1471 153  1471 150  1471
 149  1571 145  1571 141  1571 137  1671 137  1671 143  1771 152  1771 162  1871
 169  1871 174  1871 178  1771 181  1871 182  1971 178  2071 169  1971 154  1971
 141  1871 130  1771 122  1771 117  1671 114  1671 112  1671 111  1571 109  1571
 107  1571 103  1571  97  1671  93  1671  95  1711 106  1851 123  1851 142  1911
 159  2051 173  2051 183  2111 189  2251 191  2251 187  2311 178  2251
481 177   001 185   001 194   001 202   001 200   001 195   001 184   271
 173   371 164   871 155   871 147  1071 141  1171 135  1171 131  1171 128  1171
 122  1271 123  1271 124  1271 128  1371 134  1371 144  1671 158  1871 175  2171
 196  2071 213  2071 223  2071 222  1971 214  1871 206  1771 201  1671 200  1471
 199  1471 194  1471 189  1371 184  1271 179  1271 176  1071 173  1071 170  1071
 167  1171 162  1171 158  1271 155  1271 154  1371 156  1571 160  1771 164  1971
 170  1971 176  1971 180  1971 183  1871 184  1971 181  1871 175  1771 167  1671
 159  1571 153  1471 148  1471 146  1371 144  1271 142  1371 141  1271 138  1371
 135  1371 131  1471 128  1471 125  1571 126  1511 132  1751 142  2051 155  2211
 168  2351 181  2351 190  2411 195  2451 195  2351 192  2311 186  2251
497 184   001 188   001 205   001 201   001 190   001 174   001 165   371
 153   471 143   671 136   771 131  1171 129  1371 126  1471 123  1471 120  1471
 116  1471 113  1471 107  1571 105  1571 110  1671 124  1771 144  1771 165  1771
 184  2171 198  2471 204  2771 203  2871 195  2771 185  2571 177  2171 168  1871
 162  1571 156  1571 152  1671 151  1671 150  1671 151  1471 151  1471 149  1471
 145  1571 139  1571 132  1571 127  1571 126  1571 131  1571 142  1671 150  1671
 156  1971 159  2371 161  2671 163  2571 164  2771 161  2671 155  2171 146  1871
 136  1471 130  1471 124  1571 120  1571 116  1571 111  1571 108  1571 106  1571
 104  1471  99  1471  91  1471  86  1571  89  1511 104  1551 127  1651 150  1611
 168  1951 181  2151 189  2411 193  2551 192  2651 185  2711 171  2351
510 171   001 179   001 189   001 192   001 187   001 178   001 179   671
 177  1071 172  1071 166   971 162   871 159  1071 157  1071 155  1171 151  1171
 148  1071 146  1071 145  1071 146  1071 150  1071 156  1071 165  1071 179  1071
 199  1171 219  1371 231  1471 232  1571 226  1671 215  1771 205  1771 195  1671
 185  1671 174  1571 163  1371 155  1271 149  1271 145  1271 142  1271 139  1271
 136  1371 132  1371 128  1371 125  1271 127  1271 135  1271 146  1371 158  1371
 168  1471 175  1471 182  1571 188  1671 192  1671 193  1671 190  1671 182  1671
 170  1671 158  1671 145  1371 135  1371 129  1371 126  1371 125  1371 124  1371
 123  1271 120  1271 117  1271 115  1271 119  1211 131  1251 148  1351 167  1311
 184  1451 198  1651 208  1711 214  1751 216  1751 214  1711 207  1751
579 220   001 234   001 236   001 238   001 241   001 236   001 218   471
 202   771 192   971 185  1171 180  1371 174  1671 168  1771 165  1771 163  1871
 162  2071 160  2171 157  2171 155  2271 158  2271 170  2371 187  2371 203  2371
 216  2371 225  2271 230  2171 232  2171 230  2271 226  2271 218  2171 211  1971
 204  1871 200  1871 197  1971 194  1871 190  1871 185  1771 180  1771 176  1871
 173  1971 170  2071 166  2171 165  2171 166  2271 171  2271 176  2271 181  2271
 185  2271 188  2271 191  2271 197  2271 202  2071 201  2071 193  1871 179  1671
 169  1471 164  1671 162  1671 161  1771 155  1771 148  1771 141  1771 138  1871
 137  1871 137  1971 135  2071 134  2071 138  2111 148  2151 161  2151 176  2111
 189  2151 200  2051 208  2011 214  2151 215  2251 209  2311 196  2151
588 203   001 210   001 232   001 230   001 237   001 219   001 206   371
 190   371 175   471 161   571 151   771 146  1071 145  1471 144  1571 144  1571
 140  1671 133  1671 123  1571 116  1571 117  1471 131  1471 151  1471 175  1471
 195  1571 208  1671 214  1771 211  1771 202  1671 195  1571 192  1471 191  1471
 189  1371 182  1371 173  1271 166  1271 162  1371 161  1471 162  1571 160  1571
 157  1671 152  1671 148  1571 145  1571 146  1471 152  1471 163  1471 172  1471
 179  1671 185  1971 189  2171 193  2171 194  2271 193  2271 186  1971 177  1771
 166  1471 156  1371 146  1371 140  1271 136  1371 134  1571 133  1671 131  1671
 128  1671 122  1671 113  1571 105  1551 105  1411 116  1451 135  1451 156  1411
 175  1651 191  1951 202  2111 208  2151 209  2151 204  2111 193  1951
621 197   001 204   001 209   001 219   001 217   001 207   001 186   271
 168   471 156   771 150   871 146  1171 142  1471 139  1471 138  1471 140  1471
 142  1571 142  1571 138  1471 136  1371 142  1271 160  1271 183  1271 206  1371
 221  1571 228  1871 232  2071 232  2071 229  1871 219  1871 203  1771 186  1571
 170  1571 160  1371 154  1371 147  1271 139  1271 131  1371 125  1371 122  1471
 121  1571 117  1671 111  1571 106  1471 110  1371 126  1371 151  1371 173  1371
 187  1771 195  2171 199  2471 202  2371 203  2271 198  2171 185  1971 169  1871
 152  1671 139  1471 130  1371 124  1371 119  1371 115  1471 112  1471 109  1571
 105  1671 101  1771  96  1671  95  1551 102  1411 121  1451 145  1551 167  1511
 181  1751 188  2051 193  2211 198  2151 199  2051 194  1911 179  1851
630 171   001 200   001 216   001 227   001 226   001 227   001 212   371
 201   971 192  1071 185   971 179   971 177   971 175  1071 175  1071 177  1071
 178  1071 181  1071 181  1171 182  1171 185  1271 193  1371 206  1471 222  1571
 239  1571 253  1571 265  1471 271  1571 270  1571 264  1571 251  1571 234  1471
 217  1471 204  1471 192  1271 181  1171 171  1171 163  1171 155  1171 149  1271
 143  1271 137  1371 130  1471 126  1471 127  1571 136  1471 151  1571 169  1471
 185  1571 200  1471 212  1571 219  1671 221  1771 218  1871 209  1871 198  1871
 185  1771 175  1571 166  1471 157  1271 148  1271 140  1271 134  1271 130  1271
 126  1271 122  1271 117  1371 114  1571 117  1611 130  1551 149  1451 169  1311
 187  1451 202  1451 213  1511 220  1651 222  1651 219  1711 211  1751
643 234   001 239   001 239   001 241   001 233   001 220   001 213   771
 206   771 201  1071 197  1071 194  1171 191  1171 187  1371 185  1471 185  1471
 187  1471 190  1471 190  1471 191  1371 193  1371 200  1371 208  1471 216  1571
 221  1571 225  1671 226  1671 229  1771 230  1671 230  1771 231  1671 231  1571
 230  1471 228  1471 225  1371 220  1371 214  1471 207  1571 201  1671 197  1671
 193  1771 189  1771 183  1671 178  1651 176  1571 181  1571 191  1671 203  1671
 215  1671 225  1671 230  1671 232  1571 229  1571 223  1571 217  1471 210  1471
 204  1371 199  1371 194  1371 189  1371 182  1571 176  1771 172  1871 170  1871
 169  1871 167  1871 163  1771 160  1751 162  1611 171  1651 185  1551 199  1511
 210  1551 218  1551 223  1511 225  1551 225  1551 222  1511 216  1551
645 217   001 236   001 251   001 247   001 237   001 227   001 215   371
 204   871 193   971 185   971 183   971 183  1271 183  1371 183  1471 183  1471
 181  1371 180  1371 177  1371 175  1351 177  1371 186  1371 198  1471 210  1471
 220  1471 225  1471 228  1471 231  1571 232  1571 230  1671 228  1571 223  1571
 217  1471 212  1571 207  1571 203  1471 200  1471 197  1571 193  1571 190  1571
 185  1571 181  1571 177  1571 175  1471 175  1471 178  1571 183  1671 191  1771
 199  1771 207  1771 215  1771 220  1671 222  1771 219  1771 211  1671 200  1571
 190  1571 183  1571 179  1671 175  1671 172  1771 169  1871 165  1871 161  1871
 158  1771 154  1771 151  1771 150  1651 154  1611 163  1751 176  1751 189  1811
 200  1851 209  1751 216  1711 221  1851 223  1851 220  1911 210  1851
650 250   001 246   001 243   001 244   001 238   001 229   001 219   271
 209   471 203   571 202   771 200   971 198  1171 195  1371 193  1471 192  1471
 189  1471 188  1471 186  1371 186  1271 190  1171 200  1371 214  1571 227  1771
 235  1671 240  1471 242  1371 242  1271 241  1271 238  1171 232  1071 228   971
 223   971 221  1071 220  1071 218  1171 215  1271 212  1271 209  1371 206  1471
 205  1471 202  1571 198  1471 196  1371 197  1271 204  1371 213  1371 221  1471
 225  1471 227  1471 228  1471 231  1371 233  1471 231  1371 224  1271 213  1071
 203  1071 197  1071 193  1171 190  1171 186  1371 182  1371 179  1471 177  1571
 176  1571 174  1671 170  1571 168  1451 171  1311 181  1451 196  1551 210  1611
 220  1651 227  1551 231  1511 233  1551 233  1551 228  1511 219  1451
675 231   001 246   001 253   001 251   001 246   001 233   001 217   271
 206   471 199   571 196   671 193   771 191  1071 192  1471 190  1671 188  1771
 187  1971 181  2071 178  2071 175  2171 177  2171 185  1971 197  1671 211  1471
 223  1671 231  1771 235  1771 233  1771 228  1671 222  1671 217  1471 214  1371
 210  1171 208  1071 205  1071 203   971 201  1171 198  1371 195  1571 192  1671
 188  1871 184  1971 179  1971 175  1971 177  1971 186  1771 197  1571 209  1371
 215  1471 219  1671 221  1771 223  1771 224  1871 221  1871 213  1671 201  1471
 190  1271 180  1171 172  1171 166  1071 162  1171 159  1371 156  1471 152  1571
 147  1771 139  1871 129  1871 123  1971 125  1911 140  1751 164  1651 188  1411
 207  1551 221  1751 230  1811 234  1851 233  1951 226  1911 214  1751
690 220   001 238   001 237   001 234   001 235   001 231   001 222   471
 218   471 212   771 207   871 202   971 199   971 197   971 195   871 193   871
 192   771 189   771 186   771 185   771 189   771 200   771 214   971 226   971
 232   971 234   871 233   771 232   771 230   771 229   771 227   871 225   971
 222  1071 219  1171 214  1171 210  1071 208   971 207   971 207   871 206   871
 203   771 200   771 197   771 195   771 198   771 207   871 219   871 228   971
 233   971 234   971 233   971 232   951 231   751 228   711 224   851 218  1051
 212  1111 206  1151 200  1251 195  1211 191  1051 189   951 187   811 186   851
 184   851 180   811 173   851 167   751 169   711 183   851 202   951 219  1011
 227   951 228   851 227   711 227   751 226   851 225   811 221   951
747 249   001 247   001 242   001 236   001 222   001 215   001 211   471
 202   871 194   971 189   871 186   871 185  1171 184  1171 186  1271 189  1371
 190  1371 191  1471 188  1571 187  1571 189  1671 201  1771 214  1671 228  1671
 238  1671 245  1671 250  1671 253  1871 255  2071 254  2271 249  1871 242  1671
 232  1371 222  1371 213  1271 203  1271 194  1271 186  1371 181  1371 178  1471
 175  1471 170  1571 160  1671 153  1771 153  1871 166  1771 185  1871 205  1771
 220  1871 229  1871 234  1971 235  2071 233  2171 228  2271 220  1971 209  1671
 199  1471 190  1371 182  1271 175  1171 169  1271 164  1371 161  1471 160  1471
 160  1471 157  1471 151  1571 146  1651 148  1711 162  1751 182  1751 202  1711
 217  1851 226  2051 231  2111 234  2251 233  2251 230  2311 223  2051
NT  TEDF  78  35 1
20141011162014101111
20141011162014101112
20141011162014101113
20141011162014101114
20141011162014101115
20141011162014101116
20141011162014101117
20141011162014101118
20141011162014101119
20141011162014101120
20141011162014101121
20141011162014101122
20141011162014101123
20141011162014101200
20141011162014101201
20141011162014101202
20141011162014101203
20141011162014101204
20141011162014101205
20141011162014101206
20141011162014101207
20141011162014101208
20141011162014101209
20141011162014101210
20141011162014101211
20141011162014101212
20141011162014101213
20141011162014101214
20141011162014101215
20141011162014101216
20141011162014101217
20141011162014101218
20141011162014101219
20141011162014101220
20141011162014101221
20141011162014101222
20141011162014101223
20141011162014101300
20141011162014101301
20141011162014101302
20141011162014101303
20141011162014101304
20141011162014101305
20141011162014101306
20141011162014101307
20141011162014101308
20141011162014101309
20141011162014101310
20141011162014101311
20141011162014101312
20141011162014101313
20141011162014101314
20141011162014101315
20141011162014101316
20141011162014101317
20141011162014101318
20141011162014101319
20141011162014101320
20141011162014101321
20141011162014101322
20141011162014101323
20141011162014101400
20141011162014101401
20141011162014101402
20141011162014101403
20141011162014101404
20141011162014101405
20141011162014101406
20141011162014101407
20141011162014101408
20141011162014101409
20141011162014101410
20141011162014101411
20141011162014101412
20141011162014101413
20141011162014101414
20141011162014101415
20141011162014101416
002205120312151215122512251235113111351135123112351335133113351335133114351
43515311535153515311535153515311535153515311635173517311735173517311735173517311
73516351631173517351731173517351731173517351731173517351731173517351731173517351
63116351635163115351535153116351635163117351735173117351735173116351635163116351
005300130014001400120011071117121712271327133713351335133113351435143115351
53515311635163516311635163516311635163517311735173517311735173517311735173517311
73517351631173517351731173517351731173517351731173517351731173516351631163517351
73116351635153115351535153115351635173117351735173117351735173116351635163116351
015600130013001300130012001217122713271327143714371435143114351435143114351
43514311535163517311735163515311535163516311635173517311735173517311735173517311
73517351731173517351731173516351631173517351731173517351731173517351631173517351
73116351635163115351535153115351635163116351635173117351735173116351535153115351
027300130013001200150015171417141713271327122712351335143115351535163116351
63516311735173517311735163516311635173517311735173517311735163516311635163516311
73517351731173517351731173517351731173517351731173517351731173517351731163515351
43114351335133113351335143114351435153115351535153116351635163116351635163116351
070605150314151415132513251235123112351335143114351435143114351435143115351
53515311635163517311635163516311635163517311735173517311735163516311735173517311
63515351531153515351531153515351531163516351631163515351431133513351231123512351
23112351235123112351335133114351435143115351535153115351435143114351435143114351
110200120014001505160016001617162715271527152714271435143114351435153115351
63517311735173517311635163515311635163517311735173517311735173517311735173517311
73517351631153515351431143514351431153515351531153515351431153515351531153515351
53116351635163116351635163116351735173117351735173116351635163116351735173117351
120305120313051505160517001727162716271527152714271435143114351535153115351
53516311635163517311735173517311735173517311735173517311735173516311635163516311
63516351731173517351731173516351631163517351731173516351531143513351331133514351
63116351635163115351535143115351635173117351735173116351535153115351635163117351
130600160016001615161515251527142714271435143114351435143115351535153116351
63517311735173516311635153515311635173517311835183517311635143514311435153516311
73517351631163516351631163516351731173517351731163516351531143514351431143514351
43114351535153115351635163116351635163116351735173117351735173116351635163116351
145400120013001200130013001317142714271427142714271435143114351435143115351
63516311635163516311535153515311535163517311735173517311735173517311635153514311
43515351631163517351731163516351631163516351631163515351531153514351431143514351
43114351535153115351535153114351435143114351435143114351435153115351535163116351
149400140014001300140014001417132714271427142714271435143114351435143115351
53516311635163516311635153515311635163517311735173517311735173517311635153514311
43515351531163516351731163516351631153515351531153515351531153514351431133513351
33114351535153115351535143114351435143114351435143114351435143115351535153115351
156305110311151115112511251235123113351335143114351435143114351435143115351
53516311635163516311635153515311635163517311735173517311735173517311635153514311
43514351531163516351731173516351631163515351531153515351531153514351431143513351
43114351535153115351535143114351435143114351435143114351435143115351535163116351
168700160014001300130015001517152715271427142714271435143114351435143115351
63516311635163516311635173517311735173517311735173517311735173517311735173517311
63514351231123512351231133514351531163516351631163516351531143513351231123512351
23112351235123112351235133113351335133113351335133113351435143114351535153116351
180700170017001500120012171227122713271327143714351435143114351435143114351
43515311535153515311535153515311535163517311735173517311735163516311635173517311
73517351731163514351331133514351431153515351531153515351531153514351331133512351
23112351235123112351235123113351435153115351535153114351435143114351535153116351
190800180018001700170018001717162715271527152714371435143113351335143114351
53516311635173517311635163515311535163517311735173517311735173517311735173516311
63515351431143513351431143514351531153515351531153515351631163516351631163516351
63115351335133112351235133113351335123112351235123112351235133114351535153115351
222600160016051600160018001817171716271627152715271535153116351635173117351
73517311735173517311735173517311735173517311735163516311635163516311735163516311
63515351531153515351531143514351431143515351531153514351431143514351431143514351
43114351435143114351535153116351635173117351735173117351735173117351735173117351
240705160515031515141514251435143114351435143114351535153115351635163116351
63516311735173517311735173517311735163517311735173516311535133512311335143516311
73517351631163515351531153515351531153515351531153515351531143514351331133512351
23112351335133113351335143115351635163116351535153114351435153115351635163116351
255700130011001500160016171527152714271427133713351435143115351635163116351
63516311635163516311535143514311535163517311735173517311735173516311435133511311
13512351331143515351531153515351531153516351631163515351431133513351231123512351
23112351235133113351335133113351335143114351435143114351435143114351435143114351
260700160515051503141514251427143114351435143114351435143115351535163116351
73516311635153515311535153516311635173517311735173517311735173517311635143513311
23512351231123512351231123512351231133514351631163515351431133513351231123512351
23112351235123112351235123112351235133113351435143114351435143114351435153115351
280800180018051715161515251427143714351435143113351335133113351435143115351
63517311735173516311635163516311635173517311735173517311735173517311735173517311
73517351731163516351531153515351531153515351531153515351631163516351631163515351
43114351435143114351435143114351535153115351535153114351435143115351635163117351
299800180018001800180018001717162715271527142714371435153116351635163116351
63516311635163516311535153515311535163516311735173517311735173517311635163515311
53515351531153515351531153516351631163517351731173517351731173517351731173517351
73116351535153115351535153116351635153114351335133113351435153115351435143114351
434400150017001700170017001717172717271727162716271635163115351535143115351
53515311635163517311635163516311635163517311735183517311535133512311135113512311
33514351431153515351531163516351631163516351631153515351531143513351231123512351
23112351235123113351335133113351335133113351435143114351435143114351535163116351
460100130013001500170017001717161715271427142714271435153115351535153115351
63516311535153515311535163516311635163516311635163516311635173516311635153513311
23512351231123513351431143514351431143514351531143514351431133513351231123512351
23112351235123112351235123112351235123113351335133114351535153116351635173117351
481600160015051400140014171427142714271527152715351535153115351535153115351
53515311635163516311635163516311635163516311635153515311535153515311535153515311
63516351731173517351731173517351731173517351731173517351731173517351731173516351
63116351635163116351635153115351435133114351435153115351535163116351635163116351
497400140014001500160016171617162716271627152715351435143114351435153115351
53516311635153516311635163517311735173517311735163516311535153514311435143515311
53515351631163517351731173517351731173517351731173517351731173516351531153514351
43113351335123112351235123112351235123112351235123112351335133114351535153116351
510700170017001800180018001827172717271727173717371735173117351635163117351
73517311635153514311335133513311335133513311335133513311335133514311535163516311
63516351531163516351631153514351431133513351331133513351331133513351431133513351
33113351435143115351535163116351635163116351635163115351435143114351535163116351
579705140512031215131514251535153115351535153115351535163115351535153115351
63516311735173517311735173517311735173517311735173516311635163516311635163515311
53515351531163516351731173517351731173517351731173517351731173517351731173516351
53115351435133113351335133114351435153116351635163117351735173117351735173117351
588800170016051515151514251427142714351535153115351435143114351435143115351
53516311635173517311735173517311735173517311735163516311635163516311635163516311
63516351731173517351731173517351731173517351731173517351731173517351731163516351
53114351435133113351335143114351435153115351535163116351535153115351635163116351
621605160516031605160516001627172717271727162716271535153115351535153114351
33512311135123512311335143514311435143513311335123512311135113512311235133513311
33512351231113512351231113511351131123512351231123512351231123512351231123512351
23113351435143115351535153114351335133114351535163116351635163116351635173117351
630700160016051600160017001717162716271527152715271435153115351635163116351
63515311535143513311335133513311435153515311535153514311335123512311235123513311
33513351431143515351531143513351231113511351231123512351231123512351231113511351
13111351235123112351235133114351535153115351535153115351535153115351535153115351
643600160014001200120013001317142714271527152715371635163116351735173117351
73517311735173517311735173517311735173517311735173517311635163515311535153515311
53515351531163516351631173517351731173517351731173517351731173517351631163516351
53115351535153115351535153115351635163117351735173117351735173117351735173117351
645605160016051505150015171527152716271627162716351635163116351635163116351
73517311735173517311735173517311735173517311735173517311735173517311635163516311
63516351631173517351731173517351731173517351731173517351731173517351731163516351
63115351535153115351535153115351535163116351735173117351735173117351735173117351
650500150013001200120012001317132714271427152715371535153115351635163116351
73517311735173517311735173517311735173516311635163516311635173517311635163515311
63516351731173517351731173517351731173517351731173517351731163516351531153515351
53115351435143113351335143114351535163116351635163116351535153116351635163116351
675405140313151415142514251435143114351435143114351435143114351535153116351
63517311735173517311735173517311735173516311635163516311635163516311635173517311
73517351731173517351731173517351731173517351731173517351731173516351631153515351
53114351335133113351335143114351535163116351635163116351635153116351635163116351
690600130013001300110011001117112712271227132713371435143115351535153115351
53516311635163516311735173517311735173517311635163516311635173517311735173517311
63516351631163517351731173517351731173517351731173517351731173516351631153515351
53114351435133113351235123112351235133113351435143114351435153115351535163116351
747300170017001700170017001617161715271527142715271635173117351735173116351
63517311735173517311635163515311535153515311535153515311535143514311435143515311
53515351531153516351631163516351631163515351531153515351431143514351331133514351
43114351435153115351535153115351635163116351635163116351635163116351735173117351
