20140622171438
T2M TEDF  78  35 1
20140622172014062212
20140622172014062213
20140622172014062214
20140622172014062215
20140622172014062216
20140622172014062217
20140622172014062218
20140622172014062219
20140622172014062220
20140622172014062221
20140622172014062222
20140622172014062223
20140622172014062300
20140622172014062301
20140622172014062302
20140622172014062303
20140622172014062304
20140622172014062305
20140622172014062306
20140622172014062307
20140622172014062308
20140622172014062309
20140622172014062310
20140622172014062311
20140622172014062312
20140622172014062313
20140622172014062314
20140622172014062315
20140622172014062316
20140622172014062317
20140622172014062318
20140622172014062319
20140622172014062320
20140622172014062321
20140622172014062322
20140622172014062323
20140622172014062400
20140622172014062401
20140622172014062402
20140622172014062403
20140622172014062404
20140622172014062405
20140622172014062406
20140622172014062407
20140622172014062408
20140622172014062409
20140622172014062410
20140622172014062411
20140622172014062412
20140622172014062413
20140622172014062414
20140622172014062415
20140622172014062416
20140622172014062417
20140622172014062418
20140622172014062419
20140622172014062420
20140622172014062421
20140622172014062422
20140622172014062423
20140622172014062500
20140622172014062501
20140622172014062502
20140622172014062503
20140622172014062504
20140622172014062505
20140622172014062506
20140622172014062507
20140622172014062508
20140622172014062509
20140622172014062510
20140622172014062511
20140622172014062512
20140622172014062513
20140622172014062514
20140622172014062515
20140622172014062516
20140622172014062517
002 217   001 220   001 216   001 214   001 217   001 213   001 205   371
 194   571 182   871 172   771 165   971 160  1071 157  1171 154  1171 149  1271
 147  1271 147  1271 150  1171 156  1171 166  1171 178  1271 187  1271 193  1271
 195  1271 197  1271 199  1271 200  1371 201  1371 201  1371 198  1371 194  1371
 188  1271 180  1271 172  1171 166  1171 160  1271 155  1271 151  1271 148  1271
 147  1271 148  1171 151  1171 156  1071 164  1071 171  1171 178  1171 184  1271
 187  1371 189  1471 191  1471 191  1471 191  1471 189  1471 185  1471 178  1471
 169  1371 160  1371 151  1271 146  1271 143  1271 140  1271 137  1251 134  1251
 132  1311 133  1251 137  1251 142  1111 149  1151 156  1251 162  1211 167  1251
 171  1351 173  1311 174  1351 174  1451 173  1411 171  1451 169  1551
005 230   001 223   001 234   001 236   001 234   001 231   001 216   471
 200   471 184   871 169   771 158   971 151  1071 145  1171 139  1171 130  1271
 127  1271 129  1171 138   971 150   871 167  1171 184  1271 198  1471 208  1571
 213  1671 216  1571 218  1671 220  1671 221  1771 221  1671 218  1671 208  1471
 193  1371 175  1371 158  1271 147  1271 139  1371 132  1371 125  1471 119  1671
 117  1771 121  1471 130  1271 143   971 158  1171 174  1471 188  1671 199  1671
 207  1771 211  1771 211  1871 210  1871 208  1971 207  1771 205  1771 196  1671
 182  1571 164  1371 148  1271 140  1371 136  1371 132  1471 123  1451 119  1651
 117  1711 120  1551 126  1251 136  1011 148  1251 160  1451 171  1611 178  1651
 183  1751 186  1711 188  1851 190  1951 192  2011 194  1851 193  1751
015 222   001 224   001 221   001 216   001 215   001 216   001 206   571
 194   771 181   971 170  1171 160  1171 151  1071 143  1071 136  1071 130  1171
 127  1171 129  1171 135  1071 146  1071 160  1171 176  1171 190  1271 198  1471
 204  1671 209  1871 214  1871 219  1871 221  1871 220  1771 215  1571 206  1471
 194  1371 182  1371 170  1271 159  1271 150  1271 142  1271 135  1271 129  1371
 127  1371 129  1371 136  1271 146  1271 160  1371 176  1571 189  1671 198  1871
 204  1971 210  2071 215  2071 220  2071 221  2071 217  1871 209  1771 198  1671
 185  1471 171  1371 160  1171 151  1171 144  1271 139  1271 134  1251 130  1351
 127  1311 127  1251 129  1251 136  1111 147  1251 159  1451 171  1511 179  1751
 185  1851 189  2011 193  2051 196  2051 198  2011 198  1951 196  1851
027 231   001 227   001 224   001 221   001 201   001 197   001 194   471
 184   571 172   571 161   571 155   771 151  1071 146  1271 143  1371 139  1371
 137  1471 139  1271 145  1171 155   971 170  1171 187  1271 202  1371 213  1371
 218  1271 221  1271 221  1371 219  1471 216  1571 212  1471 207  1371 197  1271
 185  1271 170  1071 157  1071 149  1171 145  1371 139  1471 133  1571 129  1571
 127  1671 130  1471 138  1171 151   971 166  1171 182  1271 196  1571 208  1571
 216  1471 220  1471 220  1471 218  1571 214  1671 209  1571 202  1371 192  1271
 177  1271 162  1171 149  1171 140  1271 136  1471 133  1571 129  1551 125  1551
 124  1611 128  1451 136  1151 147   911 160  1151 173  1251 184  1411 191  1451
 196  1551 198  1511 199  1651 199  1651 197  1711 194  1651 189  1451
070 234   001 240   001 242   001 244   001 241   001 231   001 221   571
 206   971 189  1971 172  1671 160  1571 152  1571 145  1571 137  1671 130  1671
 126  1771 128  1571 137  1371 150  1171 169  1271 189  1371 207  1371 223  1471
 234  1571 240  1671 246  1771 251  1771 252  1771 250  1771 244  1771 232  1871
 212  1771 192  1671 174  1671 163  1771 154  1771 146  1771 139  1871 130  1971
 126  1971 128  1771 136  1571 149  1271 167  1471 187  1771 205  1971 219  1871
 228  1871 235  1871 239  1771 242  1671 242  1671 241  1771 236  1871 225  1971
 207  1771 186  1671 168  1571 157  1571 151  1671 146  1671 139  1751 134  1851
 131  2011 130  1751 134  1551 142  1211 155  1451 171  1651 186  1811 197  1851
 204  1751 209  1711 212  1751 214  1751 216  1711 217  1851 215  1851
110 255   001 251   001 247   001 250   001 246   001 238   001 220   471
 202   571 186   871 173   771 166   871 162   971 160  1071 157  1071 153  1071
 149  1071 147   971 149   971 158   871 172   971 191  1071 208  1171 219  1271
 226  1271 229  1271 230  1271 230  1171 229  1171 226  1171 219  1171 207  1171
 189  1071 169   971 153   871 146   971 142  1071 140  1171 137  1171 133  1271
 129  1271 127  1171 131  1171 142  1071 161  1071 185  1171 206  1171 220  1171
 228  1171 231  1171 231  1071 229  1171 226  1271 222  1171 216  1171 205  1071
 188   971 168   971 152   871 143   971 140  1171 138  1271 137  1251 132  1351
 128  1311 127  1251 131  1051 142   911 160  1051 181  1151 199  1211 211  1251
 217  1351 219  1311 220  1451 219  1451 218  1511 216  1451 212  1251
120 216   001 207   001 219   001 210   001 202   001 201   001 189   371
 180   371 173   571 166   671 161   871 159  1071 157  1171 153  1171 148  1071
 147  1071 147   971 152   871 160   771 173   871 187   971 198  1071 206  1171
 209  1371 209  1371 210  1271 211  1171 210  1071 208   971 203   971 195   871
 182   871 168   971 158   971 152  1071 148  1171 145  1271 143  1271 139  1371
 137  1371 139  1271 144  1071 154   971 168   971 183  1071 196  1071 204  1271
 209  1371 210  1571 210  1471 209  1471 207  1371 203  1271 196  1171 187  1071
 173  1071 157  1071 146  1071 139  1171 137  1271 136  1371 134  1351 131  1351
 129  1411 130  1251 135  1151 144   911 158  1051 173  1051 187  1111 196  1351
 201  1551 203  1711 205  1751 205  1651 203  1611 199  1551 192  1351
130 252   001 262   001 253   001 267   001 263   001 259   001 246   471
 233   671 218   971 204  1171 193  1071 184  1171 176  1071 168  1171 159  1171
 157  1271 158  1171 163  1071 174   971 189  1071 205  1371 220  1471 234  1371
 246  1371 253  1271 260  1371 261  1471 261  1571 258  1471 252  1471 241  1371
 226  1371 209  1271 191  1271 178  1271 168  1171 159  1171 149  1271 141  1271
 137  1371 138  1271 146  1171 159  1071 178  1271 200  1471 218  1671 231  1571
 240  1371 245  1271 249  1371 251  1471 251  1571 249  1571 243  1571 233  1471
 218  1471 201  1271 184  1271 171  1271 161  1271 152  1271 143  1251 135  1351
 131  1411 132  1351 139  1151 152  1011 171  1251 191  1351 209  1511 220  1451
 227  1451 231  1311 236  1551 240  1651 242  1811 241  1651 236  1551
145 234   001 243   001 242   001 240   350 240   750 237  1050 230  1371
 217  1271 201  1271 188  1171 178  1171 170  1271 164  1271 158  1271 152  1271
 148  1271 147  1271 150  1271 158  1271 171  1371 186  1471 201  1471 213  1571
 222  1771 229  1771 235  1671 239  1671 241  1571 241  1471 238  1471 229  1471
 217  1371 201  1371 186  1271 174  1271 166  1371 158  1371 151  1471 142  1471
 138  1571 137  1471 140  1471 149  1371 163  1571 179  1671 194  1871 207  1971
 214  1971 221  2071 225  1971 230  1971 231  1871 230  1771 227  1771 218  1671
 206  1571 191  1371 178  1271 168  1271 161  1371 155  1371 151  1351 144  1451
 139  1511 137  1451 140  1451 146  1311 156  1551 168  1651 180  1811 190  1851
 199  1951 205  1911 210  1951 213  1851 215  1811 216  1851 214  1751
149 244   001 246   001 252   001 252   001 251   001 248   001 241   271
 230   671 216   871 202  1671 190  1271 181  1271 173  1271 165  1271 160  1271
 156  1271 156  1271 160  1271 169  1271 181  1371 196  1371 211  1371 223  1471
 233  1471 241  1571 247  1471 251  1471 252  1371 249  1371 243  1471 234  1471
 222  1371 208  1371 196  1271 187  1271 178  1371 169  1371 159  1371 152  1471
 147  1471 147  1371 151  1371 160  1271 173  1371 187  1571 199  1671 209  1671
 217  1771 223  1771 228  1771 231  1671 232  1671 230  1671 225  1771 218  1771
 207  1671 197  1471 185  1371 176  1371 168  1271 160  1271 158  1351 150  1351
 145  1411 144  1451 147  1351 155  1311 166  1451 179  1551 191  1611 200  1651
 207  1751 212  1711 217  1751 220  1651 222  1611 221  1651 218  1751
156 252   001 261   001 262   001 257   001 267   001 261   001 246   271
 233   671 220   871 208  1071 197  1171 189  1171 184  1271 179  1271 172  1371
 169  1371 167  1371 168  1371 174  1371 186  1471 202  1571 217  1571 227  1671
 234  1671 240  1771 247  1771 250  1771 252  1771 250  1771 245  1671 237  1671
 226  1571 216  1471 203  1371 193  1371 185  1471 177  1471 169  1471 163  1571
 158  1571 156  1571 157  1471 164  1471 177  1571 193  1671 208  1771 219  1771
 227  1771 233  1871 238  1971 241  1971 242  1971 240  1971 236  1971 228  1971
 217  1771 206  1671 193  1471 183  1471 175  1471 168  1471 166  1451 159  1451
 153  1411 149  1451 150  1351 156  1311 169  1551 184  1651 198  1811 207  1851
 213  1951 217  1911 221  1951 226  1851 228  1811 228  1851 225  1951
168 251   001 263   001 266   001 268   001 273   001 264   001 246   671
 224  1771 199  1871 177  1771 163  1571 156  1471 152  1271 145  1471 139  1671
 136  1871 140  1571 151  1271 166   971 184  1171 203  1271 221  1471 233  1571
 242  1471 248  1471 251  1671 252  1771 251  1971 248  1971 241  1971 229  1971
 212  1971 192  1871 175  1771 164  1671 157  1471 151  1371 144  1571 139  1771
 136  1971 139  1671 147  1471 159  1171 176  1371 194  1671 211  1871 224  1771
 233  1771 240  1671 245  1771 249  1771 251  1871 252  1971 247  2071 236  2071
 214  2071 188  1871 167  1771 154  1671 148  1471 143  1371 141  1551 134  1751
 130  2011 133  1751 142  1451 155  1111 171  1351 189  1651 205  1811 218  1751
 227  1651 233  1511 236  1651 237  1851 238  1911 239  1951 236  2051
180 250   001 256   001 260   001 264   001 255   001 252   001 242   671
 222  1371 198  1971 177  2071 164  1971 157  1671 151  1671 144  1671 138  1771
 136  1771 140  1571 150  1271 164  1071 179  1171 197  1271 213  1371 226  1371
 238  1471 246  1571 251  1571 252  1571 251  1671 247  1671 240  1871 229  1971
 214  2071 197  1971 183  1971 171  1771 162  1771 154  1671 145  1771 138  1871
 136  1971 140  1771 150  1471 164  1271 181  1471 197  1671 213  1871 227  1771
 237  1671 245  1671 249  1671 252  1771 252  1671 251  1771 246  1971 235  2071
 217  1971 195  1871 175  1871 162  1971 151  1871 143  1871 141  1851 134  2051
 132  2111 136  1851 144  1651 156  1311 169  1451 182  1651 193  1711 201  1751
 207  1651 212  1611 216  1651 219  1751 222  1711 224  1851 222  2051
190 256   001 259   001 270   001 272   001 272   001 263   001 249  1171
 232  1371 212  1771 194  1771 179  1771 168  1571 158  1571 147  1471 139  1371
 136  1271 141  1171 154  1071 169   971 184  1171 201  1171 215  1271 229  1471
 242  1671 250  1671 258  1971 261  2071 260  2271 254  2071 244  1771 232  1671
 218  1671 204  1471 191  1471 180  1571 169  1571 161  1671 153  1571 148  1571
 146  1471 149  1371 157  1271 169  1171 184  1371 199  1471 214  1771 226  1571
 235  1471 243  1471 248  1571 250  1771 251  1871 249  1871 244  1771 234  1671
 220  1671 204  1571 187  1471 174  1571 164  1671 154  1771 153  1551 146  1551
 143  1511 146  1451 153  1351 164  1211 176  1451 187  1551 196  1711 202  1751
 206  1651 210  1611 215  1851 219  2051 222  2211 222  2151 218  2051
222 248   001 271   001 286   001 281   001 287   001 286   001 273   171
 260   271 246   571 231  1171 218  1271 208  1271 199  1371 191  1271 184  1171
 179  1071 177  1051 179  1071 185  1071 197  1171 211  1171 227  1371 244  1371
 258  1371 270  1471 277  1471 281  1571 281  1571 278  1271 270  1171 262  1071
 249  1171 237  1171 221  1271 210  1271 200  1271 190  1271 180  1171 174  1071
 168   971 168  1071 172  1071 183  1171 198  1271 217  1371 233  1471 246  1371
 254  1371 260  1271 265  1271 269  1171 271  1271 270  1271 266  1171 258  1171
 244  1171 229  1271 213  1271 200  1271 189  1371 180  1371 173  1351 165  1251
 160  1111 158  1151 161  1251 169  1211 184  1351 202  1351 219  1411 232  1451
 242  1351 249  1311 254  1351 257  1351 257  1311 254  1351 249  1251
240 258   001 265   001 277   001 279   001 275   001 269   001 261  1171
 245  1171 224  1271 206  1171 194  1171 188  1271 183  1271 178  1271 173  1171
 169  1171 167  1071 169   971 175   871 185  1071 199  1371 213  1571 224  1571
 233  1671 239  1771 243  1771 247  1671 250  1671 252  1571 250  1471 243  1571
 228  1471 211  1371 195  1271 185  1371 178  1471 175  1571 169  1571 164  1471
 159  1471 157  1271 160  1171 169   971 185  1171 202  1471 219  1671 231  1771
 237  1871 242  1971 246  1971 250  1871 252  1771 252  1671 248  1571 239  1571
 223  1471 205  1471 188  1371 178  1471 173  1371 168  1471 161  1351 154  1351
 149  1211 148  1151 151  1151 161  1011 176  1251 194  1351 209  1511 219  1751
 225  1951 229  2111 233  2051 238  2051 241  1911 242  1851 239  1751
255 281   001 298   001 301   001 293   001 300   001 297   001 277   371
 258   971 242   871 228  1271 216  1371 206  1171 197  1371 189  1271 183  1171
 179  1071 178  1071 180   971 186   971 194  1071 203  1271 212  1371 220  1371
 227  1171 232  1171 237  1371 239  1771 240  1971 238  1971 232  1971 226  1971
 217  1771 208  1571 199  1471 193  1571 186  1471 180  1571 171  1471 163  1271
 159  1171 159  1171 165  1071 175  1071 189  1271 206  1471 221  1571 233  1471
 242  1371 250  1271 256  1471 259  1571 260  1771 258  1771 253  1971 243  1971
 229  1771 214  1671 200  1471 189  1471 179  1571 171  1571 168  1551 160  1451
 155  1311 153  1251 156  1151 166  1011 182  1251 202  1351 219  1511 230  1551
 237  1551 242  1511 246  1751 249  2051 250  2211 247  2251 240  2151
260 296   001 295   001 308   001 305   001 301   001 300   001 280   571
 257   971 234  1271 214  1371 200  1571 189  2171 181  2271 172  2171 161  1971
 158  1871 162  1571 173  1371 186  1071 198  1071 209  1171 218  1271 225  1271
 232  1371 233  1371 231  1671 225  1671 222  1871 222  1871 221  1671 216  1671
 205  1771 190  2071 177  2271 168  2271 162  2471 157  2571 149  2471 141  2271
 138  2171 141  1871 151  1571 165  1271 184  1371 203  1371 221  1471 234  1571
 244  1471 250  1471 256  1771 260  1971 262  2271 261  2171 256  1971 243  1971
 222  2071 200  2071 179  2171 166  2271 159  2471 152  2571 147  2451 137  2351
 132  2211 135  1951 146  1551 163  1211 185  1251 207  1351 226  1311 239  1451
 246  1651 250  1711 252  1951 253  2251 253  2411 251  2351 245  2151
280 281   001 291   001 293   001 299   001 300   001 296   001 282   471
 261  1371 237  1471 216  1571 203  1471 196  1271 190  1371 181  1471 174  1571
 169  1671 169  1471 173  1271 180  1071 189  1271 201  1371 212  1471 225  1471
 234  1571 241  1571 242  1771 240  1971 236  2171 231  2171 225  2071 215  2071
 203  1971 188  1871 176  1771 169  1671 167  1571 163  1571 157  1671 151  1871
 148  1971 149  1771 155  1471 166  1271 182  1371 201  1371 219  1471 232  1471
 242  1271 249  1271 254  1471 258  1571 260  1771 261  1771 257  1771 247  1571
 229  1671 206  1571 186  1671 174  1671 168  1671 163  1671 161  1551 155  1751
 151  1811 152  1651 158  1451 170  1211 187  1351 207  1551 226  1611 240  1651
 250  1651 257  1611 261  1751 262  1951 261  2011 257  1951 249  1751
299 258   001 266   001 276   001 278   001 277   001 273   001 259  1071
 241  1571 222  1471 204  1371 190  1471 179  1371 169  1371 159  1371 151  1471
 146  1471 148  1371 157  1271 171  1171 188  1171 207  1271 224  1271 239  1371
 250  1371 257  1571 261  1771 262  1971 259  2371 252  2271 241  2171 227  1971
 212  1871 196  1871 184  1771 175  1671 166  1571 159  1471 153  1471 148  1571
 146  1571 148  1471 153  1371 163  1271 176  1371 192  1371 208  1471 221  1271
 232  1271 241  1171 247  1371 251  1571 252  1771 250  1771 243  1771 232  1771
 215  1671 197  1571 181  1471 169  1471 160  1571 152  1571 142  1451 135  1551
 132  1611 136  1551 146  1451 158  1311 170  1351 182  1451 194  1411 205  1451
 215  1351 222  1311 225  1551 226  1851 225  2011 224  2051 221  2051
434 273   001 285   001 286   001 290   001 285   001 276   001 258   671
 243   771 230   871 217   771 207   971 200  1071 194  1071 188  1071 183  1071
 180  1071 179  1171 179  1171 181  1271 183  1371 187  1371 190  1371 192  1371
 194  1271 197  1271 201  1571 205  1571 208  1771 207  1971 204  1971 198  2071
 192  1971 184  1771 180  1571 176  1371 174  1271 171  1171 167  1171 163  1171
 159  1171 158  1171 160  1271 167  1271 178  1471 192  1471 204  1671 214  1871
 223  1871 229  1971 234  2071 237  2071 238  2071 236  2071 232  2171 223  2071
 213  1871 201  1871 189  1571 181  1471 173  1271 168  1171 167  1251 163  1151
 159  1111 155  1151 154  1251 159  1211 172  1351 189  1351 205  1411 216  1651
 222  1751 227  1911 231  2051 235  2051 236  2111 234  2151 229  2251
460 280   001 283   001 291   001 287   001 271   001 244   001 236   471
 230   671 223   971 217  1171 210  1371 203  1671 194  1771 183  1771 173  1871
 168  1871 169  1771 174  1771 182  1671 189  1671 197  1571 204  1571 211  1671
 217  1771 223  1871 228  1971 230  2071 228  1971 221  2071 212  1971 203  2071
 196  1971 192  1971 188  1871 186  1871 183  1771 176  1771 167  1771 156  1871
 149  1871 149  1771 155  1771 165  1671 180  1671 196  1771 212  1771 224  1771
 233  1871 240  1771 246  1871 250  1871 250  1971 246  2071 239  2271 230  2271
 220  2071 209  1971 198  1771 188  1871 179  1771 168  1771 162  1651 151  1751
 144  1711 144  1751 151  1651 163  1611 179  1751 197  1851 214  1911 227  2051
 237  2051 245  2111 251  2251 253  2351 253  2411 249  2451 241  2351
481 297   001 310   001 317   001 303   001 297   001 287   001 279   271
 270   771 258  1071 247  1171 236  1371 227  1171 220  1171 213  1171 209  1271
 204  1271 199  1271 196  1271 196  1271 201  1271 210  1271 223  1271 234  1471
 245  1471 254  1671 260  1671 262  1571 258  1571 248  1671 234  1771 219  1971
 206  2071 196  1971 189  1771 185  1671 183  1471 181  1271 176  1371 172  1371
 168  1471 168  1471 171  1471 178  1471 189  1471 200  1271 212  1271 223  1371
 235  1371 244  1371 252  1471 259  1671 262  1771 261  1771 255  1771 246  1671
 233  1671 219  1771 206  1771 197  1671 191  1571 184  1471 184  1351 174  1451
 166  1411 164  1451 167  1551 176  1511 189  1551 204  1551 219  1511 232  1551
 243  1551 253  1511 261  1651 267  1651 269  1711 267  1851 262  1851
497 299   001 291   001 300   001 302   001 298   001 292   001 265   471
 237   771 213   771 192  1071 174  1271 159  1671 148  1771 141  1871 136  1871
 136  1971 138  1971 144  2071 158  2071 181  1971 205  1771 229  1571 246  1671
 257  1871 262  1971 262  2571 258  2871 250  3071 239  2771 226  2471 212  2271
 197  2171 182  1971 171  1871 164  1971 158  1971 154  1971 150  1971 148  2071
 146  2071 148  2071 154  2071 162  2071 173  1971 186  1671 200  1471 214  1671
 226  1871 237  2171 242  2371 242  2871 237  3071 227  2671 215  2371 200  2071
 186  1971 173  1771 163  1671 156  1771 150  1871 146  1971 141  2051 136  2051
 132  2111 131  2151 136  2051 146  2011 164  1851 185  1551 206  1311 223  1651
 234  1851 240  2111 240  2351 235  2651 226  2811 215  2551 202  2351
510 281   001 285   001 288   001 274   001 261   001 260   001 249   571
 235   771 223   971 214  1071 208  1271 204  1171 200  1071 195  1071 190   971
 188   971 188   971 190   971 193   971 197  1071 202  1071 209  1171 215  1371
 223  1671 230  1871 238  1771 244  1771 249  1671 251  1671 248  1571 242  1571
 232  1571 218  1471 207  1471 198  1371 191  1371 186  1271 182  1171 178  1171
 177  1071 178  1071 182   971 189   971 200  1171 212  1571 223  1771 229  1871
 234  1871 239  1871 244  1871 248  1871 251  1871 250  1751 245  1551 236  1411
 224  1551 210  1351 198  1311 190  1351 184  1351 180  1211 187  1251 182  1251
 177  1111 174  1151 175  1051 182  1011 197  1251 216  1451 233  1611 244  1751
 251  1951 256  2011 261  2051 265  2151 267  2111 265  1951 259  1851
579 301   001 308   001 309   001 304   001 298   001 287   001 269   371
 250   671 232   871 215  1071 201  1271 190  1771 183  1971 179  1971 178  1871
 178  1871 182  1671 190  1371 201  1171 216  1271 232  1471 250  1571 267  1471
 282  1371 295  1271 304  1371 309  1571 308  1671 301  1771 288  1771 273  1871
 254  1971 235  1971 219  1971 209  2071 199  2071 193  2171 186  2171 180  2171
 177  2171 181  1971 191  1771 206  1571 224  1571 244  1571 262  1571 277  1471
 288  1371 298  1271 305  1371 309  1371 308  1471 302  1571 291  1571 278  1671
 264  1871 251  2071 242  2171 235  2271 230  2371 224  2471 192  2351 186  2351
 184  2411 187  2151 194  1751 207  1411 224  1551 241  1551 256  1611 266  1551
 272  1451 278  1311 286  1451 292  1451 294  1511 288  1651 277  1751
588 296   001 293   001 296   001 296   001 295   001 281   001 262   371
 240   671 216   771 194   771 177  1071 166  1371 161  1471 159  1371 158  1371
 159  1271 160  1271 164  1171 172  1171 186  1371 205  1571 224  1771 243  1771
 258  1771 269  1771 273  2071 271  2271 265  2471 256  2571 245  2571 233  2671
 220  2271 208  1871 195  1471 186  1471 179  1571 172  1571 165  1471 160  1471
 158  1371 161  1271 170  1271 184  1171 203  1371 223  1471 243  1671 260  1671
 273  1771 280  1771 283  2271 281  2671 277  3171 271  3071 263  2971 252  2871
 238  2471 223  2071 209  1671 198  1671 189  1671 182  1671 165  1651 158  1551
 155  1511 156  1451 163  1251 175  1111 191  1351 209  1551 224  1711 233  1851
 237  1851 236  1911 233  2351 229  2851 226  3211 226  3151 225  3051
621 220   001 219   001 212   001 214   001 210   001 205   001 203   371
 201   671 198   871 192   871 188  1271 185  1371 182  1471 178  1471 170  1371
 167  1371 166  1271 168  1171 172  1071 178  1171 183  1371 191  1571 200  1671
 211  1871 219  1971 225  1971 226  1871 228  1871 231  1771 233  1771 229  1771
 221  1571 207  1371 194  1271 188  1371 187  1371 184  1471 179  1471 171  1571
 167  1571 167  1471 170  1271 174  1171 178  1271 183  1371 189  1471 197  1771
 204  1971 211  2171 213  2171 213  2071 211  2071 207  1971 202  1971 196  1871
 187  1571 179  1471 173  1371 170  1371 168  1371 166  1371 162  1351 159  1451
 156  1411 154  1351 156  1151 161  1011 172  1251 185  1451 198  1611 208  1851
 215  2151 220  2311 223  2251 225  2051 224  1911 221  1951 215  1951
630 277   001 287   001 301   001 295   001 285   001 291   001 281   671
 271   871 260  1071 249   971 239   971 230  1071 222   971 216   971 208   871
 203   871 199   871 197   771 198   771 203   871 210   871 217  1071 224  1171
 230  1271 237  1271 245  1471 253  1571 258  1671 259  1671 256  1571 250  1571
 242  1571 234  1571 227  1471 220  1371 214  1271 206  1171 199  1171 192  1171
 188  1171 187  1071 189  1071 195   971 204  1171 214  1371 225  1571 235  1671
 244  1571 251  1671 256  1771 259  1871 258  1971 253  1971 245  1871 236  1771
 227  1671 217  1571 209  1471 202  1371 197  1271 192  1171 186  1151 180  1051
 175  1011 172  1051 173   951 179   911 190  1151 203  1351 216  1511 225  1651
 232  1651 238  1711 246  1951 253  2051 257  2211 257  2151 252  2051
643 254   001 249   001 251   001 249   001 240   001 236   001 227   571
 218  1171 211   971 207  1271 205  1271 204  1271 203  1271 200  1271 198  1371
 197  1371 201  1271 208  1171 218  1071 229  1171 240  1171 247  1271 250  1271
 251  1471 250  1371 249  1571 247  1471 245  1571 243  1471 240  1471 235  1371
 228  1371 221  1471 216  1471 213  1471 211  1571 209  1571 204  1671 199  1671
 197  1771 200  1571 208  1471 221  1271 239  1271 256  1371 271  1371 279  1471
 281  1571 280  1671 278  1671 276  1671 273  1771 269  1671 265  1671 258  1571
 250  1571 241  1671 233  1671 228  1771 225  1771 219  1771 198  1751 192  1751
 189  1811 192  1651 200  1551 212  1311 227  1351 242  1351 253  1311 258  1451
 258  1551 257  1611 257  1751 258  1951 259  2011 260  1951 259  1951
645 283   001 287   001 289   001 283   001 280   001 265   001 247  1071
 230  1071 214  1071 203   971 194  1271 189  1571 187  1771 186  1571 188  1471
 189  1271 193  1271 200  1171 210  1171 222  1271 235  1571 249  1671 263  1671
 274  1571 283  1571 288  1871 288  1971 285  2271 277  2171 266  2171 251  2171
 236  2071 220  1971 209  1771 202  1871 197  1871 194  1971 190  1871 187  1671
 187  1571 191  1471 200  1471 214  1371 231  1471 250  1471 269  1571 283  1571
 295  1471 303  1471 308  1671 309  2071 305  2371 295  2271 282  2071 267  1971
 253  1971 242  1971 232  1871 226  2071 222  2071 217  2171 193  1951 188  1851
 186  1711 189  1651 196  1451 208  1311 223  1451 239  1451 252  1511 261  1551
 266  1551 272  1511 279  1951 285  2351 285  2711 278  2651 265  2451
650 278   001 281   001 284   001 285   001 273   001 260   001 250   371
 238   471 226   571 216   771 208  1071 203  1371 198  1671 192  1571 189  1571
 188  1471 193  1371 202  1171 216  1071 231  1171 246  1271 261  1371 274  1271
 284  1271 290  1171 291  1271 287  1371 280  1471 270  1471 259  1271 246  1271
 236  1371 228  1271 220  1271 215  1471 210  1571 204  1771 196  1771 190  1771
 188  1771 194  1571 205  1471 218  1271 231  1371 245  1371 258  1471 272  1371
 285  1371 294  1271 300  1271 300  1471 296  1471 288  1471 276  1471 265  1471
 256  1371 248  1471 242  1371 236  1471 229  1771 222  1871 201  1851 194  1851
 190  1811 193  1651 202  1451 215  1211 229  1351 243  1551 253  1611 259  1651
 262  1651 265  1611 269  1751 271  1751 271  1811 266  1751 257  1751
675 295   001 306   001 306   001 306   001 302   001 296   001 279   471
 256   771 233   771 213   871 196  1171 183  1371 173  1671 165  1771 160  1971
 157  2071 159  1971 166  1871 181  1771 203  1471 229  1271 251   971 263  1071
 270  1271 272  1371 273  1571 272  1871 269  2071 263  2071 251  2171 241  2171
 229  1871 218  1571 208  1271 199  1471 192  1571 184  1771 178  1871 170  2071
 167  2171 168  2071 176  1971 192  1871 216  1771 244  1571 267  1471 282  1471
 289  1571 292  1571 292  1871 291  2171 286  2471 279  2371 270  2371 257  2271
 243  1971 228  1571 216  1271 207  1471 200  1571 192  1771 186  1851 177  2051
 171  2111 172  2051 180  1851 195  1711 216  1651 238  1451 254  1311 260  1451
 259  1651 255  1711 252  2051 249  2251 247  2511 245  2451 241  2251
690 248   001 243   001 246   001 241   001 240   001 235   001 235   271
 234   671 229   771 224   971 221  1071 219  1171 217  1271 213  1271 209  1271
 207  1271 209  1171 214  1171 222  1071 232  1271 241  1271 249  1471 252  1371
 252  1171 252   971 252   971 252   971 251  1071 249   971 245   871 240   871
 236  1071 232  1171 230  1171 227  1271 224  1271 220  1371 215  1371 209  1371
 207  1371 209  1271 215  1171 224  1071 233  1171 242  1171 249  1271 252  1171
 252  1271 251  1271 249  1171 248  1071 246  1071 244   971 242  1071 238  1071
 234  1171 230  1271 226  1371 222  1371 220  1271 216  1271 212  1151 206  1151
 204  1111 207  1051 214  1051 221   911 226  1051 230  1251 232  1311 233  1251
 234  1251 235  1111 236  1151 236  1051 235  1011 233  1051 230  1051
747 264   001 262   001 253   001 246   001 241   001 233   001 230   871
 226   771 223   671 220   571 217   971 215  1171 213  1371 209  1471 206  1471
 205  1571 209  1371 216  1271 223  1071 227  1071 231  1271 234  1271 240  1371
 245  1471 250  1571 252  1471 252  1571 252  1571 253  1571 251  1571 248  1571
 241  1371 234  1171 226   971 223  1171 220  1271 218  1471 212  1571 207  1671
 205  1771 208  1571 216  1371 228  1171 243  1171 257  1271 269  1371 276  1471
 279  1671 281  1771 282  1771 283  1871 281  1771 276  1771 268  1671 259  1671
 249  1471 239  1371 232  1171 225  1271 220  1471 214  1571 201  1651 194  1751
 190  1811 191  1651 195  1451 201  1211 208  1251 215  1351 221  1311 226  1451
 231  1651 235  1711 239  1851 242  1951 244  2011 244  2051 241  1951
NT  TEDF  78  35 1
20140622172014062212
20140622172014062213
20140622172014062214
20140622172014062215
20140622172014062216
20140622172014062217
20140622172014062218
20140622172014062219
20140622172014062220
20140622172014062221
20140622172014062222
20140622172014062223
20140622172014062300
20140622172014062301
20140622172014062302
20140622172014062303
20140622172014062304
20140622172014062305
20140622172014062306
20140622172014062307
20140622172014062308
20140622172014062309
20140622172014062310
20140622172014062311
20140622172014062312
20140622172014062313
20140622172014062314
20140622172014062315
20140622172014062316
20140622172014062317
20140622172014062318
20140622172014062319
20140622172014062320
20140622172014062321
20140622172014062322
20140622172014062323
20140622172014062400
20140622172014062401
20140622172014062402
20140622172014062403
20140622172014062404
20140622172014062405
20140622172014062406
20140622172014062407
20140622172014062408
20140622172014062409
20140622172014062410
20140622172014062411
20140622172014062412
20140622172014062413
20140622172014062414
20140622172014062415
20140622172014062416
20140622172014062417
20140622172014062418
20140622172014062419
20140622172014062420
20140622172014062421
20140622172014062422
20140622172014062423
20140622172014062500
20140622172014062501
20140622172014062502
20140622172014062503
20140622172014062504
20140622172014062505
20140622172014062506
20140622172014062507
20140622172014062508
20140622172014062509
20140622172014062510
20140622172014062511
20140622172014062512
20140622172014062513
20140622172014062514
20140622172014062515
20140622172014062516
20140622172014062517
002400140014001400130013001327132713271327132713271431143514351431133513351
23112351135113112351235123112351235123111351135113111351135113112351235133112351
13511311235133514311435133513311335133513311335133513311235123512311235133513311
33514351431133513351331143514351431133513351231123512351231123512351231113511351
005700150015001300130013001327132713271227122712371231123512351231123512351
23112351135113112351235123112351235123112351135113111351135113111351135113111351
13511311235123512311235123513311335143514311435143513311335123512311235113512311
23512351231123512351231123513351331143513351331133512351231123512351231123511351
015300140016001600160012001227122712271327133713371431143514351431153514351
43113351235123111351135123112351235123112351235123112351135113111351135123112351
23512311235123512311235123512311235123512311335143514311435133512311235123512311
23512351331133512351231123512351231123512351231113511351131123512351231133513351
027300130014001600150015001427132713271327132714371431133512351131113512351
23112351235113111351235123112351235123112351235123112351135113111351135113111351
13511311135113511311135113511311235123513311335133513311235123512311235123512311
23512351231123513351331133513351331133513351331133512351231123512351231123512351
070300140011001200130013001327132712271227122711271131113511351131123512351
33113351335133112351235123112351235133114351435143114351235113111351135113111351
13511311135123512311235113511311135113511311235123512311235123512311235123512311
23512351231123511351131113512351231113511351131113511351231123512351231123511351
110400150016001500130010001027112711271127112711271131113511351131113511351
23112351135113111351135113111351135113111351135113111351135113111351135113111351
13511311135113511311135123512311235113511311135113511311135113511311135113511311
13511351231133513351431143514351331133512351231123512351231123512351231123512351
120400130014001500160016001527152714271327132712271231123512351131113511351
13111351135113111351135113111351135113111351135123111351135113111351135113111351
23512311235123512311235123512311235123512311235123511311235123512311235123512311
23512351231123512351231123513351331133513351231123512351231123512351231123512351
130800170017001600110010001027112711271227132714271431153515351531143513351
33112351235123112351235123112351235123112351235113111351135113111351135113111351
13511311135113512311235113511311135123512311235123512311235123512311235123511311
13512351231123512351131113512351231123512351231123512351231123512351331133514351
145000110012001300130010001027102710271027112711271131123512351331133513351
33113351435143114351335133113351435153115351435143113351235113111351135113111351
13511311135113511311135113511311135113512311235123512311235123512311235123512311
13512351231123512351231123512351231123512351231123512351231123512351231123512351
149000110010001200140012001227112711271127112711371131123512351231133513351
33114351435143113351335133114351435153115351435133112351235113111351135113111351
13511311135113511311135113511311135113512311235123512311235123512311235123511311
13512351231123512351131123512351231123512351231123512351231123512351231123512351
156100110011001300130012001227112711271127112711371131123512351231123513351
33113351435143114351335133114351435153115351435143113351235113111351135113111351
13511311135113511311135113511311135113512311235123512311235123512311235123511311
13512351231123512351131123512351231123512351231123512351231123512351231123512351
168300110012001000100010001017112711271127122712271231133513351431143514351
43113351235123112351235133114351535163116351635163115351335123112351235113111351
13511311135113511311135113511311135113511311235123512311235123512311135113511311
13511351131113511351231123512351231123512351131113511351231123512351231123512351
180000110013001300130012001227122712271227112711371131113511351131113511351
13112351335133113351235123112351335143114351435153115351535143114351335123112351
23512311235123512311235113511311135113511311135113512311235123513311235123512311
23512351231123512351231123512351231123512351231123511351231123513351331133513351
190100110012001400150016001627152715271427132712371231113511351131123512351
33112351235123112351235123112351335143114351535153116351635163115351435143114351
43514311435133512311135113512311235123512311235123512311235123512311235123512311
23512351231123513351331143515351531153513351231123511351131123512351231123512351
222400100010001200100011001227122712271227122712271331143514351431133513351
23112351335133113351335133112351235123112351235123111351135113111351135113112351
23511311135113511311135113511311135123512311235123512311235123512311135113511311
13511351131113511351131113512351231113511351131113512351231123512351231133514351
240600120010001000120013001327122712271337132714271431143514351531153516351
63116351635153115351535153114351435133113351235123112351235123112351235123112351
23512311235123512311135113511311135113512311235123512311235123511311135113511311
13511351131113511351131113511351231123512351231123512351231123512351231123512351
255500120013001600120010001117112712271327142714271531153514351431153516351
63116351535143114351435153116351735173117351635153115351435143113351335123112351
13511311235123512311235123511311135123512311235123512311235113511311135113511311
13511351131113511351131113512351231123511351131113512351231123512351231123512351
260400140011001200160013001317122712271227132714271531153515351531163516351
63116351635163116351635163116351635173117351735173117351635163115351435143113351
23512311235123512311235123512311235123512311235123511311135113511311135113511311
13511351131113511351131113511351131113512351131113511351131123512351331123512351
280300130014001500140013001327132713271337133713271331133513351331133512351
23112351235123112351335143114351535163116351635163116351635163116351635153114351
33512311235123512311235123512311235133513311335133513311235123512311135113511311
13511351131113511351131113511351131113511351131113511351231123513351331133513351
299500150013001300130015001527152714271427132714271431143514351431133513351
33112351235113111351135113111351135123113351435153116351635163116351735173117351
73517311735173516311635153514311335133512311235123512311235123511311135113511311
23512351231123512351231123512351231123512351231123512351231123512351231123512351
434200120012001400150017001727172717271737173716371631163516351531163516351
73117351735173117351735173117351735173116351535143113351335123112351235113112351
23512311335133513311335143513311335123512311235123512311235123512311135113511311
13512351231123511351131113511351131113511351131113511351131113511351131113512351
460400150015001400170017001727163716371527152714271431143514351531153515351
53115351535153115351535163116351735173117351735173117351635163116351535153115351
43514311435143514311435143514311435143514311435143513311335133513311235123512311
23512351231113511351131123512351231123512351231123512351231123512351231123512351
481200110011001200120016001627162715271527152714271431143514351331143514351
43114351335123112351235123112351235123113351535163116351635173117351735173117351
73517311635153514311435143514311435143513311335133513311335143514311435133513311
33513351231123512351231123512351231123512351231123512351231123512351231123512351
497700170017001700170017001627152715271527142714271431143513351331143515351
53116351635163117351735173117351635163116351735173117351735173116351635163116351
63516311735173517311735173517311735163516311635163515311535153515311535153515311
53514351431143513351331133513351331133513351331133513351431143514351431143513351
510300140013001300150015001527152716271627163716271631163516351631163517351
73117351635163115351535153115351535153115351435133113351335133114351435143115351
53515311535153515311535153514311435133514311435143515311535153514311435133513311
33513351331133512351231123512351231123512351231123512351231123512351231123512351
579000100010001100100013001327142714271427142715271531153515351531153515351
53114351335123112351235133112351235123113351535153115351335123112351235133113351
43514311435143514311335123511311235133514311535153515311535153515311535153515311
43514351431143515351631163516351631153515351531143514351431143514351531153515351
588000100011001000100010001127112712271327142714271531153514351431153515351
53114351335123113351435153114351335133114351635173117351535143113351235123112351
33514311535153514311335123511311135123513311435153515311535153514311435153515311
53515351531153516351631173517351731173517351731173517351731173517351731173516351
621700180017001700170016001527142714271427152715271631163516351631173517351
73116351535153115351635173117351735163115351435133113351435153115351535153115351
53515311535163517311735173517311735173517311735173517311735173517311735173517311
63516351631163517351731173517351731173517351731173517351631173517351731163516351
630200110015001700180017001727162715271527152715271531153515351531153516351
73117351735173117351735173117351735163115351335133112351335143114351435153115351
63516311635163516311635163516311635163516311535153514311535153516311635163517311
73516351631163516351631163516351631163516351631163515351531153515351431143514351
643300120010001400160016001627152716271627162716371631163516351531153515351
53115351535143113351335133113351535163116351535143114351335133114351435143115351
53515311435133512311335143515311535153515311435153515311535163516311635163515311
53515351531163516351631163516351631163516351531143514351331143515351631163516351
645100130011001000130016001627162716271627152715371531143514351431153515351
53115351435133114351435143114351435143114351435143113351335123112351335143114351
43514311435133513311335133513311435143515311535153515311635163516311635163515311
53514351431143514351531153516351631163515351431143513351331133514351531153515351
650100120010001000110014001527152715271527152715271531153515351431153515351
53115351535153115351435143115351635163117351635153114351235113112351335143114351
43514311335123511311135113511311335143515311535143513311335143514311435143514311
43514351431153515351631163516351631163517351731173516351631153515351631163516351
675000100011001000100010001127112712271327132714371431143514351431143515351
53115351535153115351535153116351635163116351535153114351335133112351235123113351
43514311435133513311235123512311235123513311335143514311435143513311435143514311
53515351531153516351631163516351631163517351731163516351531153516351631163516351
690200120011001000110010001027113712371227133714371431143514351431143515351
53115351435143114351535153116351735173117351635153115351435133112351235113112351
33514311435143513311235123511311235133514311435153515311535153515311535153515311
53515351531153515351531153515351531163516351731163516351531153515351631153515351
747500150016001700180018001827172717271627162715271531153515351631163516351
63116351635163116351635173117351735173116351635153115351535153115351535143114351
33513311335143515311635163517311735173517311735173517311735173516311635163516311
63516351631163517351731173517351731173517351731173517351731173517351731163516351
