20141207181445
T2M TEDF  78  35 1
20141207182014120713
20141207182014120714
20141207182014120715
20141207182014120716
20141207182014120717
20141207182014120718
20141207182014120719
20141207182014120720
20141207182014120721
20141207182014120722
20141207182014120723
20141207182014120800
20141207182014120801
20141207182014120802
20141207182014120803
20141207182014120804
20141207182014120805
20141207182014120806
20141207182014120807
20141207182014120808
20141207182014120809
20141207182014120810
20141207182014120811
20141207182014120812
20141207182014120813
20141207182014120814
20141207182014120815
20141207182014120816
20141207182014120817
20141207182014120818
20141207182014120819
20141207182014120820
20141207182014120821
20141207182014120822
20141207182014120823
20141207182014120900
20141207182014120901
20141207182014120902
20141207182014120903
20141207182014120904
20141207182014120905
20141207182014120906
20141207182014120907
20141207182014120908
20141207182014120909
20141207182014120910
20141207182014120911
20141207182014120912
20141207182014120913
20141207182014120914
20141207182014120915
20141207182014120916
20141207182014120917
20141207182014120918
20141207182014120919
20141207182014120920
20141207182014120921
20141207182014120922
20141207182014120923
20141207182014121000
20141207182014121001
20141207182014121002
20141207182014121003
20141207182014121004
20141207182014121005
20141207182014121006
20141207182014121007
20141207182014121008
20141207182014121009
20141207182014121010
20141207182014121011
20141207182014121012
20141207182014121013
20141207182014121014
20141207182014121015
20141207182014121016
20141207182014121017
20141207182014121018
002 106   001 106   001 105   001  98   001  88   001  80   001  75   671
  71   771  68   771  66   871  65   871  64   871  64   871  65   871  64   871
  63   871  60   771  59   771  56   871  55   871  56   971  58  1071  61  1171
  63  1271  64  1271  64  1171  64  1171  63  1171  63  1171  63  1171  62  1171
  61  1071  59  1071  57  1071  55  1071  53  1071  51  1071  50   971  48   971
  46   971  45   871  45   871  45   871  47   971  49   971  52  1071  55  1071
  58  1171  60  1171  62  1271  63  1271  64  1271  65  1371  66  1371  67  1371
  67  1271  67  1271  67  1271  68  1171  69  1171  75  1151  81  1151  87  1111
  93  1051  97  1051  98   911  97   951  94   951  91   911  90  1051  91  1151
  93  1211  95  1251  96  1351  96  1311  94  1351  91  1451  89  1411
005  70   001  73   001  76   001  85   001  83   001  78   001  71   371
  63   671  54   771  47   771  39   971  33   971  28   971  25   971  24   971
  25   971  27  1071  31  1071  33  1171  36  1071  38  1071  41  1271  44  1371
  48  1571  51  1471  54  1471  53  1371  50  1171  44   971  41   771  40   871
  40   871  41   971  40  1071  38  1071  36  1171  35  1171  33  1071  29  1071
  24  1071  18  1071  15  1071  15  1171  19  1271  27  1371  39  1471  51  1571
  59  1671  62  1571  59  1471  53  1371  46  1271  41  1071  39   971  41   971
  44   971  48   971  51   971  52  1071  52  1071  57   951  59   951  63   911
  69  1051  75  1051  80  1111  82  1151  83  1251  84  1211  87  1351  92  1351
  96  1411  98  1451  97  1351  94  1311  88  1251  81  1151  76  1011
015  49   001  47   001  52   001  56   001  61   001  67   001  62   571
  55   771  47  1071  38  1071  29  1171  21  1171  14  1171   8  1171   5  1171
   5  1171   7  1171  11  1171  17  1071  23  1071  29   971  34  1071  39  1071
  42  1171  44  1171  44  1071  42  1071  39   971  35   971  32   871  30   971
  29  1071  26  1171  22  1171  17  1271  15  1271  16  1171  19  1171  20  1071
  19  1171  16  1171  15  1271  17  1271  22  1271  31  1271  43  1271  54  1371
  61  1271  63  1271  59  1271  52  1271  45  1171  39  1071  35   971  35   971
  37  1071  39  1071  40  1171  41  1271  42  1371  38  1151  41  1051  45  1011
  51  1151  57  1151  63  1211  67  1251  71  1151  75  1111  81  1251  87  1251
  92  1311  95  1351  94  1351  91  1311  85  1351  77  1251  71  1211
027  90   001  91   001  92   001  91   001  79   001  70   001  63   871
  58   871  53   771  45   971  35  1171  27  1271  25  1271  25  1271  28  1271
  34  1271  41  1371  47  1371  51  1271  55  1171  58   971  62   971  67  1071
  71  1071  74  1071  74  1071  72   971  65   971  58  1071  50  1171  47  1171
  47  1071  48  1071  48  1171  49  1271  48  1371  49  1371  49  1471  46  1471
  39  1471  31  1471  26  1471  26  1371  30  1271  39  1271  51  1271  62  1271
  72  1171  78  1271  78  1271  74  1371  67  1371  61  1271  58  1271  61  1171
  67  1171  71  1071  73  1171  73  1171  74  1271  82  1251  85  1251  89  1311
  93  1351  97  1451  99  1411  99  1351  97  1151  97  1011  99  1151 102  1251
 104  1311 104  1351 102  1351  98  1311  93  1251  87  1251  82  1111
070  43   001  47   001  45   001  49   001  50   001  52   001  46   971
  41  1371  37  1571  33  1571  28  1471  22  1471  16  1471  10  1471   5  1471
   0  1471  -4  1471  -5  1471  -2  1371   4  1171  12  1071  21  1271  32  1571
  40  1871  45  1771  45  1771  43  1671  38  1571  32  1571  28  1571  26  1571
  23  1571  22  1671  20  1671  18  1571  15  1571  12  1671  10  1671   7  1671
   5  1571   5  1571   6  1571  10  1471  15  1371  22  1471  29  1471  37  1671
  42  1771  44  1671  44  1671  42  1671  38  1571  33  1571  29  1571  28  1571
  27  1571  28  1571  25  1671  24  1571  24  1571  16  1451  18  1451  21  1411
  24  1451  28  1451  32  1311  36  1351  41  1251  48  1211  56  1351  65  1551
  73  1711  78  1651  79  1651  77  1511  72  1551  65  1551  60  1511
110 106   001 107   001 108   001  96   001  89   001  86   001  75   971
  67  1171  62  1271  59  1371  57  1271  57  1271  58  1271  62  1171  64  1171
  64  1171  63  1171  62  1171  61  1071  62   971  65   871  73  1171  82  1271
  89  1471  94  1371  93  1071  90   971  84  1071  79  1171  74  1271  71  1371
  69  1471  68  1571  67  1571  66  1471  64  1471  63  1471  63  1571  61  1571
  58  1471  56  1471  55  1371  58  1271  63  1171  71  1071  81  1171  89  1271
  97  1271 101  1171 102  1171 103  1171 102  1171 101  1271 102  1271 105  1371
 108  1571 112  1771 115  1671 118  1771 118  1771 115  1451 111  1551 108  1511
 106  1551 104  1451 103  1411 102  1351 101  1251 101  1111 103  1251 105  1451
 108  1511 110  1551 110  1451 107  1411 101  1451  94  1351  88  1311
120 103   001 100   001  92   001  84   001  78   001  61   001  56   571
  53   771  49  1071  44  1071  40  1171  38  1071  39  1071  41  1071  45  1071
  48  1071  49  1171  48  1171  47  1171  48  1071  51  1071  57   971  65   971
  71   871  72   771  71   771  68   871  66   871  64  1071  61  1171  61  1171
  61  1271  60  1271  58  1271  55  1271  53  1271  53  1271  53  1171  52  1171
  49  1171  45  1271  45  1271  50  1271  57  1171  65  1171  72  1171  78  1071
  83  1071  88  1071  92  1171  92  1171  89  1171  85  1171  83  1171  86  1171
  91  1271  98  1271 104  1271 107  1271 109  1271 109  1251 107  1251 105  1211
 105  1251 106  1351 105  1311 102  1351  99  1251  97  1211  98  1251 100  1251
 102  1211 101  1251  98  1351  94  1311  90  1251  86  1251  83  1111
130  92   001 101   001 107   001 101   001  97   001  69   001  58   471
  50   771  40   971  34   971  30  1071  28  1171  28  1271  29  1371  31  1471
  34  1371  35  1271  38  1171  39  1071  40  1171  45  1071  55  1071  68  1171
  79  1171  84  1171  82  1151  77  1171  70  1071  61  1071  55   971  50   971
  48   971  46  1071  44  1171  41  1171  40  1271  40  1371  41  1471  39  1571
  34  1571  28  1471  25  1471  27  1471  34  1471  45  1471  59  1471  73  1371
  82  1371  87  1371  86  1471  82  1471  74  1371  67  1171  62  1071  62  1271
  66  1171  73  1271  79  1271  85  1171  88  1171  97  1451  99  1651 101  1711
 105  1751 110  1651 111  1611 108  1551 103  1451 100  1311 101  1451 105  1451
 108  1511 109  1551 106  1551 101  1511  94  1351  86  1151  80   911
145  40   001  44   001  48   001  45   001  47   001  56   001  50   971
  44  1071  39  1171  34  1171  28  1071  22  1071  16  1071  13  1071   8  1071
   6  1071   5  1071   5  1071   7  1171  11  1171  18  1271  25  1371  32  1471
  38  1571  44  1571  46  1571  44  1571  40  1471  34  1271  28  1271  25  1271
  22  1171  20  1171  16  1071  12  1071  10   971  12  1071  14  1071  15  1171
  12  1171   8  1071   5  1071   7  1171  12  1371  22  1471  33  1471  43  1571
  51  1571  56  1571  55  1571  50  1571  42  1471  33  1471  27  1371  25  1371
  26  1271  28  1271  26  1271  25  1171  25  1171  35  1051  41  1051  47  1011
  51  1051  54  1151  56  1111  58  1151  60  1251  63  1211  68  1351  74  1351
  79  1411  81  1451  81  1551  79  1511  75  1451  71  1351  68  1211
149  42   001  45   001  47   001  49   001  49   001  50   001  45   671
  41   771  38   871  34   971  28  1171  22  1271  16  1271  12  1371   8  1371
   5  1371   4  1271   4  1271   6  1171  10  1171  17  1071  27  1171  38  1271
  48  1471  54  1471  56  1571  53  1471  46  1471  39  1371  32  1271  27  1171
  25  1071  22   971  17  1071  12  1071  10  1171  10  1271  13  1371  14  1471
  11  1371   7  1371   4  1271   5  1371  11  1371  20  1471  31  1571  42  1571
  51  1671  56  1671  54  1671  49  1671  41  1571  32  1571  27  1471  27  1371
  30  1271  32  1171  30  1171  26  1271  24  1271  31  1251  37  1251  43  1311
  48  1351  53  1351  56  1311  58  1351  61  1351  65  1311  71  1351  78  1451
  84  1411  86  1551  86  1551  83  1611  79  1551  75  1451  71  1311
156  51   001  53   001  56   001  57   001  57   001  59   001  62   571
  61   671  58   971  53  1071  49  1071  43  1071  38  1171  33  1171  30  1271
  27  1271  25  1171  25  1171  27  1171  30  1071  34  1071  40  1171  48  1271
  53  1371  55  1371  55  1371  52  1371  48  1271  43  1271  40  1171  40  1271
  40  1171  39  1171  37  1171  33  1071  30  1071  30  1171  31  1171  32  1271
  30  1271  27  1171  25  1171  27  1271  31  1471  39  1571  48  1571  57  1471
  63  1471  66  1471  64  1471  59  1371  51  1371  44  1371  39  1371  38  1371
  39  1271  41  1271  40  1171  37  1171  36  1071  41  1051  47  1051  53  1111
  58  1151  62  1151  65  1111  67  1251  69  1251  73  1311  79  1351  85  1351
  89  1311  91  1351  90  1351  87  1311  84  1351  81  1251  79  1211
168  48   001  47   001  46   001  46   001  46   001  47   001  46  1771
  45  1571  44  1771  43  1771  42  1771  40  1771  37  1771  34  1871  32  1871
  29  1771  26  1771  25  1671  25  1471  27  1371  32  1171  38  1371  46  1671
  51  1871  55  1871  54  1771  51  1771  45  1771  40  1871  36  1871  33  1871
  31  1871  27  1771  22  1771  18  1871  13  1871  13  1871  14  1971  14  1971
  11  1871   7  1871   5  1771   5  1671  10  1571  17  1471  26  1671  35  1771
  42  1971  45  1971  44  1871  40  1871  37  1871  34  1871  30  1871  25  1871
  20  1871  16  1871  14  1871  13  1771  14  1771  17  1851  20  1751  23  1711
  25  1751  27  1651  28  1611  30  1551  32  1551  38  1411  47  1651  57  1851
  65  2011  69  1951  70  1951  69  1811  67  1851  64  1851  62  1811
180  66   001  73   001  58   001  46   001  44   001  44   001  39  1471
  37  1571  38  1671  39  1171  40  1171  40  1071  39  1071  40  1071  39  1071
  36  1171  31  1371  28  1471  26  1471  26  1471  28  1471  31  1471  34  1571
  36  1671  37  1571  34  1471  30  1471  27  1371  25  1371  22  1371  23  1371
  25  1571  26  1471  25  1371  24  1371  23  1271  23  1271  23  1271  24  1271
  22  1371  20  1371  18  1471  18  1471  19  1571  21  1571  23  1471  26  1471
  26  1471  25  1571  23  1571  21  1671  20  1571  17  1471  14  1371   9  1371
   3  1471  -2  1571  -5  1571  -6  1371  -7  1271   2  1451   1  1451   1  1411
   3  1551   5  1551   6  1611   6  1651   6  1651   9  1611  15  1651  23  1751
  31  1711  36  1851  39  1851  40  1911  40  1851  40  1651  40  1511
190  50   001  50   001  49   001  37   001  37   001  26   001  25  1171
  26  1571  27  1771  29  1771  31  1371  33  1371  36  1471  37  1471  40  1571
  41  1571  40  1471  38  1471  35  1471  34  1471  34  1471  38  1671  42  2071
  46  2171  45  2071  41  2071  37  1971  33  1671  29  1671  28  1571  28  1571
  30  1571  29  1571  28  1471  28  1471  27  1371  26  1471  26  1471  27  1571
  27  1571  27  1671  26  1671  26  1571  26  1571  28  1471  31  1571  34  1571
  36  1771  34  1771  30  1871  26  1871  22  1671  20  1371  17  1171  17  1271
  16  1371  14  1471   9  1471   4  1471  -1  1471   2  1451   1  1551   1  1611
   1  1651   1  1651   2  1611   3  1551   5  1451   9  1311  14  1551  20  1851
  25  2011  27  2151  28  2151  29  2211  31  1951  34  1751  38  1411
222 102   001 105   001 113   001 106   001 101   001 101   001  87   571
  72   671  58   871  44   971  32   971  21  1071  13  1171   9  1271   8  1371
  10  1371  14  1271  17  1271  20  1171  25  1171  34  1171  49  1171  63  1271
  77  1271  83  1371  82  1271  77  1171  69  1071  60  1171  53  1171  49  1071
  47  1071  45   971  42  1071  39  1171  36  1271  36  1371  35  1371  33  1471
  29  1471  25  1371  25  1371  29  1371  37  1371  49  1371  64  1271  78  1371
  90  1271  97  1471  96  1471  90  1671  79  1671  68  1471  60  1371  57  1271
  58  1271  61  1171  66  1171  71  1271  76  1271  94  1351  98  1451 103  1511
 107  1551 110  1451 110  1411 106  1451 100  1351  98  1311 102  1351 109  1451
 114  1411 115  1551 111  1651 105  1711  98  1551  90  1451  85  1211
240  48   001  51   001  55   001  58   001  62   001  59   001  54   971
  54  1171  52  1171  49  1171  45  1271  41  1271  37  1271  35  1371  34  1371
  34  1371  35  1271  35  1271  35  1151  35  1271  38  1171  43  1271  49  1471
  54  1671  56  1671  56  1671  52  1671  47  1471  40  1271  34  1271  31  1271
  28  1171  27  1171  25  1271  23  1271  22  1371  21  1471  21  1471  20  1571
  18  1571  15  1571  14  1571  15  1571  19  1671  26  1671  36  1671  47  1771
  56  1771  60  1771  59  1771  54  1671  46  1571  37  1371  30  1371  27  1371
  27  1271  27  1271  28  1371  30  1271  31  1371  38  1551  43  1551  49  1511
  56  1551  62  1651  66  1611  68  1551  69  1451  71  1311  76  1451  82  1451
  86  1511  87  1651  85  1651  81  1711  76  1551  70  1451  66  1211
255  43   001  47   001  44   001  43   001  44   001  47   001  47   871
  47   971  47  1371  47  1071  49  1071  48  1071  48  1171  46  1271  45  1371
  45  1371  46  1471  46  1471  46  1471  46  1371  46  1271  49  1471  53  1471
  55  1771  55  1771  53  1671  50  1671  46  1471  43  1271  40  1171  38  1171
  36  1271  33  1371  28  1271  22  1171  18  1171  16  1171  15  1271  14  1271
  11  1371   7  1471   5  1571   6  1671  10  1671  17  1671  26  1771  35  1771
  42  1871  45  1871  43  1771  39  1771  32  1571  26  1471  22  1271  22  1271
  22  1371  22  1371  20  1271  15  1271  13  1171  16  1351  17  1351  20  1311
  24  1451  28  1451  32  1511  37  1451  42  1451  47  1311  53  1551  59  1651
  63  1811  65  1851  66  1851  67  1811  69  1651  71  1351  71  1111
260  31   001  30   001  33   001  34   001  35   001  36   001  37   971
  39  1171  41  1171  42  1371  41  1671  41  1671  41  1671  41  1571  41  1571
  40  1671  38  1671  36  1771  35  1671  35  1571  39  1471  45  1571  51  1671
  54  1771  56  1671  52  1471  49  1371  44  1471  41  1471  40  1571  39  1771
  40  1771  38  1971  34  1771  29  1571  25  1471  23  1571  23  1571  21  1671
  16  1671  10  1571   6  1571   5  1571   7  1571  12  1571  20  1771  29  1871
  34  1971  35  1871  33  1871  29  1771  25  1771  23  1871  20  1971  19  2071
  19  1971  18  2071  16  1971  15  1771  14  1671   9  1751  10  1751  11  1811
  14  1851  17  1851  20  1811  23  1751  26  1551  32  1411  40  1651  50  1751
  57  1911  60  1851  60  1851  59  1711  58  1751  57  1751  57  1711
280  57   001  60   001  61   001  47   001  26   001  29   001  32  1571
  35  1771  38  1871  40  1771  42  1571  43  1471  44  1471  43  1571  45  1571
  48  1471  49  1371  47  1271  46  1371  44  1371  43  1371  44  1571  44  1871
  45  2071  45  2171  45  2071  43  2071  40  2071  38  1871  35  1871  34  1871
  34  1871  33  1871  31  1671  28  1671  27  1571  26  1571  25  1671  25  1671
  24  1571  23  1571  21  1471  19  1451  19  1471  21  1471  25  1671  30  1771
  34  1871  35  1871  32  1771  29  1771  25  1771  20  1771  18  1671  15  1771
  14  1671  11  1771   7  1671   1  1671  -3  1571  -2  1651  -4  1651  -4  1611
  -4  1651  -3  1551  -3  1511  -4  1551  -5  1651  -3  1611   4  1751  14  1951
  24  2011  32  2051  38  1951  41  1911  42  1851  41  1851  41  1711
299  45   001  43   001  42   001  42   001  44   001  44   001  40  1371
  37  1471  34  1471  33  1671  32  1571  31  1671  31  1571  31  1471  31  1371
  31  1371  31  1271  32  1271  33  1371  35  1371  36  1371  40  1371  43  1471
  45  1571  44  1571  41  1471  36  1471  33  1571  29  1371  28  1271  26  1471
  28  1371  26  1471  28  1571  27  1671  26  1671  24  1571  23  1571  22  1471
  23  1471  23  1471  23  1471  21  1471  19  1371  18  1371  21  1271  24  1371
  26  1371  24  1471  20  1471  15  1571  12  1471   8  1271   5  1171   1  1171
  -3  1271  -6  1271  -8  1371  -9  1571 -10  1671  -8  1551  -9  1451 -10  1311
 -11  1351 -12  1351 -12  1311  -9  1351  -4  1351   3  1311  12  1451  22  1451
  29  1511  33  1651  34  1751  34  1811  34  1651  34  1551  36  1311
434  32   001  39   001  37   001  37   001  30   001  28   001  28   871
  30  1071  31  1471  33  1271  33  1371  32  1371  31  1271  31  1271  31  1171
  31  1171  32  1171  32  1171  31  1251  30  1371  31  1371  35  1371  38  1271
  42  1271  43  1271  42  1171  40  1071  40  1171  38  1271  37  1371  35  1471
  33  1371  29  1271  24  1371  20  1371  15  1471  13  1371  13  1371  12  1271
  10  1271   7  1271   6  1271   6  1371   9  1371  12  1471  17  1671  22  1771
  24  1871  22  1871  19  1771  16  1771  15  1671  14  1571  14  1571  14  1571
  12  1671  10  1571   8  1571   6  1571   5  1571   7  1551   9  1551  11  1411
  13  1451  16  1451  18  1411  20  1451  23  1351  26  1311  29  1451  33  1551
  38  1611  43  1651  48  1651  51  1611  52  1551  51  1551  51  1411
460  69   001  57   001  55   001  31   001  27   001  33   001  34   871
  35   971  36  1171  36  1371  37  1571  38  1771  37  1771  39  1671  40  1671
  39  1671  40  1771  40  1771  40  1671  39  1471  42  1371  47  1571  53  1671
  55  1871  52  1871  46  1771  40  1671  36  1571  36  1371  37  1371  37  1471
  37  1471  35  1571  32  1671  26  1671  22  1771  22  1771  21  1771  20  1771
  17  1871  11  1871   7  1971   7  1771  10  1671  14  1471  19  1671  23  1871
  25  1971  23  1971  21  2071  17  2071  13  1871  10  1671   9  1471   9  1571
   9  1571   9  1671   8  1871   7  1871   5  1971  -1  1951  -3  1951  -4  1911
  -4  2051  -4  2151  -2  2211   2  2051   8  1851  18  1611  32  1751  48  1851
  59  1911  64  2051  63  2051  61  2111  59  1951  58  1751  57  1511
481  58   001  58   001  56   001  55   001  53   001  51   001  48  1171
  45  1371  43  1471  40  1571  38  1271  36  1271  35  1271  38  1271  39  1271
  39  1271  40  1371  41  1371  42  1471  45  1571  47  1571  50  1871  53  1971
  55  2271  55  2171  54  2071  50  1971  43  1871  38  1671  33  1671  34  1871
  36  1871  38  1771  38  1671  34  1671  30  1471  26  1571  24  1571  22  1671
  20  1671  18  1571  16  1571  15  1571  15  1571  17  1571  20  1671  23  1971
  25  2071  24  1971  22  2171  19  2171  18  2071  17  1871  16  1671  16  1671
  15  1671  13  1671   9  1571   4  1671   0  1571  -1  1551  -3  1651  -5  1611
  -7  1651  -8  1651  -9  1611  -9  1751  -7  1851  -1  1911   8  2151  20  2351
  30  2511  38  2551  42  2451  45  2411  46  2251  47  2151  47  1911
497  65   001  41   001  34   001  28   001  24   001  23   001  25  1071
  27  1371  28  1871  27  2371  27  2671  26  2671  26  2671  25  2771  25  2771
  25  2871  24  2871  21  2971  17  3071  15  2971  19  3071  30  2971  45  2771
  54  2571  54  2571  47  2471  37  2271  29  2271  24  2271  20  2371  18  2671
  18  2771  17  3071  16  2871  15  2871  14  2671  13  2771  13  2771  12  2871
  10  2971   7  2971   3  3071  -2  3171  -5  3071  -3  3171   6  2971  16  2771
  23  2571  24  2371  19  2271  13  2171  11  2171   7  2371   7  2471   7  2671
   8  2871   5  3071  -1  2971  -9  2871 -16  2771 -17  2751 -17  2851 -18  2811
 -21  2851 -24  2951 -26  2911 -26  2951 -20  2951  -8  2911  12  2751  33  2451
  48  2211  52  2051  48  1951  41  1711  36  2051  33  2251  32  2511
510  89   001  94   001  92   001  87   001  76   001  74   001  74   971
  74   971  73   971  72  1071  71  1071  70  1071  69  1171  70  1171  71  1271
  71  1271  70  1271  68  1271  66  1171  65  1171  68  1071  76  1171  85  1171
  92  1271  94  1271  92  1271  88  1271  83  1171  79  1171  73  1071  70  1071
  66  1171  62  1171  57  1171  51  1071  47  1071  44  1171  42  1371  39  1471
  34  1371  28  1371  25  1271  26  1271  31  1271  41  1271  55  1371  70  1271
  81  1371  84  1471  82  1671  76  1671  69  1471  62  1371  55  1171  49  1271
  44  1271  38  1371  30  1371  24  1271  21  1271  27  1251  33  1451  41  1511
  48  1551  53  1451  57  1411  59  1351  61  1151  67  1011  77  1151  90  1251
 101  1311 108  1451 110  1551 111  1611 111  1551 109  1351 107  1211
579  88   001  78   001  77   001  75   001  75   001  76   001  71   671
  67   871  63  1071  60  1171  59  1471  58  1471  58  1571  61  1771  62  1871
  59  1971  59  1971  59  2071  63  2071  68  1871  76  1771  84  1671  91  1671
  95  1571  93  1471  90  1371  84  1171  78  1271  71  1271  63  1471  56  1471
  50  1371  44  1271  40  1371  36  1371  36  1471  39  1571  41  1771  42  1871
  42  2071  41  2171  40  2371  40  2171  42  2071  46  1871  52  1771  59  1671
  63  1571  61  1571  56  1471  51  1471  49  1471  49  1371  49  1471  49  1371
  48  1371  46  1271  43  1371  40  1471  39  1571  31  1851  32  1951  33  2011
  32  2251  30  2351  29  2511  32  2351  37  2151  45  1911  55  1851  65  1751
  73  1611  78  1651  81  1651  80  1611  77  1551  72  1551  69  1411
588  94   001  94   001  88   001  76   001  70   001  63   001  56   871
  52  1071  50  1371  47  1571  46  1571  45  1571  46  1671  49  1671  50  1771
  48  1771  46  1871  45  1871  48  1971  54  1971  63  1971  75  1971  86  2071
  93  2071  95  2071  92  1971  84  1771  75  1771  64  1871  56  1871  53  1771
  52  1771  53  1671  51  1671  48  1671  46  1671  45  1771  44  1871  43  1971
  40  1971  37  2071  35  2071  35  2071  37  1971  41  1971  44  2071  48  2071
  52  2171  54  2071  55  1971  53  1871  48  1871  41  1871  35  1871  32  1871
  32  1771  30  1771  27  1871  24  1871  21  1971  23  1851  21  1851  19  1911
  14  1951  10  1951   8  1911  11  1951  20  1851  33  1811  50  1951  67  2151
  81  2211  90  2151  92  2051  89  1911  80  1951  69  1851  60  1811
621  72   001  75   001  77   001  65   001  63   001  60   001  50   771
  45   971  44  1171  45  1771  48  1971  49  2271  50  2171  49  2071  50  1971
  51  1971  54  1971  58  1971  64  1971  69  1971  77  1971  85  1971  92  2071
  93  2071  92  1871  87  1571  81  1371  76  1371  71  1471  67  1571  64  1471
  60  1571  57  1571  55  1771  52  2071  48  2271  44  2171  41  2071  37  1971
  32  1971  29  1971  27  1971  28  1971  32  2171  38  2171  45  2171  52  2171
  59  2171  63  2071  63  1871  59  1771  50  1671  41  1571  30  1471  22  1471
  15  1671  10  1771   6  1971   3  2171   2  2371  -2  2251   3  2251   6  2111
   6  2051   7  2051  13  1911  27  1951  45  1951  63  1911  76  2051  84  2151
  90  2211  95  2151  99  2051 100  1911  98  1851  94  1751  89  1611
630  79   001  79   001  78   001  65   001  55   001  64   001  60   871
  59   871  61   971  65   971  69  1171  71  1171  71  1171  70  1271  68  1271
  67  1371  67  1571  69  1671  74  1671  80  1471  84  1371  86  1371  87  1371
  86  1271  84  1171  82  1171  82   971  82  1071  82   971  82   971  80  1071
  77  1071  74  1171  70  1171  66  1271  60  1271  57  1371  54  1471  50  1571
  44  1671  39  1671  36  1771  37  1671  40  1471  44  1271  49  1371  53  1271
  55  1371  54  1471  53  1371  51  1471  49  1471  47  1371  44  1271  40  1371
  35  1371  31  1471  27  1571  25  1571  22  1671  19  1651  18  1651  16  1711
  14  1851  12  1851  14  1911  21  1751  32  1551  45  1311  58  1451  70  1551
  80  1611  87  1651  92  1651  94  1611  95  1551  95  1351  95  1211
643 122   001 130   001 118   001  98   001  89   001  86   001  76   971
  71   871  67  1071  66  1071  67  1171  70  1271  73  1271  74  1271  76  1271
  74  1271  70  1371  69  1371  72  1371  78  1271  85  1271  96  1271 106  1471
 112  1371 113  1271 110  1171 103  1071  96  1071  89  1071  84  1071  80  1071
  76  1171  75  1171  72  1271  71  1371  68  1471  66  1371  64  1371  62  1271
  60  1271  58  1371  57  1371  57  1371  58  1271  62  1271  68  1271  75  1371
  80  1371  82  1271  82  1171  82  1171  80  1071  77  1071  75   971  73   971
  71  1071  69  1171  65  1271  62  1371  60  1471  41  1451  39  1551  37  1511
  33  1551  30  1651  29  1611  34  1551  43  1551  57  1411  74  1451  91  1451
 104  1411 109  1451 109  1451 107  1411 105  1351 102  1251  99  1111
645 114   001 111   001 106   001  98   001  87   001  78   001  69   871
  64   971  63  1071  64  1371  63  1471  61  1571  62  1471  62  1471  62  1371
  58  1371  56  1471  57  1471  62  1371  71  1471  82  1371  94  1471 105  1671
 112  1771 113  1671 109  1371 101  1271  88  1271  78  1271  70  1271  67  1371
  64  1371  63  1271  59  1371  54  1471  50  1571  49  1571  51  1671  52  1671
  51  1671  50  1571  48  1571  48  1471  49  1271  53  1171  60  1371  67  1471
  72  1671  73  1571  70  1471  65  1471  59  1371  52  1171  47  1071  46  1071
  48  1171  49  1271  48  1371  47  1571  45  1671  42  1751  41  1751  39  1711
  36  1751  33  1851  33  1811  38  1751  48  1551  60  1411  74  1551  87  1651
  98  1711 105  1751 106  1751 103  1711  95  1551  85  1451  77  1211
650 108   001 105   001  97   001  87   001  82   001  83   001  76   771
  71   971  68  1171  66  1371  64  1471  63  1471  64  1471  66  1471  65  1471
  61  1471  57  1571  58  1571  65  1371  77  1271  89  1071  99  1171 107  1171
 111  1271 114  1271 114  1171 110  1171 103  1271  94  1171  86  1271  81  1471
  79  1471  76  1571  74  1571  73  1471  72  1471  71  1571  70  1571  68  1671
  65  1671  61  1571  58  1571  57  1371  59  1171  64   971  70  1071  76  1271
  82  1371  84  1271  83  1271  79  1171  74  1171  68  1171  63  1171  59  1371
  58  1471  55  1571  54  1571  53  1671  52  1671  43  1751  42  1751  38  1811
  33  1851  28  1951  27  1911  32  1751  42  1451  55  1211  68  1351  80  1451
  90  1511  97  1551 101  1451 101  1411  97  1451  91  1551  86  1511
675 139   001 138   001 132   001 110   001 101   001  92   001  75   771
  65   971  61  1271  55  1371  50  1571  46  1571  44  1671  44  1771  43  1871
  40  1971  37  2071  37  2171  42  2171  53  2271  70  2271  92  2071 113  1871
 128  1571 134  1671 131  1671 122  1771 110  1671  98  1471  87  1371  80  1471
  77  1471  75  1571  72  1571  70  1671  67  1671  64  1771  63  1871  61  1971
  59  2071  57  2071  56  2171  57  2071  61  1971  67  1871  74  1771  83  1771
  89  1671  93  1771  94  1871  90  1971  82  1771  71  1571  60  1371  51  1471
  43  1471  37  1571  33  1671  29  1671  26  1771  25  1751  22  1951  18  2011
  14  2151  10  2151   9  2211  12  2051  21  1951  37  1711  60  1751  85  1751
 106  1711 118  1851 120  1851 113  1911  99  1751  83  1551  68  1311
690 154   001 156   001 149   001 141   001 116   001 107   001 102   871
  98  1071  96  1071  95  1271  94  1271  94  1371  94  1271  92  1271  90  1171
  87  1271  85  1471  86  1571  90  1671  98  1571 108  1671 119  1771 132  1771
 140  1771 144  1671 144  1671 139  1571 132  1571 123  1671 116  1671 111  1571
 107  1471 103  1271  98  1271  92  1371  88  1371  86  1271  85  1271  85  1171
  85  1371  85  1471  86  1671  87  1671  90  1671  94  1671 102  1671 110  1771
 118  1971 123  1671 124  1671 127  1571 130  1471 132  1571 130  1571 127  1571
 121  1571 114  1471 109  1471 104  1471 103  1471  76  1451  75  1351  72  1311
  66  1451  60  1651  59  1711  66  1751  78  1651  93  1611 108  1651 121  1651
 130  1611 135  1551 135  1451 131  1311 124  1451 115  1551 106  1611
747  99   001 104   001 100   001  92   001  88   001  88   001  81  1071
  77  1171  76  1071  77  1471  78  1671  81  1771  85  1871  90  1971  94  2071
  96  2071  97  2071  98  2071 101  1971 105  1771 111  1571 120  1471 129  1371
 133  1271 133  1071 128  1071 123   971 115  1071 110  1171 105  1271 101  1371
  98  1371  94  1471  89  1571  84  1771  82  1871  80  1971  79  2171  77  2271
  72  2271  67  2171  64  2171  65  1971  69  1971  74  1771  79  1671  83  1671
  84  1571  84  1471  82  1371  81  1271  80  1171  79  1171  77  1071  73  1171
  67  1371  60  1471  56  1671  53  1771  53  1971  57  1851  57  2051  55  2111
  53  2151  52  2151  54  2111  62  1951  74  1751  88  1511 103  1451 116  1451
 125  1311 128  1351 127  1351 126  1311 126  1251 127  1251 126  1111
NT  TEDF  78  35 1
20141207182014120713
20141207182014120714
20141207182014120715
20141207182014120716
20141207182014120717
20141207182014120718
20141207182014120719
20141207182014120720
20141207182014120721
20141207182014120722
20141207182014120723
20141207182014120800
20141207182014120801
20141207182014120802
20141207182014120803
20141207182014120804
20141207182014120805
20141207182014120806
20141207182014120807
20141207182014120808
20141207182014120809
20141207182014120810
20141207182014120811
20141207182014120812
20141207182014120813
20141207182014120814
20141207182014120815
20141207182014120816
20141207182014120817
20141207182014120818
20141207182014120819
20141207182014120820
20141207182014120821
20141207182014120822
20141207182014120823
20141207182014120900
20141207182014120901
20141207182014120902
20141207182014120903
20141207182014120904
20141207182014120905
20141207182014120906
20141207182014120907
20141207182014120908
20141207182014120909
20141207182014120910
20141207182014120911
20141207182014120912
20141207182014120913
20141207182014120914
20141207182014120915
20141207182014120916
20141207182014120917
20141207182014120918
20141207182014120919
20141207182014120920
20141207182014120921
20141207182014120922
20141207182014120923
20141207182014121000
20141207182014121001
20141207182014121002
20141207182014121003
20141207182014121004
20141207182014121005
20141207182014121006
20141207182014121007
20141207182014121008
20141207182014121009
20141207182014121010
20141207182014121011
20141207182014121012
20141207182014121013
20141207182014121014
20141207182014121015
20141207182014121016
20141207182014121017
20141207182014121018
002700180015001100160010001027102710271127112712371235133514311535163516311
63516351631163516351631153515351431133512351231123511351231123512351231123512351
23112351235113111351135113112351335133113351435143114351435153115351535153115351
63516311635163515311535143514311435143514311435143514311335133512311235123513311
005800180017001200140015001427142713271327123712371235133514311535153516311
63517351731173517351731163516351531143513351231113511351131113512351231123512351
23111351135113111351235123112351335133113351335133113351435143115351535153115351
53515311535153516311635163516311635163515311635163516311635153515311535153515311
015800180017001700120017001627152714271337123712371135113512311335143515311
63517351731173517351731173517351731153514351231123511351231123512351231123512351
23112351335143113351235123113351535163115351435123112351335143115351535163116351
63516311635163516311635163516311635173517311735173516311635163515311435143513311
027800180016001300110013001227122712271327133714371435153515311535163516311
63517351731173517351631163515351531143513351331133513351331133513351331133513351
23112351235123112351235123112351235123112351335143114351535163116351635153115351
53515311635173517311735163516311635153516311635163516311635163516311635163516311
070800180018001800180017001627162715271427142714371435143515311535163516311
73517351731173517351731173517351731173517351731173517351631153514351431143514351
43115351535153116351635163116351635163115351535143114351435143114351435153115351
53516311635163517311735173517311735173517311735173517311735163516311535163516311
110700170013001200150012001227122712271327132713371435143514311535153515311
53514351331133512351231133514351431153514351431143513351431143514351431143513351
23112351335133114351435143114351435153115351535163116351635163116351635153116351
63516311535153515311435143514311335133513311435143515311435143513311335133514311
120700170015001400130013001327132714271427142715371535153515311535153515311
53515351431143515351531153515351431143513351231133513351331133513351231123512351
23112351135113112351235133113351335143115351635163116351635153115351535153115351
53515311535153515311435143514311435153515311635163516311635163516311635153515311
130800170018001500150010001027102711271227132714371535153515311435133512311
33514351531153515351531153514351431133512351231123513351431133512351231113512351
23112351135113112351235133113351235123112351335133114351535163116351635163116351
53515311535153515311535153515311535163516311735173517311635153514311435153515311
145800180018001700170015001527142713271327132714371535153516311635173517311
63515351431153516351731183518351731163514351231123511351131113511351131113511351
13111351135113111351135113112351235123112351235123112351335143115351535163116351
63516311635163516311635163516311635163517311735173517311635153515311535153515311
149800180018001800160015001527152714271427143714371435153515311635163517311
63515351531153516351731183518351731163514351331123512351131113511351131113511351
13111351135113111351135113112351235123112351235123113351335143115351635163116351
63516311735173517311635163516311635173517311735173517311635153515311535153515311
156800180018001700170015001527142714271427143714371435153515311635163517311
63515351531153516351731183518351731163514351331123512351131113511351131113511351
13111351135113111351135113112351235123112351235123113351335143115351635163116351
63516311635173517311635163516311635163517311735173517311635153515311535153515311
168700180017001800170017001727162716271527152715371435143514311435153515311
63517351731173517351731173517351731173517351731173516351631153515351531153515351
53115351435143115351635173117351735173116351535143113351335133114351435153116351
63516311635153515311535163516311635173517311735173517311735163516311635153516311
180700130014001600180018001727172717271727163716371535153514311435143515311
53516351731173517351731173517351731173517351731173517351731173517351731173516351
63115351535163116351635173117351735173116351535143113351235123113351435143114351
43514311435153515311635163516311635173517311735173517311735173517311635163515311
190800180017001700140017001727172717271727173716371635163515311435143514311
53515351531163516351631163517351731163516351631163516351731173517351731153514351
33113351435153116351635163116351535153115351435143113351335123112351235133113351
33514311335133513311335133513311435163517311735173517311735173516311635163516311
222700180015001500120011001127112711271127122712371235133514311535153515311
53515351531153515351531153514351431133512351131113512351231123512351231123511351
13111351235123112351135113112351235133113351435143114351435143114351535153115351
53515311535153516311635163516311635173516311635153514311435133513311335133514311
240800180017001700170013001427142715371427142714371435143515311635163517311
73517351731163516351631173517351631153513351231113511351231123512351231123512351
23111351135113111351135113112351235123112351135113112351235133114351535163116351
73517311735173517311635163516311635173517311735173517311735173517311635163516311
255700180018001800180016001627162717271727172716371635153514311435153516311
63517351731173517351731173517351731163516351531143514351331133513351331133512351
23112351335133114351535153115351535143114351435143114351435153115351635163115351
53515311535153516311535153515311535163517311735173517311735173517311735163516311
260700170017001800180017001727172717271727172716371635163515311535153515311
53516351731173517351731173517351731173516351631153515351431143514351431143513351
33113351335143115351535163116351635163116351635153115351535143114351435153115351
63516311635163515311435143514311535163516311735173517311735173517311735163516311
280800170015001500160017001727172717371737172717371735163516311535153516311
63517351731173517351731173517351731173517351731173517351731173517351731163515351
53114351435143114351535153116351635153115351435133112351235123111351135113111351
13512311235133513311435143514311535163517311735173517311735173517311635163515311
299800180017001700170015001527152715271627162717371735173517311635163516311
63517351731183518351731173517351731173517351731173516351531153515351631163516351
63116351635163116351635163116351635153114351435133113351335143113351335133112351
23512311235133513311335133513311335133514311435153515311635173517311735163516311
434400150016001800160013001427142715371537163716371635163516311635163516311
63517351731173517351731173517351731163516351531143513351331133514351431143514351
43113351335133114351535163117351735173116351435133113351335133113351435143114351
43515311535153515311535153515311535163517311735173517311735173517311635153514311
460600170012001200160017001737173717271727172716371635163515311635163517311
73517351731173517351731173517351731173516351631163516351631153514351431143514351
53115351535163116351735173117351735163116351635153114351435133113351335143114351
43514311335133512311235133514311535163517311735173517311735173517311635153514311
481800180018001800170016001627162716271527152715371535153515311435143515311
53516351731173517351731173517351731173517351731173516351631163516351731163516351
63116351635173117351735163116351635163115351435143113351335133112351235123113351
33513311335143514311435143514311535153515311635163516311635163516311635163516311
497500150012001500150015001627162716271627162716371535143513311335143514311
53515351531153515351531163517351731173517351731173517351731173517351731173517351
73117351735173117351635163115351535143114351435133113351235113111351135113111351
13511311135113511311135113511311135123512311235133513311435143515311535153515311
510700170017001600140014001427152715271537162716371635153515311635163517311
73517351731173516351631173517351731163515351331123512351231133514351431133512351
13111351135113111351135123112351335143114351435133113351335133114351435143113351
33512311235123513311335133514311535163517311735173517311735173517311635153514311
579100130010001000120012001327132713271327132713371235113511311135113511311
23512351331133513351431153517351731163513351131113511351231123512351231123512351
23111351135123113351435143114351335123112351235113111351135113111351135113111351
13511311135113511311135113512311335133514311435143513311435143514311435143513311
588000100010001000100010001127122712271327142714371335123511311135103511311
13511351231123511351231133514351631173517351631143512351131103511351131113511351
23114351635173116351435123111351135113111351135113111351135113111351135113111351
13511311135113511311135113511311235133514311335123511311135113511311135113511311
621000100010001300170014001527162716271627162716371735173517311735173517311
73517351731183517351731173517351731173517351731163516351631163517351731173517351
63116351535153115351535153116351635173116351635143113351235123111351235123112351
13511311135123512311135113512311335153517311735173517311735173517311735163516311
630100100010001000120016001627162716271727172717371735173517311735173517311
73517351731173517351731173517351731173517351731163515351431143514351531153515351
43114351435143114351535163117351735173116351535133113351235123112351235123112351
23513311335143514311435143513311335143515311635163517311735173517311735163516311
643400120010001000100010001127112712271227123712371135113511311135113512311
23512351231133514351531153515351531143513351231113511351131113511351131113511351
13111351135113111351135113111351135123112351135113111351135113111351135113111351
13511311135113511311135113511311235123512311235123513311335143514311435143514311
645300150012001100110010001127122712271227123711371135113511311135113511311
23512351331133514351531163516351631143513351131113511351131113511351131113511351
13111351135113111351135113111351135113111351135113111351135113111351135113111351
13511311135113511311135113511311235133514311335133513311435153515311535143513311
650000100010001000100010001127122712271227122711371135113511311135113511311
13511351131123513351431153516351631163516351531133512351131113511351131113511351
13113351435163117351735163115351535143113351235113111351135113111351135113111351
13511311135113511311135113511311135123512311235123513311335143515311535153514311
675200100010001000100010001127112711271127113711371235123513311235113511311
13511351131123512351331143515351631163515351431143513351331133513351431153516351
63117351735173116351535143113351235123112351435143114351335123111351135113111351
13511311135113511311135113511311235133514311435143513311235123511311135113511311
690200110011001000100010001037113712271237133713371435143514311335123511311
13511351131113511351231133514351531163516351631163515351531153516351731173517351
73117351735173116351635163116351635153115351435143113351335123112351135113111351
13511311135113511311135113511311235133513311335133512311235123513311235123512311
747000100010001000100010001127112712271227122712371235123512311235123513311
33514351431153516351731173517351731163515351431143514351431143513351231123512351
23112351235123113351335133113351335123112351235123112351235113111351135113111351
23512311235113511311135113512311235123512311335133514311535153515311535143514311
