20141128071447
T2M TEDF  78  35 1
20141128072014112802
20141128072014112803
20141128072014112804
20141128072014112805
20141128072014112806
20141128072014112807
20141128072014112808
20141128072014112809
20141128072014112810
20141128072014112811
20141128072014112812
20141128072014112813
20141128072014112814
20141128072014112815
20141128072014112816
20141128072014112817
20141128072014112818
20141128072014112819
20141128072014112820
20141128072014112821
20141128072014112822
20141128072014112823
20141128072014112900
20141128072014112901
20141128072014112902
20141128072014112903
20141128072014112904
20141128072014112905
20141128072014112906
20141128072014112907
20141128072014112908
20141128072014112909
20141128072014112910
20141128072014112911
20141128072014112912
20141128072014112913
20141128072014112914
20141128072014112915
20141128072014112916
20141128072014112917
20141128072014112918
20141128072014112919
20141128072014112920
20141128072014112921
20141128072014112922
20141128072014112923
20141128072014113000
20141128072014113001
20141128072014113002
20141128072014113003
20141128072014113004
20141128072014113005
20141128072014113006
20141128072014113007
20141128072014113008
20141128072014113009
20141128072014113010
20141128072014113011
20141128072014113012
20141128072014113013
20141128072014113014
20141128072014113015
20141128072014113016
20141128072014113017
20141128072014113018
20141128072014113019
20141128072014113020
20141128072014113021
20141128072014113022
20141128072014113023
20141128072014120100
20141128072014120101
20141128072014120102
20141128072014120103
20141128072014120104
20141128072014120105
20141128072014120106
20141128072014120107
002  95   001  94   001  96   001  97   001  94   001  97   001  98   371
 102   671 110   771 118   871 126   971 132   971 134  1071 132  1071 131  1071
 127  1171 123  1171 120  1171 118  1071 115  1071 112  1071 109  1071 106  1071
 104  1071 102   971  99   971  97   971  94   871  90   871  86   871  85   971
  89   971  98  1071 109  1071 120  1171 124  1171 123  1171 118  1171 109  1171
  99  1171  92  1171  88  1171  87  1171  85  1171  81  1171  75  1171  70  1171
  67  1171  65  1071  65  1071  64  1071  63   971  64   911  66   951  71   951
  78   911  87  1051  95  1051 101  1111 103  1151 101  1251  99  1211  97  1251
  96  1351  96  1311  96  1351  96  1351  95  1311  94  1351  92  1251  91  1211
  90  1251  88  1251  86  1211  83  1251  78  1151  73  1111  67  1151
005  98   001  99   001  97   001  96   001  91   001  80   001  83   471
  91   671 103   871 115  1071 125  1171 131  1171 133  1071 131  1071 125   971
 119   871 113   771 108   871 105   871 103   971 100   971  98   871  94   871
  89   871  83   971  78   971  74   971  71   971  68   971  66   971  66   871
  70   871  81   971  94  1171 106  1271 113  1271 114  1271 110  1271 101  1171
  90   971  79   871  73   871  69   871  65   871  61   871  54   971  48   971
  43   971  39   971  36   971  32   971  30  1071  30  1071  34  1051  41  1151
  53  1111  68  1251  84  1451  96  1511 102  1451 102  1451 100  1311  97  1251
  94  1051  92   911  91   951  91   951  91   911  89   951  87   951  84   911
  82   951  79  1051  76  1011  71  1151  65  1251  59  1311  54  1351
015  92   001  86   001  85   001  87   001  80   001  89   001  93   571
  99   771 106   871 113   971 119  1171 123  1071 124  1071 121   971 116   971
 108   871 102   871  96   971  92   971  88  1071  84  1171  82  1171  79  1271
  77  1271  74  1271  70  1271  65  1271  61  1271  57  1271  55  1171  56  1071
  62   971  73  1071  87  1171  98  1271 103  1271 103  1171  97  1171  87  1071
  74  1071  64   971  57  1071  53  1071  51  1171  48  1171  46  1271  43  1271
  40  1271  36  1271  32  1271  27  1271  23  1371  22  1311  24  1251  30  1251
  39  1111  51  1251  64  1351  75  1411  83  1451  86  1451  87  1411  85  1351
  82  1151  79  1011  78  1051  78  1151  78  1111  77  1251  75  1251  72  1311
  69  1251  65  1251  60  1111  54  1251  46  1251  37  1311  27  1351
027  80   001  94   001  94   001  90   001  88   001  81   001  87   471
  96   671 108   871 121   971 133  1071 141  1071 144  1071 143  1071 139  1071
 133  1071 128  1071 124  1071 119   971 116   971 112  1071 109  1271 106  1371
 103  1471 100  1571  97  1671  92  1571  88  1571  85  1471  85  1271  90  1171
 101   971 117   971 134   971 147   971 154   971 153  1071 145  1071 130  1071
 115   971 101   971  92   971  86  1071  82  1071  77  1171  72  1271  69  1371
  68  1471  68  1571  67  1671  64  1571  62  1571  63  1411  69  1351  80  1251
  92  1111 104  1151 115  1251 122  1211 124  1251 122  1351 116  1311 108  1251
 101  1151  95  1011  92  1051  92   951  92   911  91  1051  90  1251  89  1311
  89  1451  89  1451  88  1511  86  1551  82  1551  80  1511  79  1451
070  71   001  80   001  86   001  90   001  90   001  86   001  92   571
 100   671 107   871 114  1171 120  1271 123  1171 124  1171 121  1071 113  1171
 103  1271  94  1371  87  1471  79  1571  72  1671  67  1671  62  1671  59  1671
  56  1671  52  1671  48  1671  42  1671  37  1671  34  1671  37  1471  44  1271
  54  1071  65  1271  78  1371  87  1571  93  1471  95  1371  91  1371  82  1371
  69  1371  57  1471  48  1571  42  1671  37  1671  32  1771  27  1771  24  1771
  21  1771  19  1771  16  1771  11  1771   7  1871   7  1811  13  1651  24  1451
  36  1211  47  1351  58  1451  67  1511  75  1551  81  1451  80  1411  72  1451
  62  1551  53  1511  50  1651  51  1751  53  1711  53  1751  52  1751  48  1711
  42  1751  36  1751  32  1711  31  1751  31  1751  30  1811  28  1551
110 113   001 115   001 114   001 106   001 102   001 104   001 107   471
 113   671 121   871 132  1071 143  1171 150  1071 154  1071 151   971 144   971
 132  1071 121  1071 115  1171 111  1271 109  1371 108  1371 107  1271 105  1271
 104  1271 101  1271  98  1271  94  1271  89  1271  86  1271  85  1171  89   971
  98   871 115   971 134  1171 151  1271 161  1171 164  1071 158   971 146  1071
 129  1171 114  1271 106  1371 102  1471 100  1571  98  1571  97  1471  96  1471
  96  1471  96  1471  96  1471  95  1451  95  1351  96  1311  99  1151 104  1051
 110   811 117   951 125  1151 131  1211 135  1151 135  1151 132  1011 124  1051
 115  1151 107  1111 103  1351 101  1451 100  1611  99  1651  97  1751  96  1711
  95  1751  94  1851  92  1811  90  1851  88  1851  87  1811  87  1651
120 102   001 102   001 102   001 100   001  97   001  95   001  96   471
 101   571 110   771 122   771 133   771 140   771 143   871 143   871 142   871
 138   871 134   871 131   871 130   971 128   971 126   971 124   971 122   971
 119  1071 115  1071 112  1171 109  1171 107  1171 105  1171 105  1171 107  1071
 114  1071 125   971 138   971 149   871 154   871 152   871 146   871 134   971
 122   971 111  1071 106  1071 104  1071 103  1071 102  1071 100  1071  97  1071
  94  1171  92  1171  91  1271  91  1271  92  1271  94  1211  96  1151  99  1051
 104   911 112   951 120  1051 126  1011 127  1151 124  1151 118  1211 110  1151
 103  1151  98  1011  96  1051  97  1051  98  1011  98  1051  97  1051  95  1011
  93  1151  92  1251  90  1311  88  1351  86  1351  84  1311  84  1251
130 105   001  96   001 105   001 107   001  99   001 101   001 100   371
 106   671 117   871 130  1171 141  1271 149  1271 153  1171 154  1171 153  1071
 149   971 147   871 144   871 139   971 135   971 131  1071 126  1071 123  1171
 119  1271 116  1371 113  1471 110  1471 107  1371 105  1371 105  1271 108  1171
 116  1071 129  1171 144  1171 156  1271 163  1271 164  1171 159  1171 150  1071
 138   971 126   871 117   971 109   971 103  1071  98  1171  93  1271  88  1371
  84  1471  80  1471  77  1571  76  1571  77  1471  80  1471  86  1451  93  1351
 102  1311 111  1451 120  1451 126  1511 130  1551 130  1551 126  1511 119  1351
 111  1151 104   911 101   951 100  1051 100  1011  98  1151  96  1251  94  1311
  93  1451  92  1551  91  1611  90  1651  88  1651  86  1611  85  1651
145  95   001  89   001  85   001  90   001  91   001  95   001 101   871
 109  1071 118  1171 128  1171 136  1271 142  1271 143  1271 142  1271 139  1171
 135  1171 131  1071 127  1071 123  1071 117  1071 109  1171 102  1171  96  1271
  92  1271  89  1371  86  1371  83  1371  80  1271  77  1271  75  1271  77  1271
  83  1271  95  1371 110  1371 123  1471 132  1471 134  1471 130  1471 120  1371
 106  1171  94  1071  86  1071  81  1171  74  1171  66  1171  58  1271  52  1271
  49  1371  47  1371  46  1471  44  1471  41  1371  42  1311  47  1351  55  1451
  65  1411  75  1451  83  1551  90  1511  94  1551  95  1451  93  1411  87  1351
  81  1251  77  1111  77  1151  80  1151  81  1111  79  1151  76  1251  73  1211
  72  1251  72  1251  72  1211  71  1251  68  1151  63  1111  56  1251
149  88   001  85   001  87   001  90   001  91   001  93   001  98   571
 107   671 118   871 130   971 138  1171 143  1171 143  1271 139  1271 136  1171
 131  1171 128  1071 125   971 120   971 116   871 110  1071 104  1271  99  1471
  95  1471  93  1571  89  1571  85  1571  80  1571  76  1571  74  1371  75  1271
  80  1071  91  1271 104  1371 116  1571 123  1571 125  1571 121  1571 111  1371
  98  1171  87   971  80   971  75   971  72   971  65  1071  57  1271  51  1371
  47  1471  47  1471  45  1571  42  1571  40  1671  40  1611  45  1551  53  1351
  63  1211  74  1351  84  1551  92  1611  98  1651  99  1551  97  1511  90  1451
  82  1251  77  1111  77  1151  80  1051  81  1011  78  1151  73  1351  69  1411
  68  1451  68  1451  70  1411  71  1451  71  1451  68  1411  62  1351
156  95   001  97   001  96   001  99   001 102   001 108   001 112   471
 119   771 129   971 140   971 148  1071 153  1171 153  1171 150  1171 148  1171
 147  1071 145  1071 142  1071 137  1071 131  1071 125  1071 119  1171 114  1171
 110  1171 107  1271 104  1271  99  1271  94  1271  89  1271  85  1271  85  1171
  90  1171 102  1271 117  1371 130  1471 135  1471 134  1371 128  1371 119  1271
 110  1271 102  1171  98  1171  94  1071  89  1071  81  1071  71  1071  64  1071
  61  1171  60  1171  59  1271  56  1271  53  1371  52  1371  55  1351  62  1451
  71  1411  82  1551  92  1651  99  1711 102  1651 102  1451  99  1311  94  1251
  88  1251  85  1111  85  1151  87  1151  88  1111  87  1151  84  1051  81  1011
  78  1151  77  1151  76  1211  76  1251  76  1251  73  1211  67  1251
168  73   001 101   001 101   001 105   001 108   001  99   001 102   571
 110   771 122   971 135   971 146  1171 153  1071 154  1071 148   971 135  1171
 120  1371 106  1571  95  1671  88  1771  82  1871  77  1871  73  1871  68  1871
  63  1971  59  1971  54  2071  49  1971  46  1971  45  1871  49  1671  57  1371
  69  1171  85  1271 100  1271 113  1371 122  1271 125  1271 120  1171 106  1371
  89  1471  72  1671  61  1771  55  1871  50  1971  46  1971  42  2071  37  2071
  33  2071  30  2071  27  2071  25  2071  24  2071  25  2011  29  1851  37  1651
  47  1411  60  1451  74  1551  85  1511  92  1551  93  1451  87  1411  75  1551
  60  1651  48  1711  43  1851  42  1851  43  1911  42  1951  40  1851  38  1811
  36  1951  35  1951  37  2011  42  2051  47  2151  48  2111  44  1851
180  65   001  62   001  63   001  59   001  54   001  56   001  60   871
  66  1271  73  1371  80  1571  87  1571  93  1471  95  1471  92  1371  87  1271
  77  1171  69  1071  61  1171  55  1371  51  1471  49  1471  47  1471  47  1471
  44  1471  41  1471  36  1471  31  1571  27  1571  24  1671  24  1671  27  1671
  33  1671  42  1671  53  1771  63  1771  70  1671  75  1571  73  1471  66  1371
  55  1271  45  1171  38  1371  34  1471  32  1671  31  1571  29  1571  30  1471
  30  1571  29  1571  27  1671  22  1771  17  1771  14  1811  14  1751  19  1751
  27  1611  38  1651  50  1751  60  1711  65  1751  66  1651  61  1611  52  1551
  41  1351  32  1211  27  1351  25  1551  24  1611  23  1651  22  1651  21  1611
  21  1651  21  1751  21  1711  20  1751  19  1851  17  1811  14  1751
190  59   001  57   001  57   001  57   001  54   001  52   001  55  1071
  59  1271  62  1471  66  1771  71  1871  74  1771  75  1771  74  1671  70  1571
  65  1471  60  1371  57  1471  55  1471  53  1571  50  1571  46  1571  43  1571
  43  1671  42  1671  41  1771  39  1771  38  1671  36  1671  35  1671  36  1571
  39  1571  46  1771  54  1971  60  2171  64  2071  65  1971  62  1871  55  1771
  48  1571  42  1471  40  1471  40  1571  40  1571  38  1571  35  1671  33  1671
  33  1771  34  1771  33  1871  30  1871  26  1971  23  1911  23  1851  25  1651
  30  1511  37  1751  44  1951  50  2111  54  2151  54  2151  50  2111  42  1851
  33  1651  27  1311  26  1451  28  1451  30  1511  31  1651  30  1651  29  1711
  28  1851  28  1951  29  2011  30  2051  30  1951  30  1911  28  1851
222 108   001 108   001 104   001 103   001 100   001 102   001 106   671
 112   971 126  1071 143  1271 159  1271 169  1171 174  1171 173  1071 168  1071
 162  1171 156  1171 152  1171 149  1071 145  1071 138  1071 131  1171 124  1171
 120  1271 118  1371 117  1471 117  1471 117  1571 116  1571 115  1471 116  1271
 123  1171 135  1171 152  1271 165  1271 173  1271 173  1171 168  1171 158  1171
 146  1271 133  1271 124  1271 118  1171 114  1171 110  1171 106  1271 102  1271
  98  1371  93  1371  89  1471  85  1471  83  1471  83  1471  86  1351  91  1351
 100  1211 112  1351 124  1351 133  1411 136  1551 134  1751 128  1811 120  1651
 111  1551 105  1311 102  1351 101  1251  99  1211  95  1251  89  1251  85  1211
  84  1351  85  1451  86  1511  86  1551  85  1451  84  1411  84  1451
240  86   001  85   001  88   001  94   001  99   001  97   001  96   371
 105   571 121   871 139   971 155  1071 164  1071 165   971 162   971 159   971
 153   971 148   971 144  1071 140  1071 135  1171 130  1171 126  1271 122  1271
 120  1271 118  1271 115  1271 113  1271 111  1371 108  1371 105  1271 105  1171
 110  1071 122  1071 139  1171 154  1171 163  1071 165  1071 161   971 150   971
 136   971 121   971 110  1071 100  1071  93  1171  86  1271  81  1271  77  1371
  75  1471  72  1471  70  1571  66  1571  61  1671  60  1671  64  1551  71  1451
  81  1311  91  1251 101  1251 109  1111 114  1151 115  1151 112  1111 104  1151
  95  1051  87  1011  83  1051  81  1151  80  1111  77  1151  74  1251  72  1211
  71  1251  72  1351  74  1311  76  1351  78  1451  77  1411  73  1351
255 108   001 111   001 125   001 122   001 122   001 125   001 133   271
 142   671 153   971 163  1171 170  1271 174  1271 170  1171 164  1171 159  1071
 155   971 150   871 146   871 141   971 136   971 132  1071 128  1071 123  1171
 118  1271 115  1371 111  1471 108  1571 106  1571 105  1671 105  1471 108  1271
 116  1071 130  1271 145  1371 158  1571 164  1471 162  1371 155  1271 143  1171
 129  1171 116  1071 106  1071  98   971  91   971  85  1071  79  1071  75  1171
  72  1271  70  1271  67  1371  62  1471  56  1571  54  1611  57  1551  64  1351
  74  1211  86  1351  98  1551 106  1611 109  1651 108  1551 102  1511  93  1351
  84  1251  76  1011  71  1051  69   951  67   911  64  1051  60  1051  57  1111
  56  1251  57  1251  59  1311  62  1451  65  1651  66  1711  64  1551
260 129   001 134   001 135   001 130   001 128   001 119   001 122   471
 130   771 142  1071 154  1171 165  1371 171  1371 172  1271 165  1271 156  1371
 143  1371 135  1471 129  1571 125  1671 119  1771 111  1771 104  1771  97  1771
  94  1771  92  1771  91  1771  88  1771  85  1771  85  1771  90  1671  97  1471
 109  1371 121  1471 134  1571 145  1671 152  1571 155  1471 148  1371 131  1471
 111  1571  92  1671  81  1771  76  1771  74  1871  70  1771  66  1771  62  1671
  58  1671  55  1671  52  1671  49  1671  46  1571  47  1511  52  1451  61  1251
  72  1111  85  1351  97  1551 107  1711 113  1751 113  1651 107  1611  94  1751
  77  1751  62  1811  53  1951  47  1951  43  2011  38  1951  34  1951  32  1811
  34  1851  40  1951  46  1911  52  1951  57  1951  58  1911  56  1751
280  68   001  73   001  71   001  74   001  69   001  67   001  79   371
  92   671 105  1071 117  1271 128  1571 133  1571 132  1671 125  1671 115  1671
 102  1671  93  1671  87  1671  84  1671  81  1671  78  1571  73  1571  68  1471
  63  1471  60  1571  57  1571  56  1471  55  1371  56  1271  57  1271  60  1171
  66  1171  76  1371  87  1671  97  1871 103  1871 104  1871  99  1871  88  1871
  75  1771  65  1771  63  1771  63  1771  64  1771  62  1671  57  1571  53  1471
  51  1571  49  1571  47  1671  44  1571  41  1571  40  1411  43  1451  49  1451
  56  1411  64  1651  71  1951  78  2111  83  2051  84  2051  81  1911  73  1951
  62  1851  53  1811  49  1751  47  1751  46  1611  42  1651  37  1551  33  1511
  31  1651  31  1651  32  1711  34  1751  36  1651  36  1611  33  1651
299  68   001  66   001  66   001  64   001  61   001  59   001  65   471
  70   871  74  1071  79  1271  83  1271  85  1271  81  1271  76  1271  67  1271
  61  1171  56  1171  56  1271  56  1471  57  1571  57  1671  57  1671  56  1771
  55  1671  51  1571  47  1471  42  1371  37  1371  34  1271  34  1271  37  1371
  44  1371  52  1371  62  1371  70  1371  74  1371  74  1271  69  1271  60  1271
  50  1171  42  1171  38  1271  38  1471  39  1571  39  1671  39  1771  37  1871
  37  1771  36  1671  33  1571  28  1571  22  1571  20  1511  23  1451  29  1451
  38  1311  47  1351  55  1351  61  1311  63  1451  60  1551  55  1611  47  1451
  39  1351  33  1111  31  1351  32  1451  34  1611  35  1751  35  1851  34  1911
  33  1851  31  1751  30  1611  29  1651  29  1551  27  1511  24  1451
434 124   001 122   001 126   001 128   001 130   001 134   001 134   471
 142   871 153   871 161   971 167   971 172   971 174   871 172   871 169   871
 163   871 157   871 154   871 151   871 149   871 148   871 147   971 145   971
 144   971 142   971 140   971 138   971 136   871 136   871 137   971 139  1071
 144  1171 150  1171 157  1071 163  1071 164  1071 164  1071 162  1071 160  1071
 155   971 150   971 142   971 135   971 127   971 122   971 118   971 116   971
 114   971 114   971 112   971 109   971 107   971 105   911 105  1051 108  1051
 112  1111 118  1251 124  1251 128  1311 130  1451 128  1451 123  1511 114  1451
 104  1351  95  1211  89  1251  85  1151  81  1111  77  1151  72  1251  69  1211
  68  1251  67  1251  66  1211  63  1251  58  1151  54  1111  51  1151
460 141   001 138   001 126   001 125   001 115   001 115   001 114   571
 120   871 130  1071 143  1271 153  1371 159  1271 161  1271 158  1171 154  1171
 152  1171 149  1171 145  1171 141  1271 137  1271 133  1471 130  1571 128  1771
 130  1771 128  1671 123  1671 114  1771 102  1971  95  2071  97  1871 106  1671
 120  1471 137  1471 153  1571 163  1571 164  1471 160  1471 151  1371 141  1271
 130  1271 119  1171 110  1271 102  1371  97  1471  94  1571  92  1771  91  1871
  89  1871  86  1771  81  1771  74  1871  68  2071  66  2111  71  1851  81  1651
  94  1311 107  1451 118  1651 126  1711 130  1851 128  1951 121  2011 109  1851
  94  1751  81  1511  71  1551  65  1651  60  1611  56  1751  53  1851  50  1911
  48  1951  47  2051  47  2011  47  2151  47  2251  47  2311  47  2151
481 122   001 122   001 116   001 109   001 105   001 110   001 112   371
 119   671 128  1371 136  1571 142  2071 145  1871 144  1771 140  1571 138  1471
 134  1371 131  1271 127  1171 124  1171 119  1071 112  1071 104  1071  97  1071
  93  1171  91  1171  87  1271  83  1271  78  1271  75  1271  75  1271  79  1371
  87  1371  98  1571 110  1771 119  1971 124  1871 125  1771 124  1671 120  1571
 117  1371 112  1271 106  1271 101  1271  96  1271  92  1271  88  1271  86  1271
  84  1371  83  1371  82  1471  80  1471  78  1471  76  1411  75  1451  75  1551
  78  1511  83  1751  90  1951  95  2111  98  2151  98  2051  96  2011  91  1851
  86  1651  81  1411  79  1451  77  1451  74  1411  68  1451  61  1351  56  1311
  54  1451  53  1551  53  1611  51  1651  49  1551  45  1511  41  1651
497 114   001 117   001 121   001 125   001 125   001 130   001 132  1471
 134  1971 136  2171 138  2171 140  1971 142  1871 131  1771 115  1671 103  1671
  94  1771  88  1771  85  1871  83  2071  81  2171  76  2071  72  2071  68  1971
  66  1971  66  2071  66  2071  65  2171  65  2171  65  2271  67  2371  74  2471
  89  2571 113  2471 138  2271 153  2171 152  2071 140  1871 123  1771 109  1871
 100  1871  91  1971  84  2071  80  2271  77  2371  77  2271  79  2171  78  2071
  76  2071  72  2071  70  2071  70  2171  71  2371  72  2471  71  2451  73  2551
  83  2511 103  2451 126  2451 143  2311 147  2151 139  1851 124  1611 105  1751
  87  1951  73  2011  67  2151  66  2351  65  2411  62  2351  57  2251  52  2111
  48  2151  46  2151  44  2111  43  2251  41  2351  39  2411  36  2451
510 124   001 122   001 130   001 139   001 140   001 143   001 150   471
 157   771 167   871 176  1071 184  1171 191  1171 194  1271 192  1271 184  1171
 173  1171 163  1071 158   971 157   971 155   871 154   871 152   971 150   971
 148  1071 148  1171 148  1271 150  1371 151  1371 151  1471 148  1371 146  1171
 146  1071 150  1171 157  1171 165  1271 170  1271 173  1271 173  1271 170  1171
 165  1071 159   971 156   971 155   971 153   971 150   971 146   971 142   971
 138  1071 134  1271 131  1371 128  1371 126  1471 125  1411 125  1351 127  1251
 131  1111 137  1251 143  1251 149  1311 154  1451 156  1551 154  1611 148  1451
 139  1351 130  1111 123  1151 117  1251 111  1211 104  1251  97  1251  91  1211
  87  1251  84  1351  82  1311  79  1351  76  1451  73  1411  71  1351
579 129   001 152   001 160   001 164   001 170   001 173   001 175   671
 178  1071 180  1471 182  1571 183  1571 183  1371 181  1271 176  1071 167  1171
 159  1171 151  1271 146  1271 143  1371 141  1371 138  1371 134  1471 132  1471
 132  1571 131  1771 130  1871 125  1971 120  2071 116  2171 117  1971 123  1771
 132  1571 143  1471 154  1471 161  1371 163  1271 160  1171 154  1071 147  1171
 139  1171 133  1271 129  1271 126  1371 123  1371 120  1471 117  1471 114  1571
 112  1671 112  1871 112  1971 113  2071 114  2271 114  2311 113  2151 112  2051
 115  1811 122  1751 132  1551 141  1411 146  1451 147  1351 144  1311 137  1351
 127  1351 117  1311 108  1351 101  1451  97  1411  95  1551  94  1651  92  1711
  88  1851  84  1851  79  1911  75  2051  72  2251  70  2311  69  2151
588 112   001 128   001 139   001 133   001 137   001 149   001 147   771
 145  1271 144  1471 145  1671 145  1771 145  1671 145  1671 144  1571 139  1571
 133  1671 125  1671 121  1671 119  1571 118  1571 117  1571 117  1571 116  1571
 113  1671 109  1671 106  1771 105  1771 105  1871 107  1871 109  1771 114  1771
 121  1671 131  1671 141  1771 150  1771 155  1771 155  1671 151  1671 143  1671
 134  1671 127  1671 122  1571 120  1571 118  1471 115  1471 112  1571 108  1571
 106  1671 104  1771 104  1871 104  1971 105  1951 106  2011 107  1951 109  1851
 112  1711 116  1851 121  1851 127  1911 132  1851 135  1851 135  1711 130  1751
 122  1651 114  1611 108  1551 104  1551 100  1411  95  1551  90  1651  87  1711
  86  1851  85  1851  84  1911  81  1951  78  1951  75  1911  74  1851
621  99   001 104   001  99   001 103   001 106   001  90   001  95   671
 114  1071 132  1271 149  1471 163  1471 172  1471 172  1251 165  1111 149  1251
 129  1351 114  1411 109  1451 111  1451 116  1411 120  1651 121  1851 120  2011
 117  2051 112  1951 109  1911 108  1951 109  1951 112  1911 115  1851 119  1851
 124  1711 130  1751 136  1751 141  1711 143  1651 141  1451 135  1311 125  1351
 115  1451 107  1411 105  1551 106  1551 109  1611 111  1851 111  1951 111  2111
 111  2151 110  2051 110  2011 111  2051 112  2051 114  2011 117  1951 120  1951
 124  1811 128  1851 132  1851 138  1811 145  1751 149  1751 148  1611 139  1651
 125  1551 111  1511 102  1651  96  1851  93  1911  91  2151  89  2251  87  2411
  83  2451  79  2351  75  2311  71  2251  68  2051  66  1911  64  1951
630 150   001 156   001 160   001 165   001 160   001 159   001 167   371
 175   871 181   971 186  1071 190   971 192   871 192   871 187   771 180   771
 173   771 166   771 164   871 165   971 165  1071 166  1171 166  1171 165  1271
 163  1371 160  1371 158  1471 158  1571 159  1771 160  1871 161  1671 162  1371
 163  1171 166  1171 169  1171 172  1171 173  1071 171   971 169   871 165   871
 163   871 159   871 156   971 152   971 150  1071 149  1171 147  1371 146  1471
 144  1571 140  1671 138  1771 137  1871 136  1871 137  1911 139  1751 142  1451
 147  1211 154  1251 161  1251 166  1211 168  1251 167  1251 163  1211 156  1251
 149  1151 141  1111 135  1251 130  1251 125  1311 120  1451 114  1651 107  1711
  98  1851  88  2051  80  2111  75  2251  72  2251  71  2311  70  2051
643 149   001 161   001 157   001 162   001 153   001 146   001 143   571
 144   871 150  1071 158   971 165  1071 169   971 171   971 169   871 167   871
 168   971 166   971 164  1071 162  1071 161  1171 161  1271 160  1271 159  1371
 157  1371 153  1471 150  1471 148  1471 146  1371 146  1371 148  1271 152  1271
 156  1171 162  1171 168  1171 172  1171 173  1071 171   971 167   871 162   871
 156   971 152   971 147  1071 144  1171 142  1271 142  1371 143  1371 143  1471
 141  1471 138  1571 136  1571 136  1571 137  1471 138  1411 138  1451 137  1351
 138  1311 142  1251 147  1151 152  1011 155  1051 157  1051 155  1011 151  1051
 144  1051 137  1011 130  1151 124  1151 121  1211 120  1351 120  1451 119  1511
 115  1651 109  1651 101  1711  93  1751  86  1751  83  1711  86  1651
645 132   001 131   001 141   001 132   001 134   001 149   001 153   571
 158   671 163   971 168  1171 171  1371 173  1371 172  1371 168  1271 162  1271
 159  1171 154  1171 151  1271 149  1471 149  1571 149  1571 149  1471 148  1471
 147  1471 145  1471 142  1471 139  1471 137  1471 136  1471 138  1271 141  1171
 147   971 154  1171 162  1371 168  1571 172  1471 173  1371 169  1271 160  1271
 151  1171 142  1171 138  1271 136  1471 136  1571 136  1571 135  1671 132  1671
 130  1671 128  1671 128  1671 130  1671 132  1571 133  1511 132  1351 131  1251
 131  1011 135  1151 141  1351 148  1411 155  1451 160  1351 158  1311 149  1251
 136  1251 125  1111 119  1251 117  1451 116  1511 115  1551 113  1651 110  1611
 107  1751 104  1751 100  1811  95  1851  91  1751  87  1711  85  1551
650 171   001 156   001 161   001 164   001 166   001 171   001 175   571
 181   771 187   971 190  1171 193  1371 193  1171 192   971 189   771 183   871
 178  1071 174  1171 172  1271 172  1371 173  1471 172  1471 171  1471 170  1471
 170  1471 170  1571 169  1571 167  1571 166  1571 167  1571 171  1371 178  1271
 183  1071 187  1171 189  1271 191  1371 193  1171 193  1071 191   871 185   971
 178  1171 172  1271 168  1371 168  1371 168  1471 167  1471 165  1471 164  1471
 164  1571 164  1571 163  1671 161  1671 158  1571 156  1511 157  1351 159  1251
 161  1011 163  1151 165  1251 167  1311 170  1251 173  1051 171   911 164  1051
 154  1251 144  1311 138  1351 135  1451 133  1411 132  1551 131  1551 128  1611
 124  1651 119  1751 114  1711 110  1851 107  1851 104  1911 102  1651
675 142   001 137   001 146   001 153   001 159   001 155   001 157  1371
 159  1871 159  1771 161  1571 161  1371 161  1471 163  1471 163  1571 159  1471
 156  1371 152  1271 153  1371 154  1571 155  1671 154  1671 151  1771 149  1771
 146  1871 146  1971 147  2071 147  2171 148  2171 148  2271 149  2171 152  2171
 157  2071 165  1771 173  1571 180  1271 183  1371 181  1571 176  1671 170  1571
 163  1371 159  1271 157  1371 156  1571 155  1671 151  1671 147  1771 144  1771
 142  1871 141  2071 141  2171 141  2271 142  2271 143  2311 144  2151 145  1951
 147  1711 149  1651 152  1551 156  1411 161  1551 165  1751 166  1811 161  1651
 154  1451 146  1211 141  1451 137  1551 134  1711 130  1751 125  1851 121  1811
 118  2051 117  2151 116  2311 116  2451 116  2551 117  2611 118  2351
690 142   001 132   001 135   001 144   001 176   001 180   001 175   771
 173  1171 171  1171 169  1371 167  1471 163  1371 164  1371 162  1271 159  1271
 156  1371 154  1371 154  1271 155  1171 156  1071 157  1071 157  1171 157  1171
 157  1171 156  1071 156  1071 158  1171 161  1271 163  1371 164  1371 165  1371
 168  1371 172  1471 177  1471 182  1571 184  1471 183  1371 180  1271 174  1271
 169  1371 164  1371 162  1271 161  1171 161  1071 161  1171 159  1171 157  1271
 155  1171 153  1071 152   971 154  1171 156  1271 158  1411 158  1451 157  1451
 158  1411 161  1451 166  1551 170  1511 172  1451 172  1451 170  1311 167  1351
 163  1351 159  1311 156  1251 153  1151 151  1011 148  1151 145  1151 142  1211
 139  1151 136  1151 135  1011 135  1251 137  1351 138  1511 138  1551
747 163   001 164   001 164   001 166   001 155   001 175   001 174   771
 173   971 173  1071 173  1071 174  1071 175   971 172   871 169   771 168   971
 171  1171 172  1371 172  1471 171  1671 169  1771 169  1871 168  1971 166  2071
 165  2171 164  2171 164  2271 165  2271 166  2371 166  2371 166  2071 165  1771
 166  1471 171  1371 175  1271 176  1171 174  1071 170  1071 166   971 165  1171
 166  1271 166  1471 164  1571 161  1671 158  1771 158  1871 157  2071 155  2171
 152  2271 148  2371 145  2471 145  2471 145  2471 145  2411 143  2151 141  1951
 142  1611 148  1651 156  1551 162  1511 163  1451 160  1351 156  1211 152  1251
 150  1351 147  1311 144  1551 142  1651 140  1811 139  1951 138  2151 136  2211
 133  2351 128  2451 122  2511 115  2551 108  2451 103  2411 102  2251
NT  TEDF  78  35 1
20141128072014112802
20141128072014112803
20141128072014112804
20141128072014112805
20141128072014112806
20141128072014112807
20141128072014112808
20141128072014112809
20141128072014112810
20141128072014112811
20141128072014112812
20141128072014112813
20141128072014112814
20141128072014112815
20141128072014112816
20141128072014112817
20141128072014112818
20141128072014112819
20141128072014112820
20141128072014112821
20141128072014112822
20141128072014112823
20141128072014112900
20141128072014112901
20141128072014112902
20141128072014112903
20141128072014112904
20141128072014112905
20141128072014112906
20141128072014112907
20141128072014112908
20141128072014112909
20141128072014112910
20141128072014112911
20141128072014112912
20141128072014112913
20141128072014112914
20141128072014112915
20141128072014112916
20141128072014112917
20141128072014112918
20141128072014112919
20141128072014112920
20141128072014112921
20141128072014112922
20141128072014112923
20141128072014113000
20141128072014113001
20141128072014113002
20141128072014113003
20141128072014113004
20141128072014113005
20141128072014113006
20141128072014113007
20141128072014113008
20141128072014113009
20141128072014113010
20141128072014113011
20141128072014113012
20141128072014113013
20141128072014113014
20141128072014113015
20141128072014113016
20141128072014113017
20141128072014113018
20141128072014113019
20141128072014113020
20141128072014113021
20141128072014113022
20141128072014113023
20141128072014120100
20141128072014120101
20141128072014120102
20141128072014120103
20141128072014120104
20141128072014120105
20141128072014120106
20141128072014120107
002500160016001500140010001017101711271127112711271235123113351535173117351
73516311635153515311435133513311235123512311235123511311135113512311235123512311
23512351231123512351231123512351231123513351331133513351331143515351631163516351
63116351635153114351435133114351535153115351535153115351435143113351335133114351
005700170018001700140012001217112711271127112711271135123114351535163116351
63515311435143514311435133513311335123512311135113511311135123512311235113512311
23513351331123512351231123513351331133513351331133513351331133513351331133513351
33113351335133113351235133113351535153115351435143113351435143114351535153115351
015100130013001200150014001417131713271227122712271135123113351535163117351
63515311535153515311435143513311235123512311135113511311135113511311135113511311
23512351231123512351331133514351531153515351531153515351531153514351431133512351
23112351235123113351435143114351435143115351535153115351435143114351535153116351
027600160012001000110015001517151715171627162716371635173116351635153115351
53515311435133513311235123512311235123512311235123512311235123512311235123512311
23512351331133513351331133512351231123512351231133513351431143514351431143514351
43114351435143113351335133114351535163116351535143114351535153115351535143114351
070400140017001700160016001517141713271227122711271135123113351435153116351
53515311435133513311235123512311235123512311235113511311135113511311135113511311
13511351231123513351331133512351231113511351131123512351231123512351131113512351
23112351235123112351235133113351535163116351735173116351535143114351535153116351
110200130012001000100011001217122713271527162716271735173116351435123111351
23512311435153516311635153514311435143514311435133512311235123512311235123512311
23512351331123512351131113512351231123511351231123514351531163516351631163516351
63116351735173116351535143114351435153115351635163116351535143113351335123113351
120600170015001300130015001527152715271537153715371535153115351535143113351
33512311235133513311335123512311235123512311335133513311335133513311335123513311
33513351331133512351231123512351231123512351331133514351531153516351631173517351
73116351635153115351435143114351535163117351735163116351535153114351335133114351
130200130016001200100014001427142713271327132712271235133113351435153115351
53515311435133512311235123512311335133513311435143515311435133512311235123512311
23512351231123512351231123512351231133513351331133512351231133514351531153515351
53115351535153114351335133114351535163116351635163115351535143114351435133114351
145400110010001300140017001717171716271627162716271535153116351635163116351
63516311635163515311435133512311235123512311235113511311135123512311235123512311
13511351131123513351431143513351331123512351231123512351331133512351231123512351
23112351235123112351235133114351535163115351435133112351335133113351335133114351
149000110012001400160018001817182717271727162716271635153115351635163116351
63516311635153515311435133512311235123512311235123512311235123512311235123512311
13511351131123513351431143513351331123512351231123512351331133513351231123512351
23112351235123112351335133114351535163115351435143113351335133113351335133114351
156100100010001300140017001717171716271627162716271635153115351535163116351
63516311635153515311435133512311235123512311235123512311235123512311235123512311
13511351131123513351431143513351331123512351231123512351331133513351331123512351
23112351235123112351335133114351635163115351435133113351335143114351335143114351
168300130016001800160015001517141713271327122712271235133113351335133113351
23512311235123512311135113511311135113511311235123512311235123512311135113511311
23512351231123512351131123512351231123512351231123512351231123511351131113511351
13111351135113111351135113112351335143115351535153114351435143114351635163116351
180600170018001400140015001417132713271227122712371135123112351335133114351
43514311435143513311335123512311135113512311335133513311335123511311135113511311
13511351131113512351231123512351231123513351331133513351431143514351431143513351
23112351235123111351135113112351435153116351635163116351635153115351535153115351
190500150016001700170017001627152715271427133712371135123112351435143115351
43514311335133513311335133513311335133512311235123512311235123512311235123511311
13511351231123513351331143514351431133513351231123512351231133513351431143514351
43113351235123112351235133114351535153115351535153115351535153114351435143114351
222500150010001000140014001417142714271427142714371435153115351535153115351
53514311435143514311535153515311535143514311435153515311435133512311235123513311
33514351431143514351431133512351231123512351231123512351231123512351131113511351
13112351235123112351235133114351635163116351635153115351535153114351335123111351
240300110010001000100015001517151714271427142714271335143113351335133112351
23513311335143515311535143514311435143514311535153515311435133512311135113512311
23513351331143514351431143513351231113511351131123513351331133513351231123511351
13111351235113111351135123113351535163115351435143114351535163116351635153115351
255300130016001600170016001617162716271527152715371435143115351635173115351
33512311235133514311435143513311335143514311435143514311335123512311235123512311
23513351331143515351531153514351431133513351331123512351131113511351231123511351
13111351135113111351135123113351435163116351635163116351635173116351635163115351
260400160014001700150017001617151714271327122712371235133114351635163115351
33511311135123512311235123512311235133513311435143514311335123512311235123512311
33513351431143514351431143514351431143514351431143514351331133512351231113511351
13111351135113111351135113112351335143114351535153115351535163116351635163116351
280400140015001600170016001517141714271427142714271435143114351435153115351
53514311335123512311135113512311235123512311235123512311235123512311235123513311
33513351331133514351431143514351531153514351431143513351331133514351431133513351
33112351235123111351135123112351335143114351435143114351435143115351635173117351
299500140015001600160014001427142714271327132713371335133113351435143114351
53515311535153514311335133512311135113511311235133514311435143514311335133512311
23512351231133513351431143514351431143514351431133513351331133514351531153514351
43113351335133114351435143114351535153115351635163115351535153115351635173117351
434200130013001400130011001117122712271227132713271335133113351435143114351
33512311235123512311235123513311435143515311435123512311235143515311535153514311
53515351631163516351631143513351231113511351231123512351231123511351131113511351
13111351135113111351135113111351135123113351435143115351535153115351535163117351
460800180018001800180018001817181717271727162716371535143114351435143114351
33513311435153515311535143513311435153515311535143514311435143515311535163516311
63516351631163516351631163515351531143514351431143513351331133513351331133512351
23111351235123112351235123112351335133113351335143115351635173117351735173117351
481800180018001800180018001817172717271627162716271535153115351535143113351
33512311235133513311335133513311435143514311435143515311535153516311635163515311
53516351631163516351631163516351631163516351631163516351631163516351631163516351
63116351635163115351435143114351535163116351635163115351535163116351635173117351
497700170017001700170017001717162716271627162716271635163116351635163115351
43513311335133513311335133513311435153515311535153515311535153516311635173517311
63516351631163516351631163515351531153515351631163516351631173517351731173517351
73117351635163115351535143115351535153115351435143114351435153116351635173117351
510400160017001800170013001317132713271327143714371535153115351535153115351
63516311635163515311535153515311635163516311635163515311535143514311535153515311
63516351731173516351531143513351231113511351231123512351231123511351131113511351
13111351135113111351135113111351135113111351135123112351335133113351335133114351
579800160014001500140013001317132714271427142715271535163116351635163116351
53515311535153515311535143514311435143515311535163517311735173516311635163517311
73517351731173517351731173517351731173517351731173517351731173517351731173517351
73117351735163115351535143114351535153115351435143114351435133113351235123112351
588500140014001300160015001527151715271627162716271635173117351635163115351
43514311435143514311435143514311435153515311635173517311735173517311735173517311
73517351731173517351731173517351731173517351731173517351731173517351731173517351
73117351735173117351735173117351735173117351735173117351735163116351535153115351
621600180018001700130015001527152714271427142714271435143114351535153115351
53515311635163516311635163516311635163516311635163517311735173517311735173517311
73516351631163517351731173517351731173517351731173517351731173517351731173517351
73118351835173117351635153115351435143113351235123112351335143114351335143115351
630400150017001800180016001617152714271427142713271435143115351535153115351
43514311435153515311635163516311635163516311535153515311535163516311635173517311
73516351631163516351631163516351631163516351631163516351631163516351631163516351
63116351735173116351635153114351435133113351235123112351235123112351235133114351
643600150016001700160018001817182718271827183718371835173117351735163116351
63515311535153515311535153515311635163516311735173517311735173517311735173517311
73517351731173517351731173517351731173517351731173517351731173517351731173516351
63116351635163116351635153115351435133113351435143114351435143113351335123112351
645700150014001500140016001617161717271727172717271735173117351735163116351
63515311535153515311535153514311435153515311635163517311735173517311735173517311
73517351731173517351731173517351731173517351731173517351731173517351731173516351
63116351735173117351635163115351535143114351435143113351335123112351235123112351
650300140014001500140014001417151715271627162716271735173117351735163116351
53515311435143514311435143514311535163517311735173517311735173517311735173517311
73517351731173517351731173517351731173517351731173517351731173517351731173517351
73117351735173117351735173117351735173117351735173117351735173116351535143114351
675500140016001600170017001727172717271727172717271735173116351635153115351
43514311535153515311435143514311535163516311735173517311735173517311735173517311
73517351731173517351731173517351731173517351731173517351731173517351731173517351
73117351735173117351635163116351735173117351735173117351735173117351735173117351
690400130015001600170016001617172717271727172717271735173116351635163116351
63515311535153515311535153516311635163516311635163517311735173517311735173517311
73517351731173517351731173517351731173517351731173517351731173517351731173517351
73117351735173117351635163116351735173117351735173117351735173117351735173117351
747500150016001700170017001727172717271627162717271735173117351635163116351
63516311635173517311735173517311735173517311735173517311735173517311735173518311
73517351731173517351731173517351731173517351731173517351731173517351731173517351
73117351735173117351735173117351735163116351435143113351335133113351235123112351
