20140401031538
T2M TEDF  78  35 1
20140401032014033122
20140401032014033123
20140401032014040100
20140401032014040101
20140401032014040102
20140401032014040103
20140401032014040104
20140401032014040105
20140401032014040106
20140401032014040107
20140401032014040108
20140401032014040109
20140401032014040110
20140401032014040111
20140401032014040112
20140401032014040113
20140401032014040114
20140401032014040115
20140401032014040116
20140401032014040117
20140401032014040118
20140401032014040119
20140401032014040120
20140401032014040121
20140401032014040122
20140401032014040123
20140401032014040200
20140401032014040201
20140401032014040202
20140401032014040203
20140401032014040204
20140401032014040205
20140401032014040206
20140401032014040207
20140401032014040208
20140401032014040209
20140401032014040210
20140401032014040211
20140401032014040212
20140401032014040213
20140401032014040214
20140401032014040215
20140401032014040216
20140401032014040217
20140401032014040218
20140401032014040219
20140401032014040220
20140401032014040221
20140401032014040222
20140401032014040223
20140401032014040300
20140401032014040301
20140401032014040302
20140401032014040303
20140401032014040304
20140401032014040305
20140401032014040306
20140401032014040307
20140401032014040308
20140401032014040309
20140401032014040310
20140401032014040311
20140401032014040312
20140401032014040313
20140401032014040314
20140401032014040315
20140401032014040316
20140401032014040317
20140401032014040318
20140401032014040319
20140401032014040320
20140401032014040321
20140401032014040322
20140401032014040323
20140401032014040400
20140401032014040401
20140401032014040402
20140401032014040403
002 119   001 122   001 120   001 118   001 122   001 122   001 118   171
 118   371 121   471 126   671 134   971 142  1171 149  1371 154  1571 157  1671
 160  1671 162  1671 162  1671 160  1571 157  1571 151  1471 148  1371 143  1171
 141  1071 138  1171 138  1171 137  1271 135  1271 132  1171 130  1171 127  1171
 126  1271 128  1271 136  1271 147  1371 156  1371 164  1571 168  1671 171  1871
 176  1871 180  1751 182  1711 179  1651 174  1551 167  1411 160  1351 155  1251
 150  1111 146  1251 144  1351 141  1411 139  1251 137  1251 134  1111 131  1151
 130  1251 132  1211 139  1251 149  1351 158  1311 164  1551 166  1751 167  1911
 167  1951 166  1951 163  1911 157  1851 151  1751 144  1611 139  1551 135  1351
 130  1261 126  1361 122  1361 117  1461 113  1461 110  1361 107  1361
005 105   001 112   001 111   001 110   001 109   001 107   001  95   371
  89   571  93   671 107   771 128   971 150   971 167  1071 179  1271 187  1371
 191  1371 192  1371 190  1371 185  1371 177  1371 167  1371 155  1271 143  1271
 132  1171 124  1171 118  1071 114  1071 111  1071 109  1171 105  1171  99  1171
  96  1171 100  1171 112  1271 132  1371 152  1471 169  1471 181  1371 191  1371
 198  1471 201  1571 200  1671 192  1571 181  1371 169  1271 159  1271 150  1271
 144  1271 137  1271 133  1271 130  1271 125  1251 123  1351 119  1311 114  1351
 111  1251 112  1211 120  1251 133  1351 146  1311 157  1351 167  1451 175  1411
 182  1551 187  1651 187  1711 181  1651 171  1451 158  1311 146  1351 134  1451
 126  1461 119  1461 113  1461 108  1461 104  1461 101  1561  99  1561
015 146   001 136   001 112   001 115   001 101   001 101   001 101   171
 104   371 112   671 125   771 140   871 156  1071 172  1171 185  1371 194  1471
 200  1371 202  1371 201  1271 195  1271 186  1271 174  1271 161  1171 149  1171
 137  1071 127  1071 118   971 112   971 106   971 101  1071  96  1071  89  1171
  86  1271  90  1371 105  1471 126  1471 151  1571 170  1571 187  1571 199  1571
 209  1571 211  1671 210  1671 203  1571 192  1371 180  1271 169  1271 158  1171
 149  1171 142  1171 135  1171 130  1171 130  1051 125  1051 119  1011 112  1151
 108  1351 111  1411 124  1451 143  1551 163  1511 179  1551 191  1651 200  1611
 205  1751 207  1751 206  1811 201  1751 193  1651 183  1511 172  1451 160  1351
 149  1261 139  1161 129  1161 120  1061 113  1161 107  1361 103  1461
027  97   001  88   001  87   001  87   001  80   001  72   001  67   171
  68   471  76   571  91   571 113  1071 138  1471 160  1571 178  1671 188  1671
 192  1771 190  1771 184  1871 177  1671 171  1571 161  1371 150  1271 139  1271
 130  1171 123  1071 119  1071 116   971 113  1071 111  1071 109  1171 106  1271
 107  1371 112  1471 123  1571 138  1771 153  1871 166  1771 175  1771 182  1671
 188  1771 192  1971 192  2071 188  1971 180  1771 169  1671 155  1571 141  1471
 131  1371 126  1271 125  1271 124  1171 119  1351 116  1351 113  1411 110  1551
 108  1551 110  1611 117  1751 127  1751 139  1811 151  1851 162  1851 169  1811
 171  1951 169  2051 163  2111 155  2051 146  1851 136  1711 126  1651 118  1451
 112  1361 109  1361 107  1261 104  1261 100  1361  95  1461  90  1561
070 123   001 108   001  71   001  74   001  63   001  66   001  61   471
  62   971  74   971  96  1171 125  1171 154   971 174  1171 184  1471 191  1671
 197  1671 202  1771 201  1771 190  1671 174  1571 155  1471 138  1471 123  1471
 113  1471 104  1671  97  1871  90  2071  83  2071  74  2171  65  2171  57  2171
  55  2071  64  2071  89  1771 121  1371 150  1071 171  1371 184  1571 195  1871
 205  1971 212  2071 212  2171 201  1971 183  1671 165  1471 149  1471 137  1371
 129  1371 122  1671 116  1971 110  2271 108  1951 106  2051 102  2011  97  2151
  95  2251 102  2311 121  1951 147  1551 171  1111 187  1451 197  1651 205  1911
 214  2051 221  2151 221  2211 212  1951 195  1751 176  1411 158  1451 142  1351
 129  1361 117  1661 107  1861  99  2161  91  2361  85  2461  81  2661
110  67   001  67   001  58   001  50   001  52   001  54   001  68   271
  82   571  94   871 106   671 119   971 132  1171 144  1371 153  1471 161  1571
 168  1471 172  1271 171  1171 165  1171 156  1071 146  1071 140  1071 138  1171
 136  1171 135  1171 134  1271 134  1271 136  1171 140  1171 139  1071 135  1171
 129  1171 124  1271 126  1371 129  1371 134  1471 138  1571 144  1571 147  1671
 151  1571 152  1371 148  1271 140  1271 129  1171 119  1171 112  1171 109  1271
 106  1271 102  1271  97  1371  93  1371  97  1151  96  1151  94  1011  92  1151
  90  1151  90  1211  94  1351 100  1451 107  1511 114  1651 120  1651 125  1711
 129  1651 131  1551 131  1411 127  1351 121  1351 114  1211 107  1251 101  1351
  97  1361  93  1461  90  1461  89  1561  88  1561  88  1461  89  1461
120  71   001  76   001  76   001  74   001  73   001  71   001  67   171
  69   371  79   571  95   771 116  1271 137  1771 153  1771 164  1771 173  1671
 179  1671 181  1771 182  1771 180  1671 175  1471 166  1371 155  1371 143  1271
 136  1271 133  1271 132  1171 132  1171 130  1171 124  1171 118  1171 111  1271
 106  1371 107  1471 117  1671 130  1771 145  1971 155  1971 163  1971 168  1971
 171  2071 172  2171 171  2271 168  2071 161  1871 153  1671 141  1571 128  1371
 119  1271 112  1271 109  1271 107  1271 110  1451 107  1351 103  1311  99  1451
  97  1551  98  1611 104  1751 112  1851 120  1911 126  1951 130  2051 133  2011
 135  2151 135  2251 132  2311 126  2151 119  1951 111  1711 105  1651 100  1551
  96  1461  93  1461  90  1361  88  1361  85  1361  84  1361  82  1361
130  92   001  90   001  86   001  77   001  70   001  70   001  68   271
  70   671  79   871  95   971 117  1271 139  1571 158  1571 175  1571 186  1471
 195  1471 201  1371 202  1371 198  1371 190  1371 181  1371 171  1271 160  1271
 152  1171 147  1171 146  1071 144  1071 141  1171 136  1371 130  1471 122  1471
 117  1571 117  1571 125  1671 139  1871 154  1971 165  1871 173  1871 181  1771
 187  1871 191  1871 192  1911 188  1751 179  1651 168  1411 155  1351 143  1351
 133  1211 126  1251 121  1251 117  1211 121  1351 118  1551 114  1611 109  1651
 106  1651 107  1611 114  1751 124  1951 136  2011 146  1951 154  1851 160  1711
 163  1851 164  1951 161  2011 155  1851 147  1651 137  1411 127  1451 119  1351
 113  1361 107  1361 103  1461  99  1461  94  1461  91  1461  88  1461
145 100   001 104   001  87   001  87   001 103   001  89   001  91   171
  96   371 105   471 119   571 136   871 154  1271 170  1371 182  1371 188  1371
 193  1471 194  1571 194  1671 192  1671 188  1571 179  1571 168  1471 154  1471
 141  1371 130  1471 122  1471 116  1571 110  1471 103  1471  96  1371  90  1271
  88  1171  93  1071 107  1071 128  1171 149  1171 165  1271 178  1371 187  1471
 196  1671 202  1871 204  2071 201  1871 195  1771 185  1571 174  1571 165  1571
 156  1571 151  1671 147  1671 144  1771 135  1651 129  1651 124  1511 120  1451
 118  1451 121  1311 129  1251 141  1251 155  1111 168  1251 179  1451 188  1511
 195  1751 199  1851 201  2011 200  1951 197  1751 189  1611 177  1651 164  1551
 154  1561 144  1661 134  1761 125  1861 116  1761 109  1561 102  1461
149 101   001  95   001  89   001  85   001  85   001  90   001  89   171
  92   371 103   371 118   571 138   871 158  1071 177  1171 188  1171 196  1271
 201  1371 204  1371 203  1471 198  1471 189  1371 178  1371 165  1371 153  1471
 140  1471 129  1371 121  1171 113  1071 106  1071 100  1171  95  1171  89  1171
  86  1151  92  1171 108  1171 130  1071 153  1071 173  1171 187  1271 199  1371
 207  1571 213  1771 213  1971 207  1771 197  1571 186  1371 175  1471 166  1571
 159  1671 153  1571 148  1571 143  1471 135  1351 128  1351 122  1311 117  1351
 116  1451 120  1411 130  1351 144  1251 160  1111 175  1251 188  1451 198  1511
 205  1751 208  1851 209  2011 207  1851 201  1551 192  1311 179  1451 165  1651
 155  1761 145  1661 134  1661 125  1561 116  1561 109  1461 103  1461
156 132   001 127   001 117   001 113   001 114   001 108   001 110   171
 115   371 123   471 133   671 146   871 160  1071 177  1171 188  1271 198  1371
 202  1371 203  1471 201  1471 197  1471 192  1371 186  1371 179  1271 171  1271
 164  1171 157  1071 151  1071 145   971 140   971 134  1071 129  1071 122  1071
 117  1071 118  1071 128  1071 143   971 161   971 178  1071 189  1271 201  1371
 208  1571 212  1671 212  1871 208  1771 201  1571 193  1471 185  1371 178  1371
 171  1271 166  1171 162  1171 157  1071 155  1051 150  1151 144  1111 139  1151
 135  1251 136  1211 142  1151 153  1151 166  1011 179  1251 192  1351 202  1511
 209  1651 213  1851 214  1911 212  1851 208  1651 200  1511 190  1451 180  1351
 171  1261 162  1261 152  1161 143  1161 135  1261 128  1361 121  1461
168  88   001  73   001  69   001  66   001  54   001  50   001  51   371
  56   771  68   671  89   871 115  1371 142  1371 164  1571 178  1671 188  1771
 196  1571 202  1371 201  1171 192  1371 176  1671 154  1871 131  1871 108  1871
  91  1871  83  1971  83  1971  83  2071  82  2171  80  2171  73  2271  68  2171
  65  2071  71  1971  92  1871 118  1771 145  1671 163  1671 176  1771 187  1771
 200  1771 209  1671 211  1671 201  1771 184  1771 165  1871 148  1871 135  1871
 125  1871 118  1971 113  2171 109  2271 109  2151 108  2051 107  2011 106  2051
 107  2051 115  2011 131  1951 151  1751 169  1611 182  1751 191  1851 200  1911
 212  1851 222  1851 224  1711 214  1751 196  1851 174  1811 153  1851 136  1951
 122  1961 111  2161 102  2261  94  2461  88  2561  83  2661  81  2761
180 103   001  97   001  84   001  82   001  79   001  70   001  67   371
  67   771  75   671  96  1071 125  1271 154  1471 177  1471 194  1471 205  1471
 211  1471 212  1471 208  1471 198  1471 184  1471 169  1471 156  1471 145  1571
 133  1571 121  1571 111  1671 103  1671  98  1771  93  1771  87  1871  80  1871
  76  1871  80  1871  97  1771 121  1671 147  1571 168  1571 184  1471 197  1471
 208  1671 213  1771 212  1971 204  1771 191  1671 174  1471 158  1571 143  1671
 129  1771 117  1771 108  1871  99  1871 101  1851  94  1851  89  1911  85  1951
  87  2051  96  2011 116  1851 141  1751 167  1511 189  1551 205  1551 218  1511
 227  1751 230  1951 227  2111 216  1951 201  1751 184  1511 168  1651 155  1751
 141  1861 128  1861 116  1961 106  1961  97  2061  91  2261  87  2361
190 106   001  97   001  97   001  92   001  86   001  82   001  81   371
  84   671  94   771 111  1071 132  1171 155  1071 177  1071 193  1171 205  1171
 216  1271 222  1271 221  1371 212  1371 198  1271 183  1271 169  1271 157  1371
 145  1371 134  1371 124  1271 117  1271 112  1371 108  1571 102  1671  93  1671
  86  1671  90  1671 109  1471 135  1371 163  1171 184  1171 198  1071 210  1071
 222  1371 230  1571 231  1871 222  1771 206  1571 188  1471 170  1471 154  1371
 140  1371 126  1371 114  1471 105  1471 104  1551 100  1651  94  1811  87  1751
  84  1751  92  1611 115  1551 146  1351 176  1211 198  1251 214  1251 226  1211
 237  1551 245  1851 244  2111 232  1951 214  1751 194  1511 177  1551 163  1451
 148  1461 134  1561 121  1561 110  1661 100  1861  92  1961  88  2161
222  92   001  84   001  88   001  89   001  97   001  92   001  96   371
 102   671 110   771 119   571 130   871 143  1071 158  1271 172  1371 184  1471
 194  1471 201  1471 202  1471 198  1471 191  1471 180  1471 168  1371 157  1271
 152  1171 149  1171 149  1071 148  1071 144  1171 138  1171 130  1271 122  1271
 116  1371 117  1371 123  1371 135  1371 152  1371 163  1471 174  1571 182  1671
 188  1871 192  1971 190  2171 182  1971 170  1671 156  1471 143  1371 133  1271
 125  1171 121  1171 118  1271 117  1271 123  1351 120  1351 116  1411 113  1451
 111  1551 113  1511 119  1551 128  1451 137  1411 145  1551 152  1551 158  1611
 163  1851 166  1951 165  2111 158  1951 148  1651 137  1411 127  1351 118  1251
 113  1161 109  1261 105  1261 103  1361 101  1361  99  1461  97  1461
240 126   001 119   001 108   001 100   001 107   001  98   001  98   271
 102   371 108   571 119   571 132   971 148  1271 163  1571 178  1671 189  1871
 198  1771 202  1671 202  1571 198  1571 191  1471 179  1471 163  1371 148  1371
 137  1271 131  1271 129  1371 126  1371 120  1371 114  1271 107  1271  99  1271
  95  1371  98  1371 110  1471 128  1471 148  1571 165  1771 181  1871 194  2071
 205  2071 211  1971 212  1971 208  1871 199  1671 188  1571 174  1571 161  1471
 149  1471 141  1471 136  1371 132  1371 135  1451 131  1351 127  1311 122  1451
 117  1551 117  1611 122  1651 132  1751 144  1711 156  1851 166  1851 176  1911
 184  1951 189  1951 190  1911 187  1851 181  1651 172  1511 162  1551 153  1451
 145  1461 137  1461 129  1561 122  1561 116  1461 110  1361 105  1261
255 107   001 103   001  94   001  87   001  87   001  83   001  79   171
  76   271  82   371  98   771 120   871 143  1171 161  1271 176  1371 187  1371
 196  1371 200  1471 201  1471 197  1471 189  1371 177  1371 163  1371 148  1271
 136  1271 126  1271 119  1371 113  1371 109  1371 104  1271  98  1271  91  1371
  86  1371  90  1471 105  1471 129  1571 153  1571 172  1471 187  1471 199  1371
 211  1471 219  1471 221  1571 215  1471 204  1471 190  1371 177  1371 166  1371
 156  1371 150  1371 146  1471 140  1471 139  1351 134  1351 128  1311 121  1451
 117  1551 119  1611 130  1651 147  1551 163  1511 175  1551 185  1451 193  1411
 201  1551 208  1551 209  1611 204  1551 194  1551 181  1411 169  1451 157  1351
 148  1361 139  1461 131  1461 122  1561 115  1561 109  1461 104  1461
260  63   001  56   001  58   001  47   001  43   001  51   001  60   671
  73  1271  89  1371 107  1271 126  1571 145  1671 161  1671 173  1771 184  1771
 194  1771 200  1671 201  1671 193  1571 178  1571 158  1471 136  1671 117  1971
 102  2171  96  2271  93  2371  94  2471  92  2571  89  2771  83  2871  78  2771
  77  2771  84  2671 104  2371 129  2071 154  1771 171  1771 184  1771 196  1771
 209  1871 219  1871 221  1971 211  1771 194  1671 175  1471 159  1671 148  1971
 142  2171 137  2371 132  2571 128  2771 136  2751 133  2951 129  3011 123  2951
 120  2951 124  2811 138  2551 157  2151 174  1811 185  1851 191  1751 198  1711
 207  1851 215  2051 216  2111 206  1951 189  1651 170  1411 153  1751 139  1951
 127  2261 116  2461 108  2561 100  2761  94  2961  89  3261  87  3461
280  92   001  82   001  73   001  61   001  52   001  44   001  49   271
  60   471  74   471  92   671 113   871 134   971 155  1271 170  1571 181  1771
 188  1771 192  1771 190  1771 183  1571 173  1471 160  1271 149  1271 136  1271
 125  1271 117  1271 111  1371 108  1371 104  1371  98  1371  91  1371  82  1371
  75  1371  78  1371  94  1371 120  1271 146  1271 167  1371 183  1571 195  1671
 204  1871 210  2171 211  2371 204  1971 192  1671 178  1271 162  1271 147  1271
 137  1271 130  1271 127  1371 124  1371 118  1451 113  1451 106  1411  99  1451
  95  1451  99  1411 115  1351 137  1251 159  1111 175  1351 187  1451 197  1611
 208  1951 216  2151 219  2411 214  2151 202  1751 186  1411 169  1451 152  1351
 140  1361 129  1361 119  1461 111  1461 104  1561  98  1661  95  1761
299  87   001  92   001  80   001  77   001  73   001  83   001  80   271
  82   671  93   971 112   971 136  1071 159  1171 179  1271 192  1371 201  1371
 208  1471 212  1471 211  1571 202  1471 187  1371 168  1271 148  1371 130  1471
 115  1571 104  1571  97  1671  92  1671  89  1671  85  1771  79  1771  70  1871
  65  1971  71  2071  94  1771 125  1471 157  1171 181  1271 199  1371 212  1471
 224  1671 232  1771 232  1971 222  1771 205  1471 184  1271 160  1471 140  1571
 123  1771 113  1771 106  1771 101  1771  96  1751  92  1751  87  1811  82  1951
  82  1951  91  2011 113  1851 142  1651 171  1411 193  1551 210  1551 222  1611
 232  1751 237  1951 234  2011 222  1851 203  1651 182  1411 162  1551 145  1651
 130  1761 118  1761 107  1861  97  1861  88  1961  81  1961  76  2061
434 119   001 113   001 111   001 105   001  96   001  97   001  95   171
  96   471 100   571 108   771 118  1171 131  1471 145  1571 161  1671 175  1671
 183  1771 188  1771 188  1871 184  1771 178  1571 170  1471 160  1371 150  1271
 141  1171 132  1271 125  1271 119  1371 115  1371 113  1271 111  1271 107  1271
 106  1151 109  1171 121  1371 137  1471 156  1671 173  1771 187  1771 198  1871
 205  1971 208  1971 207  2071 202  1871 193  1671 183  1471 172  1371 161  1371
 151  1271 143  1371 136  1371 132  1471 133  1351 129  1351 126  1311 123  1351
 121  1251 121  1211 122  1451 126  1551 131  1711 138  1851 147  1851 155  1911
 162  1951 167  2051 167  2011 162  1951 154  1751 146  1611 139  1551 134  1451
 129  1361 123  1361 118  1461 113  1461 108  1561 103  1761 100  1861
460  95   001  91   001  87   001  86   001  79   001  71   001  76   271
  84   471  94   471 107   671 122  1071 139  1171 156  1271 171  1371 183  1371
 195  1271 199  1271 198  1171 189  1171 176  1171 160  1171 144  1271 131  1271
 121  1371 113  1471 106  1471 104  1571 102  1671 101  1771  97  1871  91  1871
  86  1871  89  1871 104  1671 129  1371 156  1171 180  1271 202  1371 217  1471
 226  1471 229  1371 225  1371 215  1271 201  1271 185  1171 172  1271 161  1471
 151  1571 145  1671 141  1671 137  1771 136  1651 133  1851 129  1911 124  1951
 121  1951 124  1911 136  1651 153  1251 170   911 184  1151 195  1251 203  1411
 210  1451 212  1351 208  1311 195  1351 177  1251 161  1211 150  1351 143  1451
 134  1561 126  1661 119  1661 113  1761 108  2061 104  2261 101  2561
481 144   001 134   001 125   001 111   001 114   001 107   001 106   171
 108   271 112   371 120   671 129   871 140   871 152  1071 164  1171 175  1271
 184  1371 190  1371 191  1471 187  1371 180  1371 170  1271 161  1171 152  1071
 145   971 138   971 133   971 127   971 122   971 118   971 112   971 107   971
 105  1071 108  1071 120  1071 137  1071 156  1071 173  1171 189  1271 202  1371
 212  1471 220  1571 221  1671 216  1571 206  1371 194  1271 183  1171 172  1071
 164   971 160  1071 158  1071 156  1171 153  1051 147  1151 141  1111 137  1151
 136  1251 140  1211 149  1251 161  1251 175  1211 188  1351 200  1351 211  1411
 219  1551 223  1551 222  1611 214  1551 201  1451 187  1311 175  1251 164  1151
 155  1061 146  1161 139  1161 133  1261 127  1361 123  1561 120  1661
497  79   001  74   001  70   001  61   001  54   001  46   001  40   271
  39   671  47   471  66   671  93  1171 123  1471 149  1771 168  2071 179  2271
 183  2271 181  2371 173  2371 160  2071 143  1671 127  1371 113  1471 102  1571
  91  1671  84  1771  77  1971  72  2071  68  2071  66  2071  59  2071  51  1971
  45  1971  50  1871  73  1771 107  1771 142  1671 170  1971 190  2171 204  2471
 212  2571 213  2771 206  2871 190  2471 169  2071 149  1671 134  1671 123  1771
 115  1771 108  1871 103  1971  99  2071  98  2051  94  2051  89  2011  84  2051
  82  2151  87  2111 103  2051 126  1851 151  1711 174  1951 192  2251 204  2411
 209  2651 207  2851 197  3011 181  2651 162  2351 143  1911 128  1951 117  1851
 109  1861 102  1961  97  2061  92  2161  89  2161  85  2261  80  2261
510 126   001 128   001 125   001 131   001 126   001 118   001 118   571
 119   671 124   771 131   871 143  1071 160  1271 180  1471 200  1571 214  1771
 221  1771 222  1871 220  1871 217  1771 212  1671 204  1571 192  1471 178  1471
 166  1371 157  1371 151  1271 146  1271 142  1371 139  1371 134  1471 128  1471
 126  1471 128  1471 136  1471 149  1571 163  1571 177  1671 189  1771 196  1871
 201  1971 201  2071 199  2111 194  1951 186  1751 176  1511 165  1451 154  1451
 145  1311 138  1351 134  1451 131  1411 140  1451 135  1551 131  1611 130  1651
 132  1551 133  1511 134  1551 134  1551 134  1511 136  1651 139  1851 143  1911
 148  2051 153  2051 155  2111 153  2051 147  1851 140  1711 132  1651 125  1451
 119  1361 116  1361 115  1461 114  1461 113  1561 112  1761 111  1861
579  86   001  76   001  73   001  66   001  61   001  60   001  68   371
  77   571  88   671 100   771 113  1171 125  1371 137  1471 145  1571 153  1571
 161  1571 167  1471 169  1471 166  1371 158  1371 146  1271 135  1371 125  1371
 116  1471 110  1571 105  1671 102  1771  99  1971  97  2071  92  2271  87  2171
  85  2171  91  2071 110  1971 135  1771 160  1671 176  1671 187  1771 194  1771
 202  1771 208  1671 209  1671 204  1571 194  1371 181  1271 168  1371 156  1571
 145  1671 138  1771 134  1971 130  2071 120  1951 120  2151 120  2211 119  2251
 119  2151 123  2111 134  1951 148  1851 162  1611 173  1751 181  1851 187  1911
 192  1851 193  1851 190  1711 180  1651 167  1551 153  1411 141  1551 131  1751
 121  1861 112  2061 104  2161  97  2361  90  2561  85  2861  82  3061
588  77   001  69   001  61   001  50   001  45   001  40   001  43   471
  51   971  63   671  79   871  98  1371 118  1571 137  1771 152  1771 161  1871
 169  1971 173  1971 173  2071 168  1971 160  1871 146  1771 127  1771 109  1771
  92  1771  82  1771  75  1871  73  1871  70  1971  69  2071  65  2171  58  2171
  55  2171  60  2171  77  1971 102  1871 131  1671 157  1771 178  1771 194  1871
 202  2071 203  2171 198  2371 189  2171 176  2071 161  1871 144  1871 129  1871
 117  1871 110  1871 107  1971 106  1971 100  1851  99  2051  96  2111  91  2151
  87  2151  90  2111 102  2051 121  1851 142  1711 160  1851 175  1951 185  2011
 190  2251 189  2451 183  2611 171  2451 156  2151 141  1911 127  1951 116  1951
 105  1961  97  1961  89  2061  83  2061  78  2261  75  2461  74  2661
621  90   001  91   001  90   001  84   001  82   001  70   001  67   171
  66   371  73   471  95   871 126  1571 156  2171 178  2171 192  1971 202  1871
 209  1771 213  1671 212  1571 206  1571 194  1671 179  1671 162  1571 144  1571
 130  1471 121  1671 115  1771 112  1971 110  1971 108  1871 106  1871 105  1971
 105  2171 109  2271 116  2171 128  2171 144  2071 161  1971 178  1971 189  1871
 193  1971 191  2071 184  2171 174  1971 161  1871 149  1671 138  1571 128  1571
 120  1471 113  1671 108  1871 104  2071 111  1851 106  1851 102  1711 100  1951
  99  2151  98  2311  98  2251  98  2251 100  2111 104  2151 110  2051 116  2011
 121  2151 123  2151 122  2211 117  2051 111  1951 103  1711  96  1651  91  1651
  86  1561  83  1661  81  1861  80  1961  80  1961  81  1861  82  1861
630 130   001 131   001 130   001 127   001 125   001 123   001 118   171
 117   271 120   371 128   471 139   971 153  1171 165  1371 177  1571 186  1671
 194  1571 198  1571 197  1471 189  1371 177  1371 164  1271 156  1271 151  1171
 147  1171 142  1171 138  1271 134  1271 132  1271 130  1371 127  1371 126  1371
 125  1471 128  1471 133  1471 142  1371 151  1371 159  1471 164  1571 170  1671
 177  1671 179  1771 177  1771 167  1671 155  1471 145  1371 139  1371 139  1271
 138  1271 137  1271 134  1371 133  1371 137  1251 136  1351 135  1311 134  1451
 133  1451 133  1511 134  1551 134  1451 135  1411 135  1551 136  1651 139  1711
 145  1751 151  1851 152  1811 145  1751 134  1551 124  1411 118  1351 116  1351
 115  1261 115  1261 115  1361 114  1361 114  1561 114  1661 113  1861
643 138   001 137   001 137   001 135   001 129   001 127   001 126   571
 127   871 127   871 127   871 128  1171 130  1171 136  1271 145  1371 149  1371
 151  1271 150  1271 146  1171 142  1071 135   871 132   771 131   871 132   971
 130  1071 129  1271 125  1371 122  1571 118  1671 114  1671 110  1771 107  1671
 107  1671 111  1571 122  1471 136  1471 149  1371 156  1471 160  1471 161  1571
 161  1571 161  1571 159  1571 155  1371 151  1171 148   971 146  1071 145  1171
 145  1271 144  1371 142  1471 139  1571 134  1551 131  1551 128  1611 126  1651
 126  1551 129  1511 135  1551 144  1451 152  1411 158  1551 163  1551 166  1611
 168  1651 167  1651 163  1611 155  1451 146  1351 138  1111 135  1251 134  1451
 130  1561 127  1661 123  1661 119  1761 116  1861 113  2061 111  2161
645  87   001  84   001  85   001  93   001 108   001 109   001 111   271
 112   571 113   671 115  1071 119  1271 125  1371 133  1371 144  1371 151  1371
 158  1371 159  1371 156  1371 150  1271 141  1171 131  1071 123  1271 112  1371
 106  1571 102  1571 101  1671 101  1671  99  1671 100  1571  98  1571  96  1671
  96  1671 102  1771 116  1671 136  1471 154  1371 169  1371 179  1471 186  1471
 189  1571 189  1571 186  1671 181  1571 173  1371 162  1271 151  1371 141  1471
 133  1571 128  1671 128  1771 128  1871 125  1751 125  1651 124  1611 122  1651
 122  1751 126  1711 135  1651 147  1651 159  1511 169  1551 176  1651 181  1611
 185  1651 185  1751 181  1711 171  1651 157  1451 143  1311 132  1551 124  1851
 117  2061 110  2061 105  2061 101  2061  97  2161  94  2361  94  2461
650 107   001 104   001  89   001  97   001 113   001 110   001 115   371
 120   971 126   871 131  1171 137  1371 143  1271 148  1371 153  1271 158  1271
 161  1171 162  1171 160  1071 155  1071 147   971 139   971 131  1071 125  1071
 118  1171 115  1371 113  1471 111  1671 108  1771 104  1971 101  2071  97  1971
  96  1971 102  1871 119  1771 141  1671 162  1571 179  1471 189  1471 197  1371
 201  1371 202  1371 198  1371 190  1271 179  1271 170  1171 163  1271 160  1271
 157  1371 153  1571 149  1671 146  1871 147  1851 145  1951 144  2011 144  1951
 145  1951 150  1811 158  1751 169  1751 178  1611 185  1551 189  1451 191  1311
 192  1451 191  1451 185  1511 173  1451 160  1351 148  1211 142  1351 140  1451
 135  1561 131  1661 128  1861 124  1961 121  1961 119  1961 118  1961
675  94   001  78   001  72   001  67   001  61   001  54   001  48  1171
  47  2271  54  2371  74  1871 101  1871 130  1871 152  1871 166  1871 176  1771
 181  1771 183  1871 179  1871 169  1771 154  1571 139  1471 123  1571 107  1671
  95  1771  86  1971  81  2171  78  2371  76  2471  72  2671  70  2771  66  2771
  66  2871  73  2871  91  2571 116  2171 140  1871 158  1871 171  1871 178  1871
 182  1971 182  2071 178  2171 170  1971 157  1771 145  1571 135  1671 126  1671
 121  1771 119  1971 118  2271 117  2471 119  2551 116  2751 111  2911 106  3051
 105  3051 112  3111 129  2751 150  2351 167  1911 175  1951 176  2051 176  2011
 177  2151 178  2151 176  2211 169  2051 158  1851 147  1611 137  1751 130  1851
 123  1961 118  2161 113  2361 110  2561 108  2561 106  2561 106  2561
690 122   001 117   001 114   001 109   001 105   001 101   001  97   171
  95   371 100   371 114   571 132   871 146   971 152  1071 150  1171 147  1171
 147  1271 150  1371 151  1471 150  1471 146  1371 141  1371 137  1271 132  1171
 129  1071 126  1071 125  1171 125  1171 124  1071 123  1071 120   971 116  1071
 115  1071 118  1171 129  1171 141  1171 150  1171 152  1171 149  1271 145  1271
 144  1371 146  1571 148  1671 150  1571 148  1571 146  1471 143  1371 139  1271
 135  1171 135  1271 134  1271 135  1371 133  1251 132  1151 131  1111 130  1151
 130  1151 134  1111 143  1251 155  1251 164  1311 168  1351 167  1251 166  1211
 166  1451 166  1551 165  1711 162  1751 158  1651 154  1611 151  1551 148  1451
 145  1361 141  1361 137  1361 135  1361 135  1361 136  1361 136  1361
747 127   001 123   001 124   001 124   001 123   001 118   001 118   371
 118  1071 118  1171 121   771 127  1171 134  1071 142  1271 152  1271 160  1371
 168  1371 172  1271 172  1271 165  1271 157  1271 149  1271 143  1371 140  1371
 138  1471 135  1571 132  1671 131  1771 129  1771 127  1671 126  1671 126  1771
 127  1871 129  1971 133  1771 137  1471 142  1271 147  1371 154  1371 158  1471
 162  1471 163  1571 160  1571 154  1471 146  1371 139  1271 136  1371 137  1371
 138  1471 139  1571 137  1671 136  1771 135  1751 134  1751 133  1711 133  1851
 134  2051 136  2111 138  1851 141  1651 144  1311 148  1451 152  1551 156  1611
 160  1651 162  1751 159  1711 151  1551 140  1451 131  1211 127  1351 125  1351
 124  1461 123  1561 122  1761 121  1861 120  2061 119  2161 118  2361
NT  TEDF  78  35 1
20140401032014033122
20140401032014033123
20140401032014040100
20140401032014040101
20140401032014040102
20140401032014040103
20140401032014040104
20140401032014040105
20140401032014040106
20140401032014040107
20140401032014040108
20140401032014040109
20140401032014040110
20140401032014040111
20140401032014040112
20140401032014040113
20140401032014040114
20140401032014040115
20140401032014040116
20140401032014040117
20140401032014040118
20140401032014040119
20140401032014040120
20140401032014040121
20140401032014040122
20140401032014040123
20140401032014040200
20140401032014040201
20140401032014040202
20140401032014040203
20140401032014040204
20140401032014040205
20140401032014040206
20140401032014040207
20140401032014040208
20140401032014040209
20140401032014040210
20140401032014040211
20140401032014040212
20140401032014040213
20140401032014040214
20140401032014040215
20140401032014040216
20140401032014040217
20140401032014040218
20140401032014040219
20140401032014040220
20140401032014040221
20140401032014040222
20140401032014040223
20140401032014040300
20140401032014040301
20140401032014040302
20140401032014040303
20140401032014040304
20140401032014040305
20140401032014040306
20140401032014040307
20140401032014040308
20140401032014040309
20140401032014040310
20140401032014040311
20140401032014040312
20140401032014040313
20140401032014040314
20140401032014040315
20140401032014040316
20140401032014040317
20140401032014040318
20140401032014040319
20140401032014040320
20140401032014040321
20140401032014040322
20140401032014040323
20140401032014040400
20140401032014040401
20140401032014040402
20140401032014040403
002400150016001800180017001617162715271427132713271335133514311435153516311
63515351531133512351131123513351331143513351331133514351431143514351431133514351
43114351535153114351435133114351435153115351535153115351435143115351535153114351
33513311335133514311435143514311535153515311535153515361536153615361636163617361
005400140015001700180016001617162715271527152715271535143515311535153515311
53515351431133512351131113512351331143514351431133513351331133513351331133512351
33113351435143114351435143114351435153115351435143114351435143114351435143113351
33512311235123512311335133514311435143514311335133513361336133614361536163616361
015300130014001400150017001617152714271327132712371235123512311335143514311
53516351631153514351231113511351231133514351531153515351431143514351431143514351
33113351235123113351435153115351435143114351435143115351535163116351535153114351
33512311235123512311235133513311435143515311435133513361336133613361436153616361
027400160014001200110012001317131714271427152715271535153515311535153515311
53515351531153514351431143515351531153514351431143514351431143513351331133513351
43114351535153116351635163115351535153115351535153115351435143114351535153115351
53515311535143514311535153516311735173516311635153515361536153616361636163616361
070500130011001300120013001417142715271527142714271435143514311435153515311
53515351531143514351331123511351131123513351431143514351431143514351531143513351
33113351335143114351535153115351535143114351435143114351435153114351435143114351
43514311435133513311335133513311335133513311235123512361236133613361436153616361
110000100012001400130014001517152716271627162716271635163515311535143514311
43514351531153516351631153514351431143515351631173516351631153515351531163516351
73116351535153115351535163116351635163116351635153115351535163116351735173117351
73517311635163515311635163517311735163516311635163516361636163616361636163616361
120000110010001300130011001217132714271427142714371435143513311335133513311
43515351531153515351531153515351531153515351531153516351731173517351631163516351
53115351535153116351635173116351635163116351635163116351735173117351735173117351
73517311735173517311735173517311735173517311735163516361636163616361636163616361
130200100011001100140010001117122712271327142714271535143513311335143515311
53515351531143514351431143515351531153515351531153516351731163516351531153515351
43114351535153116351635163116351635163116351635163116351635163116351635163116351
63516311535153515311535163517311735173517311635163516361636163616361636163616361
145400140014001500170014001417142714271427142714271435143515311535163516311
53513351231123513351431143514351431133513351331143515351631163515351431133513351
43114351435143114351535153114351435133113351335133113351435143114351435143114351
43514311435133513311335133513311335133513311335133513361336143614361436153615361
149600140014001400150016001517162716271627152714271435143514311535163516311
53513351231123513351431143514351431133513351331143515351631163515351431133513351
43114351435143114351535153114351435143113351335133114351435153115351435143114351
43514311435133513311335133513311335133513311335133513361336133613361436143615361
156500140014001400170015001517152715271527142714271435143515311635163516311
53513351231123513351431143514351431133513351331143515351631163515351431133513351
43114351435143114351435143114351435143113351335133114351535153115351435143114351
43514311435133513311335133513311335133513311335133513361336133614361436153615361
168400140013001200120013001317132713271337133713271335143514311535163516311
53515351431133512351131113512351231123512351231123513351431153515351431143514351
33113351335133114351435143114351435143114351335143114351435153115351535153115351
53514311335123512311235133514311535153515311535143514361336133614361436143615361
180600140014001400140013001417142714271427132713271335133514311435153515311
53515351531143514351431133512351131113511351231123513351431143514351431143513351
33114351535153115351535153114351435143114351435143114351435143114351335133113351
43514311335133512311235123513311435153515311535143514361436143615361536153615361
190600160018001700180015001517142713271327122712371235133514311435143515311
53516351631153515351431143515351531143513351231113512351231123512351231123512351
23113351335133114351435143114351435143113351335133113351335133113351335133113351
23512311235123511311235123512311335143514311435133513361336133614361436153616361
222000110010001100110013001417152716271627172717271535143513311335143515311
53515351531153515351531153515351531153515351631163517351631163515351431143513351
43114351435143115351635173117351735173116351635163116351635163116351635163116351
63516311635163516311735173517311735173516311635163516361636163616361636163616361
240600140013001300130014001517162716271627162716271535143513311335143514311
43514351431143514351431143515351531153514351431143515351531153515351431143514351
53115351535153115351535153115351535153115351535153115351535153116351635163115351
43513311335143515311535153516311635153515311535153515361536163616361636163616361
255400140014001300120013001517162716271627152715271435133512311235123512311
33513351431133513351331133513351431143514351431143515351531153514351431133513351
33113351435143114351435143114351435133113351335143114351535153114351435133113351
33513311335123513311335143515311535153515311535153515361536153615361536153616361
260400140014001300120014001517152716271527152714271435143514311435143514311
33513351331133512351231133513351331133513351331133513351331143514351431133513351
23113351335143114351435143114351435143114351335123112351335133114351435143115351
53514311335133512311335143514311435133513311435153516361636163615361536153615361
280500140013001000120010001017102711271127113712371235133514311435153516311
53514351331133512351231123512351331133512351231133514351531153515351531143513351
33113351335143114351435133114351435143114351435153115351535163115351435143114351
43514311435133513311435153515311535143514311435153515361536153615361536153615361
299700170016001600150014001317122712271227122712271235123512311235123513311
33514351431143514351431133512351231123512351231123511351231123512351231123512351
23112351235133113351235123112351235123112351235123112351235123112351235123112351
23511311135113512311235133514311435143514311435143513361236123612361336143615361
434300130013001400150017001717171716271627152714271335123512311235133513311
43514351431133513351331133513351431143514351431143513351331143514351531153514351
33112351235123113351435163116351535153114351435143114351435153115351535153114351
33512311235123512311235123513311435153516311635153515361536153615361536153615361
460400130010001000120014001417141715271527152714271435143514311435133513311
33513351331133513351331143514351431143514351431143514351431143513351331133514351
43114351435143113351235133113351535153115351535143114351435143115351535153115351
33512311135113512311335153516311635163515311535153515361536153615361536153615361
481400110011001100130011001217131713271327132713271335143514311535153515311
43512351231123512351331133513351331133514351431153516351631153514351331133513351
33113351335133114351435153115351635163115351535153115351535153115351435143114351
43514311435133513311435143515311635163516311635163516361636163616361636163616361
497400140016001400130011001217132713271327132713271435143515311635173517311
73516351531143513351231113511351231123513351431153516351631163516351531133512351
23112351235133113351335133113351435153115351535163116351635163116351535153115351
53515311535153516311635163516311635153515311535163516361636163615361536153615361
510700170016001600140014001417142714271327132712271135113511311235133514311
43514351331133514351431143515351531153515351431143514351431153514351431133512351
23112351335143115351635163117351635163115351435143115351635163117351735163116351
53515311535163517311735173517311735173517311635163516361636163616361636163616361
579100100011001200140014001417152715271527162716271635163516311535143514311
33513351331143514351531163516351731173516351531153515351531163516351631163515351
53116351735173117351635163115351635163115351535153115351535163116351635163116351
73517311735173517311735173517311735173517311735173517361736163616361636163615361
588400140013001100100012001217132713271427142714271535153515311635153514311
33512351131123512351331143515351531153514351431153515351531153514351431143514351
53115351535153116351635163116351535143114351435143115351635163116351635163116351
63516311635163517311735173517311735173517311735173517361736163616361636163616361
621500170017001700170015001417131712271227122712271235133513311435143514311
43514351531153515351531143513351331143515351631153514351331133512351231123512351
23113351335143114351535153114351335133113351435153115351635163116351635163116351
73517311735173517311735173517311735173517311735173516361636163616361636163615361
630500140014001400140015001517151715271427132712271135113512311235133513311
43514351431143515351531153515351531153515351531153515351431143514351431143514351
43114351435143114351435143115351535153115351535153115351535153115351535153115351
53515311535163516311635173517311735173517311735173516361636163615361536153615361
643400140014001400170014001417151715271627172717371835173517311735173516311
53515351531153515351631163517351731173517351731173516351631163517351731173517351
73117351735173117351735173117351735173117351735173117351735173117351635163117351
73517311735173517311735173517311735173517311735163516361636163616361536153615361
645000130014001400140014001517151715271527162716371735173517311635153514311
43514351531153515351531163516351731173517351631163516351631163516351631163516351
63117351735173117351635163116351635163117351735173116351635153115351635163117351
73517311735173517311735173517311735173517311735173516361636163616361636153615361
650000110013001400140014001517152715271527152715371535153515311435133513311
33513351431143514351431153515351631163516351631163515351531153515351531153516351
63117351735173117351635163116351635163116351535153116351635173117351735173117351
73517311735173517311735173517311735173517311735173517361636163616361636153615361
675400140013001100130014001417152715271527152715271635163515311535133512311
23512351231133514351431153515351531153516351631163516351631163516351631153515351
53116351635173116351635153115351535153116351635163116351535153115351535163116351
73517311735163516311635163517311735173517311735173517361636163616361636153615361
690500160017001400130010001117122712271327142715271535153514311435153515311
43513351331133513351331143514351431143514351531153515351631163516351631153515351
53116351635163115351535153115351635163116351535153115351635163116351635163116351
73517311735173516311735173517311735173517311735173517361636163616361636163615361
747400140013001400140014001417142715271527152715271635163516311635163515311
53515351531153516351631173517351731163516351531153516351631163516351631163516351
63116351635173117351735163115351535143114351435153116351635173117351735173117351
73517311735173517311735173517311735163516311635163516361536153615361536153615361
