20141123091420
T2M TEDF  78  35 1
20141123092014112304
20141123092014112305
20141123092014112306
20141123092014112307
20141123092014112308
20141123092014112309
20141123092014112310
20141123092014112311
20141123092014112312
20141123092014112313
20141123092014112314
20141123092014112315
20141123092014112316
20141123092014112317
20141123092014112318
20141123092014112319
20141123092014112320
20141123092014112321
20141123092014112322
20141123092014112323
20141123092014112400
20141123092014112401
20141123092014112402
20141123092014112403
20141123092014112404
20141123092014112405
20141123092014112406
20141123092014112407
20141123092014112408
20141123092014112409
20141123092014112410
20141123092014112411
20141123092014112412
20141123092014112413
20141123092014112414
20141123092014112415
20141123092014112416
20141123092014112417
20141123092014112418
20141123092014112419
20141123092014112420
20141123092014112421
20141123092014112422
20141123092014112423
20141123092014112500
20141123092014112501
20141123092014112502
20141123092014112503
20141123092014112504
20141123092014112505
20141123092014112506
20141123092014112507
20141123092014112508
20141123092014112509
20141123092014112510
20141123092014112511
20141123092014112512
20141123092014112513
20141123092014112514
20141123092014112515
20141123092014112516
20141123092014112517
20141123092014112518
20141123092014112519
20141123092014112520
20141123092014112521
20141123092014112522
20141123092014112523
20141123092014112600
20141123092014112601
20141123092014112602
20141123092014112603
20141123092014112604
20141123092014112605
20141123092014112606
20141123092014112607
20141123092014112608
20141123092014112609
002 111   001 109   001 109   001 106   001 109   001 114   001 114   371
 118   571 123   671 123   671 119   971 112  1071 102  1071  93  1171  86  1171
  82  1171  81  1071  80  1071  78  1071  75  1071  73  1071  73  1071  72  1071
  72  1071  71   971  70   971  68   871  65   871  63   971  63   971  65  1071
  70  1071  73  1171  74  1171  73  1171  71  1171  67  1171  64  1171  61  1171
  61  1171  60  1171  60  1171  60  1171  60  1271  59  1271  59  1171  59  1171
  59  1071  60  1071  59   971  58   911  57   951  56   951  57   911  61  1051
  67  1051  72  1111  75  1151  76  1251  75  1211  71  1251  67  1351  65  1311
  66  1351  70  1351  73  1311  74  1351  74  1251  74  1211  74  1251  75  1151
  77  1111  79  1151  81  1051  81  1011  80  1051  78  1051  80  1011
005  97   001  95   001  95   001 100   001  99   001 106   001 117   471
 125   671 132   871 134   971 131  1171 126  1171 120  1071 113   871 105   771
  98   871  92   871  88   971  85   971  83   871  81   871  80   871  77   971
  75   971  73   971  71   871  69   871  66   871  64   971  65   971  72  1171
  80  1271  85  1471  84  1471  79  1471  74  1471  69  1271  65  1071  62   871
  59   871  57   871  55   871  52   871  50   871  49   871  49   871  50   971
  50   971  50   971  50  1071  50  1071  51  1051  53  1151  58  1111  65  1251
  72  1451  78  1511  81  1551  82  1451  81  1411  79  1251  78  1151  77   911
  77   951  78   951  80   911  81   951  82   951  81   911  78   951  75  1051
  74  1011  76  1051  78  1051  80  1011  79  1051  78  1051  81  1011
015  90   001  87   001  92   001  86   001  88   001  99   001 111   671
 123   771 131   971 134   971 131  1071 126  1171 121  1071 118  1171 114   971
 110   971 106  1071 102  1071  99  1171  94  1171  91  1271  90  1271  89  1271
  87  1271  83  1271  78  1271  73  1271  70  1171  67  1071  69   971  75  1071
  81  1271  85  1371  83  1371  79  1271  73  1271  65  1171  59  1071  54   971
  51  1071  50  1071  49  1171  48  1171  47  1271  46  1271  44  1271  42  1171
  42  1171  42  1271  44  1271  45  1311  45  1251  47  1251  51  1111  59  1251
  69  1351  77  1311  81  1351  81  1451  79  1411  76  1251  73  1151  71   911
  70   951  69  1051  69  1011  69  1151  70  1251  70  1211  69  1251  68  1151
  68  1111  69  1151  70  1251  71  1211  71  1251  72  1151  75  1111
027  99   001 101   001 102   001 109   001 113   050 116   001 119   471
 121   671 123   771 121   971 117  1071 111  1271 105  1171 101  1171  98  1071
  95  1071  91  1071  88   971  86  1171  84  1271  83  1371  82  1471  82  1471
  81  1571  79  1571  77  1471  75  1411  75  1471  76  1271  81  1171  88  1171
  95  1071 100  1071 104  1171 104  1271 102  1371  97  1171  92  1071  87   971
  84   971  83  1071  82  1071  81  1171  80  1271  80  1371  79  1471  79  1471
  78  1571  76  1571  74  1471  73  1411  73  1351  75  1451  78  1311  81  1351
  85  1251  90  1111  96  1151 100  1251 101  1211  97  1151  91  1051  87   911
  88   951  91   951  94   911  94  1051  93  1251  90  1311  88  1451  87  1451
  87  1511  88  1551  90  1651  92  1611  92  1551  93  1351  95  1211
070  67   001  64   001  70   001  70   001  76   001  91   001 107   471
 118   771 127   971 133   971 135  1171 131  1071 126  1171 119  1271 113  1371
 110  1471 109  1571 107  1671 103  1671  98  1671  95  1671  93  1671  91  1671
  90  1671  89  1671  89  1671  89  1671  90  1471  91  1271  94  1071  97  1271
 102  1371 104  1671 104  1571 103  1471 100  1371  95  1371  89  1371  82  1371
  77  1571  72  1671  66  1871  62  1871  59  1871  56  1871  54  1771  51  1771
  50  1771  49  1771  49  1871  51  1811  56  1651  63  1551  71  1211  79  1351
  86  1451  93  1511  98  1451 101  1451 101  1311  97  1451  92  1451  87  1511
  84  1551  83  1651  82  1711  80  1851  76  1851  73  1711  70  1751  69  1751
  69  1711  71  1751  73  1751  77  1711  81  1551  85  1351  90  1111
110  95   001  94   001  92   001  94   001  97   001  99   001  95   471
  92   671  90   871  90   871  93  1071  95   971  93   971  91   871  89   871
  87   971  87  1071  86  1171  84  1171  80  1271  77  1271  73  1271  70  1271
  67  1271  66  1271  65  1271  67  1271  70  1171  75  1071  80   971  87  1171
  92  1271  98  1371 102  1271 104  1051 103   911  98   951  91  1051  86  1011
  84  1151  85  1151  86  1211  86  1351  87  1351  87  1411  88  1451  90  1351
  91  1311  91  1351  90  1351  89  1311  89  1151  89  1051  91   811  95   951
  99  1151 104  1111 108  1051 110  1051 111  1011 109  1051 106  1051 102  1011
  99  1151  96  1351  93  1511  91  1551  89  1551  88  1611  87  1651  86  1551
  85  1511  83  1551  82  1651  82  1611  85  1451  90  1351  96  1111
120 110   001 103   001  97   001  96   001  99   001  99   001 102   471
 103   671 102   771 101   871  99   871  96   871  93   871  90   871  86   871
  84   871  85   971  84   971  83   971  82   971  80   971  78   971  77  1071
  76  1071  75  1071  75  1171  75  1171  76  1071  77  1071  81   971  86   971
  90   971  94   971  94   871  92   771  89   871  87   871  85   871  84   971
  84   971  84  1071  85  1071  85  1071  85  1071  85  1071  85  1171  85  1171
  85  1271  85  1271  86  1271  85  1211  84  1151  83  1051  84   911  88   951
  94  1051 100  1011 105  1051 107  1151 107  1111 103  1051  99  1051  95   911
  94   951  95  1051  96  1011  95  1051  92  1051  90  1011  89  1151  89  1251
  89  1311  89  1351  88  1351  87  1311  87  1251  88  1151  92  1011
130 118   001 120   001 121   001 121   001 123   001 124   001 124   871
 124  1071 123  1271 121  1071 117  1271 114  1171 111  1071 108   971 105   871
 102   871  99   971  96   971  94  1071  93  1171  92  1271  90  1371  89  1371
  87  1471  86  1471  85  1371  86  1371  88  1271  90  1371  93  1271  96  1371
 101  1471 103  1571 104  1471 104  1471 103  1371 100  1271  97  1171  94  1071
  93   971  91  1071  90  1071  89  1171  88  1171  87  1271  85  1371  85  1471
  85  1571  85  1571  85  1471  86  1471  88  1451  91  1351  95  1311  99  1351
 104  1451 109  1411 114  1451 117  1351 118  1311 116  1151 111  1051 107   811
 104   851 103   951 102   911 101  1051  99  1251  97  1311  94  1451  92  1551
  90  1611  90  1651  90  1551  91  1511  91  1551  93  1551  96  1511
145  91   001  89   001  85   001  82   001  79   001  97   001 109   671
 120   771 131   971 139   971 143  1171 143  1271 138  1171 132  1171 124  1071
 119  1071 115  1071 111  1071 108  1171 103  1171  99  1271  95  1271  91  1371
  89  1371  88  1271  87  1271  87  1171  86  1171  85  1271  84  1271  85  1271
  88  1371  90  1371  93  1371  94  1371  94  1371  92  1271  89  1071  86  1071
  84  1071  83  1071  82  1071  81  1071  79  1171  77  1171  74  1271  71  1371
  69  1471  69  1471  70  1371  71  1311  70  1351  70  1351  72  1311  78  1451
  85  1451  93  1511  99  1551 103  1451 104  1411 103  1351 100  1251  98  1111
  97  1151  97  1151  97  1111  97  1151  96  1251  95  1211  94  1251  93  1351
  92  1311  92  1351  93  1251  92  1211  90  1251  88  1351  89  1311
149  67   001  83   001  84   001  61   001  71   001  99   001 112   371
 125   771 139   971 150   871 155  1271 154  1271 147  1171 139  1071 132   971
 128   971 126   871 123   871 118  1071 112  1171 107  1371 104  1471 102  1471
 101  1571 100  1571  99  1571  97  1571  95  1371  94  1271  93  1071  95  1171
  98  1271 102  1471 104  1471 105  1451 104  1411 101  1251  97  1051  93   811
  91   951  89   951  88   911  86  1051  83  1251  80  1311  76  1451  74  1551
  72  1611  72  1651  74  1751  75  1711  75  1551  75  1451  78  1211  84  1351
  93  1551 101  1611 107  1651 110  1551 111  1511 109  1451 105  1251 102  1111
 100  1051  99  1051  99   911  99  1151  99  1251  98  1411  96  1451  95  1451
  94  1411  95  1451  97  1551  97  1511  95  1451  92  1251  92  1111
156 100   001  99   001  98   001  91   001  95   001 102   001 118   471
 131   771 141   971 149   971 153  1071 152  1071 147  1071 142  1071 138  1071
 135  1071 133   971 129   971 123  1071 116  1071 110  1171 106  1171 104  1271
 103  1271 102  1271 100  1271  98  1271  96  1271  95  1171  95  1171  98  1271
 101  1271 104  1371 105  1371 105  1271 103  1271 100  1171  97  1071  94  1071
  91  1071  89   971  87   971  86  1071  85  1071  84  1171  81  1171  78  1271
  76  1271  76  1271  76  1371  77  1371  77  1351  78  1351  81  1311  88  1451
  97  1551 105  1611 110  1651 111  1451 111  1311 110  1251 108  1251 106  1111
 104  1151 102  1051 101  1011 102  1051 103  1151 104  1111 103  1151 101  1251
 100  1211 100  1251 101  1251 101  1211  98  1251  96  1351  96  1311
168  64   001  62   001  76   001  70   001  60   001  99   001 114   371
 129   471 144   671 155   671 161  1071 159   971 149  1171 134  1371 120  1571
 111  1771 105  1671 100  1771  97  1771  95  1771  93  1771  90  1871  87  1871
  85  1971  85  1871  86  1871  88  1771  90  1571  93  1471  98  1271 106  1371
 114  1471 121  1571 124  1471 124  1371 119  1271 110  1371 100  1571  90  1671
  85  1771  82  1871  81  1871  79  1871  77  1971  74  1971  71  1971  69  1971
  67  1971  66  1971  66  1971  68  1911  73  1751  79  1551  88  1311  98  1451
 108  1451 117  1511 124  1551 127  1451 125  1411 116  1551 105  1651  95  1711
  91  1851  91  1851  91  1911  90  1951  88  1851  85  1811  83  1851  81  1951
  80  1911  79  1951  80  1951  81  1911  84  1751  88  1551  95  1311
180  34   001  27   001  16   001  22   001  30   001  60   001  80   471
 100   871 119  1071 132  1071 134  1271 128  1271 122  1271 116  1371 112  1271
 107  1371 104  1471 102  1571 101  1471 101  1571 102  1571 101  1571 100  1471
  98  1471  95  1471  91  1571  88  1571  87  1571  89  1671  92  1771  97  1671
 102  1771 108  1871 113  1671 115  1671 113  1571 107  1371  98  1371  88  1271
  82  1371  78  1671  75  1671  72  1671  70  1671  68  1671  67  1671  65  1571
  64  1571  62  1671  60  1671  58  1711  57  1751  58  1651  62  1611  69  1551
  78  1551  87  1511  94  1551  97  1551  97  1511  92  1451  85  1251  78  1111
  73  1251  70  1451  68  1511  66  1651  65  1751  64  1711  64  1751  65  1751
  66  1711  66  1751  65  1851  63  1811  61  1851  61  1751  65  1711
190  52   001  52   001  52   001  52   001  54   001  57   001  70   971
  82  1371  92  1471 100  1571 104  1571 105  1571 104  1571 101  1471  97  1371
  94  1471  90  1671  87  1771  85  1771  84  1571  86  1571  90  1671  94  1671
  96  1771  95  1771  91  1671  88  1671  87  1771  88  1671  95  1771 106  2071
 117  2271 125  2371 123  2271 116  2251 107  2011 100  1851  96  1651  93  1511
  91  1651  89  1651  87  1711  84  1751  80  1751  78  1711  77  1851  77  1851
  76  1911  74  1951  71  1951  69  1911  68  1851  69  1751  71  1711  73  1651
  76  1751  80  1811  84  1851  87  1751  87  1711  84  1551  80  1351  76  1111
  75  1251  76  1551  76  1611  75  1651  73  1851  71  1811  69  1951  68  2051
  68  2111  69  2051  70  2051  70  1911  69  1851  69  1851  70  1711
222 129   001 133   001 132   001 133   001 135   001 136   001 138   471
 145   671 150   871 153   871 151  1071 145   971 136  1071 126  1071 118  1071
 113  1071 110  1071 109  1071 109  1171 110  1171 110  1271 108  1371 106  1371
 105  1471 105  1471 106  1471 107  1471 106  1371 106  1171 106  1171 111  1271
 116  1271 121  1471 124  1471 123  1371 121  1371 117  1171 113  1171 109  1171
 107  1171 105  1171 105  1171 105  1171 105  1271 104  1271 101  1371  98  1471
  96  1571  96  1571  96  1471  97  1471  97  1351  98  1251 102  1111 110  1151
 119  1351 128  1311 134  1451 137  1451 135  1511 129  1551 121  1351 114  1211
 109  1251 107  1151 106  1111 106  1251 106  1251 105  1311 103  1451 101  1451
 100  1511 100  1551 100  1651 100  1611  98  1551  97  1351 100  1211
240  92   001  94   001  93   001  89   001  92   001 103   001 124   371
 144   471 159   571 169   671 173   871 170   971 162   971 150   971 139   971
 132  1071 127  1071 124  1171 121  1171 117  1271 115  1271 114  1271 114  1271
 112  1271 110  1271 107  1371 105  1371 105  1271 107  1271 109  1171 114  1071
 118  1071 123  1071 124  1071 125  1071 124  1071 122   971 118   971 114   971
 110  1071 106  1171 103  1271 101  1371  98  1371  97  1471  96  1471  95  1571
  94  1571  93  1571  93  1671  92  1671  92  1551  93  1551  96  1411 102  1351
 109  1251 116  1111 121  1151 125  1151 125  1111 122  1151 118  1051 114  1011
 111  1151 109  1251 108  1211 107  1351 106  1251 105  1311 104  1351 103  1351
 102  1311 102  1451 102  1451 100  1511  97  1451  94  1351  94  1211
255  91   001  86   001  85   001  86   001  93   001 114   001 132   571
 150   871 166   871 177   871 182  1171 180  1171 171  1071 158  1071 145   971
 139   871 135   871 132   771 129   871 125  1071 123  1171 121  1271 120  1371
 117  1471 112  1571 107  1571 105  1671 108  1571 115  1471 123  1271 130  1371
 137  1471 142  1571 144  1471 143  1571 140  1371 134  1271 126  1071 119   971
 114   971 111   871 109   871 107   971 105  1171 102  1271 100  1271  97  1371
  96  1371  95  1471  96  1471  96  1511  97  1551  99  1451 104  1311 112  1451
 122  1551 130  1611 135  1651 136  1451 134  1411 129  1251 122  1251 116  1011
 113   951 111   951 110   811 109   951 107  1151 105  1211 104  1251 102  1351
 101  1311  99  1451  98  1651  97  1711  97  1551  99  1451 102  1211
260 110   001 102   001 103   001 106   001 112   001 125   001 144   571
 161   871 173  1171 181  1071 184  1271 181  1171 170  1171 156  1271 142  1271
 132  1371 127  1471 125  1571 125  1571 126  1771 125  1771 121  1771 115  1771
 109  1771 106  1771 105  1771 107  1771 111  1671 117  1571 125  1471 134  1571
 142  1671 150  1771 154  1671 154  1471 150  1371 140  1371 128  1371 117  1271
 110  1471 107  1571 106  1671 104  1671 102  1771  99  1771  97  1771  95  1671
  94  1671  94  1671  94  1571  96  1511  98  1551 102  1451 108  1411 116  1651
 124  1751 132  1811 137  1751 139  1751 137  1611 130  1651 122  1551 116  1611
 114  1751 115  1851 115  1911 113  1951 110  1951 106  1911 102  1951 100  1951
  99  1911 100  1951 101  2051 102  2011 101  1851 101  1751 103  1511
280  57   001  60   001  62   001  56   001  66   001  82   001  95   371
 116   771 134  1271 147  1271 153  1671 153  1671 147  1571 139  1571 130  1471
 123  1571 119  1671 116  1671 113  1671 110  1471 106  1471 102  1571  97  1571
  92  1671  89  1571  87  1471  86  1371  85  1371  85  1271  91  1171 102  1471
 115  1671 127  1971 133  2071 133  2071 129  2071 121  1971 112  1871 103  1771
  98  1771  95  1771  93  1771  92  1671  91  1571  89  1571  88  1671  85  1671
  82  1771  79  1671  77  1671  76  1511  76  1451  78  1351  82  1211  87  1451
  93  1651 100  1811 106  1751 111  1651 112  1711 109  1651 104  1751  98  1511
  94  1651  92  1551  90  1611  89  1651  87  1651  85  1611  82  1751  79  1751
  78  1811  79  1851  81  1751  83  1711  85  1651  86  1651  89  1511
299  49   001  43   001  44   001  40   001  61   001  71   001  92   571
 114   871 129  1171 136  1171 134  1371 128  1371 120  1471 112  1371 103  1271
  96  1371  89  1571  85  1671  85  1671  87  1671  91  1671  95  1571  97  1571
  96  1471  91  1371  86  1371  84  1271  88  1371  98  1471 113  1471 130  1471
 146  1471 155  1571 153  1571 143  1571 129  1571 117  1671 107  1471  99  1471
  93  1571  89  1671  87  1871  86  1871  86  1871  83  1871  79  1771  74  1771
  70  1671  68  1671  67  1571  69  1511  73  1451  78  1451  84  1311  90  1251
  96  1251 100  1211 102  1351 102  1451  99  1511  92  1451  85  1251  80  1111
  79  1351  81  1451  83  1611  82  1751  79  1851  76  1911  73  1851  72  1851
  70  1711  69  1751  68  1651  69  1611  72  1551  77  1551  84  1411
434 133   001 135   001 138   001 140   001 146   001 157   001 170   371
 181   471 189   671 193   671 192   771 188   871 180   871 170   871 161   871
 153   871 146   871 141   871 137   971 134   971 132  1071 130   971 128   971
 127   871 126   871 126   871 126   871 127   971 130  1171 135  1271 143  1271
 154  1071 161  1071 164  1171 163  1051 159  1011 153  1051 146   951 138   911
 131  1051 125   951 121   911 119   951 117  1051 116  1011 114  1051 112   951
 111   911 111   951 111   951 110   911 108  1151 107  1151 109  1211 115  1451
 122  1451 129  1511 132  1551 132  1651 129  1611 124  1451 118  1351 113  1211
 110  1251 108  1151 107  1111 106  1151 104  1151 103  1111 102  1151 101  1251
 101  1211 101  1251 100  1151  99  1111  97  1151  96  1151  97  1111
460 131   001 130   001 139   001 147   001 152   001 159   001 175   471
 189   871 197  1071 200  1071 199  1171 194  1171 186  1171 175  1171 165  1071
 157  1171 150  1271 147  1271 145  1471 144  1571 143  1771 141  1771 137  1671
 134  1671 129  1671 126  1771 125  1771 128  1671 134  1471 142  1371 152  1371
 162  1471 169  1471 173  1471 173  1371 167  1271 156  1271 141  1171 129  1171
 122  1271 120  1371 120  1471 121  1571 121  1771 119  1871 116  1871 110  1771
 105  1771 102  1871 102  1971 104  2011 108  1851 113  1651 121  1411 131  1551
 142  1651 151  1611 157  1751 157  1851 153  1911 143  1751 131  1651 122  1411
 118  1451 118  1451 119  1411 119  1651 118  1851 116  1911 113  1951 110  2051
 106  2011 102  2151 100  2151 100  2211 103  2051 109  1951 116  1711
481 115   001 118   001 124   001 128   001 132   001 143   001 154   571
 165   971 171  1471 174  1471 175  1671 173  1571 171  1471 168  1371 165  1271
 162  1271 158  1271 155  1171 152  1171 150  1171 148  1171 148  1271 146  1271
 142  1371 136  1371 130  1371 126  1371 125  1471 129  1571 137  1571 149  1771
 160  1771 170  1971 174  1871 174  1671 169  1571 161  1471 153  1371 145  1371
 138  1471 133  1371 127  1371 121  1371 116  1371 112  1271 110  1371 109  1471
 108  1571 105  1571 101  1471 100  1411 102  1451 108  1451 115  1411 123  1551
 132  1651 139  1711 144  1751 147  1951 146  1911 142  1751 137  1651 131  1411
 127  1451 124  1351 121  1311 119  1351 116  1351 115  1311 115  1451 114  1651
 114  1711 113  1651 111  1651 110  1511 110  1651 111  1651 114  1711
497  48   001  56   001  56   001  55   001  67   001  79   001 103  1171
 125  1571 140  1571 144  1571 137  1871 125  1771 116  1671 109  1671 103  1771
  97  1871  91  1971  85  2071  81  1971  77  1971  75  1871  74  1871  73  1971
  72  1971  70  2071  68  2071  66  2171  66  2371  70  2571  85  2771 111  2671
 140  2671 161  2571 165  2571 155  2471 138  2271 118  2071 101  2071  87  1971
  80  2071  77  2271  76  2371  75  2271  73  2171  69  1971  66  1971  63  2071
  61  2071  60  2171  61  2371  61  2471  62  2651  66  2651  78  2811 100  2751
 125  2651 142  2511 144  2251 134  2051 118  1811 102  1851  89  1851  79  1911
  74  2051  72  2251  72  2311  72  2251  71  2151  70  2011  69  2051  68  2151
  66  2111  64  2251  63  2351  62  2411  63  2551  68  2551  79  2611
510 148   001 140   001 139   001 141   001 147   001 153   001 166   371
 181   671 194   571 202   671 204  1171 201  1271 194  1171 182  1171 173  1071
 166  1071 160   971 154   971 149   971 144   971 140   971 139  1071 139  1171
 138  1271 137  1271 135  1371 135  1371 136  1271 139  1071 145   971 153   971
 162  1071 169  1071 173  1171 174  1171 172  1271 168  1171 163  1071 158   971
 153   971 148  1071 144  1071 140  1071 136   971 132   971 129  1071 127  1271
 126  1371 127  1371 128  1471 128  1411 126  1351 125  1351 126  1211 132  1251
 141  1151 149  1111 154  1251 155  1451 153  1411 147  1351 140  1151 133  1011
 129  1151 127  1251 126  1211 124  1251 121  1151 118  1111 115  1251 113  1251
 111  1311 110  1351 110  1451 110  1411 109  1351 109  1351 112  1211
579 112   001 115   001 113   001 111   001 120   001 151   001 160   571
 168   871 175   971 178  1071 178  1171 173  1071 165  1171 150  1171 139  1271
 133  1271 130  1371 127  1371 122  1371 118  1471 114  1471 112  1571 111  1771
 108  1871 103  1971  97  2071  96  2171 101  2071 112  1971 127  1771 145  1771
 162  1671 175  1671 182  1471 182  1271 176   971 165  1071 153  1271 140  1471
 131  1471 125  1571 121  1471 120  1471 119  1571 117  1571 115  1671 112  1871
 110  1971 109  2071 110  2271 112  2311 116  2251 122  2051 130  1911 138  1851
 147  1751 155  1611 161  1551 164  1351 162  1111 155  1251 145  1251 137  1411
 134  1451 133  1551 133  1511 131  1651 127  1651 125  1711 125  1851 126  1851
 127  1911 127  2051 127  2251 127  2311 128  2151 131  2051 135  1811
588 101   050 103   030 103   350 105   650 108   950 115  1250 128  1571
 146  1671 163  1671 173  1671 175  1571 168  1571 151  1571 132  1671 115  1671
 107  1671 104  1571 103  1571 100  1571  97  1571  93  1571  90  1671  88  1771
  86  1871  85  1871  85  1871  86  1871  88  1871  93  1871 103  1771 119  1771
 138  1771 154  1771 163  1771 164  1771 158  1671 146  1671 131  1771 116  1771
 108  1671 103  1571 101  1471 100  1471 100  1571 101  1571 100  1671  99  1871
  98  1971  97  1971  96  2051  97  2011 101  1951 106  1751 113  1611 120  1751
 128  1751 136  1811 143  1851 148  1751 146  1711 137  1751 124  1751 112  1711
 106  1651 104  1651 104  1511 105  1651 105  1651 105  1711 104  1751 103  1851
 101  1811  98  1851  96  1951  96  1911  99  1851 103  1651 109  1511
621 116   001 117   001 117   001 126   001 151   001 189   001 203   371
 213   771 218   871 218   971 211   971 199   971 183  1171 159  1371 142  1471
 131  1471 127  1271 126  1371 126  1571 126  1871 123  2071 118  2071 112  1971
 108  1971 107  1971 109  1971 113  1971 119  1871 128  1771 137  1671 146  1671
 154  1671 160  1671 163  1571 162  1471 156  1371 144  1371 131  1471 120  1571
 115  1471 114  1571 114  1571 114  1771 113  1971 111  2171 108  2071 104  2071
 103  1971 105  1971 109  2071 112  2011 113  1951 114  1751 118  1711 126  1751
 136  1751 145  1711 152  1651 153  1551 148  1511 136  1551 120  1651 108  1611
 103  1551 102  1551 103  1511 103  1851 101  2151  99  2411  97  2351  95  2351
  95  2211  97  2151  99  2151 101  2011 102  1951 104  1751 107  1611
630 169   001 171   001 173   001 171   001 175   001 174   001 180   471
 185   771 188   771 190   771 189   971 187   871 184   771 177   771 173   771
 170   871 168   871 167   971 165  1071 164  1171 163  1271 162  1371 160  1371
 157  1471 153  1571 148  1671 146  1771 147  1671 150  1571 156  1371 163  1371
 170  1371 173  1271 172  1171 168  1171 163   971 157   971 152   971 149   871
 146   971 144   971 142  1071 139  1171 137  1371 135  1471 134  1571 134  1671
 133  1771 131  1871 129  1871 128  1911 130  1851 135  1551 141  1311 148  1351
 155  1251 161  1211 165  1251 167  1251 164  1211 157  1251 149  1251 141  1111
 137  1251 135  1251 134  1311 132  1451 129  1651 126  1711 123  1851 121  1951
 119  2011 117  2151 116  2151 116  2211 117  1951 119  1751 124  1411
643 149   001 148   001 148   001 148   001 153   001 161   001 167   371
 173   471 177   771 180   871 181   871 177   871 173   871 168   871 165   871
 162   971 161  1171 160  1271 159  1271 157  1371 157  1371 156  1371 156  1471
 157  1471 156  1371 156  1371 157  1271 159  1271 163  1171 168  1171 173  1171
 178  1071 182  1071 183   971 181   971 178   871 173   871 169   971 164   971
 159  1071 156  1171 153  1271 150  1371 147  1371 144  1471 142  1471 139  1571
 138  1571 138  1471 139  1371 141  1211 143  1251 147  1351 151  1311 156  1251
 162  1151 166  1011 168  1051 169   951 167   911 164   951 160   851 156   811
 153   951 150  1151 149  1311 148  1451 148  1451 148  1511 147  1651 147  1651
 147  1711 149  1751 151  1651 152  1611 152  1651 151  1551 152  1511
645 143   001 144   001 140   001 138   001 141   001 164   001 174   371
 183   671 190   871 194  1071 192  1171 186  1171 175  1171 160  1171 149  1171
 144  1271 145  1471 145  1471 142  1571 136  1571 131  1571 129  1571 128  1471
 128  1471 127  1471 126  1471 127  1471 132  1371 141  1271 151  1171 162  1271
 171  1471 179  1571 183  1471 183  1371 178  1271 169  1271 157  1271 149  1271
 144  1471 142  1571 141  1571 139  1571 136  1671 133  1671 131  1671 131  1671
 130  1671 129  1671 129  1571 130  1511 132  1451 136  1251 141  1111 148  1251
 156  1251 163  1311 169  1251 172  1151 169  1111 160  1151 149  1151 141  1111
 138  1251 140  1351 141  1411 140  1551 137  1651 135  1611 135  1651 136  1751
 138  1711 139  1751 140  1751 140  1711 140  1551 140  1451 142  1211
650 169   001 162   001 148   001 162   001 175   001 186   001 188   571
 193   771 200  1171 204  1171 205   971 200   771 190   871 177  1071 167  1171
 163  1271 164  1271 166  1371 167  1371 167  1471 166  1471 164  1471 161  1571
 159  1571 157  1571 156  1571 156  1571 157  1471 159  1271 164  1171 173  1171
 181  1271 188  1271 192  1171 192   971 187   871 179   971 167  1071 158  1171
 154  1271 152  1371 151  1371 151  1471 150  1471 151  1571 151  1671 150  1671
 148  1771 145  1771 142  1671 142  1611 147  1451 155  1251 163  1111 169  1151
 172  1251 176  1211 180  1151 182   951 180   811 172   951 162  1051 154  1111
 152  1151 155  1251 158  1211 159  1351 159  1551 158  1611 157  1651 157  1751
 156  1711 155  1851 155  1851 156  1911 159  1751 162  1451 165  1211
675 116   001 118   001 117   001 117   001 131   001 146   001 160  1471
 173  1271 184  1171 191  1271 192  1371 187  1471 174  1371 160  1271 150  1171
 149  1371 153  1471 158  1671 157  1671 153  1771 148  1771 146  1871 146  1871
 146  1971 146  2071 146  2071 146  2171 146  2171 147  2271 151  2271 159  1971
 170  1571 178  1271 182  1371 182  1471 176  1571 166  1471 154  1271 145  1171
 141  1371 141  1471 141  1671 140  1671 137  1771 135  1771 135  1871 135  2071
 135  2171 136  2271 137  2271 139  2311 141  2251 144  2051 149  1911 156  1751
 163  1551 170  1311 175  1551 176  1651 172  1811 162  1651 149  1351 140  1111
 137  1351 139  1551 140  1711 138  1751 135  1851 131  1811 129  1951 127  2051
 127  2111 127  2351 127  2451 127  2611 128  2451 130  2251 133  2011
690 144   001 142   001 140   001 138   001 146   001 163   001 170   571
 176   971 181   971 182   971 181  1071 176  1071 169  1171 160  1271 153  1271
 149  1271 148  1171 146  1171 143  1171 139  1171 136  1171 135  1171 135  1071
 136  1071 137  1171 138  1271 139  1371 140  1471 143  1471 149  1571 159  1571
 171  1671 181  1571 184  1371 182  1371 176  1271 167  1271 158  1271 152  1371
 149  1371 148  1271 147  1171 145  1171 143  1271 141  1271 140  1171 139  1071
 139   971 140  1071 141  1271 142  1311 144  1351 147  1451 153  1411 162  1451
 171  1551 179  1611 182  1451 181  1451 175  1311 166  1251 157  1251 149  1211
 145  1351 144  1251 143  1211 141  1351 139  1251 137  1311 136  1251 135  1151
 135  1011 135  1151 135  1351 135  1411 136  1451 138  1451 142  1411
747 174   001 173   001 172   001 170   001 176   001 181   001 183   371
 185   571 187   671 188   671 186   871 183   871 181  1071 180  1171 181  1371
 178  1471 173  1671 169  1671 167  1771 165  2071 167  2171 167  2171 167  2271
 166  2271 165  2271 164  2371 165  2371 168  2171 173  1871 178  1571 183  1471
 186  1471 186  1371 182  1171 176  1071 171   971 169  1171 169  1271 167  1471
 162  1571 156  1871 151  1871 149  1971 148  2071 148  2171 147  2271 146  2471
 144  2571 143  2571 142  2571 144  2511 148  2351 154  1951 161  1611 168  1651
 175  1551 179  1511 181  1451 180  1351 177  1211 172  1251 167  1351 161  1311
 155  1551 150  1751 146  1911 143  2051 140  2251 139  2311 138  2451 138  2551
 137  2611 135  2651 134  2551 134  2511 137  2251 143  2051 150  1711
NT  TEDF  78  35 1
20141123092014112304
20141123092014112305
20141123092014112306
20141123092014112307
20141123092014112308
20141123092014112309
20141123092014112310
20141123092014112311
20141123092014112312
20141123092014112313
20141123092014112314
20141123092014112315
20141123092014112316
20141123092014112317
20141123092014112318
20141123092014112319
20141123092014112320
20141123092014112321
20141123092014112322
20141123092014112323
20141123092014112400
20141123092014112401
20141123092014112402
20141123092014112403
20141123092014112404
20141123092014112405
20141123092014112406
20141123092014112407
20141123092014112408
20141123092014112409
20141123092014112410
20141123092014112411
20141123092014112412
20141123092014112413
20141123092014112414
20141123092014112415
20141123092014112416
20141123092014112417
20141123092014112418
20141123092014112419
20141123092014112420
20141123092014112421
20141123092014112422
20141123092014112423
20141123092014112500
20141123092014112501
20141123092014112502
20141123092014112503
20141123092014112504
20141123092014112505
20141123092014112506
20141123092014112507
20141123092014112508
20141123092014112509
20141123092014112510
20141123092014112511
20141123092014112512
20141123092014112513
20141123092014112514
20141123092014112515
20141123092014112516
20141123092014112517
20141123092014112518
20141123092014112519
20141123092014112520
20141123092014112521
20141123092014112522
20141123092014112523
20141123092014112600
20141123092014112601
20141123092014112602
20141123092014112603
20141123092014112604
20141123092014112605
20141123092014112606
20141123092014112607
20141123092014112608
20141123092014112609
002105100510001105121513151427152716271735173517311735173517311735173517311
73517351731173516351431133512351131113511351131113512351231123512351131113511351
13111351135123113351535163116351635153115351635163117351735173117351635163116351
73517311735173517311735173517311735173517311735173517311735173517311735173517311
005405120012001700170017001717182717271727172717371735173517311735173517311
73517351731173517351731163516351531153515351531153515351531143514351431143514351
53115351535153115351635173117351735173117351735173117351735173117351735173117351
73517311735173517311735173517311735163516311635163516311635173517311735173517311
015000140014001200140014001417151715171627162717371735173517311735173517311
73517351731173517351731173517351631153514351431133512351231123512351231123512351
23112351235123112351235133114351535153115351535153115351535153116351635163117351
73517311735173517311735173517311735173517311735173517311735173517311735173517311
027800180018001800180518001817181718271827183718371835173517311735173517311
73517351731173517351731173516351631163516351631173517351731173517351731173517351
73117351735173117351735173117351735173117351735173117351735173117351735173117351
73517311735173517311635163516311535153515311535153516311635163516311635173517311
070405140314151515152515251535153514311435143515311435143514311435153515311
63516351731173517351731173517351731173517351731173517351731173517351731173517351
73117351735163116351735173117351735173117351735173117351735173117351735173117351
73517311735173517311735173517311735173517311735173517311735173517311735173517311
110800180018001800180018001817182717271727173717371735173516311535133511311
13511351131123511351131113511351131113511351131113512351231113512351231133514351
53115351535163116351635173117351735173117351735173117351735173117351735173117351
73516311635153515311435133513311235123512311235123512311235123512311235123512311
120800180018001700180017001717172717271727172717371735173517311735173516311
53514351331123512351231123512351231123513351331143515351631163516351631163517351
73117351735173117351735173117351735173117351735173117351735173117351735173117351
73517311735163516311635163516311635163515311535153515311535153515311535153515311
130800180018001800180018001817182718271827182718271835173517311735173517311
73517351731173517351731173517351731173517351731173517351731173517351731173517351
73117351735173117351735173117351735173117351735173117351735173117351735173117351
73517311735173516311635163516311635163516311635163516311535153515311535163516311
145705170016001700140013001327132713271427143714271435143514311535163517311
73517351731173516351631163517351731173517351731173517351731173517351731173517351
73117351735173117351735173117351735173117351735173117351735173117351735173117351
73517311735173517311735173517311735173517311735173517311735173517311735173517311
149200130012001700170017001717171716271627152714271435143514311535163517311
73517351731173516351631163517351731173517351731173517351731173517351731173517351
73117351735173117351735173117351735173117351735173117351735173117351735173117351
73517311735173517311735173517311735173517311735173517311735173517311735173517311
156505160316151615162516251535163516311535153515311435143514311535163517311
73517351731173516351631163517351731173517351731173517351731173517351731173517351
73117351735173117351735173117351735173117351735173117351735173117351735173117351
73517311735173517311735173517311735173517311735173517311735173517311735173517311
168605150015001500150015001517141713271327122712271235133514311535153515311
53516351631163516351631163517351731173517351731173517351731173517351731173517351
73117351735173117351735173117351735173117351735173117351735173117351735173117351
73517311735173517311735173517311735173517311735173517311735173517311735173517311
180800100010001200140014001417141715171527152715271535143514311335133513311
43514351431143513351331143515351631173517351731173517351731173517351731173517351
73117351735173117351735173117351735163117351735173117351735173117351735173117351
63516311735173517311735163516311635163516311635163517311735173517311735173517311
190800180018001800180018001717162716271527152715371535153514311435143514311
43514351331133513351331143514351531163516351631163516351631163516351731173517351
73117351735173117351735173116351635163116351635163117351735173117351735173117351
73517311735173517311735173517311635163516311635173517311735173517311735173517311
222700170018001800180018001717172717271727173717371735173517311735173517311
73517351731173517351731173517351731173517351731173517351731173517351731173517351
73117351735173117351735173117351735173117351635163117351735173116351635153115351
63516311635153515311535163516311635163516311635163516311635163516311635153515311
240400170015001505170518001827172717271627163715371535153515311535153515311
63516351731173517351631173517351731173517351731173517351731173517351731173517351
73117351735173117351735173117351735173117351735173117351735173117351635153116351
63517311735173517311735173517311735163516311635163517311735173517311735173517311
255705170017001700170016001517141713271327132713371335143514311435133513311
43515351631163516351731173517351731173517351731173517351731173517351731173517351
73117351735173117351735173117351635163116351735173117351735173117351735173117351
73517311735173517311735173517311735173517311635163516311635163517311735173517311
260705170317051605160017001627152714271327123712371335143515311535153514311
43514351431153516351631173517351731173517351731173517351731173517351731173517351
73117351735173117351635163116351735173117351735173117351735173117351735173117351
73517311735173517311735173517311735173517311735173517311735173517311735173517311
280800180018051800181718171727162715271427133513311435153516311635163516311
63515351531153514351431133513351331133514351531163516351631153515351531153516351
63116351635163116351635163116351635163116351635173117351735173117351735173117351
73517311735173517311735173517311735173517311735173517311735173517311735173517311
299600160011001200120015001517142714271427152715371435133513311335143514311
43514351431143514351431143513351331133514351531153514351431143514351431143513351
33113351335143115351535163116351635153115351635163116351735173116351635153116351
63517311735173517311735173517311735163516311635163517311735173517311735173517311
434700140016001700170017001617151714271327122712271335143515311635163516311
63516351631163516351631163516351631163517351731173517351731173517351731173517351
73116351635163116351635173117351735173117351735173117351735173117351735173117351
73517311735173517311735173517311735173517311735173517311735173517311735173517311
460700170017001700170017001617151714271327122712271235123512311335133514311
43515351531163516351631163515351431143514351431143515351531163516351731173517351
73116351635163116351635173117351635163116351735173117351735173116351635173117351
73517311735173517311735173517311735173516311735173517311735173517311735173517311
481700170017051700170017001717161716271627162716371635153515311535153515311
53515351531153515351531153515351531153515351531153515351531153515351531153515351
63116351635163116351535153115351635163116351635173117351735173117351735163116351
63517311735173517311735173517311735173517311735173517311735173517311735173517311
497705170017001700170018001817172717271727172717271635163515311535143514311
43515351631163516351631163517351731163515351431143514351531153516351631163516351
53115351535163116351635173116351635163116351735173117351735173117351735173117351
73517311735173517311735173517311735173516311635173517311735173517311735173517311
510800170517001700170017001717172716271627163716371635173517311735173517311
73517351731173517351731173517351731173517351731173517351731173517351731173517351
73117351735173117351735173117351735173117351735173117351735173117351735173117351
73517311735173517311735173517311735173517311735173517311735163516311535153515311
579800180018001800181717171627162716271627163516311635163515311535153514311
53515351531153515351531153515351631163516351631163516351631163517351731163516351
63116351635173116351635153115351535153116351635173117351735173117351735173117351
73517311735173517311735173517311735173517311735173517311735173517311735173517311
588805170517051700170017001717171717271727172716371635153515311435143514311
43515351531153515351531153515351531153515351531143514351431153516351731173517351
73117351735173116351535143115351535163116351635163116351735173117351735173117351
73517311735173517311735173517311735173517311735173517311735173517311735173517311
621505150516031515151514251435143515311535153515311535153515311535153515311
53515351531153515351531163516351631163516351631163517351731173517351731173517351
73117351735173117351735163116351535153115351535163116351735173117351735173117351
73517311735173517311735173517311735173517311735173517311735173517311735173517311
630705160516001700170017001717171717271727172717271635163515311535153515311
53515351531153515351631163515351531163516351731173517351731173517351631163517351
73117351735173117351735173117351635163116351735173117351735173117351735173117351
73517311735173517311735173517311735173517311735173517311735173517311735173517311
643800180018001800180018001827182717271727172717271735173517311735173517311
73517351731173517351731163516351631163517351731173517351731173517351731173516351
63116351635173117351635163115351535153115351635173117351735173117351735173117351
73517311735173517311735173517311735173517311735173517311735173517311735173517311
645805180017001505130512001317131714271427152715271635163516311635163516311
63516351631163516351631163516351631163516351631173517351731173517351731173516351
63116351635163116351635163115351535153115351635173117351735173117351735173117351
73517311735173517311735173517311735173517311735173517311735173517311735173517311
650700170017001500150016001617162715271527152715271535153515311635163516311
63515351531153514351531153516351631163516351631163516351631173517351631173517351
73117351735163116351535153115351635173117351735173117351735173117351735173117351
73517311735173517311735173517311735173517311735173517311735173517311735173517311
675805180318151715172516251635163516311635163515311535153515311535163516311
63515351531153515351531153516351631163516351631163516351631163517351731173517351
73117351635163116351635153115351535153115351635163117351735173117351735173117351
73517311735173517311735173517311735173517311735173517311735173517311735173517311
690700170017001700160016001617162716271627162716271635163515311535153515311
63516351631153515351531153515351631163516351631163516351631163516351631163516351
63116351635163116351635163116351635163116351635163116351735173117351735173117351
73517311735173517311735173517311735173517311735173517311735173517311735173517311
747800180018001800180018001817171717271727172717271635163515311535163516311
73517351731173517351731173517351731173517351731173517351731173517351731173517351
73117351735173116351635163116351635173117351735173117351735173117351735173117351
73517311735173517311735173517311735173517311735173517311735173517311735173517311
