20141015231421
T2M TEDF  78  35 1
20141015232014101518
20141015232014101519
20141015232014101520
20141015232014101521
20141015232014101522
20141015232014101523
20141015232014101600
20141015232014101601
20141015232014101602
20141015232014101603
20141015232014101604
20141015232014101605
20141015232014101606
20141015232014101607
20141015232014101608
20141015232014101609
20141015232014101610
20141015232014101611
20141015232014101612
20141015232014101613
20141015232014101614
20141015232014101615
20141015232014101616
20141015232014101617
20141015232014101618
20141015232014101619
20141015232014101620
20141015232014101621
20141015232014101622
20141015232014101623
20141015232014101700
20141015232014101701
20141015232014101702
20141015232014101703
20141015232014101704
20141015232014101705
20141015232014101706
20141015232014101707
20141015232014101708
20141015232014101709
20141015232014101710
20141015232014101711
20141015232014101712
20141015232014101713
20141015232014101714
20141015232014101715
20141015232014101716
20141015232014101717
20141015232014101718
20141015232014101719
20141015232014101720
20141015232014101721
20141015232014101722
20141015232014101723
20141015232014101800
20141015232014101801
20141015232014101802
20141015232014101803
20141015232014101804
20141015232014101805
20141015232014101806
20141015232014101807
20141015232014101808
20141015232014101809
20141015232014101810
20141015232014101811
20141015232014101812
20141015232014101813
20141015232014101814
20141015232014101815
20141015232014101816
20141015232014101817
20141015232014101818
20141015232014101819
20141015232014101820
20141015232014101821
20141015232014101822
20141015232014101823
002 134   001 134   001 135   001 136   001 137   001 139   001 135   571
 135   771 136   771 136   871 135   871 135   871 137   971 142  1071 149  1071
 154  1171 158  1171 159  1171 161  1171 162  1171 163  1071 163  1071 161  1071
 160  1071 158  1071 157  1071 157  1071 156  1071 155  1071 152  1171 149  1171
 147  1171 147  1071 146  1071 145  1071 145  1051 146  1071 151  1071 156  1071
 161  1071 165  1171 166  1271 168  1371 170  1371 171  1271 171  1271 168  1271
 164  1171 163  1171 163  1171 165  1071 167  1071 167  1171 166  1171 165  1271
 164  1151 165  1151 165  1111 164  1151 164  1051 165  1011 168  1051 173  1151
 178  1111 183  1251 188  1251 191  1311 192  1351 192  1351 191  1311 189  1351
 186  1251 184  1211 183  1151 182  1151 179  1061 177  1161 175  1161
005 144   001 144   001 144   001 144   001 141   001 139   001 140   571
 142   871 145   971 146  1071 148  1071 148  1271 148  1271 149  1271 152  1271
 156  1171 164  1171 171  1171 178  1171 182  1371 183  1571 182  1771 175  1571
 167  1171 162   971 157   971 156  1071 153  1071 151  1071 148  1071 145  1071
 142  1171 142  1171 139  1271 137  1271 135  1371 136  1371 139  1271 147  1271
 153  1171 160  1171 163  1171 166  1171 170  1371 173  1571 173  1771 168  1471
 161  1371 157  1171 155  1171 157  1271 159  1271 160  1271 159  1371 157  1371
 158  1251 155  1351 152  1311 149  1351 148  1451 150  1411 157  1351 167  1251
 178  1111 189  1251 198  1351 205  1411 209  1551 209  1751 205  1811 198  1651
 189  1351 181  1111 175  1251 171  1251 167  1361 163  1361 159  1461
015 129   001 129   001 130   001 135   001 136   001 135   001 134   671
 135   871 137   971 139  1071 140  1171 140  1171 140  1371 142  1271 146  1171
 153  1071 162  1171 171  1271 178  1371 182  1271 183  1271 180  1171 173  1071
 164  1071 157   971 151  1071 150  1071 149  1171 147  1271 146  1371 144  1471
 142  1471 141  1471 138  1471 136  1471 135  1471 137  1471 142  1471 149  1371
 156  1371 163  1371 169  1471 175  1371 180  1271 183  1271 182  1171 176  1171
 168  1171 160  1171 156  1171 153  1271 152  1271 152  1371 151  1571 151  1671
 151  1451 151  1351 150  1311 147  1351 146  1451 147  1411 153  1451 162  1351
 173  1311 183  1451 191  1551 199  1611 205  1551 209  1451 208  1311 202  1351
 193  1351 183  1311 176  1351 170  1451 165  1461 161  1561 158  1561
027 146   001 147   001 138   001 145   001 141   001 140   001 138   571
 140   871 142   971 142  1171 140  1271 139  1371 139  1471 144  1471 151  1271
 160  1171 170  1471 177  1671 184  1971 190  1871 193  1671 190  1571 180  1471
 167  1371 154  1271 145  1271 139  1371 135  1271 133  1271 131  1271 129  1271
 128  1371 127  1471 126  1571 125  1571 125  1571 128  1571 137  1471 147  1271
 159  1271 169  1471 178  1671 184  1871 190  1771 193  1871 192  1871 185  1671
 175  1571 167  1371 163  1471 162  1471 162  1571 161  1571 160  1571 160  1571
 159  1451 158  1451 157  1511 154  1551 153  1651 156  1611 165  1551 178  1351
 191  1211 201  1451 208  1551 214  1711 219  1851 220  1851 217  1911 207  1751
 193  1551 179  1311 168  1451 161  1551 154  1661 148  1661 145  1661
070 130   001 130   001 130   001 133   001 118   001 124   001 125  1671
 125  1771 127  1771 129  1771 131  1771 133  1871 135  1871 139  1771 144  1671
 151  1571 159  1571 166  1471 174  1471 180  1571 183  1671 182  1671 175  1571
 164  1471 154  1371 146  1471 142  1671 140  1871 138  1971 135  1971 133  1971
 129  1971 126  2071 124  2071 124  2071 127  2171 132  2171 140  1971 148  1971
 155  1771 160  1671 164  1671 168  1671 171  1671 174  1671 173  1671 167  1671
 159  1571 151  1371 148  1471 146  1571 145  1571 142  1771 138  1871 135  1971
 129  1951 125  2051 123  2111 122  2151 124  2151 132  2111 146  2051 163  1851
 181  1711 196  1751 208  1751 217  1711 222  1851 223  1851 218  1911 208  1851
 195  1651 182  1511 171  1651 162  1751 154  1761 147  1861 141  1961
110 152   001 152   001 154   001 157   001 159   001 155   001 150   771
 145  1071 140  1271 138  1371 136  1371 137  1371 139  1471 147  1371 156  1171
 166  1071 174  1271 178  1371 182  1471 183  1371 181  1071 175   971 167   971
 156   971 149   971 146   971 145  1071 146  1071 146  1271 144  1371 145  1571
 146  1671 149  1671 150  1771 149  1771 150  1771 153  1771 157  1571 163  1371
 168  1171 171  1171 173  1271 175  1171 178  1171 182  1171 183  1271 178  1171
 172  1171 166  1071 164  1171 164  1171 163  1271 162  1471 161  1571 160  1771
 168  1851 168  1851 167  1911 166  1951 166  2051 166  2011 168  1851 170  1551
 173  1311 176  1351 179  1451 182  1411 186  1451 188  1451 186  1411 180  1351
 171  1351 163  1211 158  1351 156  1351 153  1461 151  1661 150  1861
120 147   001 144   001 141   001 137   001 134   001 144   001 143   471
 143   671 142   971 140  1171 137  1271 135  1271 136  1371 143  1371 153  1271
 163  1271 172  1271 178  1271 182  1171 183  1171 182  1171 177  1171 167  1171
 158  1071 148  1071 142  1071 139  1071 137  1071 136  1071 135  1171 136  1171
 137  1271 137  1471 137  1571 137  1571 137  1571 141  1571 148  1471 157  1471
 165  1371 169  1371 173  1371 176  1371 180  1471 183  1471 183  1571 178  1471
 172  1371 165  1271 162  1271 162  1171 163  1171 164  1271 166  1271 166  1371
 171  1451 171  1651 169  1711 166  1751 164  1851 165  1811 170  1651 177  1451
 184  1211 189  1351 193  1351 195  1411 197  1551 197  1551 195  1611 189  1551
 181  1451 173  1311 167  1351 163  1351 159  1361 156  1461 154  1461
130 160   001 156   001 154   001 146   001 150   001 149   001 148  1271
 145  1271 143  1371 140  1371 137  1371 135  1371 137  1371 141  1271 150  1171
 160  1071 171  1271 181  1471 189  1671 192  1571 192  1571 186  1471 175  1371
 161  1271 150  1171 143  1071 140  1171 137  1171 134  1271 129  1271 126  1371
 125  1471 126  1671 125  1771 125  1771 126  1671 130  1671 137  1471 146  1371
 155  1171 162  1271 170  1371 178  1471 186  1471 192  1571 193  1571 188  1571
 181  1371 172  1171 168  1271 166  1271 165  1271 163  1371 163  1571 161  1671
 167  1651 166  1651 163  1711 160  1851 158  1851 160  1911 166  1651 176  1451
 187  1111 198  1251 207  1451 216  1511 223  1651 226  1651 224  1711 215  1651
 202  1451 189  1311 179  1451 171  1451 164  1561 158  1661 153  1861
145 145   001 139   001 135   001 136   001 136   001 143   001 143   671
 143   871 144   971 145  1071 146  1071 147  1071 148  1071 149  1071 152  1071
 155  1071 161  1071 169  1171 176  1171 181  1271 184  1271 182  1371 175  1271
 166  1071 156  1071 151  1071 147  1171 146  1171 145  1171 145  1171 144  1171
 144  1171 142  1271 140  1271 137  1271 135  1171 136  1171 138  1171 143  1171
 149  1171 155  1271 161  1371 166  1471 170  1471 174  1571 173  1571 169  1471
 161  1371 154  1271 148  1271 145  1271 144  1271 146  1271 148  1371 149  1371
 146  1251 145  1151 143  1111 140  1151 139  1151 142  1111 152  1151 166  1151
 181  1111 195  1151 207  1251 216  1211 223  1251 225  1351 220  1311 208  1351
 191  1351 176  1311 166  1351 159  1351 153  1361 148  1361 144  1461
149 150   001 144   001 137   001 138   001 139   001 142   001 139   671
 137   971 136   971 137  1071 140  1071 142  1171 144  1171 146  1071 149   971
 155   871 163   971 173  1071 184  1171 191  1271 194  1371 192  1471 184  1371
 173  1371 162  1271 155  1271 153  1371 151  1371 150  1271 147  1271 146  1171
 145  1271 143  1271 140  1371 137  1371 134  1371 135  1371 139  1271 147  1271
 156  1171 162  1271 168  1371 175  1471 180  1571 184  1571 183  1671 177  1571
 168  1471 161  1371 157  1371 155  1371 154  1371 152  1371 150  1371 148  1371
 146  1251 144  1351 142  1311 140  1351 139  1251 143  1211 153  1251 168  1251
 184  1211 200  1351 214  1351 225  1411 231  1451 232  1551 226  1511 214  1451
 198  1351 184  1211 175  1251 168  1351 161  1361 154  1361 149  1461
156 153   001 153   001 146   001 143   001 143   001 143   001 141   471
 142   671 143   871 143   971 145  1071 148  1071 150  1071 153  1071 158   971
 163   971 172  1071 180  1071 187  1171 192  1171 194  1171 191  1271 184  1271
 176  1271 168  1271 164  1271 163  1071 162   971 161   971 158   871 157   871
 154   971 152   971 149  1071 146  1071 144  1071 145  1071 149  1071 155  1171
 161  1171 167  1271 171  1271 176  1371 180  1371 183  1471 183  1471 179  1471
 174  1471 167  1471 162  1371 160  1171 158  1071 159  1071 160  1171 162  1171
 157  1051 155  1151 153  1111 150  1151 150  1151 153  1111 162  1151 174  1251
 189  1211 204  1251 217  1251 227  1211 232  1251 232  1151 226  1111 216  1251
 203  1251 192  1311 185  1251 180  1151 174  1061 169  1161 165  1161
168 136   001 136   001 134   001 131   001 130   001 132   001 132   971
 132  1271 133  1471 134  1571 136  1671 139  1971 142  2171 146  1971 153  1771
 159  1571 166  1571 172  1571 180  1471 188  1571 194  1571 193  1671 182  1671
 166  1671 154  1671 148  1671 145  1771 145  1671 144  1671 141  1771 140  1771
 139  1871 139  1971 138  2071 135  2071 134  2171 136  2171 141  1971 146  1871
 153  1671 159  1671 163  1671 169  1671 177  1771 183  1771 182  1871 172  1871
 157  1771 145  1771 139  1671 139  1471 139  1371 138  1471 134  1571 131  1671
 121  1751 119  1951 116  2011 113  2051 113  2151 119  2111 135  2051 156  1851
 178  1711 197  1751 213  1751 225  1711 234  1851 238  1851 231  1911 213  1851
 190  1851 169  1711 157  1651 151  1651 145  1561 141  1661 138  1761
180 152   001 145   001 145   001 143   001 141   001 144   001 141   671
 140   971 139  1071 139  1171 140  1271 140  1471 141  1571 142  1671 145  1771
 149  1971 154  1671 159  1571 166  1471 170  1371 174  1471 172  1471 165  1371
 154  1371 147  1371 143  1471 141  1571 141  1571 139  1571 136  1671 135  1671
 135  1671 135  1671 137  1671 140  1671 141  1571 144  1571 148  1671 152  1871
 158  1971 163  1671 168  1571 175  1371 180  1571 184  1671 182  1771 173  1671
 161  1471 148  1471 140  1371 133  1571 128  1571 123  1671 118  1771 114  1771
 103  1551 101  1551  98  1511  96  1551  96  1651 101  1611 113  1751 130  1751
 150  1811 171  1751 192  1651 208  1511 219  1651 222  1751 217  1811 203  1751
 185  1551 168  1411 156  1551 148  1651 139  1761 132  1761 127  1761
190 156   001 151   001 147   001 140   001 140   001 141   001 137   671
 135   971 135  1071 134  1171 135  1171 136  1171 139  1271 144  1471 151  1671
 159  1871 168  1871 177  1971 182  1671 184  1971 183  2271 177  2371 169  1971
 157  1671 148  1371 142  1471 139  1371 137  1471 135  1471 133  1471 134  1471
 136  1471 138  1471 141  1471 143  1471 145  1371 148  1371 154  1471 162  1571
 170  1771 178  1571 185  1371 190  1371 194  1571 193  1871 188  1971 176  1771
 161  1571 147  1271 136  1271 129  1371 123  1371 119  1371 116  1571 113  1571
 105  1551 103  1451  99  1411  95  1451  93  1351  96  1311 107  1451 124  1651
 144  1711 165  1751 184  1751 199  1711 208  1951 210  2051 204  2211 191  1951
 174  1651 158  1311 146  1351 138  1451 131  1461 126  1561 123  1561
222 163   001 164   001 160   001 169   001 171   001 167   001 159   671
 154   971 151  1171 148  1271 146  1271 146  1371 148  1211 153  1251 161  1351
 172  1311 184  1351 196  1351 202  1411 201  1651 195  1751 185  1971 175  1571
 165  1371 158  1171 153  1271 152  1271 150  1371 148  1371 146  1471 144  1471
 141  1471 139  1571 137  1571 136  1471 136  1471 140  1371 147  1371 159  1371
 170  1371 184  1371 195  1471 205  1471 211  1671 213  1771 210  1971 201  1771
 191  1371 181  1071 175  1171 171  1271 170  1371 171  1471 169  1571 168  1671
 167  1551 162  1651 158  1611 154  1551 153  1551 156  1411 164  1451 176  1451
 191  1411 206  1351 220  1351 231  1211 237  1651 237  1951 230  2311 216  2051
 198  1651 182  1311 171  1351 164  1451 158  1461 153  1661 149  1761
240 162   001 158   001 162   001 161   001 156   001 156   001 152   571
 149   871 146   971 144  1171 143  1171 143  1171 144  1271 146  1271 150  1271
 158  1271 166  1271 175  1471 185  1571 191  1471 194  1371 191  1271 183  1071
 174   971 164   871 159   871 158   971 158   971 156   971 155   971 152   971
 149  1071 146  1271 142  1371 138  1371 134  1371 135  1371 141  1371 151  1571
 162  1571 171  1671 179  1771 188  1871 197  1871 203  1771 204  1671 198  1471
 187  1271 177  1071 171  1171 168  1271 167  1271 165  1271 164  1171 162  1171
 160  1051 157  1151 152  1211 147  1251 145  1351 148  1311 158  1451 174  1451
 190  1511 205  1551 218  1651 229  1611 238  1651 242  1651 239  1611 226  1451
 208  1251 191  1011 180  1151 173  1151 167  1261 163  1261 160  1261
255 139   001 138   001 138   001 143   001 151   001 154   001 150   671
 147   771 143   971 141  1171 139  1171 139  1071 140  1171 144  1171 147  1271
 154  1271 165  1471 176  1471 185  1771 190  1871 193  1971 191  2071 186  1871
 180  1571 173  1371 167  1271 162  1271 160  1271 162  1271 165  1271 166  1371
 164  1371 158  1371 150  1371 142  1371 136  1371 136  1371 143  1471 156  1571
 169  1571 179  1771 189  1971 198  2171 206  2171 212  2371 213  2471 207  2071
 196  1871 184  1471 175  1371 169  1271 165  1171 163  1271 161  1271 160  1371
 148  1251 144  1251 138  1211 132  1251 130  1351 134  1311 148  1451 168  1451
 189  1511 208  1751 224  2051 237  2211 246  2351 248  2351 243  2411 229  2151
 210  1751 192  1411 179  1351 170  1151 165  1061 161  1161 159  1261
260 151   001 149   001 143   001 144   001 149   001 149   001 143  1071
 137  1571 132  1771 128  1871 126  1871 126  1871 129  1971 136  1771 148  1671
 159  1471 167  1571 176  1771 184  1871 190  1971 194  1871 192  1971 183  1771
 169  1571 158  1371 150  1671 147  1771 146  2071 146  1971 147  1971 146  1971
 145  1971 143  2071 139  2071 131  2071 126  2171 126  2171 133  2071 147  2071
 160  1871 171  2071 179  2071 187  2171 198  2271 203  2471 202  2571 191  2271
 174  1971 158  1771 149  1871 144  1871 143  1971 141  1871 138  1871 135  1771
 125  1851 122  1951 118  1911 114  1951 113  2051 121  2011 140  1951 164  1751
 189  1611 208  1851 223  2151 234  2311 243  2451 247  2551 240  2611 220  2351
 194  1951 171  1611 158  1751 153  1751 150  1861 148  1861 147  1961
280 162   001 156   001 151   001 146   001 134   001 134   001 136   571
 135   771 133   871 129   971 127  1071 125  1171 126  1371 130  1571 136  1771
 145  1971 156  2071 167  2071 176  2171 182  2171 183  2171 181  2071 175  1771
 169  1471 163  1371 159  1471 156  1471 156  1471 156  1371 157  1271 157  1171
 157  1171 155  1171 153  1171 149  1271 145  1371 145  1471 148  1671 156  1671
 164  1871 172  1771 178  1771 184  1871 191  1771 193  1771 190  1771 180  1671
 165  1471 152  1271 144  1371 139  1471 136  1671 133  1571 132  1471 130  1371
 119  1251 117  1251 114  1211 109  1351 107  1551 109  1611 120  1751 137  1851
 158  1911 180  2051 201  2051 218  2111 228  2151 230  2151 224  2111 209  1951
 190  1651 173  1411 161  1551 154  1551 148  1661 143  1561 140  1561
299 148   001 145   001 146   001 144   001 145   001 145   001 139   771
 133  1071 129  1271 127  1371 125  1371 124  1271 126  1271 133  1471 143  1571
 153  1671 163  1671 170  1771 177  1871 182  1971 184  2171 181  2371 168  2071
 154  1671 140  1271 135  1271 133  1171 135  1171 136  1271 136  1371 137  1371
 139  1371 140  1471 142  1471 145  1371 147  1371 150  1271 156  1471 162  1571
 169  1771 175  1671 181  1571 186  1571 192  1671 194  1771 189  1771 176  1671
 158  1371 142  1171 132  1171 126  1071 121  1071 117  1171 114  1471 111  1571
  99  1551  97  1551  95  1611  93  1551  93  1351 100  1211 115  1451 136  1651
 158  1811 178  1851 194  1751 208  1711 219  1851 223  1951 217  2011 199  1751
 175  1551 152  1211 137  1251 129  1151 125  1161 124  1361 123  1461
434 148   001 141   001 137   001 139   001 140   001 140   001 142   471
 143   671 144   871 145   871 146   971 147  1171 149  1171 150  1371 152  1571
 154  1671 157  1771 158  1771 160  1871 161  1771 162  1671 161  1571 159  1471
 156  1471 153  1371 150  1371 147  1371 147  1171 148  1171 148  1071 148  1071
 145  1071 141  1071 137  1071 130  1171 126  1271 127  1371 134  1571 146  1871
 161  1971 174  2271 186  2171 198  2271 206  2171 211  2171 211  1971 206  1771
 196  1571 186  1471 180  1471 175  1371 173  1371 171  1371 169  1271 167  1271
 163  1151 160  1151 156  1111 151  1251 149  1251 151  1311 160  1551 174  1651
 190  1811 205  1951 219  1951 229  2011 235  2051 236  1951 231  1911 221  1851
 209  1651 197  1511 188  1551 181  1451 174  1461 168  1461 163  1361
460 177   001 170   001 146   001 138   001 146   001 158   001 154   571
 149   771 145  1071 143  1071 142  1171 143  1271 146  1471 153  1571 161  1571
 171  1671 182  1671 193  1571 200  1571 202  1871 199  1971 193  2071 186  1971
 181  1871 175  1771 172  1671 171  1671 170  1571 171  1471 170  1471 169  1371
 168  1471 166  1471 162  1571 154  1671 147  1671 146  1771 154  1771 167  1871
 183  1871 197  1871 209  1871 219  1771 227  1871 232  1971 229  2071 218  1971
 201  1871 186  1771 174  1671 167  1671 161  1571 156  1671 152  1571 150  1571
 140  1551 138  1551 134  1511 127  1651 122  1651 125  1711 140  1751 164  1851
 191  1811 215  1851 235  1951 250  1911 258  2051 259  2151 251  2211 234  2051
 213  1851 194  1611 183  1651 177  1551 169  1561 162  1561 155  1661
481 192   001 188   001 186   001 184   001 180   001 177   001 168   471
 160   571 153   771 148   871 145   971 144  1071 145  1371 150  1671 157  1971
 167  2271 181  2171 193  2271 202  2171 204  2071 202  1971 198  1871 195  1771
 192  1571 189  1571 189  1571 187  1471 185  1371 184  1271 182  1271 180  1071
 178  1171 175  1171 173  1271 168  1371 165  1371 165  1471 170  1671 181  1871
 192  2071 203  2071 211  2071 218  2071 222  1971 224  1971 221  2071 213  1871
 203  1771 192  1571 184  1571 178  1571 172  1471 168  1371 161  1471 157  1371
 146  1351 142  1451 138  1411 134  1451 133  1551 137  1511 147  1851 163  2051
 182  2311 202  2351 220  2451 233  2411 239  2451 239  2351 234  2311 225  2151
 213  1951 203  1711 196  1651 190  1551 183  1461 176  1461 169  1361
497 138   001 136   001 128   001 124   001 122   001 110   001 102   771
 100  1171  99  1371  96  1471  90  1471  85  1571  86  1671  95  1871 109  1871
 127  1971 145  2271 162  2571 174  2771 182  2771 184  2771 181  2471 173  2071
 162  1671 150  1471 145  1571 143  1571 144  1671 143  1671 141  1471 140  1471
 138  1471 138  1571 135  1571 129  1571 126  1671 126  1671 132  1771 144  1871
 158  1871 173  2071 185  2471 197  2671 203  2571 204  2471 197  2471 182  2071
 162  1671 145  1371 134  1471 127  1571 123  1671 118  1671 113  1571 109  1571
 103  1551  98  1551  92  1511  84  1551  80  1551  85  1511 102  1651 129  1751
 159  1811 188  2151 212  2351 229  2611 237  2651 235  2651 223  2611 203  2251
 179  1851 159  1411 147  1451 141  1551 132  1561 123  1561 116  1661
510 177   001 177   001 173   001 170   001 170   001 173   001 170   571
 168   771 166   871 165  1071 166  1071 167  1071 169  1071 175  1071 184  1071
 190  1071 194  1171 195  1371 196  1471 197  1571 200  1671 202  1771 203  1771
 203  1671 200  1671 194  1571 189  1371 184  1271 181  1271 180  1271 178  1271
 173  1271 167  1371 159  1371 151  1371 145  1271 149  1271 164  1271 187  1471
 208  1471 225  1571 236  1771 246  1771 255  1771 262  1671 263  1671 256  1671
 245  1571 231  1571 218  1571 209  1271 201  1271 195  1271 191  1371 187  1371
 182  1251 177  1251 169  1211 160  1251 153  1251 155  1211 169  1251 191  1351
 214  1311 233  1451 248  1651 260  1711 269  1751 273  1751 270  1711 259  1751
 243  1651 227  1611 214  1551 205  1551 197  1461 190  1461 185  1461
579 180   001 180   001 172   001 159   001 155   001 147   001 142   771
 140  1171 139  1571 139  1771 137  1771 135  1871 139  2071 151  2271 168  2271
 186  2371 205  2371 220  2271 231  2171 240  2271 242  2271 237  2371 228  2171
 213  2071 201  1871 193  1871 189  1971 188  1871 184  1871 180  1871 176  1871
 174  1971 173  1971 171  2071 167  2071 165  2071 170  2071 184  2171 206  2271
 225  2371 238  2371 247  2371 253  2371 259  2271 262  2171 259  2071 246  1971
 229  1771 212  1671 199  1771 188  1771 178  1771 169  1771 160  1871 154  1871
 144  1751 143  1851 140  1811 134  1951 130  2051 133  2111 149  2251 172  2251
 197  2311 218  2351 234  2251 244  2211 248  2251 247  2351 240  2311 229  2151
 215  2051 202  1811 192  1851 184  1851 175  1861 168  1861 162  1861
588 165   001 148   001 141   001 135   001 119   001 112   850 112  1571
 111  1571 110  1571 110  1571 106  1571 105  1471 107  1471 117  1471 133  1571
 153  1571 178  1671 203  1671 223  1771 238  1771 244  1871 242  1771 228  1671
 209  1471 192  1371 178  1371 169  1271 163  1271 158  1371 154  1371 153  1471
 151  1471 148  1571 143  1571 139  1571 135  1471 139  1471 154  1471 176  1471
 200  1471 220  1671 236  1871 250  2071 260  2171 264  2271 259  2371 244  2071
 222  1871 198  1571 180  1471 165  1371 154  1271 146  1371 140  1471 135  1571
 130  1651 127  1551 123  1511 116  1551 111  1451 113  1411 127  1451 150  1551
 175  1511 199  1751 220  1851 236  2011 247  2151 251  2151 245  2211 229  1951
 206  1751 184  1411 166  1351 154  1251 144  1161 136  1261 131  1461
621 146   001 137   001 130   001 123   001 124   001 126   001 124   671
 123   971 122  1271 121  1271 121  1371 124  1271 130  1271 149  1271 178  1171
 203  1271 221  1571 232  1871 242  2171 254  2071 262  1971 258  1871 242  1771
 219  1571 194  1571 179  1371 169  1371 161  1271 156  1271 151  1371 145  1371
 144  1471 144  1571 141  1671 131  1571 126  1471 131  1371 154  1371 185  1271
 213  1271 233  1771 244  2071 253  2471 260  2371 263  2271 259  2171 244  1971
 223  1871 202  1671 184  1471 171  1371 162  1371 157  1471 153  1471 151  1571
 144  1551 141  1551 134  1611 124  1551 119  1551 126  1411 151  1451 187  1351
 221  1311 245  1651 260  2051 270  2311 277  2251 278  2151 269  2011 249  1951
 221  1751 195  1611 175  1551 161  1451 151  1361 146  1361 144  1461
630 208   001 192   001 178   001 173   001 172   001 170   001 166   771
 164   871 163  1071 161  1071 158  1171 156  1171 157  1371 165  1571 179  1571
 197  1671 217  1671 235  1571 251  1471 259  1471 261  1571 257  1471 246  1471
 232  1471 219  1471 209  1471 202  1371 194  1271 188  1271 179  1271 174  1271
 169  1271 162  1371 156  1371 149  1471 145  1571 149  1671 163  1771 182  1671
 204  1671 224  1671 239  1671 251  1671 259  1771 261  1671 259  1771 252  1871
 240  1771 227  1771 214  1571 202  1471 193  1271 188  1271 184  1371 180  1371
 170  1251 164  1351 158  1311 152  1451 150  1651 154  1711 167  1651 186  1651
 207  1511 226  1551 241  1551 252  1511 258  1651 258  1651 253  1711 242  1751
 229  1851 216  1811 206  1651 198  1551 192  1361 187  1361 185  1461
643 192   001 184   001 183   001 173   001 169   001 160   001 158   871
 155  1271 152  1371 150  1471 147  1471 146  1371 151  1471 161  1471 177  1471
 194  1571 209  1571 220  1571 227  1571 231  1671 232  1671 229  1771 223  1671
 216  1571 209  1471 203  1471 199  1371 195  1371 191  1471 188  1571 186  1671
 185  1771 185  1771 183  1871 179  1871 176  1771 179  1771 188  1771 204  1671
 218  1671 229  1671 237  1671 241  1671 242  1571 241  1471 236  1471 228  1471
 220  1371 211  1371 203  1371 195  1371 189  1371 183  1571 180  1671 176  1771
 173  1551 171  1651 168  1611 166  1651 165  1651 169  1611 179  1651 192  1551
 206  1511 218  1551 228  1551 234  1511 236  1551 235  1651 232  1611 227  1551
 221  1351 216  1211 212  1351 210  1351 206  1461 203  1561 200  1561
645 189   001 175   001 167   001 158   001 154   001 147   001 144   671
 141   971 140  1071 139  1171 140  1271 144  1271 150  1371 161  1371 176  1571
 193  1571 208  1571 219  1471 230  1471 239  1571 242  1571 239  1671 229  1571
 215  1571 204  1471 195  1571 191  1571 188  1471 186  1471 186  1571 185  1571
 184  1571 183  1471 180  1471 177  1471 175  1471 179  1471 189  1571 206  1771
 222  1871 235  1871 246  1771 254  1771 260  1671 262  1771 258  1771 246  1671
 231  1571 214  1571 201  1571 192  1571 185  1571 180  1671 177  1771 174  1771
 165  1451 162  1451 159  1311 155  1351 153  1351 157  1311 170  1451 188  1651
 207  1711 222  1651 234  1651 242  1511 247  1651 247  1751 242  1811 231  1751
 217  1651 205  1511 198  1551 194  1551 189  1561 186  1561 183  1661
650 196   001 178   001 168   001 175   001 168   001 168   001 163   571
 161   771 161  1071 160  1271 157  1171 156  1171 160  1171 174  1371 192  1571
 211  1771 226  1671 236  1671 244  1571 250  1471 253  1351 249  1271 238  1171
 226   971 214   871 208   971 206   971 205  1071 203  1171 202  1371 200  1471
 199  1571 199  1571 197  1671 196  1571 196  1471 201  1371 212  1371 227  1371
 240  1471 249  1571 255  1571 259  1571 262  1571 263  1471 259  1471 248  1271
 235  1171 221  1071 210  1071 203  1071 197  1071 190  1271 185  1371 182  1471
 177  1351 179  1451 179  1411 178  1451 177  1351 181  1311 192  1451 208  1451
 224  1511 238  1551 248  1551 255  1511 257  1551 255  1451 249  1411 239  1351
 227  1251 216  1111 208  1151 203  1151 197  1161 193  1261 189  1261
675 198   001 190   001 181   001 167   001 171   001 171   001 162   971
 153  1471 144  1771 135  1871 128  1871 125  1971 129  2071 143  1871 167  1571
 191  1371 215  1671 237  1771 253  1971 262  1771 263  1771 257  1671 243  1471
 222  1371 204  1171 194  1071 185  1071 179   971 172  1171 166  1371 162  1571
 161  1671 161  1871 159  1971 157  1971 155  1871 161  1871 177  1671 199  1571
 221  1371 241  1571 256  1671 267  1871 273  1871 274  1871 268  1871 255  1671
 237  1371 220  1171 206  1171 195  1071 185  1071 177  1171 169  1371 164  1471
 162  1651 158  1751 152  1811 143  1851 137  1951 139  1911 154  1751 178  1551
 203  1311 225  1551 241  1751 252  1911 257  1951 255  2051 246  2011 231  1851
 214  1551 199  1311 189  1251 183  1251 179  1161 177  1261 174  1461
690 213   001 201   001 192   001 189   001 176   001 170   001 170   571
 169   671 168   671 165   671 163   671 163   671 167   771 179   971 196  1171
 213  1271 227  1171 236  1171 242   971 244   971 243   871 240   871 234   971
 228  1171 222  1371 215  1371 211  1271 206  1171 203  1071 200  1071 199   971
 199   871 196   871 194   771 190   771 185   771 187   771 197   971 212  1171
 226  1371 236  1271 240  1371 243  1371 244  1171 243  1171 240  1071 236  1071
 229  1271 223  1371 216  1471 210  1371 204  1371 199  1271 196  1171 194  1071
 191   851 190   851 187   711 182   751 179   751 181   711 191   951 205  1151
 218  1311 226  1251 230  1151 231  1011 232  1051 231   951 229   911 225  1051
 219  1251 212  1311 205  1351 199  1251 194  1261 191  1261 188  1161
747 191   001 183   001 167   001 163   001 156   001 149   001 148   671
 146   971 142  1171 136  1271 131  1371 130  1471 136  1671 155  1771 180  1771
 205  1771 221  1771 230  1671 234  1671 235  1871 234  2071 228  2271 220  1871
 208  1671 196  1371 186  1371 178  1371 172  1371 168  1371 167  1471 166  1471
 163  1571 159  1571 151  1671 141  1771 132  1771 136  1871 155  1771 185  1771
 214  1671 235  1771 247  1771 253  1871 255  1971 253  2071 246  2071 235  1871
 220  1671 208  1471 199  1371 194  1371 190  1271 188  1371 185  1371 182  1471
 175  1551 171  1551 166  1611 162  1751 160  1751 166  1811 181  1751 200  1651
 218  1511 230  1751 237  1851 240  2011 241  2151 240  2151 235  2211 227  2051
 216  1751 207  1511 200  1551 196  1451 192  1461 189  1461 186  1461
NT  TEDF  78  35 1
20141015232014101518
20141015232014101519
20141015232014101520
20141015232014101521
20141015232014101522
20141015232014101523
20141015232014101600
20141015232014101601
20141015232014101602
20141015232014101603
20141015232014101604
20141015232014101605
20141015232014101606
20141015232014101607
20141015232014101608
20141015232014101609
20141015232014101610
20141015232014101611
20141015232014101612
20141015232014101613
20141015232014101614
20141015232014101615
20141015232014101616
20141015232014101617
20141015232014101618
20141015232014101619
20141015232014101620
20141015232014101621
20141015232014101622
20141015232014101623
20141015232014101700
20141015232014101701
20141015232014101702
20141015232014101703
20141015232014101704
20141015232014101705
20141015232014101706
20141015232014101707
20141015232014101708
20141015232014101709
20141015232014101710
20141015232014101711
20141015232014101712
20141015232014101713
20141015232014101714
20141015232014101715
20141015232014101716
20141015232014101717
20141015232014101718
20141015232014101719
20141015232014101720
20141015232014101721
20141015232014101722
20141015232014101723
20141015232014101800
20141015232014101801
20141015232014101802
20141015232014101803
20141015232014101804
20141015232014101805
20141015232014101806
20141015232014101807
20141015232014101808
20141015232014101809
20141015232014101810
20141015232014101811
20141015232014101812
20141015232014101813
20141015232014101814
20141015232014101815
20141015232014101816
20141015232014101817
20141015232014101818
20141015232014101819
20141015232014101820
20141015232014101821
20141015232014101822
20141015232014101823
002805180518051800160016171627162716271627162716351631163516351631163516351
63116351635163117351735173117351735173117351735173117351735163116351535153115351
63516311635173517311735173516311635163515311535163516311635163515311635163516311
63517351731173517351731173517351731173517351631163516351531153515351536153615361
005805180318151815172517251631163517351731173517351731173517351731163516351
63116351635163116351635163116351635163117351735173117351735173117351635153115351
53516311635173517311635163515311635163516311635163516311535153515311535163516311
73517351731173517351631163517351631163516351531153514351431133513351236123612361
015800180017001700180018001817181718271727172717271731173517351731173517351
73116351535153115351535153116351635173117351735173117351735173117351635163116351
63516311635163516311635153515311535153515311535153515311635163517311735173516311
63516351631163516351631163516351631163516351531153515351531153515351536143614361
027800180018001800181717171617162715271427143513351331143516351731173517351
73116351635173117351735173117351735173117351635153114351335133114351535163117351
63516311635163516311635163517311735173517311735173517311635153515311535163517311
73517351731173517351731173517351731173517351731163516351531143513351336133613361
070805180318151715172517251731173517351731173516351631163516351631173517351
73116351535153115351535163116351735173117351735173117351735173116351635153116351
63517311735173517311635153514311535163516311635153515311535153515311635163516311
63516351631153515351431133512351231123512351231123513351331123512351236123612361
110600160017001700170017001617151714271427142714271531153516351631163516351
63116351735173118351835173116351435133113351335143114351435143115351535163116351
73516311635163515311635173517311735173517311635163515311435143514311535163517311
73517351731173517351731173517351731173517351731173517351731173517351736173616361
120805180517031615151515251431133513351331133514351531153516351631153515351
53116351635173118351735173117351635153114351435133113351435143114351435153115351
53516311635163516311635163516311635163516311635163516311535153514311435153515311
63516351731173517351731173517351731173517351731173517351731173516351636163616361
130800180518051805180017001727162716271637153715371431153516351731173517351
73117351735173117351735173118351835173115351335123113351435153115351535153115351
63516311635163516311735173517311635153514311535163517311735163516311635163516311
63516351631163516351631163516351631163516351631153515351431143514351436133613361
145700170017001700170017001717171717271627162715271531153516351631163516351
63116351635163116351635163116351735173117351635163116351635163115351535153115351
63517311735163516311535153515311635163516311635153515311435143514311435143514311
53516351631163515351431143513351331133512351231123512351231123511351136113612361
149600160015001700180017001717171717271627162716271531153516351631163517351
73117351735163116351635163116351735173117351735173116351635163115351535153115351
63516311635163515311535153516311635163516311535153515311435143514311435143515311
53516351631163515351431143513351331123512351231123512351231123511351136113611361
156705170317151615162516251631163517351731163516351531153516351631173517351
73117351735163116351635163117351735173117351735163116351635163115351535153115351
63517311635163515311535153515311635163516311635153515311435143514311435143515311
53516351631163515351431143513351331123512351231123512351231123511351236123612361
168800180018001705170018001817181717271727172716371631163516351631163516351
63116351635153115351635163116351735173117351735173117351735163116351635163116351
63516311635153515311535143514311435143515311535143514311435143514311435153515311
53515351431133512351231123512351231123512351131113512351231123512351236123612361
180800180018001800180018001817171717271727172717371731173517351731173517351
73116351535153115351535163116351635173117351735173117351735173117351635153115351
63516311735173516311635153514311435133513311335143514311435143514311435143514311
43514351431133513351331123512351231123512351231123512351231123512351236123612361
190800180018001800180018001717171716171627162717271731173517351731173517351
73116351535153115351535163116351635163116351735173117351735173117351735163116351
63516311635163516311635163515311535143514311335133514311435143514311435143514311
33513351231123512351231123512351231123512351231123512351231123512351236123612361
222700170017001700170017001617151715271527152715271531153515351531163516351
73117351735173117351735173117351835173116351535143113351435143115351535153116351
63517311735163516311735173517311635163515311535153516311635163517311635163516311
63516351631173517351631163515351331133512351231123512351331133512351236123612361
240800170018001800180018001727162715371537143714371431153515351631163516351
63116351735173117351735173117351735173117351735163115351435143114351535163116351
63516311635163517311735173517311635153515311435153515311535153515311535153515311
43514351431133512351231123512351231123512351231123512351231123512351236123612361
255705170517001800180018001817181717271727172716271531153515351531153514351
53115351635173117351735173117351735173117351735173116351535133113351235123113351
53515311535153514311535153515311535153515311535153514311435143513311335123512311
23512351231123512351231123512351231123512351231123512351231123512351236123612361
260800180018051800170018001817171717271727162716271631163516351731163515351
53115351635173117351735173117351735173117351735173116351435133112351235123113351
33514311435143514311435143514311435143514311435133513311435143514311435133512311
23511351231123511351131113512351231123512351231123512351231123512351236123613361
280800180018001800180018171817182718271727172717351731173517351631163516351
63116351635173117351735173117351735173117351735173117351735173116351535143114351
43514311435143514311435143514311335133513311335133514311435143514311435143513311
33513351331123512351231123512351231123512351231123513351331133512351236123612361
299800180018001800180018001717151715171427152716271731173517351731173517351
73116351535153115351535163117351735173117351735173117351735173116351635153115351
53515311535153515311535143514311335133513311335133513311335133513311235123512311
23512351231123512351231123512351231123511351131113511351231123512351236123612361
434700180016001800180018171727172716271627152715351531163516351731173517351
73117351735173117351735173116351635163117351735173116351635153114351435153116351
63516311535143513311335143514311535153515311435133512311235123511311135113511311
13511351131113511351131113511351231123511351131113511351131113511351136123612361
460800150011001300170017001717171717171627162715271531153516351631173517351
73117351735173117351735163116351535143114351435153115351535153115351435143114351
43514311435143514311335133513311435143514311435133513311235123512311135113511311
13511351231123511351131113511351231123512351231123512351231123512351236133613361
481700170017001700170017001717172717271727172717271731173516351631163516351
63117351735173117351735173116351635153115351435143115351635173117351635153115351
53514311435143514311335123512311235133513311335133513311235123512311235123512311
13511351231123513351331133512351231123512351231123512351231133513351336133614361
497805180317151515142513251331133514351431153516351731173517351731173517351
73117351735173117351635163117351735163115351435143114351535163117351735173117351
73516311635153514311435143513311335133512311235123512311135113511311235123512311
23512351231113511351231123512351231123512351231123512351231123512351236123613361
510700170018001800160018001817182718271727172717371731173517351731173517351
73117351735173116351535143114351535153115351535153114351435143114351535153115351
53514311335123512311235133514311435153515311535143513311335133512311235123512311
23512351231123512351131113511351131113511351131113512351231123512351236123613361
579600170517001600161716171617162716271627163516351631163516351531153514351
43115351535153115351535143114351535153115351535153115351535153115351635163116351
53515311435133513311335143514311435143514311335123512311235123512311235113512311
23513351431143514351331133513351331133513351331133514351431143514351436133613361
588600150516051703161514251327123513351431143514351431143513351331133513351
43115351635163116351535143114351435153115351535153114351435143114351435143114351
53515311535153515311435133513311235123512311235123511311135123512311235113511311
13511351231123513351331133512351231123512351231123512351231123513351336133614361
621405150315051605170517001627162715271427142713271331143515351631163515351
43114351435143113351235123111351135123113351435153115351435143114351535153115351
43514311335133513311235123511311135113511311135113511311135113511311135113511311
13512351231123512351231123512351231123511351131113511351131113511351136113611361
630800180517001715171517251727162715271531143513351331133514351431143514351
43115351535153115351535143113351235123113351435153115351535143114351435143114351
33513311335133513311335123512311235123512311235113511311135123512311235123512311
23512351231133513351331133513351431133513351331133513351331133512351236123612361
643300160016001200100010001017112711271227132714271431153515351531153515351
53115351535153115351535153115351535153115351635163116351535153115351535153115351
63516311635153515311535153515311435133512311235133514311435153515311535153515311
63516351631163517351731173517351731173517351731173516351631163516351636163616361
645505150315151515152514251431143514351531153515351531153515351531153515351
53115351535153115351435143115351535153115351535153115351535153115351535153115351
53515311535143514311435143514311435133512311235123513311335133514311335133513311
43515351631163516351731173517351731173516351631163515351531153515351536153615361
650200120012001500130013171317131713271327132713351331123512351231123513351
33114351435153115351435143114351435143114351435143114351435143114351535153114351
43514311435143514311435133513311235133513311435143514311435143514311435143514311
43514351431143514351431143515351531153514351431133513351331133514351436143614361
675600160516051703161515151427143514351331133512351131113511351131123512351
33114351535153115351435143114351435143114351435143114351535153115351535153114351
33513311335143514311435133512311235133513311335133513311335143514311435143514311
33513351431143515351631163516351531153514351431133513351331133514351436143614361
690700170017001700170017001627162715271527142714371331133512351231123513351
33113351335133114351435143114351335133114351435143114351435133113351435143114351
43514311435143515311535143514311435143514311435143513311335133513311335143514311
43513351331143515351531153515351531143514351431143514351531143514351436143614361
747505160016051615151514251327132712351231123512351231133514351431153515351
53115351535153114351435133113351335133114351435143115351535153114351435153115351
63516311535143514311335133513311335133513311335133513311335143514311435143514311
43514351431143514351431143514351331143514351431153515351531153515351536153614361
