20141103231427
T2M TEDF  78  35 1
20141103232014110318
20141103232014110319
20141103232014110320
20141103232014110321
20141103232014110322
20141103232014110323
20141103232014110400
20141103232014110401
20141103232014110402
20141103232014110403
20141103232014110404
20141103232014110405
20141103232014110406
20141103232014110407
20141103232014110408
20141103232014110409
20141103232014110410
20141103232014110411
20141103232014110412
20141103232014110413
20141103232014110414
20141103232014110415
20141103232014110416
20141103232014110417
20141103232014110418
20141103232014110419
20141103232014110420
20141103232014110421
20141103232014110422
20141103232014110423
20141103232014110500
20141103232014110501
20141103232014110502
20141103232014110503
20141103232014110504
20141103232014110505
20141103232014110506
20141103232014110507
20141103232014110508
20141103232014110509
20141103232014110510
20141103232014110511
20141103232014110512
20141103232014110513
20141103232014110514
20141103232014110515
20141103232014110516
20141103232014110517
20141103232014110518
20141103232014110519
20141103232014110520
20141103232014110521
20141103232014110522
20141103232014110523
20141103232014110600
20141103232014110601
20141103232014110602
20141103232014110603
20141103232014110604
20141103232014110605
20141103232014110606
20141103232014110607
20141103232014110608
20141103232014110609
20141103232014110610
20141103232014110611
20141103232014110612
20141103232014110613
20141103232014110614
20141103232014110615
20141103232014110616
20141103232014110617
20141103232014110618
20141103232014110619
20141103232014110620
20141103232014110621
20141103232014110622
20141103232014110623
002 117   001 121   001 120   001 119   001 117   001 115   001 109   671
 104   871 101   971  98   971  96   971  95   871  95   971  96   971 100  1071
 104  1071 108  1071 111  1171 113  1171 114  1171 114  1171 112  1171 113  1171
 112  1071 109  1071 106  1071 103  1171 102  1171 102  1171 104  1271 103  1271
 101  1171 100  1171  94  1071  91  1071  87  1071  85  1071  84  1071  87  1071
  91  1071  94  1171  97  1271 100  1371 103  1371 104  1371 104  1371 101  1371
  96  1271  92  1271  88  1271  86  1371  85  1371  85  1371  86  1371  87  1371
  88  1251  88  1151  86  1111  84  1151  81  1151  80  1111  81  1151  84  1251
  89  1211  95  1351 100  1351 104  1411 106  1551 106  1551 104  1611 101  1551
  98  1451  97  1311  98  1351 100  1251 104  1261 107  1261 110  1361
005 106   001  99   001  95   001  92   001  92   001  90   001  83   571
  79   771  78   971  77   971  75  1071  75  1071  75  1071  76   971  80  1071
  87   971  98  1071 111  1271 121  1371 124  1471 122  1571 116  1671 110  1471
 102  1071  94   871  88   871  82   971  79   971  77   971  76   971  75   971
  72   971  68  1071  66  1071  65  1071  65  1171  66  1171  68  1171  71  1071
  77  1071  84  1171  92  1371 100  1471 104  1571 103  1571  98  1671  89  1371
  78  1371  70  1171  67  1171  68  1271  69  1271  69  1271  67  1171  64  1171
  68   951  67  1051  65  1011  60  1051  55  1151  53  1111  56  1151  62  1151
  72  1111  83  1351  94  1451 102  1611 107  1651 107  1751 105  1711 100  1551
  95  1451  91  1211  90  1251  92  1151  94  1161  95  1161  96  1161
015 111   001 106   001 100   001  98   001  97   001  93   001  90   671
  85   971  82  1071  80  1171  76  1171  76  1271  75  1371  75  1271  76  1071
  81   971  90  1071  99  1171 108  1271 113  1271 114  1271 113  1271 108  1171
 103  1171  97  1071  94  1171  91  1171  87  1271  86  1371  83  1371  80  1471
  79  1471  75  1471  71  1471  69  1471  66  1471  65  1471  67  1371  72  1371
  79  1271  87  1371  94  1371 101  1371 104  1371 103  1371  98  1371  90  1271
  80  1271  71  1171  66  1171  64  1271  63  1271  61  1271  59  1471  57  1471
  68  1351  66  1351  64  1311  60  1351  56  1351  55  1311  57  1351  63  1251
  71  1211  80  1351  90  1451  97  1511 101  1551 103  1651 101  1611  96  1551
  91  1451  86  1311  83  1351  83  1351  83  1361  84  1361  85  1361
027  96   001  90   001  82   001  77   001  66   001  71   001  69   571
  67   971  66  1171  66  1371  66  1371  67  1471  68  1471  70  1371  74  1271
  80  1071  90  1171 103  1371 114  1471 122  1471 124  1571 118  1571 103  1371
  86  1171  73   971  67  1171  66  1071  67  1171  65  1271  61  1271  58  1371
  58  1471  57  1571  57  1671  56  1571  55  1571  56  1471  61  1371  68  1271
  76  1271  84  1371  90  1471  97  1571 102  1571 104  1771 100  1871  90  1671
  76  1471  64  1271  59  1271  58  1371  56  1371  52  1371  48  1471  44  1471
  51  1351  47  1551  43  1611  42  1651  42  1551  45  1511  49  1451  55  1251
  63  1111  72  1251  82  1251  92  1311 102  1551 109  1651 111  1811 105  1651
  97  1451  92  1211  94  1351 100  1451 107  1561 110  1561 111  1561
070 146   001 143   001 142   001 123   001  97   001  94   001  99   771
 100  1071  98  1371  97  1471  96  1671  96  1771  96  1971  94  1771  91  1571
  90  1371  92  1471  96  1471 100  1671 104  1671 105  1671 104  1671 100  1471
  95  1471  90  1471  86  1571  84  1671  82  1871  80  1971  77  2071  75  1971
  72  2071  70  2071  67  2171  65  2171  64  2271  65  2371  70  2071  75  1871
  82  1571  87  1571  91  1671  93  1771  95  1671  94  1671  91  1671  82  1671
  73  1471  64  1371  58  1471  57  1571  54  1671  50  1771  47  1771  45  1871
  58  1851  55  1951  53  1911  51  2051  51  2051  53  2011  59  1851  67  1651
  76  1411  86  1551  94  1651 101  1811 105  1851 105  1851 102  1811  96  1751
  89  1651  82  1411  77  1551  74  1651  72  1761  70  1761  68  1861
110  84   001  81   001  89   001  83   001  80   001  89   001  87   671
  83   971  79  1171  76  1271  75  1271  76  1271  78  1371  82  1271  89  1071
  98   971 109   971 122  1171 130  1171 134   971 132   971 127   871 116   871
 106   871  99   871  95   971  96   971  96  1071  95  1271  92  1371  91  1571
  90  1571  88  1571  86  1571  81  1571  77  1571  75  1571  78  1371  86  1171
  95   971 104  1071 114  1171 120  1171 124  1171 123  1071 119  1171 110  1071
  98  1071  88   971  84  1071  83  1171  82  1271  80  1471  77  1571  75  1771
  72  1651  72  1651  73  1611  74  1651  76  1751  80  1711  87  1551  97  1351
 108  1111 118  1251 128  1251 137  1311 144  1351 150  1251 152  1211 151  1251
 149  1151 146  1111 144  1251 143  1451 142  1561 140  1761 138  1861
120  79   001  78   001  74   001  71   001  62   001  74   001  80   471
  81   671  79   971  76  1071  75  1171  75  1271  77  1371  81  1271  87  1171
  94  1071 105  1171 114  1171 121  1171 124  1171 123  1171 118  1171 112  1071
 103   971  97   871  92   871  90   971  89   971  88   971  88  1071  87  1071
  86  1171  84  1271  82  1371  79  1371  76  1471  75  1471  77  1371  81  1271
  88  1171  95  1271 103  1271 109  1371 113  1371 114  1471 111  1471 104  1271
  94  1171  84   971  77   971  73  1071  70  1071  67  1071  66  1171  65  1171
  67  1151  67  1151  67  1211  68  1351  69  1351  71  1411  74  1251  79  1151
  86   911  95  1151 105  1351 115  1511 124  1551 132  1651 136  1611 137  1451
 135  1251 133  1011 132  1051 133  1151 132  1161 131  1261 130  1261
130  88   001  87   001  78   001  75   001  68   001  66   001  67   771
  66  1171  64  1371  61  1471  57  1471  55  1471  55  1471  59  1471  67  1371
  79  1271  95  1471 113  1871 126  2071 133  1871 134  1671 128  1571 118  1471
 104  1271  92  1171  82  1071  75  1171  69  1171  64  1271  62  1371  61  1471
  61  1571  61  1671  60  1771  58  1771  56  1671  56  1671  60  1571  68  1471
  77  1371  89  1471 101  1671 111  1771 114  1771 114  1771 109  1771 101  1671
  90  1471  79  1171  71  1271  64  1071  57  1071  51  1271  45  1371  41  1571
  41  1551  42  1551  42  1611  42  1651  42  1651  44  1611  48  1551  54  1451
  63  1311  74  1451  87  1651 100  1711 113  1751 123  1851 130  1811 131  1651
 129  1551 126  1311 124  1351 124  1251 124  1261 125  1361 126  1561
145  99   001  93   001  87   001  85   001  85   001  84   001  90   771
  94  1071  94  1271  93  1371  92  1271  91  1371  89  1271  86  1271  85  1271
  87  1271  93  1371 102  1371 110  1471 114  1571 114  1471 112  1571 107  1471
 101  1271  95  1271  91  1271  89  1271  85  1271  84  1271  81  1371  77  1371
  75  1471  71  1471  67  1571  66  1471  65  1471  65  1371  66  1371  68  1371
  71  1371  75  1471  79  1571  83  1671  85  1771  84  1771  81  1871  75  1671
  68  1571  63  1371  59  1371  58  1371  57  1371  55  1371  54  1471  52  1471
  63  1451  61  1551  59  1511  57  1451  55  1351  54  1211  55  1251  59  1351
  65  1311  74  1451  84  1551  93  1611  98  1751 100  1751  99  1811  95  1751
  89  1551  85  1411  83  1451  84  1451  86  1461  88  1461  90  1561
149 107   001 101   001  98   001  96   001  94   001  92   001  99   671
 101   971  99  1171  97  1271  96  1371  94  1471  92  1571  88  1371  86  1171
  86   971  92  1071 100  1271 108  1471 114  1571 115  1571 113  1571 107  1571
 100  1371  94  1271  90  1271  88  1271  86  1271  84  1271  82  1371  79  1371
  75  1471  71  1471  68  1571  66  1671  64  1771  64  1871  65  1671  67  1371
  71  1171  78  1371  84  1571  89  1771  94  1871  95  1871  92  1971  83  1771
  72  1571  63  1371  58  1371  57  1271  58  1271  58  1271  58  1371  57  1371
  66  1351  63  1451  61  1411  60  1451  60  1551  60  1511  61  1451  64  1351
  70  1211  80  1451  91  1651 101  1811 107  1851 109  1851 107  1811 102  1651
  95  1451  91  1211  91  1251  92  1151  94  1161  94  1261  92  1361
156 110   001 105   001  99   001  99   001  98   001  96   001 102   471
 107   771 109   971 109  1171 108  1171 107  1271 104  1271  99  1171  95  1171
  95  1071  99  1171 106  1171 112  1271 115  1371 115  1371 112  1471 108  1371
 104  1371 101  1271 100  1171  99  1071  98   871  96   971  93  1071  90  1171
  89  1171  87  1271  85  1271  82  1271  79  1371  76  1371  75  1371  76  1371
  79  1371  84  1471  90  1471  93  1571  94  1671  94  1671  90  1671  84  1571
  78  1571  73  1471  71  1371  71  1171  72  1071  72  1171  71  1171  70  1271
  76  1251  76  1251  75  1211  73  1251  72  1351  70  1311  69  1351  71  1351
  76  1311  85  1451  95  1551 104  1611 110  1651 111  1551 110  1511 106  1551
 101  1451  97  1411  96  1351  97  1151  97  1061  96  1161  95  1261
168 145   001 146   001 132   001 126   001 118   001 121   001 114   971
 113  1171 113  1571 112  1671 108  1771 103  1971  98  2171  95  1871  95  1671
  96  1371 102  1571 108  1571 113  1671 115  1671 112  1571 106  1571  98  1671
  89  1671  83  1771  81  1771  81  1671  82  1571  81  1671  80  1771  78  1871
  77  1971  75  2071  73  2171  70  2271  67  2271  66  2371  68  2071  74  1871
  81  1571  89  1671  95  1671 101  1771 104  1771 104  1871  99  1871  87  1771
  74  1771  63  1671  60  1671  60  1571  62  1571  59  1571  55  1571  52  1571
  59  1851  62  1951  63  2011  59  2151  54  2151  51  2211  54  2051  61  1751
  71  1511  82  1651  92  1851 100  1911 105  1951 106  1951 102  1911  93  1851
  82  1751  74  1611  70  1651  70  1551  70  1561  68  1561  66  1661
180 132   001 126   001 125   001 145   001 146   001 121   001 112   671
 113  1071 116  1171 119  1271 121  1371 122  1571 120  1671 116  1671 113  1671
 110  1771 111  1671 113  1771 113  1871 109  1771 102  1671  97  1671  93  1471
  91  1571  89  1471  87  1571  82  1771  78  1871  76  1771  75  1871  74  1871
  74  1871  74  1771  74  1771  74  1771  72  1871  69  1871  66  1871  63  1871
  63  1871  67  1771  73  1771  81  1671  84  1771  85  1871  84  1771  79  1671
  73  1471  68  1371  66  1371  64  1671  64  1771  65  1871  64  1971  64  1971
  53  1851  54  1751  55  1711  54  1851  53  1851  52  1911  53  1851  57  1751
  64  1611  73  1751  83  1751  91  1811  96  1951  96  1951  93  2011  86  1851
  78  1751  71  1511  66  1751  62  1851  57  2061  53  2061  50  2161
190 125   001 122   001 123   001 122   001 120   001 115   001 107   671
 100  1071  96  1371  93  1471  90  1571  87  1571  86  1671  88  1771  93  1971
 102  1971 116  2071 129  2271 135  2171 130  2171 118  2371 106  2271  95  1971
  90  1771  85  1571  86  1671  84  1671  85  1771  83  1771  80  1871  80  1871
  77  1871  76  1971  75  1971  76  1971  75  1971  73  1971  71  1971  68  1871
  66  1971  68  1771  71  1671  75  1671  81  1771  85  1871  85  1971  78  1771
  69  1571  61  1371  60  1471  62  1671  64  1771  64  1771  62  1971  61  1971
  57  1851  55  1951  53  1911  49  1951  46  1851  44  1811  46  1851  51  1851
  61  1811  74  1951  88  1951 100  2011 107  2151 107  2151 102  2211  91  1951
  78  1751  67  1411  62  1651  61  1751  59  1961  57  2061  54  2061
222 100   001  98   001  98   001  94   001  90   001  85   001  82   671
  80   971  76  1271  72  1371  68  1471  65  1371  65  1471  69  1371  77  1471
  91  1371 107  1371 124  1471 138  1571 145  1671 143  1771 137  1871 125  1471
 111  1371  99  1171  89  1171  82  1271  77  1271  72  1371  68  1471  65  1571
  61  1571  59  1571  58  1571  56  1571  55  1471  57  1471  64  1371  73  1271
  87  1171 101  1271 115  1371 127  1471 132  1671 134  1671 128  1871 115  1671
  98  1371  84  1071  74  1171  68  1171  65  1271  60  1371  55  1571  52  1671
  39  1651  38  1551  38  1511  38  1551  38  1651  40  1611  45  1551  54  1351
  66  1211  82  1251 100  1251 116  1211 128  1551 136  1951 139  2211 139  1951
 136  1551 132  1211 129  1251 126  1351 125  1361 125  1561 126  1661
240  94   001  94   001  92   001  91   001  89   001  89   001  96   671
  97   971  94  1171  92  1371  90  1371  88  1371  87  1471  86  1371  85  1271
  89  1171  97  1171 109  1271 118  1371 123  1371 125  1371 122  1371 113  1171
 103  1171  95  1071  88  1071  86  1171  83  1171  80  1171  79  1271  75  1271
  71  1371  67  1571  63  1671  60  1671  56  1671  55  1671  57  1571  63  1571
  69  1471  79  1571  90  1571  99  1671 103  1671 105  1671 101  1571  92  1371
  81  1271  70  1071  66  1271  62  1271  60  1371  57  1371  53  1271  49  1271
  58  1351  55  1351  52  1411  49  1451  46  1551  44  1511  45  1551  49  1451
  57  1411  70  1451  85  1451  99  1411 108  1451 111  1551 110  1511 104  1351
  97  1251  93  1011  94  1151  97  1251  99  1361 100  1361 100  1361
255 133   001 124   001 124   001 130   001 133   001 130   001 118   571
 114   771 111   871 105  1171  98  1271  91  1271  86  1471  85  1471  88  1271
  93  1171 100  1371 107  1471 112  1771 114  1771 113  1671 110  1671 102  1471
  94  1371  89  1271  86  1171  83  1071  83   971  81  1071  80  1171  77  1271
  77  1271  76  1371  73  1371  71  1371  67  1471  65  1471  66  1471  70  1371
  77  1271  85  1471  93  1571  99  1771 103  1771 104  1671 101  1671  92  1471
  80  1371  71  1171  64  1071  61   971  59   871  56   971  53  1071  51  1171
  56  1151  55  1251  54  1211  51  1351  47  1451  46  1511  49  1451  55  1451
  65  1311  76  1551  88  1651  98  1811 105  1851 108  1851 106  1811  99  1651
  90  1451  83  1211  80  1151  79  1051  80   961  80  1061  80  1161
260 146   001 145   001 127   001 122   001 121   001 124   001 120  1171
 118  1771 115  1971 110  2071 104  1971  96  1971  91  1971  89  1671  90  1571
  94  1271  97  1471 100  1671 104  1871 105  1871 104  1671  98  1671  91  1571
  81  1371  75  1171  71  1471  71  1771  70  2071  70  1971  68  2071  68  2071
  67  2071  65  2071  64  2071  63  2071  63  2071  63  2071  63  1971  64  1671
  66  1571  71  1771  78  1771  85  1871  91  1871  95  1971  92  1971  81  1771
  67  1471  55  1271  51  1571  50  1771  51  1971  50  1971  50  1971  50  1971
  47  1951  49  2051  49  2011  48  2051  46  2051  46  2011  48  1851  53  1651
  60  1411  70  1651  80  1851  91  2011 100  2051 104  2151 100  2111  87  1851
  72  1651  60  1311  58  1651  62  1851  64  2161  63  2161  60  2061
280 147   001 150   001 153   001 159   001 148   001 139   001 126   671
 119   871 118  1071 117  1171 116  1271 115  1271 113  1471 107  1671  97  1671
  87  1871  77  2071  70  2071  64  2371  61  2371  60  2271  60  2271  63  2071
  63  1771  65  1571  63  1571  61  1671  61  1671  60  1471  62  1471  61  1371
  61  1371  60  1471  59  1471  61  1471  61  1571  61  1511  60  1671  60  1571
  60  1671  61  1771  66  1771  71  1971  78  1971  83  1871  83  1871  75  1771
  65  1671  54  1471  47  1471  44  1571  44  1671  45  1671  46  1571  46  1571
  41  1451  41  1551  41  1511  39  1651  37  1651  37  1711  39  1751  44  1751
  51  1711  59  1951  68  2251  76  2411  83  2451  87  2351  86  2311  78  2151
  67  1851  56  1611  48  1751  43  1851  39  1961  38  1961  37  1861
299 116   001 116   001 118   001 118   001 106   001 103   001 104   871
 102  1171  99  1271  98  1371  96  1371  96  1271  98  1271 102  1471 109  1471
 118  1571 126  1671 134  1771 136  1971 132  1971 123  1871 112  1971 103  1871
  97  1571  91  1471  89  1571  90  1671  90  1871  89  1771  89  1771  87  1671
  85  1671  83  1671  81  1671  78  1671  75  1571  73  1571  70  1571  67  1571
  65  1571  63  1471  63  1471  64  1471  69  1571  74  1571  76  1671  72  1471
  62  1371  54  1171  50  1271  51  1471  52  1571  55  1671  57  1771  57  1871
  54  1651  52  1651  48  1611  42  1651  36  1551  35  1511  40  1551  50  1651
  62  1611  74  1651  85  1751  95  1711 102  1851 105  1851 102  1911  92  1751
  79  1451  66  1211  57  1451  52  1651  46  1861  41  1961  37  1961
434 120   001 113   001 111   001 110   001 109   001 107   001 109   471
 104   671  96   871  91   871  88   971  86  1171  86  1171  87  1271  88  1371
  91  1371  92  1371  94  1271  94  1271  94  1371  93  1271  92  1271  88  1171
  87  1071  84   971  80  1071  77  1171  73  1071  69  1071  67  1071  64  1071
  62  1071  60  1171  59  1171  58  1171  57  1271  56  1271  56  1471  57  1471
  60  1671  64  1871  70  1971  76  2071  80  2071  84  2071  84  1971  80  1671
  74  1371  68  1171  65  1271  63  1371  61  1471  58  1471  55  1271  51  1271
  46  1151  45  1251  43  1211  41  1251  39  1351  39  1311  41  1451  46  1451
  53  1511  63  1651  73  1651  82  1711  88  1751  92  1851  91  1811  87  1651
  81  1451  76  1211  73  1351  71  1351  71  1461  71  1461  72  1361
460 168   001 165   001 173   001 170   001 138   001 131   001 124   671
 118   971 111  1271 105  1371  95  1371  86  1571  80  1671  77  1571  79  1571
  81  1471  84  1471  87  1471  90  1471  93  1571  94  1571  93  1571  88  1471
  82  1371  77  1371  74  1371  72  1371  71  1371  68  1471  65  1571  62  1671
  61  1671  59  1771  57  1771  56  1771  55  1871  55  1871  56  1771  58  1571
  63  1471  70  1471  80  1571  89  1471  98  1571 103  1771 103  1871  93  1771
  80  1571  69  1471  63  1371  61  1371  59  1371  55  1571  50  1771  47  1971
  49  1851  48  1751  46  1711  41  1851  37  1851  35  1911  39  1851  46  1851
  57  1711  69  1751  80  1751  92  1711 102  1851 108  1951 106  2011  95  1951
  79  1751  65  1611  58  1551  56  1551  55  1461  54  1561  55  1761
481 134   001 144   001 148   001 166   001 169   001 173   001 167   471
 160   671 153   771 146   971 139  1071 133  1071 127  1271 123  1571 121  1771
 120  1971 120  1971 122  1871 121  1871 120  1771 117  1471 113  1371 110  1371
 106  1271 103  1371  99  1471  95  1371  89  1371  82  1271  75  1271  70  1071
  68  1171  67  1271  65  1371  61  1371  57  1271  55  1271  56  1471  59  1471
  63  1671  69  1671  76  1671  84  1771  90  1671  95  1771  96  1771  91  1771
  84  1671  77  1571  72  1571  69  1471  66  1471  63  1471  61  1471  57  1471
  51  1451  47  1451  42  1511  38  1551  35  1451  34  1411  36  1651  43  1851
  53  2011  67  2151  83  2151  95  2211 101  2251 101  2251  96  2211  88  2051
  78  1951  70  1711  65  1651  62  1651  57  1561  53  1561  50  1561
497 133   001 134   001 138   001 130   001 122   001 146   001 133   671
 120  1071 109  1271  99  1371  92  1371  87  1471  85  1571  87  1771  93  1771
 106  1871 122  2171 139  2471 145  2671 137  2571 123  2371 105  1971  96  1771
  94  1371  89  1271  83  1371  76  1571  68  1671  63  1671  60  1571  59  1571
  57  1571  56  1671  56  1671  56  1671  56  1771  54  1771  51  1971  50  2071
  52  2171  63  2371  74  2571  83  2671  84  2371  79  2271  70  2071  61  1771
  54  1471  48  1271  45  1371  41  1471  39  1571  37  1571  32  1671  30  1671
  35  1551  34  1651  30  1611  25  1651  20  1751  20  1711  27  1851  40  1951
  57  2011  75  2251  90  2351 100  2511 101  2351  95  2251  85  2011  72  1851
  59  1551  48  1311  40  1451  35  1551  28  1661  21  1761  14  1761
510 138   001 137   001 135   001 134   001 124   001 116   001 117   571
 114   771 111   971 108  1171 106  1271 105  1371 105  1471 106  1271 109  1171
 113   971 119  1071 126  1071 130  1171 133  1371 133  1471 132  1671 127  1571
 123  1571 116  1471 111  1371 107  1271 105  1171 101  1171  98  1271  95  1271
  92  1371  89  1471  85  1571  81  1571  76  1671  75  1671  79  1671  86  1571
  95  1471 109  1471 118  1371 128  1371 132  1471 134  1571 131  1571 123  1471
 112  1371 100  1271  92  1371  86  1271  82  1271  79  1271  76  1271  75  1271
  66  1351  64  1351  62  1411  60  1451  59  1451  60  1411  64  1451  72  1351
  83  1311  98  1351 114  1351 127  1311 136  1451 139  1451 137  1511 130  1451
 122  1451 114  1311 109  1351 107  1451 106  1461 105  1461 105  1361
579 173   001 170   001 170   001 173   001 180   001 181   001 174   671
 167  1071 160  1271 155  1571 151  1671 149  1771 148  2071 151  2171 154  2071
 156  2071 159  1971 161  1971 163  1871 163  1771 162  1771 157  1671 149  1571
 136  1771 126  1771 119  1871 113  1871 110  1871 106  1771 105  1771 102  1671
  96  1771  90  1871  82  1971  74  1971  68  2071  66  2071  69  2071  77  2171
  86  2171  99  2071 112  2071 123  1971 131  1871 133  1671 128  1571 116  1571
 100  1571  87  1571  80  1771  78  1871  78  1971  76  1871  75  1871  74  1771
  51  1751  50  1751  47  1811  42  1951  38  2051  40  2111  50  2151  67  2151
  85  2111 102  2051 116  1951 126  1811 132  1851 132  1751 125  1711 109  1751
  90  1751  74  1711  65  1851  61  2051  55  2161  50  2061  48  2061
588 139   001 126   001 118   001 133   001 144   001 148   001 142   971
 136  1171 132  1271 130  1471 129  1471 129  1471 129  1671 130  1671 133  1671
 135  1571 138  1571 142  1671 143  1671 144  1671 145  1671 143  1571 140  1471
 135  1471 129  1371 122  1271 114  1271 107  1171 101  1271  95  1471  91  1571
  88  1671  83  1671  79  1771  73  1771  68  1671  65  1671  65  1571  71  1571
  77  1471  86  1571  95  1571 104  1671 111  1671 115  1571 112  1571 101  1471
  86  1471  73  1371  65  1371  62  1371  59  1371  57  1371  54  1471  52  1471
  41  1551  41  1651  38  1611  32  1651  26  1551  25  1511  32  1551  47  1451
  66  1411  87  1551 107  1551 123  1611 133  1651 135  1651 127  1611 110  1551
  88  1451  68  1311  56  1351  49  1451  44  1461  41  1561  38  1561
621 143   001 147   001 140   001 126   001 122   001 120   001 116   871
 114  1271 112  1371 108  1471 102  1571  97  1571  96  1671  99  1571 106  1571
 111  1471 114  1571 114  1571 114  1671 112  1671 109  1671 100  1671  87  1571
  73  1571  64  1571  66  1571  73  1571  80  1671  81  1771  78  1771  76  1871
  78  1871  82  1771  84  1771  81  1771  77  1771  77  1771  84  1671  95  1571
 107  1471 116  1671 122  1871 127  1971 132  2071 132  2071 123  2171 104  1971
  82  1771  65  1571  59  1571  61  1571  64  1671  63  1871  61  2071  59  2171
  60  2051  62  1951  62  1911  58  1951  55  1851  57  1811  69  1751  86  1651
 104  1511 118  1651 128  1851 136  1911 143  2051 145  2051 138  2111 119  1951
  96  1851  79  1611  74  1651  77  1651  79  1661  79  1761  79  1961
630 182   001 178   001 175   001 166   001 149   001 137   001 141   771
 137  1071 127  1171 118  1271 109  1371 104  1471 102  1671 102  1671 104  1471
 108  1371 110  1371 111  1271 113  1171 113  1171 112  1171 111  1071 107  1171
 105  1171 102  1271 100  1171  98  1171  96  1071  96  1171  94  1271  92  1371
  91  1471  89  1471  87  1571  87  1671  86  1771  88  1871  92  1871  99  1671
 104  1571 111  1571 118  1371 123  1371 129  1371 133  1371 132  1371 123  1471
 111  1471 101  1471  94  1371  90  1271  86  1171  80  1271  72  1271  67  1371
  74  1451  72  1551  71  1511  69  1651  68  1851  68  1911  70  1751  76  1551
  85  1311  98  1351 112  1351 123  1311 129  1351 131  1451 128  1411 121  1451
 113  1551 105  1511  99  1451  94  1251  88  1161  84  1261  80  1361
643 197   001 197   001 196   001 197   001 199   001 199   001 190   871
 183  1171 178  1371 175  1371 172  1271 169  1271 166  1271 165  1271 163  1271
 163  1271 162  1271 163  1271 163  1271 164  1171 162  1171 159  1071 154  1071
 149   971 143   971 138  1071 134  1171 131  1271 129  1371 127  1571 124  1671
 120  1671 116  1671 110  1671 104  1571  98  1471  96  1371 100  1371 107  1471
 117  1471 129  1371 140  1271 150  1171 159  1071 163   971 160   871 150   871
 137   971 125   971 117  1071 112  1271 108  1371 104  1571  99  1571  95  1671
  78  1651  77  1651  74  1611  68  1651  61  1551  61  1511  70  1551  86  1451
 105  1411 124  1451 140  1351 151  1311 157  1351 156  1251 150  1211 139  1151
 125  1151 112  1011 101  1151  92  1351  86  1461  81  1561  77  1561
645 186   001 185   001 184   001 184   001 187   001 187   001 181   571
 175   871 171   971 168  1071 166  1171 164  1171 163  1371 163  1271 163  1371
 162  1271 162  1271 162  1171 163  1171 165  1271 165  1171 161  1271 152  1171
 141  1071 132   971 128  1171 127  1471 127  1571 125  1571 119  1471 115  1471
 111  1471 107  1371 102  1371  95  1371  89  1371  86  1371  88  1371  96  1371
 107  1371 118  1271 130  1271 142  1171 150  1171 153  1171 147  1171 132  1071
 113  1071  98   971  91  1171  92  1371  93  1571  93  1671  90  1571  87  1571
  71  1451  69  1351  66  1311  60  1351  55  1351  56  1311  65  1351  80  1251
  98  1211 116  1251 131  1251 144  1211 153  1251 154  1351 147  1311 129  1251
 107  1251  88  1111  78  1351  73  1451  68  1661  65  1561  64  1561
650 192   001 192   001 194   001 194   001 193   001 196   001 191   571
 187   771 183   971 179  1271 176  1171 173  1171 171  1171 172  1271 173  1371
 175  1471 178  1471 181  1571 182  1571 183  1371 181  1171 177   971 170   971
 163   971 157   971 151   971 147  1071 141  1071 135  1171 129  1271 121  1371
 117  1371 112  1471 106  1471 101  1471  97  1371  96  1371  98  1371 104  1371
 112  1371 119  1371 127  1471 134  1471 140  1271 143  1171 140   971 131   971
 119   971 108   971 101  1071  98  1071  96  1171  95  1271  93  1371  91  1371
  81  1351  80  1351  76  1411  69  1451  63  1451  62  1411  70  1451  84  1351
 100  1311 115  1351 128  1451 138  1411 144  1251 146  1151 142   911 133   951
 120  1051 107  1011  96  1151  87  1151  80  1261  75  1261  71  1361
675 151   001 144   001 144   001 145   001 142   001 142   001 139   971
 137  1571 136  1871 137  1971 140  1971 144  2071 148  2171 149  2071 151  2071
 154  2071 160  1971 170  1771 178  1571 183  1471 183  1371 181  1271 174  1171
 167  1171 160  1071 157  1171 154  1371 151  1471 145  1571 137  1771 129  1871
 123  1971 117  2071 110  2171 104  2171  98  2171  97  2171 103  2071 112  1871
 121  1771 130  1671 136  1571 142  1471 148  1471 153  1571 151  1571 138  1371
 120  1271 104  1071  94  1271  90  1371  87  1571  85  1671  82  1771  79  1871
  73  1951  70  2051  64  2111  55  2151  48  2251  48  2211  59  2151  78  1951
 101  1811 123  1751 142  1651 158  1511 168  1551 172  1551 166  1511 151  1451
 130  1351 111  1211  97  1451  88  1551  80  1761  74  1861  69  1861
690 157   001 151   001 139   001 138   001 136   001 138   001 138   571
 139   671 140   771 140   771 142   771 144   671 147   771 153  1071 162  1171
 173  1471 182  1371 188  1171 193   971 193   871 191   871 190   771 189   971
 190  1171 189  1471 186  1471 181  1371 176  1271 173  1271 170  1171 167  1171
 163  1071 157   871 152   771 148   771 146   771 146   771 149   971 154  1271
 157  1471 160  1371 163  1271 163  1271 164  1071 163  1071 162   971 160  1071
 155  1271 152  1471 147  1471 143  1471 139  1371 137  1371 137  1271 136  1271
 125  1051 122   951 118   811 115   851 114   851 117   811 125  1051 137  1251
 149  1411 160  1351 169  1151 175  1011 178   951 178   951 175   811 170  1051
 163  1251 154  1411 144  1351 135  1351 130  1261 126  1361 124  1361
747 198   001 198   001 195   001 199   001 190   001 189   001 177   971
 174  1371 175  1671 174  1771 170  1871 164  1971 158  2171 153  1971 149  1771
 147  1471 149  1471 151  1371 151  1371 145  1271 136  1271 126  1271 119  1271
 114  1271 112  1271 111  1371 109  1571 107  1671 102  1771  98  1971  96  2071
  97  2071  98  2171  99  2171  97  2271  95  2471  95  2571 103  2271 114  1971
 128  1571 142  1571 154  1571 162  1571 166  1571 164  1671 157  1571 146  1571
 133  1471 123  1471 117  1571 113  1571 109  1671 104  1771  98  1971  94  2071
  94  2051  93  2151  91  2111  85  2251  81  2351  82  2411  93  2151 109  1851
 126  1511 139  1551 148  1551 154  1511 158  1551 158  1651 153  1611 143  1651
 130  1551 118  1511 109  1651 102  1751  96  1861  90  1961  87  2061
NT  TEDF  78  35 1
20141103232014110318
20141103232014110319
20141103232014110320
20141103232014110321
20141103232014110322
20141103232014110323
20141103232014110400
20141103232014110401
20141103232014110402
20141103232014110403
20141103232014110404
20141103232014110405
20141103232014110406
20141103232014110407
20141103232014110408
20141103232014110409
20141103232014110410
20141103232014110411
20141103232014110412
20141103232014110413
20141103232014110414
20141103232014110415
20141103232014110416
20141103232014110417
20141103232014110418
20141103232014110419
20141103232014110420
20141103232014110421
20141103232014110422
20141103232014110423
20141103232014110500
20141103232014110501
20141103232014110502
20141103232014110503
20141103232014110504
20141103232014110505
20141103232014110506
20141103232014110507
20141103232014110508
20141103232014110509
20141103232014110510
20141103232014110511
20141103232014110512
20141103232014110513
20141103232014110514
20141103232014110515
20141103232014110516
20141103232014110517
20141103232014110518
20141103232014110519
20141103232014110520
20141103232014110521
20141103232014110522
20141103232014110523
20141103232014110600
20141103232014110601
20141103232014110602
20141103232014110603
20141103232014110604
20141103232014110605
20141103232014110606
20141103232014110607
20141103232014110608
20141103232014110609
20141103232014110610
20141103232014110611
20141103232014110612
20141103232014110613
20141103232014110614
20141103232014110615
20141103232014110616
20141103232014110617
20141103232014110618
20141103232014110619
20141103232014110620
20141103232014110621
20141103232014110622
20141103232014110623
002800170517051600161716171627162716271527153514351431143515351631163516351
63116351635163116351635163115351535153115351535153115351635163116351735173117351
73517311735173517311735173516311635163516311535153514311435133514311435143515311
53515351531153515351531153514351431143515351531153516351631163516351736173617361
005805180318151815182517251731173516351631153515351531153515351531153515351
53116351635163115351535153115351535153116351635163116351535163116351635173117351
73517311735173517311735173517311735173516311635153514311335133513311435153515311
63516351631163516351631163515351531143514351431153515351631163516351636163616361
015800180018001800180017001717171717271727172717271731163515351531153515351
63116351635153115351535153116351635163116351635153116351635173117351735173117351
73517311735173517311735173517311735173516311635173517311735173517311635153514311
43513351331143515351631163517351731163516351531153515351531153515351536163616361
027800180018001800170018001717151714271327122712271131113511351231143515351
73117351735163115351435143114351435143114351435143113351235123112351335143115351
63517311735173517311635163515311535153514311435133513311335133513311335123512311
33513351431143515351531153515351631163516351631163516351731173517351736173617361
070705170317151715172517251731173517351731173517351731163516351631163516351
73117351735173117351735173117351735173117351735173117351735173117351735173117351
73517311735173517311735173517311635163515311535153515311535153516311635163516311
63516351631163517351731173517351631153515351431143513351431143515351536153615361
110400140018001805170515001517152715271427132713271231123512351231133513351
33114351435143113351335123112351235113111351135123112351135113112351235123113351
33513311335133512311335133513311335133513311335123512311235123512311235133513311
43515351631173517351731173517351731173517351731173517351731173516351636163616361
120705170316151515132512251131113511351231123512351231123512351231133514351
43115351535153114351435133113351235123112351235123112351235133113351335133113351
23512311235123512311335133513311235123512311235123512311235123513311335133514311
43515351531143514351431153516351731173517351731173516351631163515351536153615361
130800180018001800171715171427132712371237123512351231123512351231123513351
43115351635163115351435133112351235123112351135123112351335133113351335133114351
53515311535153515311535153515311435133512311235123512311235133513311335133513311
23512351331133514351531153516351631163517351731173517351731173517351736163616361
145800180018001800180018001717171716271627152715271531153515351531163516351
63116351635153115351535153115351635163116351535153115351635163117351735173117351
63516311635163516311635163516311535153514311435153515311535153515311535143514311
43513351331133514351531163516351731163516351531153514351431153515351536153615361
149800180018001800180018001817171717271627162716271631163516351631163516351
63116351635163115351535153116351635163116351635163116351635163116351735173117351
73517311735173517311735173516311635153515311535153515311535153515311535153515311
43514351431143515351631163517351731163515351431143514351431153515351536163616361
156805180318151815172517251731173516351631163515351531163516351631163516351
63116351635153115351535153115351635163116351635163116351635163116351735173117351
73517311735173517311735163516311635153515311535153515311535153515311535153515311
43514351431143515351631163517351731163515351431143514351431153515351536153615361
168700160018001800180018001817181717271727172717371631163515351531163516351
73117351735173117351735173117351735173117351735173117351735173117351735173117351
73517311735173517311735163516311635153515311535153515311535153516311635163515311
53515351531153516351631163516351531153514351331133513351231123513351336143614361
180800180018001800180018001817171717271727172717371731173517351731173517351
73117351735173117351735173117351735173117351735173117351735173117351735173117351
73517311735173517311735173517311635163516311635163516311635163516311535153514311
53515351631163517351731173516351631153515351431133513351231133513351436143614361
190800180018001800180018001817171717171727172717271731173517351731173517351
73117351735173117351735173117351735173117351735173117351735173117351735173117351
73517311735173517311735173517311735163516311635153515311535163516311635153514311
43513351331133513351431143514351431143514351331133512351231133513351336143614361
222700170018001800180018001717151714271327122712271231123513351331143514351
43114351335133112351235123112351135113111351135123112351235123112351235123112351
33514311435153515311535153514311335123511311135113511311135113512311235123512311
23512351231133513351431153516351731173517351731173517351731173517351736173617361
240800180018001800180018001827172717371637163716371531163516351631173517351
73117351735163116351535153114351435143115351535163115351535153115351635173117351
73517311635163516311635163516311635153515311535153516311535153515311535153515311
53515351531163516351631163515351531143514351431153516351631163516351636163616361
255800180018001800180018001817171717271727172717271631163516351631163516351
63117351735173117351735173117351635163115351535153116351635163117351735173117351
73517311735173517311635163515311535163516311635153515311535153514311435143514311
43514351431153515351631163516351631153514351331123512351231123513351336143614361
260800180018001800180018001817181717271727172717271731173517351731173517351
73117351735173117351735173117351735173117351735173117351635163116351635173117351
73517311735173516311635163515311535143513311335133513311335133513311435143515311
53514351431143515351631173517351731153514351231123513351331143514351436143614361
280800180017001800180018001817181718271827182717271731173517351731173517351
73117351735173117351735173117351735173117351735173117351735173117351735173117351
73517311735163516311635163516311735173517311735173517311635163516311535153515311
53515351531153514351431143514351431143514351431133513351231113512351236123613361
299700180018001700170017001617161715171527152715271531163516351731173516351
63116351635173117351735163116351735173117351735173117351735173117351735173117351
73517311735173517311735173517311735173517311735163516311635163516311635163516311
63516351631163516351631163516351631153515351531153515351531153514351436143615361
434800180018001800180018001827172717271727172717371731173517351731173517351
73117351735173117351735173117351735173117351735173117351635163116351635173117351
73517311735173517311735173517311735173516311635163516311635163515311535153515311
43514351431153515351631173517351631163515351431143514351431143514351536153615361
460700170017001700180018001817181718171827172717271731173517351731173517351
73117351735173117351735173117351735173117351735173117351735173117351735173117351
73517311735173516311635163515311535143514311435143515311535153515311535153515311
43514351431153516351631163516351531143513351331123512351231123512351236133613361
481800180017001700170018001717172716271627172717271731173517351731173517351
73117351735173117351735173117351735173117351735173117351735173117351735173117351
73517311735163516311635163516311535153514311435133513311335123512311235123512311
23512351231133513351431143514351431143513351331123512351231123512351236123612361
497605180318151715162515251531153515351531163516351731173517351731173517351
63117351735173117351635163116351735173117351735173117351735173117351735173117351
73517311735173517311735173517311735163516311635163516311635153515311535143514311
43514351431143514351331133514351431143514351431133512351231123512351236123612361
510700170017001700170017001717172717271727172717371731173517351731173517351
73117351735163116351535143114351335133113351335133113351435153115351535153115351
53516311635163516311535153514311435133513311335133512311235123512311235123512311
23512351231133514351431153515351631163516351631163516351631163516351636163616361
579800180018001800180017001717172717271727172717271731173517351731173517351
73117351735173117351735173117351735173117351635163116351635163116351635153115351
43514311335133513311335133513311335123511311135113511311135113512311235123512311
13511351231123512351231123512351231113511351131113511351131113511351136113611361
588800180018051800180018001817171717271727172717371731173517351731173517351
73117351735173117351735173117351735173117351735173117351735173117351735173116351
63516311635163516311635153515311535143514311435133513311335133513311335133513311
23512351231113511351231123512351231133513351331133513351231123512351236123611361
621800180018001800180018001817172717271727172717271731173517351731173517351
73117351735173117351735173117351735173116351635163116351635163116351635163115351
53515311635163517311635153515311435143514311535153516311635153515311535153515311
53515351431143514351431143515351531153515351531143513351331133514351436143614361
630700180018001800180018001717172717271727172717371731173517351731173517351
73117351735173117351735173117351735173117351735173117351735173117351735173117351
73517311735173517311635163515311535143514311435143514311435143514311535163516311
53513351231133515351631173517351631163515351531143514351431133513351336133614361
643700180017001705170017001717172717271737172717271731173517351731173517351
73117351735173117351735173117351635153114351335143115351635173116351435133112351
33513311435143514311335123511311135113512311235123512311235123512311235123512311
13511351131123513351331133512351131113511351131113511351131113511351136113611361
645805180318151815172516251631163516351631173517351731173517351731173517351
73117351735173117351735173117351735173116351535153115351635173116351535143113351
33512311335133514311335123512311235123512311235113511311135113512311235113511311
13511351131113511351231123512351231123511351131113511351131113511351136113611361
650700170017001700170017001717161716271627172717371731173517351731173517351
73117351735173117351735173116351635153116351635163115351435143115351635163116351
63515311435133513311335143514311435143513311335133513311335133512311235123512311
23512351231133513351431133512351131113511351131123512351231123512351236123612361
675700180518051703171516151627163515351531153516351731173517351731173517351
73117351735173117351735173117351735173117351735173116351635163116351635173116351
63516311535153515311535163516311535153514311435143514311435143513311335133513311
23512351231123512351231123512351231123512351331133514351431133512351236123612361
690500170017001400140016001627162716271727172717371731173517351731173516351
63116351735173117351735173117351735173117351735173117351735173117351735173117351
73516311635163516311635173517311735173517311735173516311635153515311535153515311
53515351531153515351531153516351631163515351531153515351531143514351336133612361
747400150516051600170018001817171717271727172717271731173517351731183517351
73117351735173117351735173117351735163116351635163116351635153115351535153115351
43513311335133513311335133513311235123512311235123512311335133513311335133512311
23512351331133514351431143513351231123512351231113511351231123512351336133613361
