20140329051441
T2M TEDF  78  35 1
20140329052014032900
20140329052014032901
20140329052014032902
20140329052014032903
20140329052014032904
20140329052014032905
20140329052014032906
20140329052014032907
20140329052014032908
20140329052014032909
20140329052014032910
20140329052014032911
20140329052014032912
20140329052014032913
20140329052014032914
20140329052014032915
20140329052014032916
20140329052014032917
20140329052014032918
20140329052014032919
20140329052014032920
20140329052014032921
20140329052014032922
20140329052014032923
20140329052014033000
20140329052014033001
20140329052014033002
20140329052014033003
20140329052014033004
20140329052014033005
20140329052014033006
20140329052014033007
20140329052014033008
20140329052014033009
20140329052014033010
20140329052014033011
20140329052014033012
20140329052014033013
20140329052014033014
20140329052014033015
20140329052014033016
20140329052014033017
20140329052014033018
20140329052014033019
20140329052014033020
20140329052014033021
20140329052014033022
20140329052014033023
20140329052014033100
20140329052014033101
20140329052014033102
20140329052014033103
20140329052014033104
20140329052014033105
20140329052014033106
20140329052014033107
20140329052014033108
20140329052014033109
20140329052014033110
20140329052014033111
20140329052014033112
20140329052014033113
20140329052014033114
20140329052014033115
20140329052014033116
20140329052014033117
20140329052014033118
20140329052014033119
20140329052014033120
20140329052014033121
20140329052014033122
20140329052014033123
20140329052014040100
20140329052014040101
20140329052014040102
20140329052014040103
20140329052014040104
20140329052014040105
002 114   001 102   001 111   001  99   001 110   001 117   001 116   471
 117   671 120   971 125  1071 132  1171 138  1271 144  1311 153  1351 161  1451
 165  1411 164  1351 158  1251 151  1111 143  1051 136   851 131   711 127   851
 125   851 123   911 120   951 117   951 113   911 108   951 106  1051 107  1011
 114  1051 125  1151 136  1111 145  1251 151  1351 158  1411 165  1451 171  1551
 173  1511 170  1451 163  1451 156  1311 151  1151 149  1051 146   811 143   951
 139  1051 135  1111 131  1151 128  1051 123  1011 118  1051 115  1151 118  1111
 130  1151 145  1251 158  1211 164  1351 166  1451 167  1511 170  1551 173  1651
 174  1611 171  1551 165  1451 158  1311 152  1251 147  1051 142   911 137  1051
 132  1251 127  1311 123  1251 120  1151 116  1011 111  1151 108  1151
005  71   001  66   001  65   001  65   001  62   001  64   001  66   471
  76   671  93   871 113   971 132  1071 148  1071 161  1111 172  1151 178  1251
 179  1211 173  1251 161  1251 148  1211 136  1151 125  1151 118  1011 114  1051
 112   951 110   911 106   951 101  1051  95  1011  88  1051  84  1151  86  1111
  97  1051 114  1051 135   911 155  1051 174  1251 188  1311 197  1351 199  1251
 196  1211 187  1251 174  1351 160  1311 147  1251 137  1251 128  1111 122  1151
 117  1051 114  1011 111  1051 107  1151 101  1111  92  1151  86  1151  88  1111
 104  1251 127  1351 152  1411 171  1451 185  1351 194  1311 199  1451 199  1451
 195  1511 186  1451 174  1351 160  1211 146  1251 134  1251 124  1211 117  1251
 112  1251 108  1211 105  1251 102  1351  97  1311  90  1351  86  1251
015  74   001  79   001  60   001  60   001  57   001  49   001  56   471
  72   771  97  1071 123  1071 146  1171 165  1271 179  1311 189  1251 194  1251
 193  1111 185  1151 173  1151 159  1111 145  1151 133  1051 123  1011 115  1051
 109   951 105   911 102   951  98   851  92   811  84   951  79  1051  81  1111
  95  1151 117  1051 141  1011 163  1151 183  1351 199  1411 211  1351 218  1251
 217  1111 207  1151 191  1251 174  1211 160  1151 148  1151 138  1011 129  1051
 120  1051 113  1011 108  1051 103  1051  96  1011  88  1151  82  1251  86  1311
 103  1451 129  1451 155  1511 176  1551 192  1551 204  1511 213  1551 218  1651
 215  1611 204  1551 189  1351 173  1211 160  1251 150  1151 140  1111 129  1151
 119  1151 111  1111 106  1251 102  1251  97  1311  89  1351  84  1451
027  71   001  65   001  75   001  54   001  73   001  75   001  73   471
  77   771  89  1171 106  1471 123  1471 139  1371 153  1311 164  1451 170  1451
 171  1511 166  1451 157  1251 145  1111 132  1051 121  1051 111   911 105   951
 101   951  98   911  95   951  92   951  86   911  78   951  73  1051  76  1011
  90  1251 112  1351 134  1511 152  1551 165  1651 175  1611 182  1751 186  1751
 184  1811 176  1651 165  1551 152  1311 140  1251 130  1151 121  1011 114  1051
 109  1051 105  1011 103  1151 101  1151  98  1211  95  1251  93  1351  97  1311
 108  1451 123  1651 139  1711 152  1751 162  1651 169  1611 173  1751 174  1951
 172  2011 166  1951 157  1751 146  1611 133  1551 119  1351 109  1211 103  1251
 100  1151  99  1111  97  1251  94  1351  89  1411  81  1451  76  1451
070  28   001  27   001   5   001   8   001  17   001  17   001  32   771
  56  1171  88  1171 120   971 146  1171 166  1271 181  1411 193  1451 200  1451
 199  1411 187  1451 168  1351 147  1311 128  1351 112  1351 101  1311  94  1551
  88  1751  83  1911  76  1951  66  2051  56  2011  46  2051  43  2051  52  2011
  77  1651 111  1351 145   911 171  1151 189  1451 203  1611 215  1651 221  1651
 218  1611 202  1551 179  1551 155  1411 135  1451 119  1451 108  1411 100  1651
  94  1751  89  1911  84  2051  78  2051  69  2111  57  2151  49  2051  55  2011
  81  1751 118  1351 154  1011 179  1351 195  1551 206  1811 215  1951 220  1951
 217  2011 202  1851 181  1651 157  1411 136  1451 119  1351 107  1311  99  1651
  94  1851  90  2111  85  2151  78  2251  71  2211  64  2351  61  2351
110  55   001  55   001  53   001  58   001  59   001  66   001  61   771
  66   871  75   971  87  1171 102  1171 117  1271 130  1211 138  1151 141  1151
 140  1011 136   951 129   951 121   811 113   851 106   951 100   911  97   951
  96   851  96   811  97   851  97   851  96   811  94   951  92  1051  93  1111
  97  1151 105  1251 115  1211 126  1351 137  1351 146  1411 152  1351 155  1251
 153  1111 147  1151 138  1051 127  1011 116  1051 106  1051  97  1011  89  1051
  84  1151  82  1111  84  1151  87  1051  90  1011  90  1151  90  1151  93  1211
 102  1351 114  1451 126  1511 136  1551 144  1551 150  1511 154  1451 155  1451
 154  1311 149  1251 142  1251 132  1111 121  1151 109  1251  99  1211  91  1251
  87  1251  85  1211  86  1251  89  1251  91  1211  91  1351  91  1351
120  66   001  67   001  65   001  67   001  63   001  65   001  65   471
  71   671  82  1171  95  1471 108  1371 121  1471 132  1311 140  1351 144  1451
 144  1411 140  1351 134  1351 126  1211 119  1151 113  1051 109   911 106   951
 105  1051 103  1011 101  1051  97  1151  93  1111  88  1151  85  1251  87  1211
  95  1451 108  1551 121  1711 133  1751 142  1651 150  1611 156  1651 159  1751
 160  1711 157  1651 151  1451 141  1311 129  1251 116  1251 106  1111 100  1151
  97  1151  95  1111  93  1151  91  1151  89  1111  88  1251  90  1351  95  1411
 105  1551 118  1751 130  1811 140  1851 147  1951 153  1911 157  2051 159  2051
 158  2111 153  1951 145  1751 135  1511 124  1451 113  1251 105  1111 100  1151
  97  1151  95  1111  94  1251  92  1251  89  1311  86  1451  84  1551
130  95   001  87   001  82   001  83   001  70   001  76   001  73   371
  78   771  90  1071 107  1371 123  1371 138  1271 151  1211 161  1251 167  1251
 168  1211 164  1251 157  1151 148  1111 139  1051 131  1051 124   911 118   951
 113  1051 108  1011 104  1051  99  1051  94  1011  88  1051  84  1151  86  1111
  96  1351 112  1451 130  1611 146  1551 160  1551 170  1411 176  1451 178  1451
 177  1411 172  1451 165  1351 156  1311 145  1251 135  1151 125  1011 117  1051
 111  1051 107  1011 104  1151 101  1251  99  1311  97  1451  96  1451 100  1511
 110  1651 123  1851 137  1911 148  1851 157  1851 165  1711 173  1851 179  1951
 182  2011 180  1851 173  1651 162  1411 149  1351 135  1351 122  1211 112  1251
 105  1251 100  1211  97  1351  94  1451  90  1511  86  1551  84  1551
145  87   001  86   001  79   001  75   001  72   001  68   001  69   471
  78   671  94   871 113  1071 132  1071 150  1171 164  1111 174  1251 180  1251
 182  1311 180  1351 175  1451 166  1411 154  1351 141  1351 130  1211 122  1251
 115  1351 110  1311 104  1351  98  1251  91  1211  84  1151  81  1051  86   911
 101  1051 122  1251 145  1311 165  1351 180  1351 192  1311 199  1451 202  1451
 201  1511 196  1551 187  1551 175  1511 162  1451 148  1451 136  1311 126  1451
 118  1451 112  1511 107  1451 103  1451  97  1311  90  1251  86  1151  90  1011
 106  1151 128  1151 151  1211 169  1351 182  1351 191  1411 198  1651 202  1751
 201  1911 196  1851 186  1651 175  1511 163  1551 150  1451 138  1411 127  1551
 117  1551 109  1611 103  1551  99  1451  94  1311  88  1251  86  1151
149  86   001  83   001  78   001  77   001  67   001  65   001  69   471
  80   771  97   871 119   771 141   871 161  1071 177  1111 188  1151 194  1251
 194  1211 189  1251 179  1251 167  1211 154  1351 142  1351 132  1411 124  1351
 118  1151 112  1011 104  1051  96  1151  87  1111  80  1151  78  1051  85  1011
 103  1051 127   951 152   911 174  1051 191  1151 203  1211 211  1251 214  1351
 211  1311 202  1351 189  1351 175  1311 161  1351 148  1451 137  1411 127  1351
 119  1251 112  1111 106  1151 101  1251  94  1211  85  1251  80  1151  84  1111
 101  1151 127  1051 153  1011 174  1151 190  1251 201  1311 209  1551 212  1651
 210  1811 202  1651 190  1551 176  1311 162  1451 149  1551 136  1611 125  1551
 115  1451 108  1311 103  1351  99  1251  94  1211  87  1251  82  1151
156  96   001  98   001  97   001  91   001  83   001  81   001  80   471
  89   671 106   771 127   871 147   971 166  1071 181  1111 192  1151 197  1151
 198  1111 194  1151 187  1251 177  1211 166  1151 156  1151 147  1011 141  1051
 136   951 132   911 127   951 120   851 113   811 105   951 100  1051 103  1111
 116  1151 136  1051 158  1011 179  1151 196  1251 209  1311 216  1351 218  1451
 215  1411 208  1451 198  1351 188  1311 178  1251 170  1251 162  1111 155  1151
 148  1051 142  1011 136  1051 130  1051 122  1011 113  1051 107  1151 108  1111
 120  1051 140  1051 162   911 181  1051 196  1251 208  1311 215  1551 218  1651
 216  1811 209  1751 198  1551 187  1411 177  1351 169  1251 161  1111 153  1151
 145  1051 138  1011 133  1051 128  1151 122  1111 115  1151 111  1051
168  24   001   5   001  25   001  17   001  12   001  18   001  35   571
  59  1071  88  1371 117  1271 142  1371 163  1371 179  1411 190  1251 198  1151
 198   911 188  1151 171  1451 150  1611 128  1651 108  1751  92  1711  82  1751
  76  1751  73  1711  70  1851  65  1851  58  1911  49  1851  45  1851  53  1711
  79  1651 114  1551 148  1411 172  1451 188  1551 199  1511 208  1451 212  1251
 210  1111 199  1351 181  1551 159  1711 136  1751 116  1851  99  1811  88  1851
  82  1951  79  1911  77  2051  74  2051  68  2111  59  2051  54  1951  60  1811
  83  1751 115  1751 147  1611 170  1651 185  1651 196  1611 206  1651 213  1551
 212  1511 201  1651 181  1751 157  1811 132  1851 110  1851  94  1811  86  1951
  84  2051  83  2111  81  2151  76  2251  70  2211  63  2251  61  2251
180  40   001  31   001  40   001  19   001  18   001   8   001  23   671
  49  1171  80  1371 111  1371 137  1371 157  1271 172  1211 183  1251 191  1251
 192  1211 184  1351 168  1351 149  1411 128  1451 108  1551  92  1511  80  1551
  73  1451  67  1411  62  1451  57  1551  51  1511  44  1551  41  1551  48  1511
  70  1551 100  1451 131  1411 157  1451 177  1551 192  1511 203  1551 209  1451
 208  1411 198  1451 182  1451 163  1411 143  1451 124  1451 107  1411  94  1451
  84  1551  77  1511  71  1651  65  1751  58  1811  49  1851  45  1851  51  1811
  72  1751 103  1651 135  1511 162  1551 182  1451 198  1411 210  1651 215  1751
 213  1911 202  1751 184  1651 165  1411 147  1551 130  1651 115  1711 101  1751
  89  1851  80  1811  73  1851  68  1951  63  1911  58  1951  57  2051
190  56   001  42   001  45   001  32   001  32   001  28   001  41   571
  62   971  87  1171 114   971 139   971 161   971 179   911 192  1051 201  1051
 202  1111 194  1151 178  1151 160  1111 141  1151 124  1251 108  1211  94  1251
  83  1251  74  1211  68  1351  63  1551  58  1611  52  1651  50  1551  58  1511
  79  1351 107  1251 135  1011 157  1151 174  1151 189  1211 203  1251 213  1351
 215  1311 207  1351 192  1251 174  1211 156  1351 138  1351 122  1411 108  1351
  96  1351  87  1211  81  1351  76  1551  70  1611  62  1651  58  1651  64  1611
  84  1451 114  1351 144  1111 168  1151 187  1151 202  1111 214  1351 221  1651
 221  1811 213  1751 198  1551 180  1411 161  1451 142  1451 125  1411 110  1451
  97  1551  88  1511  82  1651  77  1751  73  1811  68  1851  66  1751
222 110   001  97   001  89   001  87   001  82   001  89   001  91   571
  96   771 106   971 118  1071 132  1171 144  1171 155  1211 165  1251 172  1151
 174  1111 171  1151 163  1151 154  1111 145  1151 136  1151 128  1111 122  1051
 117   851 113   711 110   851 107   951 103  1011  97  1051  93  1051  95  1011
 105  1051 120  1151 137  1111 152  1251 165  1351 175  1411 183  1451 187  1451
 186  1411 180  1451 170  1351 159  1311 148  1251 138  1251 130  1111 125  1051
 121  1051 117   911 113  1051 108  1151 104  1211 101  1251 100  1351 104  1311
 114  1351 128  1351 142  1311 155  1451 166  1551 175  1611 183  1851 188  1951
 188  2111 182  1951 171  1651 158  1411 145  1351 132  1251 122  1111 114  1151
 109  1151 106  1111 105  1251 103  1351 101  1411  97  1451  95  1551
240 109   001  95   001  67   001  62   001  58   001  48   001  58   371
  74   571  92   871 112  1071 133  1371 152  1471 169  1611 182  1551 190  1351
 193  1211 189  1251 180  1151 168  1111 156  1151 144  1251 133  1211 124  1151
 117  1151 111  1011 106  1051 101   951  95   911  89   951  86   951  91   911
 106  1051 127  1151 148  1211 165  1451 176  1651 185  1811 191  1651 194  1551
 193  1311 188  1351 179  1251 168  1211 155  1251 142  1251 131  1211 124  1251
 119  1251 115  1211 111  1251 107  1251 101  1211  94  1251  90  1351  92  1311
 104  1451 121  1451 140  1511 156  1651 168  1851 179  1911 188  1851 195  1851
 198  1711 195  1651 188  1551 176  1411 161  1451 145  1451 132  1411 123  1351
 117  1251 113  1111 109  1151 105  1151  99  1111  91  1251  86  1251
255  69   001  72   001  69   001  59   001  52   001  44   001  54   371
  73   771  95   771 119   971 141  1071 161  1071 179  1011 193  1151 202  1151
 203  1211 194  1251 179  1251 164  1211 152  1251 143  1251 135  1211 128  1251
 121  1351 114  1311 107  1351 100  1251  92  1211  83  1351  78  1351  82  1411
 100  1351 125  1351 149  1211 166  1251 177  1251 186  1211 195  1251 202  1351
 204  1311 197  1351 185  1351 170  1311 155  1351 142  1251 131  1211 122  1251
 115  1351 109  1311 104  1351  97  1351  89  1311  79  1451  72  1451  74  1511
  90  1551 115  1551 140  1511 160  1451 174  1451 186  1311 197  1351 204  1451
 206  1411 199  1451 187  1351 172  1311 157  1351 144  1351 132  1311 123  1351
 115  1451 109  1411 103  1451  95  1451  87  1411  78  1551  72  1551
260  84   001  80   001  87   001  86   001  84   001  80   001  84   871
  94  1571 109  1571 127  1571 147  1571 164  1471 178  1411 191  1451 201  1451
 202  1411 192  1451 174  1351 152  1311 131  1551 114  1751 101  1911  93  2051
  89  2251  85  2311  80  2451  74  2451  68  2511  63  2451  64  2451  74  2311
  96  2151 125  1851 151  1611 169  1651 180  1751 189  1711 198  1751 204  1651
 204  1611 195  1551 180  1451 159  1311 136  1551 114  1851  96  2011  85  2151
  79  2351  75  2411  71  2551  66  2651  61  2711  56  2651  56  2651  65  2511
  87  2351 116  2051 143  1811 163  1851 177  1751 188  1711 199  1851 206  1851
 206  1911 196  1751 180  1551 159  1311 138  1551 119  1851 104  2011  95  2251
  89  2551  85  2711  80  2851  74  2951  68  3011  62  2951  60  2951
280  53   001  30   001  23   001  33   001  26   001  29   001  43   571
  61   771  82   971 105   971 128  1271 148  1371 165  1511 178  1551 187  1651
 188  1611 180  1451 166  1351 149  1111 133  1151 119  1251 108  1211  99  1351
  93  1351  88  1411  83  1351  78  1351  71  1211  62  1251  56  1351  60  1311
  78  1251 105  1151 133  1011 155  1251 171  1551 183  1711 192  1751 198  1751
 199  1711 194  1651 184  1451 170  1311 153  1351 134  1351 118  1311 105  1351
  96  1351  89  1311  83  1351  76  1351  68  1311  59  1351  53  1451  57  1411
  75  1351 103  1351 132  1211 157  1451 176  1651 191  1811 201  2051 205  2151
 203  2311 194  2051 181  1651 164  1311 146  1351 129  1251 115  1211 106  1251
 100  1351  95  1311  90  1351  84  1351  76  1311  66  1451  60  1451
299  34   001  25   001  28   001  12   001   6   001   6   001  23   771
  47   971  74  1271 102  1171 129  1271 152  1171 170  1111 181  1151 188  1251
 188  1211 179  1251 164  1151 143  1111 120  1251  98  1451  81  1511  70  1551
  64  1551  60  1511  55  1551  49  1651  42  1611  35  1751  34  1751  44  1811
  69  1651 103  1451 135  1211 159  1251 175  1351 188  1311 199  1451 207  1551
 207  1611 197  1551 180  1351 159  1211 137  1351 117  1551 100  1611  88  1651
  79  1651  73  1611  67  1651  61  1751  54  1711  46  1851  43  1851  52  1911
  76  1651 109  1451 141  1111 165  1251 182  1351 195  1411 205  1651 211  1851
 211  2011 202  1751 187  1551 167  1211 145  1351 123  1551 105  1611  93  1651
  85  1751  79  1711  73  1751  67  1851  61  1811  56  1951  56  2151
434  95   001  91   001  88   001  83   001  81   001  82   001  84   471
  91   771 105  1071 122  1271 139  1271 154  1371 165  1311 171  1451 171  1451
 168  1511 162  1451 154  1351 146  1211 139  1151 132  1151 127  1011 123  1151
 119  1151 117  1211 115  1251 114  1151 112  1111 110  1151 108  1051 109  1011
 114  1251 121  1351 131  1511 142  1551 152  1651 161  1611 167  1651 170  1751
 170  1711 166  1651 160  1451 152  1311 144  1251 136  1251 129  1111 123  1251
 117  1251 113  1311 110  1351 107  1251 104  1211 100  1151  97  1151  98  1011
 105  1251 117  1451 130  1611 143  1751 154  1751 164  1811 172  1951 176  1951
 177  2011 173  1851 166  1651 156  1411 146  1351 136  1351 127  1211 120  1351
 115  1351 111  1411 107  1451 103  1351  99  1311  94  1251  91  1251
460  74   001  70   001  74   001  48   001  50   001  35   001  50   471
  70   771  94   971 119  1071 144  1171 166  1071 184  1011 191  1051 189  1151
 183  1111 174  1151 163  1051 152  1011 142  1251 134  1351 126  1511 119  1551
 112  1551 108  1511 106  1551 105  1651 101  1611  94  1651  87  1751  87  1711
  97  1551 115  1451 136  1211 156  1251 173  1251 186  1211 193  1151 195  1151
 192  1011 185  1051 175  1151 161  1111 144  1251 127  1351 113  1411 105  1451
 100  1551  97  1511  93  1651  88  1651  81  1711  72  1651  67  1651  70  1511
  85  1451 109  1251 135  1111 159  1151 179  1251 194  1211 204  1251 209  1151
 206  1111 196  1151 181  1151 164  1111 147  1251 131  1451 118  1511 109  1651
 102  1751  97  1811  93  1951  88  1951  82  2011  75  2051  70  1951
481 106   001  99   001  96   001  80   001  82   001  86   001  87   371
  95   571 109   771 127   871 147   971 164  1071 179  1011 190  1151 195  1251
 194  1311 187  1251 176  1251 165  1111 157  1051 150   951 143   811 134   851
 125   851 118   811 115   951 113   951 110  1011 104  1051  99  1051  99  1011
 107  1051 121   951 139   911 158  1051 177  1051 192  1111 203  1251 208  1351
 207  1411 200  1451 190  1351 177  1311 164  1251 153  1051 143   911 136   851
 130   851 125   711 118   851 111   851 103   911  95   951  91   951  94   911
 106   951 124  1051 144  1011 163  1151 179  1251 192  1311 202  1451 207  1551
 206  1611 199  1551 188  1451 175  1311 162  1251 151  1051 141   911 133   951
 127   951 121   911 115  1051 110  1051 104  1111  98  1151  96  1151
497  99   001  97   001  96   001  96   001  97   001  95   001 104   571
 115   871 127  1171 140  1371 153  1771 166  1971 177  2211 189  2251 193  2251
 187  2211 170  1951 148  1751 127  1411 113  1451 104  1451  96  1411  88  1451
  79  1551  72  1511  68  1551  64  1551  58  1511  49  1451  43  1251  47  1111
  67  1251  98  1351 131  1411 160  1751 183  1951 199  2211 206  2251 205  2351
 195  2311 178  2051 156  1651 136  1311 120  1451 107  1451  96  1511  85  1551
  75  1551  67  1511  61  1551  56  1451  48  1411  37  1451  29  1351  34  1311
  57  1451  90  1451 125  1511 153  1851 173  2151 186  2411 193  2551 194  2751
 188  2811 174  2451 156  2051 138  1611 122  1651 109  1651  97  1611  85  1651
  74  1551  65  1511  59  1551  54  1551  48  1511  40  1551  35  1551
510 117   001 109   001 101   001  97   001  95   001  92   001  94   771
 104  1071 119   971 135  1071 149  1271 161  1471 171  1611 178  1651 183  1551
 185  1511 184  1451 181  1351 174  1211 164  1251 153  1151 143  1111 135  1151
 129  1051 126  1011 125  1151 123  1151 121  1211 116  1251 113  1151 114  1111
 123  1151 137  1151 152  1111 165  1351 175  1551 183  1711 188  1751 190  1851
 189  1811 185  1751 179  1651 170  1511 160  1451 150  1451 142  1311 136  1351
 131  1251 128  1211 125  1351 121  1351 116  1411 111  1451 108  1451 110  1411
 120  1451 135  1451 152  1411 167  1551 181  1751 191  1811 199  1951 203  2051
 205  2111 204  1951 199  1851 191  1611 179  1551 165  1451 152  1311 141  1351
 133  1451 128  1411 125  1551 122  1551 119  1611 115  1651 112  1551
579  60   001  64   001  58   001  58   001  50   001  48   001  57   671
  79   871 110  1171 140  1171 162  1271 177  1371 188  1311 196  1351 200  1351
 198  1311 189  1251 177  1251 164  1111 154  1151 147  1251 141  1211 135  1351
 128  1351 122  1411 116  1651 109  1851 101  2011  92  1951  88  1951  93  1811
 111  1751 137  1551 161  1411 177  1451 188  1551 195  1511 202  1451 206  1451
 203  1311 192  1351 175  1251 156  1211 138  1251 123  1351 110  1311 101  1451
  94  1651  89  1711  85  1951  81  2051  77  2211  72  2151  70  2051  76  1911
  93  1851 117  1651 141  1511 160  1551 173  1651 184  1611 193  1651 198  1651
 197  1611 189  1551 176  1351 160  1211 144  1351 129  1451 116  1511 106  1751
 100  1851  95  2011  92  2151  88  2251  84  2311  78  2251  75  2151
588  38   001  36   001  34   001  35   001  32   001  30   001  45   971
  68  1271  96  1371 125  1471 150  1471 169  1471 182  1411 187  1551 187  1551
 181  1611 170  1651 158  1651 145  1611 135  1651 127  1551 120  1511 113  1651
 107  1651 101  1711  95  1751  89  1851  81  1811  71  1851  66  1851  70  1811
  89  1751 116  1751 144  1611 166  1651 180  1751 190  1711 195  1851 195  1951
 189  2011 177  1951 160  1751 140  1611 119  1651 100  1751  85  1711  75  1751
  69  1851  66  1811  64  1951  61  1951  57  2011  52  2051  50  2051  57  2011
  75  1951 101  1751 127  1611 149  1751 167  1751 179  1811 186  2051 189  2151
 185  2311 176  2151 162  2051 145  1811 127  1851 110  1851  94  1811  81  1851
  70  1951  64  1911  61  2051  60  2251  59  2311  56  2251  55  2251
621  52   001  48   001  46   001  39   001  27   001  30   001  46   971
  63  1371  80  1771  99  1871 116  1871 133  1671 148  1511 158  1451 164  1351
 167  1211 165  1251 158  1351 146  1311 130  1351 114  1251 101  1211  93  1351
  90  1551  88  1611  85  1651  81  1651  75  1611  68  1751  65  1851  71  1911
  88  2051 112  2051 135  2111 151  2051 161  1851 167  1711 169  1651 169  1651
 165  1511 158  1551 147  1651 135  1611 122  1551 109  1551  99  1411  92  1551
  87  1651  84  1711  80  1751  76  1751  70  1711  63  1851  60  2051  67  2111
  87  2051 113  2051 140  1911 160  1951 174  1851 182  1811 187  1951 188  2051
 187  2111 183  1951 175  1851 162  1611 145  1551 126  1551 111  1411 101  1651
  96  1751  93  1911  89  1951  85  1951  79  1911  72  2151  70  2251
630 121   001 116   001 115   001 115   001 116   001 114   001 116   371
 119   671 124   771 131  1071 139  1271 146  1371 153  1411 161  1351 167  1351
 168  1211 162  1251 153  1151 144  1111 138  1151 135  1151 133  1111 132  1151
 131  1151 130  1111 129  1151 127  1151 125  1111 123  1151 122  1151 123  1111
 128  1151 135  1251 144  1211 153  1351 162  1451 169  1511 175  1551 177  1451
 175  1411 167  1351 156  1351 146  1211 139  1251 134  1151 131  1111 128  1151
 126  1251 123  1211 120  1251 116  1351 110  1311 103  1351  99  1451 101  1411
 113  1451 131  1351 149  1311 162  1451 172  1551 180  1611 188  1651 194  1751
 194  1711 187  1651 175  1451 163  1311 153  1351 145  1251 138  1211 131  1351
 126  1351 121  1411 118  1451 115  1451 112  1411 107  1551 104  1751
643  80   001  78   001  75   001  72   001  77   001  77   001  81   571
  96   971 118  1071 141  1071 159  1071 171  1171 178  1111 180  1151 179  1151
 174  1111 167  1051 159   851 153   711 150   851 149   951 147  1011 143  1151
 139  1151 135  1211 133  1251 132  1351 129  1311 125  1351 122  1451 124  1411
 134  1351 149  1351 164  1211 174  1251 179  1351 180  1311 177  1251 172  1251
 166  1111 159  1051 152   851 145   711 138   851 132   851 126   911 121  1151
 116  1251 113  1411 111  1551 109  1551 106  1611 101  1651  99  1651 102  1611
 114  1551 131  1451 148  1311 160  1451 167  1451 171  1511 172  1551 171  1451
 167  1411 160  1251 151  1151 143   911 137  1051 132  1051 128  1111 124  1251
 119  1451 115  1511 112  1551 109  1651 107  1611 105  1651 105  1651
645  80   001  71   001  65   001  64   001  66   001  71   001  75   571
  91   971 116  1171 142  1171 162  1171 176  1171 186  1111 193  1151 197  1151
 195  1111 187  1051 176  1051 162   911 149  1051 137  1151 127  1211 119  1251
 114  1351 112  1311 113  1351 114  1451 113  1411 108  1451 104  1551 107  1511
 121  1451 141  1451 161  1311 177  1351 187  1351 193  1311 196  1351 194  1251
 189  1211 179  1151 166  1051 151   911 134  1151 118  1351 106  1511  99  1551
  95  1651  94  1611  94  1651  93  1551  91  1511  88  1651  87  1651  93  1711
 108  1651 128  1451 147  1311 162  1351 172  1451 179  1411 185  1451 188  1551
 186  1511 179  1451 167  1351 152  1211 135  1351 119  1551 107  1611 101  1751
  99  1751 100  1811 101  1851 102  1751 101  1711  98  1751  97  1751
650  83   001  86   001  94   001  90   001  92   001  80   001  99   771
 120  1071 139  1071 155  1071 170  1071 182  1071 192   911 197   951 199   951
 196   911 188   951 179   851 170   811 165   951 161   951 159  1011 156  1251
 152  1351 149  1511 146  1651 145  1851 144  1911 144  1851 146  1751 149  1611
 154  1551 162  1351 170  1211 179  1251 187  1151 194  1111 198  1051 198  1051
 193   911 183   951 169   951 154   911 140   951 129  1051 120  1011 114  1251
 110  1451 107  1611 104  1851 102  1951  99  2111  96  2051  96  1851 102  1711
 116  1651 135  1551 152  1411 164  1351 173  1351 178  1211 182  1251 184  1351
 181  1311 173  1251 162  1251 149  1111 137  1151 128  1151 120  1111 114  1351
 110  1651 106  1811 101  1951  97  2051  93  2111  91  2051  93  1951
675  43   001  36   001  38   001  42   001  32   001  33   001  57   971
  82  1471 106  1971 130  1771 153  1671 173  1471 190  1311 191  1351 188  1351
 183  1311 176  1351 168  1351 161  1311 156  1351 153  1251 151  1211 148  1551
 146  1751 143  2011 141  2251 138  2351 134  2511 128  2551 124  2651 126  2611
 137  2351 153  2151 171  1811 185  1851 196  1751 202  1711 204  1751 201  1851
 193  1811 180  1751 164  1551 147  1411 131  1551 116  1651 105  1711  97  1951
  91  2151  88  2311  85  2451  83  2551  78  2611  72  2651  68  2751  74  2711
  93  2451 120  2051 148  1711 171  1751 189  1851 201  1811 208  1951 209  2051
 203  2111 191  1951 174  1751 155  1511 136  1651 120  1651 106  1711  97  1951
  91  2251  87  2411  84  2651  80  2751  74  2911  66  2951  61  3051
690 112   001 111   001 111   001 109   001 104   001 102   001 112   371
 127   771 143   971 158  1071 168  1071 173   971 176   911 177  1051 178  1051
 178  1111 175  1151 170  1251 165  1211 161  1251 158  1151 156  1111 154  1151
 152  1051 150  1011 149  1051 147  1151 143  1111 137  1251 133  1251 135  1311
 147  1251 162  1151 175  1011 180  1151 178  1151 175  1211 173  1351 173  1451
 171  1511 167  1451 161  1451 154  1311 146  1251 139  1251 134  1111 131  1151
 129  1151 128  1111 127  1151 125  1051 120  1011 113  1051 109  1151 112  1111
 126  1151 145  1251 161  1211 167  1251 166  1351 163  1311 162  1451 162  1551
 162  1611 159  1651 155  1551 149  1511 143  1451 136  1251 131  1111 127  1251
 124  1251 122  1311 119  1351 117  1251 113  1211 109  1251 108  1351
747 117   001 117   001 111   001 105   001  94   001 104   001 105   671
 112  1271 124  1371 138  1071 149  1171 158  1171 163  1211 165  1151 164  1151
 161  1011 156  1051 149   951 142   911 136  1051 130  1251 125  1311 121  1451
 119  1551 119  1611 120  1651 122  1751 122  1711 119  1751 116  1851 117  1811
 124  1651 135  1351 145  1111 152  1251 157  1251 159  1311 160  1351 159  1251
 157  1211 153  1251 149  1251 143  1211 137  1351 131  1351 126  1411 122  1551
 119  1651 116  1711 113  1751 110  1651 104  1611  97  1751  92  1851  95  1911
 109  1751 129  1451 148  1211 160  1351 167  1351 171  1411 174  1451 175  1551
 173  1511 167  1451 158  1351 149  1211 142  1351 136  1351 131  1411 127  1551
 124  1651 121  1711 118  1751 115  1851 111  1811 107  1951 106  2051
NT  TEDF  78  35 1
20140329052014032900
20140329052014032901
20140329052014032902
20140329052014032903
20140329052014032904
20140329052014032905
20140329052014032906
20140329052014032907
20140329052014032908
20140329052014032909
20140329052014032910
20140329052014032911
20140329052014032912
20140329052014032913
20140329052014032914
20140329052014032915
20140329052014032916
20140329052014032917
20140329052014032918
20140329052014032919
20140329052014032920
20140329052014032921
20140329052014032922
20140329052014032923
20140329052014033000
20140329052014033001
20140329052014033002
20140329052014033003
20140329052014033004
20140329052014033005
20140329052014033006
20140329052014033007
20140329052014033008
20140329052014033009
20140329052014033010
20140329052014033011
20140329052014033012
20140329052014033013
20140329052014033014
20140329052014033015
20140329052014033016
20140329052014033017
20140329052014033018
20140329052014033019
20140329052014033020
20140329052014033021
20140329052014033022
20140329052014033023
20140329052014033100
20140329052014033101
20140329052014033102
20140329052014033103
20140329052014033104
20140329052014033105
20140329052014033106
20140329052014033107
20140329052014033108
20140329052014033109
20140329052014033110
20140329052014033111
20140329052014033112
20140329052014033113
20140329052014033114
20140329052014033115
20140329052014033116
20140329052014033117
20140329052014033118
20140329052014033119
20140329052014033120
20140329052014033121
20140329052014033122
20140329052014033123
20140329052014040100
20140329052014040101
20140329052014040102
20140329052014040103
20140329052014040104
20140329052014040105
002400140013001100140013001327132712271227112711271131113511351131123512351
33113351335143114351335133113351235123112351235123112351135113112351235123112351
33513311435143515311435143513311335133514311335133512311235123512311235123512311
33513351331133514351431153515351531153515351431143513351331133512351231123512351
005400130011001400130014001417132713271227122712271131113511351131123512351
23113351335133112351235123112351335133113351335123111351135113112351235123112351
23512311335133514311435133513311335133514311335133512311235123512311235123512311
23512351231123513351331143514351431143514351431133513351231123512351231123512351
015200110012001100100010001127122712271327122712371131123513351331133513351
23112351235123112351235133113351335143113351335133112351235123111351135113111351
13512311335143514311435133512311235123512311235123512311135123512311235123512311
23512351131113511351231133514351531153515351431133513351331133514351431133513351
027500140016001500140015001427132712271127112711271131123512351331143515351
53115351435133112351235133113351435143114351335133113351335133113351335133113351
33514311635173517311635153514311435143515311535153514311435153515311435143514311
33513351331143515351631163516351531153514351431133513351331133514351431143513351
070000110010001200130012001417142713271227122712271231123512351131113512351
23112351335133113351335133113351435143115351535153114351435133112351235123113351
43514311435143514311335133513311335123512311135113511311235123513311335133513311
23512351231123513351331143514351431143514351431153515351531143514351431143514351
110400170018001800180018001827172716271627152715271431143514351431153516351
63116351635163115351535143114351535153115351535153115351435133113351435143114351
53515311435143514311435143514311435143514311435133513311435153516311635163515311
53514351431143514351431153516351631163516351531153515351531153514351531153516351
120700180017001700170017001627162715271527142714371431143514351431153516351
73117351635163116351535153114351335133113351435143114351435133113351435143114351
43514311535153516311535153514311435143514311535153515311535153515311535153515311
53515351531143514351531153516351631153514351331133514351431143514351431153515351
130700140014001200140014001427143713371327132713271431133513351331143516351
63116351535143114351435143113351235123112351335143114351435143114351435133113351
43514311535153515311535143514311435143515311535153515311535163516311635153514311
43514351431143515351531153516351631153515351431133513351331133514351531153515351
145400140014001500140013001327132713271327132712271231123512351231123512351
33114351535153115351535143114351435143114351435143114351335133113351335133114351
43514311435143514311435143514311435153515311435133513311335133514311435143514311
43514351431143514351431143514351431143514351431143514351331133512351231123512351
149200140014001300130012001217122712271227122712271231123512351231123512351
23113351435153115351535143114351435143114351535153114351335133113351335133113351
33513311335143514311435143514311435143515311435133512311235133514311435143514311
43514351431143514351531143514351431143514351431143514351431133513351231123512351
156300130014001400140012001227122712271227122712271231123512351231123512351
33113351435153115351535143114351435143114351535153114351335133113351335133113351
33513311335143514311435143514311435143515311435133512311235133513311435143514311
43514351431143514351531143514351431143514351431143514351431133513351231123512351
168000100010001000120013001317142714271327132712271131113511351131133514351
43114351335123113351335143114351435133113351335123112351235123112351135123112351
33514311435143514311435133512311235123512311235123512311335133514311435143513311
33512351231123514351531153515351531153515351531143514351331133513351331133512351
180000100010001000100010001127122712271337132713371231123511351131113512351
23113351335133113351335133113351435153115351435133112351235123112351335133113351
33513311335133514311435133513311335133512311235123512311235123513311335133513311
33513351331133513351331133514351431143514351331133513351331133514351431133513351
190100100010001000100010001017112711271127112711271231123512351231113511351
13112351235123112351335133113351335143113351335133112351235123111351135113111351
13511311135123512311235133513311335133513311335123512311135113512311235123511311
13511351231123512351231123512351231123512351231133513351331133513351331133512351
222500140011001200150016001627162715271527152715371431143514351531163517351
73116351435143114351535163116351535143114351335133114351435153115351535143114351
43515311535163516311635163515311535153515311535163516311535153515311635163516311
63515351531143514351531153515351531153514351431143514351431143515351531153514351
240600150016001600150014001417132713271227122712271231123513351331133513351
33113351435143114351435143114351335123112351235123112351235123112351235133114351
53516311635153515311535153515311435143514311435143514311435143514311435143514311
43514351431143514351531153514351431143514351431143513351331133514351431143515351
255400150016001500120013001327132712271227112711271131113512351231133513351
43114351435133113351235123112351235123112351235123112351235123112351235123112351
23513311335143515311535143514311435143514311335133513311435153515311435133512311
13511351231123512351231123513351331133512351231123511351131123512351231133514351
260200130014001400150011001117122711271127112711271131113512351231123512351
23112351335133112351235123112351135113111351135113111351235123112351235123112351
23512311235123512311235133513311335123512311335133513311335133513311335133513311
33513351331133514351431133512351231123512351331133513351331123512351231123512351
280000100011001200120014001527142714271327122712271231113511351231123513351
43115351635163115351535153114351535143113351335123111351235123112351235123112351
23513311335143514311335133512311335133514311435143514311335133513311335133513311
33513351331133514351531153515351431143514351431143515351531153514351431133513351
299000100010001000100010001027112711371137113711371131113511351131113511351
13112351235123112351335133113351335133114351435143113351235123111351135113111351
23512311235123512311235123512311335133514311435133513311235123512311235123511311
13511351131113511351131123512351231123512351231123513351331133513351331133514351
434600150014001300150016001627152714271327132712271231123512351231123513351
43115351435143113351235123111351135123112351335143115351535153115351435143114351
43514311435143514311435143514311435153515311435133512311235123513311335123512311
23513351331133512351231123512351231123512351231133513351331133513351431153516351
460500170015001200130015001517142713271227122713271331133513351231123512351
33114351535163115351435133112351235133113351435143114351435143114351335133113351
33513311335123512311235123512311235123512311235133513311335133512311235123512311
23512351231123512351231123512351231123512351131113511351131123513351331143514351
481300130013001300140015001527142713271227112711371231133514351631163516351
53114351335133113351335143114351435143114351435143113351235113111351135113112351
23513311435143514311435133513311335143514311435143514311435143514311435133512311
23512351231133513351331143514351431143514351431143514351431143514351431133513351
497000110010001400140015001527152714271427142713271331133514351431143514351
53115351535153115351535153115351435143114351535153114351335123112351335133114351
53515311535153515311535143514311435143514311435143513311435143514311435143514311
33513351331133514351431143515351531153515351531153515351531143514351431143513351
510700150015001600160014001417142714371337133713371431143514351431143514351
33113351335133114351435153114351435143114351535153115351535143113351335133113351
43514311535163516311735163516311635163516311535143514311435153515311435133513311
23512351331133513351331133513351331133514351531153516351631163516351731173516351
579700180018001700170016001617152714271437143714371531163516351631163516351
63115351435143115351635163116351535153114351535153115351535153115351535153115351
53515311535153515311535153515311435143514311435143514311435153515311535153515311
43514351331133513351331133512351231123512351231123512351231123512351331143515351
588300160016001500170015001417142714271427142714271431143515351631173517351
73116351535143114351535153115351535153115351535153115351435143114351435143114351
43514311435143513311435143514311435143513311335133513311435143515311535153515311
53514351431143514351431143514351431143514351431143513351231123513351331133514351
621200150013001200120013001327142714271427142714271531143513351331133514351
53115351435143114351435143114351435143115351535153116351635163116351635163116351
63516311635163516311535153515311535153515311435133512311235123512311235123512311
23513351431143514351431143513351331133514351431153515351531143513351331133513351
630800180018001700180018001827172717371637163715371531153515351531153515351
53115351535153115351535153116351635163116351635163115351535143114351335133113351
43515311535143514311435143514311435143514311435143513311435143514311435133512311
23512351231123512351231123511351231123513351431153515351531153515351531143514351
643600170018001800160016001527153715271527153715371531163517351731173516351
53115351635163117351735173116351635153115351435153115351635163116351635153115351
63516311635153514311435143514311435143514311435143514311435143514311435143514311
43514351431133513351331133513351431143514351431143514351531153515351631163516351
645600170017001800180017001727172716271627163715371531163517351731173516351
53114351435153115351635163116351535143114351535153116351635163116351535153115351
63516311535153514311435143514311435143514311435143514311435153515311535143514311
43514351431133512351231113511351231123512351331133513351431143515351531163516351
650800170017001600170014001417152716271627162716271631163517351731173517351
63115351535153115351635163116351535153115351535153116351635163116351535153115351
63516311635153515311435143513311335143514311435133514311435153515311535143513311
33514351431143513351231123511351131113512351231123512351331133513351431143515351
675500160014001500140013001417152715271527142714271431153516351731173516351
53115351435143114351435153115351535153115351535163115351535143114351435143114351
43514311335133513311335123512311235123513311335133514311435143514311435143513311
33513351331143514351431143514351431143514351431143513351331133513351431143515351
690300140014001400140015001437142714271537153715271531153516351631163515351
53115351535153115351535143115351535153115351435143114351435153114351435143115351
53515311535143514311335133514311435133513311335133513311335133513311435143514311
43514351431133514351431143514351431143514351431143514351431143514351431133513351
747700170015001500160017001727172717271727172717271731163516351631163516351
63116351635163117351735173117351735163116351635163116351735173117351735173117351
73517311735163516311535153514311535153515311635163516311535153515311535163516311
63516351631153515351531153514351431143514351431143515351531153515351531153515351
