20141014101452
T2M TEDF  78  35 1
20141014102014101405
20141014102014101406
20141014102014101407
20141014102014101408
20141014102014101409
20141014102014101410
20141014102014101411
20141014102014101412
20141014102014101413
20141014102014101414
20141014102014101415
20141014102014101416
20141014102014101417
20141014102014101418
20141014102014101419
20141014102014101420
20141014102014101421
20141014102014101422
20141014102014101423
20141014102014101500
20141014102014101501
20141014102014101502
20141014102014101503
20141014102014101504
20141014102014101505
20141014102014101506
20141014102014101507
20141014102014101508
20141014102014101509
20141014102014101510
20141014102014101511
20141014102014101512
20141014102014101513
20141014102014101514
20141014102014101515
20141014102014101516
20141014102014101517
20141014102014101518
20141014102014101519
20141014102014101520
20141014102014101521
20141014102014101522
20141014102014101523
20141014102014101600
20141014102014101601
20141014102014101602
20141014102014101603
20141014102014101604
20141014102014101605
20141014102014101606
20141014102014101607
20141014102014101608
20141014102014101609
20141014102014101610
20141014102014101611
20141014102014101612
20141014102014101613
20141014102014101614
20141014102014101615
20141014102014101616
20141014102014101617
20141014102014101618
20141014102014101619
20141014102014101620
20141014102014101621
20141014102014101622
20141014102014101623
20141014102014101700
20141014102014101701
20141014102014101702
20141014102014101703
20141014102014101704
20141014102014101705
20141014102014101706
20141014102014101707
20141014102014101708
20141014102014101709
20141014102014101710
002 141   001 141   001 139   001 143   001 142   001 142   001 141   671
 140   671 140   671 139  1071 139  1171 138  1171 138  1071 137  1071 136   971
 136   971 136   871 136   971 134   971 133  1071 132  1071 130   971 129   971
 127   971 125   971 125   971 127  1071 133  1071 139  1171 144  1171 150  1071
 152  1071 153  1071 151  1071 147  1071 143  1071 140  1071 139  1071 140  1071
 142   971 144   971 145  1071 144  1071 144  1171 143  1171 143  1071 143  1071
 141  1071 140   951 141   971 145   971 149  1071 154  1071 157  1171 159  1271
 160  1371 162  1371 163  1271 162  1271 161  1271 158  1171 156  1171 155  1171
 154  1071 154  1071 153  1171 151  1171 151  1271 151  1271 151  1171 151  1171
 150  1171 149  1151 150  1111 153  1251 157  1251 161  1311 164  1351
005 118   001 117   001 118   001 118   001 125   001 131   001 140   471
 147   671 150   771 151  1271 148  1371 143  1271 137   971 131   771 127   871
 124   871 121   971 118   971 114   971 110   971 107  1071 104  1071 101  1171
  98  1171  95  1271  96  1271 101  1271 110  1271 121  1171 133  1171 145  1171
 152  1171 153  1371 149  1471 144  1671 138  1471 135  1171 133   971 131   971
 132  1071 132  1071 132  1071 131  1071 130  1071 128  1171 127  1171 126  1271
 125  1271 126  1371 129  1371 135  1271 144  1271 153  1171 162  1171 170  1271
 176  1271 181  1471 183  1671 180  1871 173  1571 163  1371 155  1171 151  1271
 149  1271 148  1371 145  1371 142  1371 140  1371 138  1371 137  1471 136  1471
 135  1471 134  1471 137  1411 143  1351 152  1251 161  1111 169  1251
015 113   001 112   001 113   001 117   001 125   001 134   001 145   371
 153   571 159   571 162   671 160   771 155   871 147   871 139   971 133   971
 126  1071 121  1071 116  1071 111  1171 108  1171 106  1171 104  1171 102  1171
  98  1271  95  1271  95  1371 101  1271 109  1171 122  1071 136  1171 148  1171
 158  1271 163  1271 162  1171 158  1171 150  1071 141  1071 134   971 130  1071
 128  1071 128  1171 128  1271 128  1371 128  1471 128  1471 127  1471 127  1471
 126  1471 125  1471 127  1471 132  1471 139  1371 146  1371 153  1471 159  1471
 165  1471 170  1371 173  1271 172  1171 167  1171 159  1171 152  1171 146  1171
 143  1271 140  1271 138  1371 138  1571 137  1671 137  1671 137  1571 136  1571
 135  1571 134  1571 136  1511 141  1451 149  1351 157  1211 164  1351
027 116   001 115   001 116   001 120   001 125   001 133   001 145   471
 155   971 160  1071 162  1171 159  1271 152  1171 141  1071 130   971 121   971
 115  1071 109   971 104  1171  99  1171  95  1271  95  1371  94  1371  94  1471
  95  1471  96  1471 101  1471 111  1471 125  1371 135  1271 139  1471 140  1771
 141  1971 141  1871 143  1671 143  1571 141  1471 137  1371 135  1271 132  1271
 131  1371 129  1271 128  1271 127  1271 126  1271 126  1371 126  1471 125  1571
 125  1571 126  1471 129  1471 137  1371 148  1471 160  1371 171  1571 181  1671
 188  1871 193  1771 193  1871 188  1871 177  1671 165  1571 154  1371 148  1471
 144  1471 143  1571 142  1571 140  1571 139  1571 138  1571 135  1671 133  1671
 130  1671 128  1771 131  1711 140  1551 152  1451 164  1211 173  1351
070  53   001  54   001  85   001 117   050 143   001 160   001 161   571
 164   771 168   971 168  1171 165  1371 157  1371 143  1371 128  1371 116  1471
 108  1571 104  1671 101  1671  99  1671  97  1671  93  1671  88  1771  82  1771
  77  1771  74  1771  78  1871  91  1771 108  1671 127  1571 142  1471 154  1471
 161  1371 164  1571 163  1671 158  1671 152  1571 144  1471 138  1371 134  1471
 133  1571 132  1771 132  1871 133  1971 131  1871 128  1971 125  2071 124  2071
 126  2071 132  2071 139  2071 147  1971 155  1871 161  1771 167  1671 172  1671
 176  1671 181  1671 183  1651 182  1611 175  1651 165  1551 156  1311 150  1451
 147  1551 145  1611 143  1751 139  1851 135  1911 130  1951 125  2051 122  2111
 122  2051 126  2051 132  2011 141  1951 150  1851 160  1711 168  1751
110  65   001  60   001  67   001 113   001 123   001 137   001 148   771
 157   971 163  1071 164  1171 161  1171 149  1071 132  1071 118   971 113   971
 115   971 119   971 122  1071 124  1271 125  1371 127  1371 129  1371 131  1371
 133  1371 135  1351 137  1371 139  1271 141  1171 145  1071 150  1271 156  1371
 163  1471 169  1371 173  1071 172   971 163   971 151  1071 140  1071 135  1071
 134  1071 135  1071 136  1271 139  1371 139  1571 140  1571 140  1671 140  1671
 140  1671 139  1671 140  1671 145  1571 153  1371 160  1271 167  1271 172  1371
 177  1271 182  1271 183  1171 181  1271 172  1171 162  1171 153  1071 149  1171
 148  1171 149  1271 148  1471 147  1571 145  1771 145  1871 145  1971 145  2071
 144  2071 144  1951 146  1911 151  1751 159  1551 166  1311 172  1351
120  83   001  86   001  80   001 108   001 121   001 129   001 140   571
 148   771 153   971 154  1071 151  1071 144  1171 133  1071 123  1071 118  1071
 116   971 115   971 114   971 114  1071 115  1071 116  1171 118  1371 119  1471
 120  1471 120  1351 123  1371 126  1371 131  1271 133  1271 135  1271 134  1271
 137  1171 143  1171 150  1171 154  1171 151  1171 145  1071 138  1071 136  1071
 135  1071 136  1071 137  1071 136  1171 138  1171 139  1271 140  1471 139  1571
 137  1571 135  1551 136  1571 141  1471 150  1471 159  1371 168  1371 175  1371
 180  1371 183  1471 183  1471 179  1571 171  1471 161  1371 152  1271 147  1271
 145  1171 144  1171 143  1271 143  1371 143  1471 143  1571 143  1771 142  1871
 139  1971 137  1951 138  2011 145  1751 155  1551 165  1211 172  1351
130  45   001  45   001  56   001  83   001 115   001 141   001 153   371
 164   771 173   771 176  1171 172  1271 161  1271 146  1071 131   971 121   971
 114   971 110   971 107  1071 105  1071 105  1171 106  1271 109  1271 111  1371
 113  1371 115  1371 118  1371 121  1271 125  1171 129  1071 131  1271 133  1471
 139  1671 147  1571 157  1471 163  1371 161  1271 156  1271 147  1171 142  1071
 137  1171 136  1171 135  1271 136  1271 136  1371 138  1471 137  1671 137  1771
 137  1771 135  1671 136  1671 141  1471 148  1371 159  1171 171  1271 182  1371
 192  1471 201  1471 203  1571 200  1571 189  1571 174  1371 161  1171 152  1271
 149  1271 146  1271 145  1371 143  1571 142  1671 142  1771 142  1871 141  1971
 140  1971 139  2071 141  2011 146  1751 155  1551 164  1211 173  1351
145  73   001  71   001  77   001  96   001 121   001 139   001 149   371
 158   571 165   671 165   771 160  1071 150  1071 138  1071 127   971 120   971
 116  1071 111  1071 105  1071  98  1171  94  1171  95  1171  97  1171  98  1171
  97  1071  95  1071  98   971 107   971 120  1071 132  1071 143  1071 151  1171
 154  1171 154  1271 150  1271 145  1371 139  1271 133  1071 129  1071 128  1071
 127  1171 127  1171 126  1171 126  1171 127  1171 128  1171 129  1271 130  1271
 130  1271 131  1171 133  1171 138  1171 145  1171 153  1171 163  1271 171  1371
 178  1471 183  1571 184  1571 180  1671 171  1571 161  1371 150  1271 143  1271
 138  1271 136  1271 134  1271 133  1371 132  1371 132  1371 131  1271 131  1271
 130  1271 129  1271 131  1211 137  1251 146  1351 156  1311 165  1351
149  73   001  71   001  78   001 100   001 122   001 147   001 164   371
 176   671 183   671 183  1171 177  1271 165  1171 152  1171 140  1071 132  1171
 124  1171 117  1371 111  1271 106  1271 100  1271  98  1271  99  1271  98  1271
  95  1271  94  1171  97  1171 105  1071 119   971 135   871 149   971 158  1071
 164  1171 163  1271 158  1371 152  1471 147  1371 141  1371 139  1271 137  1271
 135  1371 134  1371 134  1271 135  1271 135  1171 136  1271 136  1271 137  1371
 138  1371 140  1271 143  1271 148  1271 154  1171 161  1171 170  1271 179  1471
 187  1571 193  1671 194  1671 190  1771 180  1671 169  1471 158  1371 152  1371
 147  1471 145  1471 142  1471 140  1371 138  1371 137  1371 137  1371 135  1371
 134  1371 134  1371 136  1311 142  1351 150  1251 160  1211 171  1351
156  87   001  89   001  87   001 100   001 145   001 146   001 160   471
 171   571 176   671 177   771 174   971 168   971 159  1171 151  1171 145  1071
 142  1071 138   971 135   971 130   971 125   971 123   971 122  1071 119  1071
 116  1071 114  1071 115  1071 120  1071 128   971 138   971 150  1071 159  1071
 164  1171 162  1171 157  1171 151  1271 147  1271 145  1271 144  1271 142  1271
 142  1071 141   971 142   971 144   871 146   871 147   871 147   971 148   971
 149   971 150  1071 152  1071 155  1071 160  1171 167  1171 174  1271 182  1371
 189  1471 193  1471 194  1571 191  1571 183  1571 173  1471 164  1471 159  1371
 156  1171 154  1071 151  1071 149  1171 147  1171 146  1171 143  1171 142  1171
 140  1171 140  1171 142  1111 148  1251 157  1251 166  1311 175  1351
168 105   001 112   001 118   001 129   001 141   001 145   001 161   471
 174   671 183   671 185  1071 180  1271 169  1471 154  1471 134  1571 122  1671
 116  1571 113  1571 111  1571 108  1571 105  1571 102  1671 100  1671  94  1771
  88  1871  84  1971  87  2071  99  1871 119  1771 139  1571 155  1571 166  1471
 173  1371 174  1471 171  1571 163  1671 151  1671 139  1671 131  1671 130  1671
 132  1671 135  1571 134  1671 131  1671 127  1771 125  1871 124  2071 124  2171
 126  2171 129  2171 133  2171 139  1971 147  1871 156  1671 165  1671 173  1671
 182  1671 190  1771 194  1771 191  1871 179  1871 163  1771 150  1771 144  1671
 143  1571 142  1471 139  1571 135  1571 130  1671 126  1771 123  1971 119  2071
 116  2071 115  2171 118  2111 128  2051 142  1851 156  1711 168  1751
180 128   001 134   001 139   001 141   001 150   001 164   001 174   371
 183   471 190   671 193   771 189  1071 175  1271 156  1371 139  1371 126  1471
 119  1571 115  1671 112  1671 109  1471 105  1471 102  1471  97  1471  93  1471
  88  1471  85  1371  87  1371  95  1571 110  1671 126  1971 145  1671 159  1571
 171  1471 174  1471 171  1471 164  1571 157  1371 149  1471 142  1371 140  1471
 140  1571 141  1571 140  1571 138  1671 136  1671 135  1671 133  1671 133  1671
 136  1571 138  1571 142  1471 147  1671 153  1771 160  1971 166  1671 173  1571
 178  1371 183  1571 184  1671 181  1771 173  1671 161  1471 151  1471 145  1371
 144  1571 142  1571 139  1671 134  1771 129  1771 126  1771 122  1871 120  1871
 119  1771 120  1771 124  1611 132  1751 142  1751 153  1811 162  1751
190 103   001  97   001 124   001 143   001 172   001 191   001 199   571
 206   771 208   971 204  1371 193  1471 177  1571 158  1271 141  1071 131  1171
 125  1271 121  1371 118  1471 116  1371 113  1471 110  1471 108  1371 106  1371
 104  1371 104  1271 106  1271 112  1471 123  1671 136  1871 155  1871 171  1971
 182  1671 184  1971 180  2271 171  2371 164  1971 154  1671 148  1371 145  1471
 142  1371 140  1471 138  1471 136  1471 136  1471 134  1471 133  1471 133  1471
 134  1471 136  1371 140  1371 146  1471 155  1471 164  1671 175  1471 184  1371
 190  1371 193  1571 193  1871 187  1971 176  1771 163  1571 151  1271 143  1271
 139  1371 138  1371 137  1371 136  1571 134  1571 131  1571 128  1571 126  1571
 126  1571 128  1451 133  1411 140  1551 150  1551 160  1611 170  1651
222  61   001  59   001  72   001 101   001 131   001 153   001 166   471
 182   571 193   871 195  1271 188  1471 174  1371 156  1171 141   871 130   971
 127  1171 125  1271 125  1271 124  1371 122  1371 119  1371 117  1471 115  1471
 115  1371 118  1371 123  1271 128  1271 132  1371 137  1371 140  1371 145  1471
 149  1571 156  1671 162  1871 164  1971 161  1571 153  1271 148  1071 145  1171
 146  1271 149  1371 150  1371 150  1471 150  1471 148  1471 146  1571 146  1571
 145  1471 146  1371 148  1271 154  1371 163  1271 175  1371 188  1371 200  1471
 208  1471 213  1671 211  1771 204  1971 193  1771 179  1471 167  1171 158  1271
 153  1271 149  1371 146  1471 144  1571 144  1671 143  1671 144  1671 143  1671
 142  1571 142  1571 145  1411 151  1451 161  1451 172  1411 184  1451
240  71   001  64   001  81   001 114   001 139   001 146   001 163   371
 179   571 190   771 194   871 192   971 182   971 168   971 151   871 138   871
 128   971 121   971 116   971 113  1071 112  1071 111  1071 110  1171 107  1171
 105  1171 104  1271 107  1271 114  1271 123  1271 132  1271 139  1271 144  1471
 148  1571 152  1471 154  1471 155  1371 151  1071 147  1071 143   871 139   971
 140   971 139  1071 140  1071 141  1071 141  1071 141  1171 141  1271 138  1371
 135  1371 134  1371 135  1371 140  1371 148  1571 159  1571 171  1671 183  1771
 193  1871 200  1871 204  1771 200  1671 188  1471 174  1271 162  1071 155  1171
 151  1271 150  1271 148  1271 144  1171 142  1171 142  1271 142  1271 141  1371
 139  1371 137  1471 138  1411 144  1451 153  1551 164  1511 174  1651
255 106   001 101   001 105   001 111   001 119   001 126   001 142   571
 157   671 170   871 179  1271 183  1571 182  1371 177  1371 161  1171 148  1171
 138  1171 129  1271 124  1171 120  1171 117  1171 116  1171 115  1271 112  1271
 107  1271 105  1271 108  1271 116  1371 129  1271 140  1271 152  1471 159  1471
 163  1771 163  1871 162  2071 159  2171 157  1971 153  1571 151  1371 145  1271
 141  1271 139  1271 139  1271 142  1371 143  1471 141  1471 140  1471 137  1471
 136  1471 135  1371 137  1371 143  1471 152  1571 163  1571 174  1771 185  1971
 194  2171 200  2171 203  2371 201  2471 193  2071 182  1871 171  1471 163  1371
 158  1371 154  1271 152  1271 149  1371 147  1371 145  1371 141  1471 137  1471
 132  1471 130  1571 132  1511 140  1551 152  1451 165  1411 176  1651
260  87   001  86   001  96   001 108   001 126   001 141   001 166   671
 180  1071 189  1071 193  1571 188  1671 175  1571 155  1371 135  1271 122  1471
 113  1471 106  1671 101  1671  98  1771  96  1771  96  1871  96  1971  94  2071
  89  2071  85  2071  87  2071  98  1771 117  1671 136  1371 153  1571 164  1771
 172  1971 174  1971 171  1971 165  1971 155  1771 147  1571 139  1371 135  1571
 133  1771 132  1971 131  1871 129  1971 128  1971 127  1971 126  2071 125  2071
 125  2071 125  2171 128  2171 135  2071 146  2071 157  1871 168  2071 176  2071
 185  2171 191  2271 194  2471 191  2571 180  2271 166  1871 154  1671 150  1771
 148  1771 147  1871 143  1871 138  1771 132  1771 128  1871 124  1871 121  1971
 117  1971 116  2051 120  2011 132  1951 148  1851 164  1711 176  1851
280 122   001 118   001 118   001 119   001 123   001 125   001 139   471
 152   971 163  1071 171  1471 174  1371 173  1371 168  1271 155  1171 144  1271
 138  1371 134  1471 130  1371 129  1171 127  1071 127  1071 127   971 125   971
 121  1071 116  1271 115  1371 119  1571 129  1771 142  1971 153  2071 163  2171
 171  2371 174  2271 172  2171 168  2071 160  1771 152  1471 144  1371 139  1371
 138  1471 136  1371 134  1271 132  1271 130  1171 130  1171 128  1171 126  1171
 125  1271 125  1371 127  1471 134  1671 143  1671 153  1871 163  1871 172  1771
 180  1871 187  1871 193  1871 192  1871 184  1671 175  1571 165  1271 159  1371
 157  1471 156  1671 154  1571 153  1471 151  1371 148  1371 144  1371 138  1371
 133  1471 130  1571 131  1611 138  1751 149  1951 161  2011 171  2151
299 108   001 108   001 123   001 150   001 169   001 189   001 199   571
 206  1071 208  1171 204  1471 194  1571 179  1771 161  1571 146  1271 134  1171
 128  1171 123   971 121  1171 119  1271 119  1471 118  1571 116  1571 115  1671
 114  1571 115  1371 119  1271 125  1471 133  1571 146  1671 161  1671 174  1771
 183  1871 184  1971 179  2171 170  2371 159  2071 149  1671 141  1271 137  1271
 133  1171 131  1171 130  1271 130  1371 129  1371 128  1371 127  1471 126  1471
 125  1371 124  1371 127  1271 134  1471 144  1571 154  1771 162  1671 169  1571
 175  1571 181  1671 184  1871 181  1871 171  1671 159  1471 147  1171 141  1171
 139  1071 139  1071 139  1171 136  1471 134  1571 132  1671 130  1771 130  1871
 130  1671 132  1571 136  1311 143  1451 153  1651 162  1711 170  1751
434 103   001 104   001 114   001 131   001 146   001 165   001 176   371
 188   571 198   771 202  1071 200  1171 191  1171 178  1271 167  1271 157  1171
 152  1171 147  1071 142  1071 139  1071 136  1071 134  1071 132  1071 130  1071
 128  1071 126  1171 127  1171 130  1371 132  1571 136  1671 140  1671 145  1771
 148  1771 151  1771 152  1571 152  1571 149  1471 147  1471 144  1371 143  1371
 141  1371 140  1171 140  1171 139  1071 139  1071 139  1071 137  1171 136  1171
 136  1271 136  1271 137  1371 141  1571 147  1871 155  1971 166  2271 176  2171
 186  2271 191  2171 191  2171 187  1971 178  1771 165  1571 155  1471 148  1471
 143  1371 142  1371 141  1371 140  1371 140  1371 138  1371 136  1371 134  1371
 131  1371 130  1471 132  1411 139  1551 149  1751 160  1811 169  1951
460 101   001  88   001  94   001 116   001 153   001 166   001 182   571
 193   771 202   971 204  1371 200  1571 189  1371 176  1471 161  1471 152  1471
 144  1471 136  1371 130  1271 124  1271 121  1171 122  1171 124  1271 123  1271
 120  1371 116  1371 117  1471 126  1571 139  1671 155  1771 169  1671 181  1671
 188  1571 192  1871 191  1971 187  2071 180  1971 172  1871 163  1771 157  1671
 151  1671 147  1571 144  1471 143  1471 143  1371 143  1371 145  1471 142  1471
 139  1571 137  1571 138  1671 147  1771 162  1771 178  1871 193  1871 205  1871
 214  1771 221  1871 222  2071 217  2171 206  2071 191  1871 178  1771 170  1671
 166  1671 162  1571 157  1671 153  1571 150  1571 147  1571 146  1571 142  1571
 136  1671 133  1771 134  1811 143  1851 157  1951 172  1911 185  2051
481 116   001 117   001 122   001 138   001 160   001 183   001 190   571
 199  1171 205  1271 205  1471 199  1571 191  1571 180  1371 174  1271 170  1371
 167  1271 166  1271 162  1271 157  1071 152  1071 147  1071 143  1171 139  1171
 136  1271 134  1271 136  1371 142  1671 152  1971 165  2271 179  2171 192  2271
 202  2171 205  2071 201  1971 195  1871 188  1671 179  1571 174  1471 170  1471
 168  1471 167  1371 164  1271 162  1271 159  1071 155  1171 152  1171 147  1271
 145  1371 144  1371 146  1471 151  1671 158  1871 169  2071 180  2071 192  2071
 200  2071 204  1971 203  1971 199  2071 193  1871 187  1771 181  1571 177  1571
 174  1571 172  1471 171  1371 170  1471 168  1371 165  1471 162  1471 157  1571
 152  1571 150  1671 150  1611 155  1851 163  2151 173  2311 183  2351
497  66   050  61   050  62   001  74   001 100   001 132   001 162   871
 178  1271 190  1571 193  1971 188  2171 175  1771 157  1571 143  1471 135  1571
 131  1571 130  1671 127  1671 124  1571 122  1571 119  1571 116  1471 110  1471
 102  1571  95  1571  97  1671 110  1771 131  1871 153  1871 170  2171 182  2571
 190  2771 194  2771 193  2671 186  2371 172  1971 156  1671 142  1471 134  1571
 130  1571 127  1671 123  1671 118  1471 113  1471 109  1471 105  1571  99  1571
  91  1571  85  1671  87  1671 100  1771 120  1771 142  1771 161  2071 177  2371
 187  2671 193  2571 194  2471 188  2471 175  2071 159  1671 145  1371 138  1471
 135  1571 135  1671 133  1671 131  1571 129  1571 128  1571 126  1471 123  1471
 117  1471 112  1571 112  1511 121  1651 136  1651 153  1711 170  1951
510 123   001 121   001 126   001 139   001 169   001 204   001 215   471
 222   671 225   671 224  1171 218  1471 208  1471 195  1471 179  1471 167  1271
 156  1171 148   971 141  1071 135  1071 132  1171 132  1171 132  1171 131  1171
 128  1171 125  1071 129  1071 138  1071 151  1071 161  1071 162  1171 160  1371
 158  1471 161  1571 167  1671 173  1771 175  1771 175  1671 171  1671 166  1471
 159  1371 155  1171 153  1171 153  1271 154  1271 152  1271 152  1371 149  1371
 147  1371 145  1271 147  1271 157  1271 172  1471 188  1471 201  1571 212  1771
 222  1771 229  1771 233  1771 231  1771 223  1671 211  1671 198  1571 186  1571
 176  1371 169  1371 164  1371 161  1371 158  1371 156  1371 153  1371 149  1371
 144  1371 141  1371 144  1371 156  1371 174  1471 193  1471 208  1571
579 158   001 150   001 154   001 172   001 214   001 222   001 220   471
 219   771 216  1071 210  1571 201  1871 190  1871 178  1871 168  1771 161  1771
 157  1771 152  1771 145  1771 136  1771 130  1771 129  1871 128  1971 127  2071
 121  2071 116  2071 118  2071 132  2171 154  2271 176  2271 195  2371 207  2171
 217  2171 222  2271 221  2271 215  2371 205  2271 189  2071 177  1971 170  1971
 168  1971 165  1871 159  1871 151  1771 144  1771 139  1871 139  1871 137  1971
 136  1971 136  2071 142  2071 156  2171 175  2271 194  2371 208  2371 219  2371
 226  2371 231  2271 232  2171 227  2071 216  1971 203  1771 191  1671 185  1771
 181  1771 178  1771 173  1771 167  1771 161  1771 158  1771 155  1871 151  1871
 146  1971 143  1971 147  2011 160  2051 179  2151 198  2111 214  2151
588 115   001 119   001 123   001 124   001 134   001 146   001 162   371
 177   571 187   771 192  1271 190  1471 183  1471 171  1371 157  1271 144  1271
 135  1271 127  1271 120  1371 115  1471 113  1571 115  1571 116  1671 112  1671
 104  1571  97  1571  97  1471 111  1471 134  1471 159  1471 182  1571 200  1571
 214  1671 222  1671 224  1771 219  1671 207  1571 192  1471 174  1371 160  1371
 150  1271 143  1271 138  1371 136  1471 133  1571 129  1571 124  1571 120  1571
 116  1571 116  1471 121  1471 135  1471 153  1471 175  1471 196  1671 215  1871
 230  2071 240  2171 244  2171 239  2271 226  2071 208  1771 188  1571 172  1471
 160  1371 151  1271 147  1371 145  1471 143  1571 141  1571 138  1571 134  1571
 127  1571 124  1451 128  1411 142  1451 162  1551 185  1511 206  1751
621 114   001 116   001 118   001 137   001 162   001 175   001 190   471
 200   871 203  1071 201  1171 193  1271 179  1271 163  1371 149  1271 140  1271
 135  1271 130  1371 125  1371 119  1471 115  1471 114  1471 113  1571 109  1571
 102  1471  96  1371 100  1271 117  1271 142  1271 168  1371 185  1671 196  1871
 201  2171 203  2071 201  1971 195  1871 183  1771 170  1571 161  1571 154  1371
 152  1371 151  1271 147  1271 142  1371 140  1371 140  1471 142  1571 141  1671
 139  1571 136  1471 139  1371 153  1371 174  1271 196  1271 214  1771 227  2071
 236  2471 242  2371 242  2271 236  2171 222  1971 203  1871 186  1671 173  1471
 165  1471 160  1371 156  1471 152  1571 150  1571 147  1671 145  1771 139  1871
 132  1771 127  1671 133  1571 151  1571 179  1571 206  1571 226  1871
630 123   001 123   001 126   001 143   001 159   001 181   001 198   871
 210   771 218   771 221  1171 218  1171 211   971 199  1071 188  1071 175  1071
 165  1071 158   971 153   971 150  1071 147  1071 142  1071 138  1171 133  1171
 128  1271 125  1271 127  1371 137  1571 152  1571 169  1671 185  1671 200  1571
 212  1471 219  1471 221  1571 219  1471 213  1471 203  1471 195  1471 187  1471
 180  1271 175  1171 170  1171 164  1271 161  1271 159  1271 159  1371 158  1371
 156  1471 155  1571 158  1671 166  1771 180  1671 195  1671 210  1771 223  1671
 233  1771 240  1771 241  1771 238  1771 230  1871 218  1871 206  1871 195  1671
 187  1471 180  1271 174  1271 170  1371 165  1371 159  1371 154  1471 149  1471
 144  1571 141  1771 146  1871 161  1771 182  1671 205  1571 225  1571
643 171   001 172   001 177   001 190   001 199   001 222   001 223   471
 222   771 220   971 215  1171 209  1271 203  1271 196  1271 192  1171 186  1171
 178  1171 172  1171 167  1271 163  1371 161  1471 161  1471 159  1571 158  1571
 152  1571 147  1471 147  1471 158  1471 173  1471 192  1571 205  1571 215  1571
 220  1571 222  1671 221  1671 217  1771 210  1671 203  1571 196  1471 191  1371
 189  1371 185  1271 182  1371 178  1571 174  1671 171  1771 167  1771 162  1871
 158  1871 156  1771 160  1771 173  1771 190  1671 207  1671 219  1671 227  1671
 231  1671 232  1571 231  1471 227  1471 220  1471 211  1371 204  1371 200  1371
 198  1371 196  1371 193  1571 189  1671 185  1771 182  1871 178  1871 173  1971
 167  1871 164  1851 167  1711 179  1651 196  1651 214  1511 228  1551
645 167   001 165   001 170   001 180   001 187   001 208   001 212   471
 214   671 214   971 211  1271 205  1371 198  1371 190  1271 182  1271 175  1271
 171  1271 167  1271 164  1371 162  1371 161  1471 160  1471 158  1371 153  1371
 144  1371 136  1371 137  1371 151  1371 173  1571 195  1571 210  1571 221  1471
 228  1471 231  1571 231  1571 226  1671 215  1571 201  1571 188  1471 180  1571
 176  1571 173  1471 171  1571 169  1571 167  1671 165  1571 163  1571 160  1471
 156  1471 155  1471 159  1471 172  1571 189  1771 206  1871 219  1871 229  1771
 235  1771 241  1671 242  1771 239  1771 228  1671 215  1571 202  1571 194  1571
 189  1571 186  1571 184  1771 183  1771 181  1871 178  1871 175  1771 169  1771
 163  1671 160  1651 164  1511 177  1651 195  1851 214  1911 229  1851
650 184   001 183   001 188   001 193   001 210   001 219   001 221   471
 224   871 225  1071 224  1271 220  1171 215  1071 206   871 199   771 194   871
 189  1071 186  1171 182  1271 178  1271 174  1371 171  1371 168  1471 165  1471
 159  1371 156  1271 160  1171 174  1371 195  1571 214  1771 229  1671 237  1571
 241  1471 243  1371 242  1371 236  1271 226  1171 212   971 201   871 195   971
 191  1071 188  1171 183  1271 176  1271 173  1371 172  1471 172  1471 171  1571
 168  1471 166  1471 170  1371 184  1371 204  1371 223  1471 237  1471 246  1471
 250  1471 253  1371 252  1471 247  1371 236  1271 225  1071 214  1071 209  1071
 206  1071 204  1071 202  1271 199  1371 196  1471 194  1571 192  1571 188  1671
 185  1571 184  1451 188  1311 199  1451 214  1551 229  1611 239  1651
675 146   001 146   001 150   001 158   001 160   001 163   001 182   371
 198   571 208   871 212  1171 210  1171 205  1171 197  1171 188  1071 185  1071
 181   971 179   971 176  1171 173  1471 169  1671 165  1771 160  1871 152  1971
 142  1971 135  2071 139  2071 158  1871 184  1571 211  1371 230  1571 243  1771
 250  1771 254  1771 253  1671 246  1671 234  1471 217  1371 201  1171 189  1071
 181  1071 174   971 169  1171 164  1371 160  1571 157  1671 150  1871 144  1971
 137  1971 135  1871 141  1871 157  1671 178  1471 202  1271 223  1471 239  1571
 250  1771 254  1771 251  1871 243  1871 230  1671 214  1471 201  1271 191  1171
 185  1171 181  1071 177  1271 174  1371 171  1571 170  1671 168  1771 166  1871
 162  1871 160  1871 165  1811 179  1651 199  1551 220  1311 238  1551
690 166   001 165   001 159   001 156   001 172   001 184   001 199   371
 209   371 216   371 219   571 220   771 217   871 211  1071 207  1171 203  1171
 201  1171 197  1171 193  1071 190  1071 188   971 187   871 185   871 183   771
 179   771 175   771 178   771 190   971 205  1071 220  1171 229  1171 232  1071
 233   971 234   871 232   871 229   771 222   871 216  1071 208  1271 200  1271
 195  1271 190  1171 187  1071 184   971 182   871 181   871 179   771 176   771
 170   771 165   771 167   771 179   871 197  1071 213  1171 224  1171 231  1271
 233  1371 234  1171 233  1171 230  1071 226  1071 220  1171 214  1271 209  1371
 203  1371 199  1371 196  1271 194  1071 193   971 192   971 191   871 189   871
 185   871 182   871 185   811 195   951 210  1151 224  1211 233  1251
747 147   001 143   001 144   001 164   001 179   001 187   001 201   271
 212   571 220   771 224  1071 222  1471 217  1471 209  1371 196  1271 184  1171
 175  1171 168  1071 162  1171 157  1171 153  1271 148  1271 143  1371 136  1371
 128  1471 122  1571 125  1671 142  1771 165  1671 187  1671 204  1671 215  1671
 222  1671 225  1871 225  2071 222  2271 214  1871 203  1671 193  1371 184  1371
 178  1371 176  1371 173  1371 172  1471 171  1471 167  1471 164  1571 157  1571
 148  1671 142  1871 145  1971 161  1871 183  1871 205  1771 221  1771 229  1871
 234  1871 235  1971 234  2171 229  2271 222  1971 214  1671 205  1471 198  1371
 191  1371 186  1271 183  1371 179  1371 177  1471 175  1571 172  1571 168  1671
 160  1771 154  1851 158  1911 177  1851 204  1751 229  1611 246  1851
NT  TEDF  78  35 1
20141014102014101405
20141014102014101406
20141014102014101407
20141014102014101408
20141014102014101409
20141014102014101410
20141014102014101411
20141014102014101412
20141014102014101413
20141014102014101414
20141014102014101415
20141014102014101416
20141014102014101417
20141014102014101418
20141014102014101419
20141014102014101420
20141014102014101421
20141014102014101422
20141014102014101423
20141014102014101500
20141014102014101501
20141014102014101502
20141014102014101503
20141014102014101504
20141014102014101505
20141014102014101506
20141014102014101507
20141014102014101508
20141014102014101509
20141014102014101510
20141014102014101511
20141014102014101512
20141014102014101513
20141014102014101514
20141014102014101515
20141014102014101516
20141014102014101517
20141014102014101518
20141014102014101519
20141014102014101520
20141014102014101521
20141014102014101522
20141014102014101523
20141014102014101600
20141014102014101601
20141014102014101602
20141014102014101603
20141014102014101604
20141014102014101605
20141014102014101606
20141014102014101607
20141014102014101608
20141014102014101609
20141014102014101610
20141014102014101611
20141014102014101612
20141014102014101613
20141014102014101614
20141014102014101615
20141014102014101616
20141014102014101617
20141014102014101618
20141014102014101619
20141014102014101620
20141014102014101621
20141014102014101622
20141014102014101623
20141014102014101700
20141014102014101701
20141014102014101702
20141014102014101703
20141014102014101704
20141014102014101705
20141014102014101706
20141014102014101707
20141014102014101708
20141014102014101709
20141014102014101710
002805180018051815181518151827172717351735173116351635153115351435143114351
53515311535153514311435153515311535153515311535163516311735173517311735173517311
73517351731173517351731173517351731173517351731173516351631163516351631163516351
63116351635163116351635163116351635163116351635163117351735173117351735173117351
005700170017001700170017001717172716271627153715271535143113351335123113351
33514311435143514311535153516311635163516311635163517311735173517311735173517311
73517351731173517351731173517351731173517351731173516351631163516351631163516351
63115351535153116351635173117351735163116351635163116351635163116351635163117351
015700170017001700170017001717171717271727163716371535153114351435133113351
33513311435143515311535153515311535163516311635163516311635163517311735173517311
73517351731173517351731173517351731173517351731173517351731173517351731173516351
63116351635163117351735173117351735173117351735173116351635163116351635163116351
027700170017001700170017001617161716271527142713371335133113351435143114351
43514311435143515311535163517311735173517311735173517311735173516311635153515311
53515351631163516351631163516351531153515351631163516351631163516351631163516351
63116351635163116351635163116351635163116351535153115351535153115351535153116351
070805170316151415132512251235133114351535153114351335133114351635163116351
43513311335133514311535153515311535143514311435143515311535163517311735173517311
73517351731173517351731173517351731163516351531163516351731173517351731163516351
63116351635163116351635163115351635163116351735173116351535153115351535163116351
110200110013001300120014001417132713271227122713271335143115351535153116351
63517311735163516311735173517311735173517311635153515311435143515311535163516311
63516351631153515351531143514351431153515351631173517351731173516351631163517351
73117351735173116351635153115351435143114351435143115351635163117351735173116351
120205120312151215132514251435153114351435143114351435153115351635163116351
63515311635163517311735173517311735173517311735173517311735163516311635163516311
63516351531153515351531153515351431143514351431153515351531163516351631173517351
73117351735173116351635153115351435143114351435153115351435143115351535153116351
130105110311151215122513251335133113351335133113351435143114351435143114351
43515311535153516311635173517311735173517311735173517311735173517311735163517311
73517351731163514351331133514351531153515351631163516351631163516351631163516351
73117351635163116351635153115351535153115351535153115351635163116351535153115351
145000110011001100110011001217122713271327142714271435133113351335133114351
43514311435143514311535163516311635153515311535163517311735173517311735173517311
63516351631163516351631163515351531153515351631163516351631163516351631163516351
63116351635163116351635163116351635163116351635163115351535153116351635173117351
149000110011001100110011001217122713271427142714371435133113351335133113351
43514311435143514311535163516311635153515311535163517311735173517311735173517311
63516351631163516351631163515351531153515351631163516351631163516351631163516351
63116351635163116351635163116351635163116351635163116351635163116351635173117351
156205120312151315132513251235123112351335143114351435133113351335133113351
43514311435143514311535163516311635153515311535163517311735173517311735173517311
63516351631163516351631153515351531153515351631163516351631163516351631163516351
63116351635163116351635163116351635163116351635163116351635163116351635173117351
168700170017001700170017001617151715271527152716371635153114351335123112351
33514311435143514311535153516311635163515311535163516311735173517311735173517311
63515351531153516351631163515351531143515351531153516351631163516351631163516351
63116351735173117351735173117351735173117351735173116351535143114351535153115351
180700170017001700170015001517151715271527152715271535153115351635163116351
63516311635163516311635163516311635163516311635163517311735173517311735173517311
73517351731173516351631163516351731173516351631163516351731173517351731173516351
63116351635163116351635163117351735173116351635163115351535153115351535143114351
190800180018051715171516151527143714351535153115351535153114351435143115351
63516311635163516311635163516311635163516311535153515311635163517311735173517311
73517351731173517351631153514351431143516351731173517351631163516351631163516351
63116351635153116351635173117351735173117351735173116351635153115351435133113351
222100110011001100110013001317121712271227122713271335143115351435143114351
43515311535163516311635163517311735173517311735163516311635173517311735173516311
63515351531143514351331143514351431153516351631163516351531153515351531163516351
63117351735173117351635163115351535143114351535153116351635163117351635163116351
240200130015051705180018001727172715271437133712371235123112351335133114351
43514311435143515311635163517311635163516311635173517311635143513311335153516311
73517351631163516351631153515351531143515351531163516351731173516351631163516351
63116351635173117351735163115351535143115351535163116351635163117351735173116351
255700170018001800180018001717162715271427132712271235123113351335143114351
33513311335133514311535153516311635153515311535163516311735173517311535143513311
43516351731163515351431143515351631173516351631163516351531153515351531163516351
73117351735173117351735163116351535153115351535153115351535153115351535153115351
260800180018001800181717271727162716271537143113351335123112351235123113351
33514311535153516311635173517311635153515311535163516311735173517311635153514311
43515351631173517351731173517351731163515351531153515351631163516351631163517351
73117351735173117351635163116351735173116351635153115351535153115351535153115351
280800180018001800180018001717162715271527152714271335123112351335133113351
43514311435153515311635163516311635163516311635163517311735173517311735173517311
63516351531153516351631163517351731173517351731173517351731173517351731173517351
73117351735173117351735173117351735173117351735173116351635163116351535153115351
299100110011001100110012001317142715271627162715371435133114351435143114351
33513311335143515311535163516311635163515311535153515311635163517311735173517311
73517351631163516351631163515351531163516351631173517351731173516351631163516351
73117351735163116351735173117351735173117351735173117351735173117351735173116351
434300130011001100120012001317141714271427142713371235113112351235133114351
43514311435143514311435153515311635163516311635163516311635163515311535163516311
63517351731173517351731173517351731163516351631163516351731173517351731173517351
73117351735173117351735173117351735173117351635163115351535153115351635173116351
460500150015001500140015001417131713271427152716371635163115351435133113351
33513311335143514311535153516311635163515311535153515311635163516311635153514311
43514351431143515351531163516351631163516351631163517351731173517351631173517351
73117351735173117351735163116351635163116351635163115351535143114351535153116351
481200150016001700160016001517152715271527153715371535153115351635163115351
53515311435143514311435143514311535153516311535153515311535163516311635153515311
53515351531153515351531143515351531153515351531153516351631163516351531163516351
73117351735173117351735173117351735173116351635163116351635163116351535153115351
497505160517001700170017171727172716271627162716351635153116351635173117351
73517311635163516311635163516311535153515311535143515311535163517311735163516311
53515351531143514351431143514351531153515351531153515351531153515351531163516351
73117351735173117351735173116351635163116351635173117351735173117351735173116351
510500150017001700160013001317122712271237133713371435143114351435143114351
43514311435143514311535153516311635173517311635163516311635163516311635163516311
63517351731163515351531153516351631173516351631173517351731173517351731173517351
73117351735173117351735173116351635163116351535153115351535163116351635163116351
579800180018001800180018171717172717271727173717351735173116351535153115351
63516311635153515311435153515311535153515311535153516311635163516311635163515311
53515351531153515351431153515351531153515351531153515351531163516351631163516351
63116351635163116351635163116351635163116351635153115351435143114351535153115351
588700180018001800170017001617161715271527152715371635153115351535153115351
53515311535143514311435153515311535153514311435143514311535163517311635153514311
43515351531153514351431143514351431143514351431143515351531153515351531153515351
53115351535153115351535153115351635163115351435133113351235133113351435153115351
621805180018001800180017071617161716171627162715351535143114351435143114351
43513311335133514311435143515311435143514311435153516311735173517311735163516311
63515351531153515351631163516351631163516351631153515351531153515351531143513351
23112351235123113351335133114351435153115351435143114351435133113351335143114351
630300160016001700170017171617152714271427132713351435143114351435143114351
33514311435143514311435143514311435153515311535143515311535163517311735163516311
53515351431143515351531153515351531153516351631163515351531143514351431143514351
43114351435133113351335133114351535163116351635153115351535153115351435143113351
643700170017001700170017001727172717271727173717271735173117351735163116351
53514311435153515311535143514311435153515311535153516311635163516311635163516311
63516351531153515351531153515351531163516351631173517351731173516351631163516351
63115351435133113351435153115351535153115351535153115351535153115351535153115351
645605170017051705170017151727172717351735173116351635163116351635163116351
53515311435143514311435153515311535153515311535163516311635163516311635153515311
63516351631153515351531153515351531163516351631163516351631163516351631163516351
63116351535153114351535153115351635163116351635163115351535153115351535153115351
650700170017001700170017001717162716271627162716271635163116351535153115351
53515311535143514311535153515311535153514311435143515311535163515311535143514311
53516351731163515351431143514351431143514351431143515351531153515351531143514351
43114351435143113351435143114351535153114351435133113351435143114351335133113351
675800180017001700180018001717162716171637162715371535153115351535153114351
33513311335143514311535153515311435143514311435143515311535163516311635153515311
43514351431143515351531153514351431143514351531153515351531143514351531153515351
53114351435133113351335143114351535153115351535153114351435133113351335133113351
690700170017001700170017001627162716271627162716371635163116351635153115351
53515311535143514311435143515311535153514311435133513311335153516311635163515311
43514351431153516351631163515351431143514351531153515351531153514351431143514351
43114351535153114351435143114351535153114351435133113351435143114351335123112351
747700170017001700170017001717171717271727162715371435133113351335133114351
43514311435143514311335143514311535153516311635163515311535153515311635163517311
63516351531153515351531153515351531153515351531163515351531153515351531153516351
63115351435143114351435143115351535153115351435143114351435153115351435143114351
