20140528111437
T2M TEDF  78  35 1
20140528112014052806
20140528112014052807
20140528112014052808
20140528112014052809
20140528112014052810
20140528112014052811
20140528112014052812
20140528112014052813
20140528112014052814
20140528112014052815
20140528112014052816
20140528112014052817
20140528112014052818
20140528112014052819
20140528112014052820
20140528112014052821
20140528112014052822
20140528112014052823
20140528112014052900
20140528112014052901
20140528112014052902
20140528112014052903
20140528112014052904
20140528112014052905
20140528112014052906
20140528112014052907
20140528112014052908
20140528112014052909
20140528112014052910
20140528112014052911
20140528112014052912
20140528112014052913
20140528112014052914
20140528112014052915
20140528112014052916
20140528112014052917
20140528112014052918
20140528112014052919
20140528112014052920
20140528112014052921
20140528112014052922
20140528112014052923
20140528112014053000
20140528112014053001
20140528112014053002
20140528112014053003
20140528112014053004
20140528112014053005
20140528112014053006
20140528112014053007
20140528112014053008
20140528112014053009
20140528112014053010
20140528112014053011
20140528112014053012
20140528112014053013
20140528112014053014
20140528112014053015
20140528112014053016
20140528112014053017
20140528112014053018
20140528112014053019
20140528112014053020
20140528112014053021
20140528112014053022
20140528112014053023
20140528112014053100
20140528112014053101
20140528112014053102
20140528112014053103
20140528112014053104
20140528112014053105
20140528112014053106
20140528112014053107
20140528112014053108
20140528112014053109
20140528112014053110
20140528112014053111
002 108   001 109   001 112   001 115   001 116   001 124   001 124   371
 124   571 123   871 122  1171 122  1171 121  1271 120  1271 121  1171 121  1071
 122   971 124   971 125   971 123   971 121   971 118   971 117   971 119   971
 122   971 126   971 130  1071 132  1071 135  1171 138  1171 141  1071 141  1071
 141  1171 139  1271 138  1371 138  1371 136  1471 137  1471 132  1371 130  1271
 126  1171 125  1171 127  1171 125  1171 122  1071 119  1071 117   971 118   971
 122   971 128   971 135  1071 142  1071 148  1171 153  1171 157  1271 160  1271
 161  1371 161  1371 160  1471 158  1471 154  1571 149  1571 144  1371 138  1271
 133  1071 129  1071 125  1071 122  1071 119  1071 117  1071 116  1071 117  1051
 120  1151 125  1111 133  1251 143  1451 151  1511 157  1451 161  1451
005 114   001 116   001 116   001 117   001 117   001 117   001 122   471
 125   671 127  1071 129  1171 130  1271 130  1371 128  1271 124  1171 119  1071
 112   971 109  1071 107  1071 104  1171 101  1071  99  1071  97   971  98   971
 102   971 109   971 117  1171 126  1271 136  1371 143  1371 148  1471 150  1471
 150  1571 148  1771 147  1871 148  1771 150  1671 148  1471 142  1371 133  1271
 123  1171 118  1171 114  1171 110  1171 105  1171 100  1171  97  1171  99  1071
 105  1071 115   971 130  1271 145  1471 156  1671 163  1771 165  1671 165  1671
 166  1771 168  1871 170  1971 171  1771 170  1771 164  1671 154  1471 141  1371
 129  1171 122  1171 119  1171 115  1171 109  1171 103  1271 100  1271 101  1171
 106  1151 116  1011 131  1251 148  1451 162  1611 170  1751 175  1751
015 125   001 129   001 130   001 130   001 135   001 137   001 142   871
 146   971 149  1071 150  1271 151  1671 150  1471 146  1471 139  1271 130  1071
 123   971 119  1071 115  1171 113  1271 111  1271 107  1271 107  1271 109  1271
 113  1171 120  1171 128  1171 137  1171 146  1171 155  1471 162  1671 167  1971
 170  1971 171  1971 171  1971 171  1871 169  1771 164  1671 154  1471 142  1271
 131  1071 125  1171 121  1271 117  1371 113  1371 108  1471 107  1471 109  1471
 115  1371 124  1371 136  1471 148  1671 158  1771 166  1971 172  2071 176  2271
 178  2171 179  2071 180  2071 181  1871 179  1671 175  1571 165  1371 153  1171
 142   971 134  1071 128  1071 123  1071 119  1171 115  1371 112  1471 112  1451
 116  1351 125  1311 138  1551 154  1651 168  1811 179  2051 186  2251
027 115   001 119   001 117   001 125   001 134   001 143   001 147   471
 149   571 151   671 150   771 148   771 143   871 137   871 130   871 121   771
 114   771 111   871 109   971 108  1071 107  1171 107  1271 107  1371 108  1271
 111  1071 115   971 121  1071 128  1171 136  1171 142  1171 147  1271 150  1271
 151  1271 151  1371 151  1371 151  1371 150  1171 147  1271 139  1171 129  1071
 120   971 111  1071 104  1071  98  1171  93  1271  88  1371  87  1471  90  1371
  98  1171 110  1071 125  1071 141  1171 153  1271 160  1271 163  1371 165  1371
 168  1371 170  1371 170  1471 166  1371 159  1371 149  1271 139  1171 127  1171
 118  1071 111  1171 106  1171 102  1271  99  1371  98  1571  98  1671 100  1471
 105  1351 116  1111 132  1151 150  1251 166  1211 175  1251 179  1351
070 121   001 130   001 144   001 146   001 160   001 166   001 163   671
 163   771 165  1171 165  1371 164  1471 162  1571 156  1771 146  1671 134  1771
 123  1671 117  1771 113  1871 110  1871 105  1871 100  1971  97  1971  99  1771
 104  1671 114  1471 129  1471 143  1471 157  1471 169  1471 178  1571 183  1771
 188  1871 191  1871 193  1971 193  1871 188  1771 179  1771 163  1771 145  1771
 129  1871 121  1871 115  1971 112  1971 107  2071 101  2071  97  2171  99  1971
 106  1771 118  1471 134  1671 151  1871 166  1971 178  1871 186  1971 192  1971
 198  1871 201  1771 203  1771 203  1751 199  1851 189  1811 172  1751 152  1651
 135  1511 125  1751 121  1851 119  1911 116  2051 113  2151 110  2211 110  1951
 113  1751 122  1511 137  1751 155  1851 173  2011 187  2051 198  2051
110  95   001 114   001 135   001 150   001 156   001 162   001 165   371
 166   571 164   871 160   871 155   871 151   871 144   771 130   871 116   871
 103   971  93   971  89  1071  87  1071  87  1071  89  1071  92  1071  96   971
 102   871 110   771 119   871 129   971 139  1071 150  1171 157  1271 161  1271
 159  1271 154  1071 147  1071 141  1071 137   971 130   971 122   971 115   971
 108   971 103  1071 100  1171  97  1271  97  1271  98  1371  98  1371  98  1271
  98  1171 104  1071 115  1071 129  1071 142  1071 152  1071 158  1171 161  1171
 161  1071 160  1171 157  1271 154  1171 150   971 144   871 134   871 125   871
 116   871 109   971 105  1171 103  1271 102  1271 102  1271 102  1271 102  1171
 104  1051 111   911 126  1051 144  1051 162  1111 175  1251 183  1251
120  93   001 108   001 128   001 142   001 145   001 146   001 155   671
 158   871 157   871 154   971 151   971 149   971 144   971 137   971 127   871
 117   871 112   971 109   971 108  1071 106  1071 106  1171 108  1171 109  1071
 112  1071 115   971 121  1071 127  1171 134  1271 138  1371 140  1471 141  1471
 140  1371 138  1171 136  1071 134   971 133   971 129   871 123   871 118   971
 111   971 106  1071 103  1071 100  1171  98  1271  97  1271  97  1371  97  1271
 100  1271 107  1171 119  1171 132  1271 143  1271 152  1371 157  1371 159  1471
 160  1371 161  1271 161  1171 161  1071 158  1071 151   971 141   971 126   971
 115   971 109  1071 105  1171 104  1271 103  1371 102  1371 100  1471 101  1471
 104  1351 112  1311 125  1351 140  1251 153  1211 162  1351 168  1351
130  87   001 118   001 138   001 153   001 150   001 165   001 167   471
 169   471 172   871 174   871 174   971 171   871 163   971 149   971 134  1071
 120  1071 111  1071 105  1171 102  1171 100  1271  98  1271  97  1371  97  1171
  99  1071 106   871 119   971 135  1071 149  1171 159  1271 165  1371 169  1471
 170  1471 171  1571 170  1571 169  1471 165  1271 158  1171 146  1071 132  1071
 119  1071 111  1171 106  1171 101  1271  95  1271  89  1371  87  1371  90  1271
  97  1071 110   971 127  1071 144  1171 160  1271 170  1271 175  1371 178  1371
 180  1471 180  1471 181  1571 181  1571 179  1371 173  1171 161  1271 146  1071
 131  1071 121  1171 114  1171 109  1271 105  1371 101  1371 100  1471 101  1371
 107  1351 118  1211 135  1251 155  1351 173  1311 186  1351 193  1451
145 108   001 108   001 114   001 120   001 122   001 129   001 130   471
 132   871 134   871 136  1271 140  1371 142  1471 139  1371 132  1271 123  1271
 113  1171 106  1171 100  1071  96  1071  92  1071  89  1071  87  1071  89  1071
  94  1171 101  1171 110  1271 122  1471 133  1471 142  1571 149  1671 156  1671
 160  1671 165  1771 168  1771 171  1671 171  1571 168  1571 158  1471 145  1371
 131  1271 122  1271 114  1171 108  1171 102  1171  98  1271  97  1271 100  1271
 107  1171 117  1171 127  1371 138  1671 149  1871 157  1971 164  1971 169  2071
 174  2071 177  2071 180  2071 182  1971 182  1771 177  1671 167  1571 154  1471
 141  1371 133  1371 127  1271 122  1271 116  1371 111  1471 108  1571 108  1451
 113  1451 121  1311 133  1551 147  1751 159  1911 168  2151 175  2251
149 123   001 128   001 129   001 141   001 144   001 159   001 158   571
 157   671 156  1071 156  1371 156  1471 154  1571 149  1571 143  1471 133  1371
 123  1371 113  1171 104  1071  97   971  92  1071  88  1071  86  1171  88  1171
  94  1171 103  1171 114  1271 128  1371 139  1371 151  1471 160  1571 166  1671
 170  1671 175  1771 178  1671 181  1671 182  1671 177  1571 167  1471 151  1371
 137  1271 124  1271 115  1171 108  1171 102  1271  97  1271  96  1371  98  1371
 104  1271 114  1271 128  1371 142  1571 156  1671 167  1771 176  1771 183  1771
 188  1971 190  1971 192  2071 192  1971 190  1971 184  1871 174  1671 162  1571
 152  1371 143  1371 137  1271 131  1271 125  1371 119  1471 116  1571 116  1571
 120  1451 129  1411 143  1551 158  1651 172  1711 181  1851 187  2051
156 125   001 126   001 128   001 134   001 145   001 155   001 157   471
 157   771 157   871 157  1271 155  1371 151  1571 146  1571 140  1471 133  1471
 128  1371 122  1371 119  1371 115  1371 112  1371 109  1271 107  1271 106  1171
 108  1171 115  1071 127  1271 141  1471 156  1571 165  1671 171  1771 177  1871
 181  1871 187  1871 191  1871 192  1771 188  1771 183  1671 173  1571 163  1471
 152  1371 143  1371 138  1471 131  1471 125  1471 121  1471 117  1471 116  1371
 120  1271 128  1171 141  1371 156  1671 169  1871 177  1871 181  1971 185  2071
 191  2171 198  2171 202  2171 202  2071 197  2071 190  1971 179  1871 169  1671
 159  1571 151  1571 144  1571 137  1571 132  1571 127  1571 124  1571 122  1471
 123  1451 131  1311 146  1551 164  1751 179  1911 188  2051 193  2251
168 105   001 133   001 153   001 157   001 160   001 171   001 173   471
 173   671 173  1271 172  1671 171  1871 166  1971 157  2071 142  2071 123  1971
 108  1871 100  1871  95  1871  91  1871  84  1871  78  1971  76  1971  81  1771
  93  1571 108  1371 124  1471 141  1471 158  1571 170  1671 180  1571 185  1571
 189  1771 190  1871 191  2171 192  2071 189  2071 181  2071 163  2071 141  2071
 123  1971 110  1971 105  2071  99  2071  93  2171  88  2371  86  2471  92  2171
 103  1971 118  1671 135  1771 151  1771 166  1871 178  1771 186  1771 193  1671
 198  1871 201  1971 202  2171 201  2171 196  2271 185  2171 168  2171 147  2071
 130  1971 121  1971 116  2071 112  2071 107  2171 102  2271  99  2371 100  2151
 107  1951 119  1711 137  1851 158  1851 177  1911 190  1851 199  1751
180 116   001 127   001 134   001 161   001 170   001 174   001 183   271
 190   471 192   671 192  1071 190  1371 187  1571 180  1671 166  1771 151  1871
 136  1971 125  1971 115  1771 108  1771 102  1771  98  1871  97  1871 102  1671
 111  1471 123  1271 137  1271 151  1171 163  1171 174  1271 182  1271 187  1471
 191  1571 192  1771 191  1971 188  1751 182  1851 173  1711 161  1851 148  1851
 137  1811 129  1751 123  1751 118  1711 113  1851 108  1951 107  2011 110  1871
 118  1571 128  1371 138  1471 150  1471 162  1571 171  1471 180  1571 186  1571
 190  1771 191  1871 192  2071 192  1971 189  1871 181  1771 167  1771 149  1771
 132  1871 120  1971 114  1971 108  1971 103  2071  99  2071  98  2171 101  1951
 108  1651 120  1411 137  1551 157  1751 175  1811 189  1851 199  1851
190 144   001 165   001 182   001 183   001 182   001 202   001 204   471
 205   771 206  1171 205  1471 203  1871 199  1871 191  1871 179  1871 166  1871
 153  1871 143  1771 135  1671 129  1571 123  1571 117  1571 116  1571 120  1471
 130  1271 142  1171 155  1271 169  1371 182  1471 193  1571 200  1771 206  1771
 210  2071 211  2471 210  2571 206  2271 199  2071 191  1871 179  1871 169  1671
 160  1671 153  1671 146  1671 141  1671 135  1671 129  1671 126  1671 127  1571
 132  1371 140  1271 150  1471 160  1571 169  1871 177  1671 184  1671 190  1671
 195  1871 199  1971 201  2171 201  2071 198  2071 191  1971 179  1871 166  1771
 153  1771 143  1771 133  1771 126  1771 119  1771 113  1771 111  1771 114  1651
 122  1551 133  1411 147  1651 161  1751 176  1911 189  1951 200  1951
222 102   001 126   001 150   001 154   001 169   001 181   001 181   371
 182   571 184   871 183  1071 180  1071 175  1171 165  1071 151  1171 136  1171
 123  1271 114  1371 108  1471 105  1571 103  1471 101  1271  99  1171  97  1171
  99  1071 107  1071 122  1071 141  1171 159  1271 171  1371 178  1371 179  1571
 181  1571 181  1671 180  1671 179  1371 174  1271 166  1171 152  1271 135  1271
 121  1371 111  1471 102  1471 100  1571  98  1471  97  1371  97  1271  97  1171
  99  1171 107  1071 123  1171 143  1171 159  1271 170  1271 175  1371 180  1371
 184  1471 188  1471 191  1571 191  1571 187  1371 179  1271 165  1271 149  1271
 136  1271 127  1371 121  1471 118  1571 116  1571 113  1471 111  1471 109  1371
 111  1351 120  1211 138  1251 159  1351 179  1311 192  1351 199  1451
240 115   001 134   001 140   001 148   001 161   001 167   001 167   371
 167   571 168  1071 167  1371 166  1371 163  1571 157  1471 147  1271 134  1071
 124   871 115   871 109   971 104   971 100   971  98  1071  97  1071  98   971
 103   971 110   871 119   971 131  1271 144  1371 155  1471 165  1671 170  1871
 172  1871 171  1971 171  1971 172  1771 172  1571 166  1571 155  1371 138  1271
 124  1071 113  1071 107  1071 103  1071 101  1171  98  1171  97  1271  97  1171
 100  1071 109   971 123  1171 140  1371 157  1571 170  1771 180  2171 186  2271
 189  2371 192  2371 192  2371 191  2171 189  1871 181  1771 170  1571 155  1371
 143  1171 133  1171 127  1171 122  1171 118  1271 113  1371 111  1471 110  1371
 113  1251 121  1111 136  1251 154  1451 171  1511 183  1851 192  2251
255 105   001 117   001 133   001 155   001 166   001 169   001 176   371
 180   671 181  1171 179  1671 175  1571 170  1671 162  1671 152  1471 140  1271
 128  1171 118  1071 108  1171 101  1171  93  1171  88  1071  87  1071  91   971
  99   871 111   771 126   971 143  1271 157  1471 168  1571 177  1471 183  1571
 187  1871 189  1971 189  2171 186  2071 179  1971 169  1871 156  1671 142  1371
 131  1271 121  1271 115  1371 108  1471 103  1371  98  1371  97  1271  99  1171
 106  1071 117   971 132  1271 150  1471 165  1671 177  1771 186  1671 192  1771
 197  1971 199  1971 199  2171 195  2051 188  2051 179  1911 168  1751 157  1451
 146  1211 137  1351 129  1351 123  1411 118  1451 114  1351 112  1311 112  1251
 116  1251 125  1111 140  1251 158  1451 174  1511 186  1751 195  1851
260 112   001 136   001 156   001 157   001 180   001 167   001 172   471
 176   671 176   971 175  1271 171  1371 165  1571 155  1571 140  1571 121  1571
 106  1571  96  1771  89  1971  86  2171  81  2171  79  2271  79  2271  84  1871
  95  1471 110  1071 130  1071 148  1171 164  1271 175  1171 179  1271 184  1171
 187  1271 191  1471 192  1571 189  1571 182  1571 170  1571 153  1671 134  1771
 116  1771 104  1971  95  2271  88  2471  81  2571  79  2571  80  2671  88  2271
 102  1771 120  1371 140  1471 160  1371 176  1471 188  1571 196  1471 202  1471
 207  1571 211  1771 211  1871 206  1871 197  1871 183  1971 167  1971 151  1771
 136  1771 124  1971 114  2271 106  2471 100  2471  97  2571  96  2571 101  2151
 110  1851 124  1411 142  1451 161  1351 178  1311 190  1351 199  1351
280  89   001 111   001 139   001 166   001 179   001 174   001 179   471
 183   571 184   971 182  1171 180  1171 177  1371 169  1471 156  1571 140  1571
 125  1571 115  1571 109  1371 102  1371  95  1471  89  1471  87  1571  90  1571
  99  1471 112  1471 128  1571 145  1671 161  1671 173  1671 180  1771 186  1771
 188  1771 190  1771 191  1871 191  1771 188  1571 181  1671 168  1671 151  1671
 138  1671 128  1571 124  1671 119  1671 114  1771 110  1871 107  1971 109  1871
 117  1671 129  1571 146  1571 164  1471 180  1471 193  1571 202  1471 208  1571
 211  1571 211  1571 210  1771 208  1671 204  1671 193  1571 177  1571 159  1471
 143  1571 132  1571 127  1571 122  1571 116  1671 109  1871 105  1971 104  1871
 108  1651 119  1511 136  1551 157  1651 176  1611 190  1751 200  1751
299 134   001 139   001 141   001 154   001 167   001 180   001 184   671
 187   771 190  1071 192  1171 192  1871 190  1871 182  1871 171  1771 155  1671
 140  1571 129  1671 123  1771 116  1871 111  1771 108  1671 106  1571 107  1371
 112  1271 122  1071 137  1171 154  1271 169  1371 180  1471 187  1471 191  1671
 192  1871 191  1971 189  2371 186  2271 181  2171 175  1971 164  1971 153  1871
 142  1871 135  1871 130  1871 126  1871 123  1771 119  1771 116  1671 116  1471
 119  1371 126  1171 137  1271 151  1471 162  1571 171  1471 177  1571 182  1571
 186  1671 190  1871 192  1871 191  1871 187  1871 178  1871 164  1871 147  1671
 134  1571 125  1571 119  1771 114  1771 108  1771 102  1671  99  1671  99  1551
 105  1551 115  1411 131  1551 149  1551 167  1611 182  1751 193  1751
434  71   001  90   001 109   001 129   001 145   001 150   001 157   471
 159   771 159  1171 156  1371 151  1371 145  1471 138  1471 127  1271 118  1171
 109   971 105   971 103   971 101   971  96   971  92   871  89   871  88   871
  89   971  95   971 107   971 121  1171 134  1171 145  1271 152  1271 155  1371
 156  1571 155  1671 153  1771 151  1771 148  1771 143  1771 134  1671 126  1471
 116  1171 111  1071 108  1071 106   971 102   971 100   871  98   871  98   871
 100   971 106   971 116  1171 129  1171 142  1271 153  1471 162  1771 166  1871
 167  1971 165  1971 162  1971 159  1971 155  1871 149  1871 141  1671 132  1671
 123  1371 119  1271 117  1171 115  1071 113  1071 110   971 108   971 107   971
 109   951 115   911 125  1051 137  1251 149  1311 159  1651 167  1851
460 105   001 125   001 145   001 159   001 165   001 169   001 175   571
 178   971 179  1371 179  2071 176  1671 169  1571 159  1571 145  1671 130  1771
 116  1771 106  1771 100  1871  94  1871  86  1871  80  1771  78  1771  82  1671
  91  1571 106  1471 125  1471 144  1471 160  1471 169  1571 175  1671 177  1771
 178  1971 179  2071 177  2011 173  1971 166  1771 157  1671 146  1671 135  1871
 125  1871 119  1871 114  1971 110  1971 105  1971 100  1971  98  1971  99  1871
 105  1671 118  1571 136  1571 157  1571 175  1571 186  1671 191  1671 195  1671
 197  1771 199  1971 198  2071 194  2071 187  1971 176  1871 165  1971 153  1871
 141  1871 132  1971 124  1971 118  1971 113  1971 109  2071 107  2071 108  1971
 112  1751 123  1611 140  1651 160  1551 178  1511 190  1751 198  1851
481  91   001 115   001 133   001 148   001 160   001 177   001 183   471
 187   771 190  1271 192  1471 192  1571 188  1771 180  1771 167  1771 153  1571
 141  1471 131  1471 124  1271 117  1271 109  1271 102  1271  97  1271  98  1271
 105  1171 117  1171 132  1171 149  1371 165  1371 175  1571 183  1671 189  1871
 194  1871 199  1771 201  1771 200  1771 197  1871 190  1971 180  2071 169  1971
 160  1771 152  1671 146  1671 140  1471 132  1471 123  1471 118  1471 118  1471
 122  1371 132  1371 147  1471 164  1371 179  1471 191  1571 199  1571 207  1671
 214  1671 219  1771 221  1871 219  1871 212  1871 202  1871 189  1771 175  1871
 164  1771 156  1671 149  1671 144  1571 137  1571 129  1471 123  1471 121  1451
 124  1451 132  1411 146  1551 162  1551 177  1611 188  1651 197  1751
497  84   001  95   001 105   001 121   001 135   001 142   001 157   571
 167  1071 173  1771 172  2171 168  1771 160  1671 151  1671 139  1571 130  1471
 121  1371 117  1471 112  1571 109  1671 105  1771 101  1871  98  1971  97  1971
 100  2071 108  2071 120  1971 136  1871 151  1671 164  1871 173  1971 179  2071
 182  2371 182  2471 179  2571 173  2271 164  2171 153  1971 141  1871 127  1771
 117  1671 110  1771 105  1871 101  1871  96  1971  91  1971  88  2071  88  2071
  93  2171 104  2171 124  2171 147  1971 168  1871 182  1971 191  2171 197  2271
 201  2371 203  2471 201  2671 193  2371 179  2171 165  1971 151  1771 137  1671
 127  1471 120  1571 115  1671 110  1771 106  1871 102  2071  99  2171  97  2171
  99  2151 108  2111 125  2051 146  1951 166  1811 181  2051 191  2151
510 113   001 129   001 142   001 158   001 143   001 145   001 152   571
 154   671 156  1271 157  1371 158  1371 159  1371 156  1371 151  1271 145  1071
 137   971 131   971 127   971 123   971 121   971 118   971 117   971 117   971
 120   871 125   871 135  1071 147  1271 158  1571 168  1571 175  1671 179  1771
 181  1771 181  1771 181  1771 181  1671 180  1571 173  1471 161  1271 145  1171
 131   971 121   971 117  1071 114  1071 112  1071 109  1171 108  1171 108  1171
 110  1071 117  1071 130  1171 145  1471 159  1571 167  1671 171  1771 173  1771
 177  1871 180  1871 181  1971 180  1771 176  1671 169  1471 160  1371 149  1271
 141  1071 134  1071 131  1071 129  1071 127  1171 125  1171 124  1271 124  1171
 126  1151 132  1011 143  1251 156  1451 167  1611 174  1851 179  2151
579 138   001 163   001 180   001 194   001 205   001 213   001 221   271
 227   571 230   871 229  1171 225  1371 217  1371 206  1471 191  1471 175  1371
 166  1371 161  1471 160  1471 159  1571 156  1671 152  1671 148  1771 148  1671
 152  1471 161  1371 175  1471 190  1671 205  1771 216  1771 225  1671 231  1671
 236  1771 238  1771 238  1871 234  1871 228  1771 218  1771 207  1771 195  1871
 185  1771 178  1771 175  1771 171  1771 165  1771 161  1771 157  1771 158  1771
 163  1671 173  1671 187  1771 203  1771 218  1871 229  1771 237  1771 242  1671
 246  1671 249  1671 248  1671 244  1671 236  1671 226  1671 214  1771 203  1771
 194  1771 189  1771 184  1771 180  1771 173  1871 166  1971 161  2071 161  1971
 165  1851 175  1711 189  1851 205  1851 220  1911 232  1851 240  1851
588 110   001 137   001 160   001 173   001 186   001 198   001 213   371
 220   671 222   971 220  1071 214  1171 203  1271 189  1271 173  1271 157  1171
 143  1171 134  1371 127  1471 119  1671 110  1671 103  1671  97  1671  98  1571
 107  1471 121  1371 141  1471 164  1671 184  1771 199  1771 209  1871 216  1871
 221  1771 223  1671 221  1471 214  1471 203  1571 191  1571 178  1471 165  1371
 154  1271 145  1471 138  1571 131  1771 125  1771 119  1671 117  1671 118  1551
 125  1471 138  1371 157  1471 180  1671 202  1771 220  1771 231  1771 239  1771
 243  1771 243  1671 239  1671 231  1671 220  1671 207  1671 192  1571 176  1371
 164  1271 156  1371 151  1571 146  1671 140  1671 133  1671 128  1671 127  1551
 130  1451 139  1311 154  1451 172  1651 189  1711 201  1851 209  1951
621 106   001 120   001 134   001 149   001 147   001 152   001 147   371
 140   671 134   871 129  1171 126  1171 122  1171 118  1171 113  1271 107  1171
 100  1371  98  1471  97  1671  95  1771  92  1771  89  1671  87  1671  87  1571
  90  1471  96  1371 107  1371 119  1371 132  1471 143  1571 151  1571 157  1671
 159  1671 159  1571 159  1571 161  1471 161  1371 156  1371 145  1371 130  1371
 117  1471 111  1571 109  1571 107  1671 104  1771 100  1771  97  1871  98  1771
 102  1671 109  1571 119  1571 131  1471 142  1471 151  1671 157  1871 160  1971
 162  1771 160  1771 157  1671 152  1571 147  1471 139  1371 131  1271 122  1271
 116  1371 113  1471 111  1671 109  1771 106  1871 104  1871 101  1971 102  1871
 105  1751 111  1611 120  1651 129  1751 138  1711 145  1851 150  2051
630 114   001 130   001 150   001 173   001 186   001 192   001 196   271
 198   571 199  1271 196  1671 188  1271 176  1271 163  1271 152  1271 143  1171
 137  1071 131  1071 127  1171 123  1171 121  1171 119  1171 117  1171 117  1071
 118   971 121   871 126   871 133   971 140  1071 147  1171 152  1371 158  1371
 162  1571 166  1771 169  1971 169  1771 167  1671 165  1471 160  1471 154  1271
 146  1171 140  1171 132  1271 127  1271 123  1271 121  1371 119  1371 117  1271
 118  1071 123   971 136  1071 152  1371 168  1471 178  1571 186  1471 189  1571
 190  1671 187  1771 183  1871 178  1771 171  1671 164  1471 157  1371 150  1271
 146  1171 142  1171 139  1271 135  1271 131  1371 126  1471 123  1571 122  1471
 124  1251 129  1111 138  1251 148  1251 158  1311 165  1551 170  1651
643 127   001 165   001 193   001 197   001 200   001 195   001 199   371
 200   771 199   971 197  1271 195  1271 192  1271 189  1171 182  1171 177  1071
 170  1071 167  1171 162  1271 158  1371 155  1371 149  1371 147  1371 148  1271
 152  1271 162  1171 176  1171 192  1171 206  1171 216  1171 223  1271 226  1271
 229  1371 231  1471 231  1571 229  1471 223  1271 216  1171 203  1271 192  1271
 181  1371 175  1471 171  1571 168  1671 164  1671 159  1671 157  1671 157  1571
 163  1471 174  1371 191  1371 209  1471 225  1471 233  1471 236  1471 237  1471
 239  1371 241  1471 241  1411 239  1351 234  1351 225  1211 213  1351 201  1351
 191  1411 185  1651 182  1851 178  1911 173  1951 167  1851 163  1811 163  1751
 167  1751 178  1611 195  1551 214  1451 229  1311 237  1451 240  1451
645 143   001 170   001 192   001 209   001 215   001 217   001 226   371
 230   671 230  1271 228  1471 224  1371 217  1271 205  1071 190  1171 176  1171
 164  1271 159  1271 157  1371 156  1371 153  1371 149  1371 147  1371 148  1171
 154  1071 165   871 180   971 197   971 214  1171 226  1171 234  1271 240  1271
 245  1471 248  1671 248  1871 243  1671 235  1371 224  1171 210  1371 196  1571
 183  1571 175  1671 168  1671 162  1771 158  1671 157  1671 157  1571 159  1471
 165  1371 176  1271 191  1271 210  1371 226  1371 237  1371 244  1371 250  1371
 255  1471 259  1671 258  1871 252  1671 241  1471 229  1271 215  1371 204  1471
 192  1571 184  1771 177  1771 170  1871 165  1871 161  1771 159  1771 160  1551
 165  1451 175  1211 191  1251 210  1351 226  1311 236  1351 242  1451
650 147   001 161   001 172   001 184   001 198   001 217   001 222   571
 223   971 223  1371 220  1371 214  1171 205   971 194   771 184   871 175   871
 167   971 162  1171 158  1371 155  1571 151  1571 149  1571 148  1571 149  1371
 154  1071 163   871 176   971 192   971 207  1071 218  1171 226  1171 232  1271
 237  1371 241  1571 242  1671 240  1471 234  1171 226  1071 216  1071 205  1171
 194  1171 185  1271 177  1471 170  1571 164  1571 160  1671 158  1671 159  1471
 163  1371 173  1171 187  1171 203  1071 218  1071 230  1171 238  1271 244  1371
 249  1371 251  1471 251  1571 246  1371 239  1071 229   971 220   971 212  1071
 205  1071 199  1371 192  1571 186  1771 179  1771 173  1671 169  1671 170  1451
 175  1351 184  1111 197  1151 210  1051 222  1011 229  1251 234  1451
675 145   001 159   001 183   001 206   001 218   001 232   001 239   371
 242   771 241  1071 237  1171 230  1371 220  1471 208  1571 192  1471 176  1271
 166  1171 159  1371 155  1571 150  1771 142  1971 133  2071 127  2271 128  2171
 137  2071 151  1971 170  1771 191  1571 211  1371 226  1571 236  1471 241  1571
 243  1671 241  1871 239  1971 235  1871 232  1771 222  1671 207  1471 191  1371
 176  1171 166  1371 159  1671 153  1871 145  2071 141  2171 137  2371 139  2271
 147  2171 161  2071 180  1871 200  1771 219  1571 231  1671 238  1871 242  1971
 242  2171 240  2271 236  2471 231  2271 224  2071 215  1871 204  1671 190  1571
 179  1371 171  1571 163  1871 157  2071 150  2271 143  2371 141  2571 142  2471
 149  2351 162  2211 181  2151 201  2051 218  1911 227  2051 229  2051
690 168   001 183   001 191   001 194   001 190   001 196   001 198   371
 199   471 201   671 202   971 202   771 201   871 198   771 193   871 186   971
 181  1071 175  1071 171  1171 167  1171 163  1171 158  1171 157  1171 159  1171
 165  1071 173  1071 181  1071 190  1071 196   971 200  1071 201  1271 201  1371
 202  1171 202  1071 202  1071 201   871 198   871 196   771 192   971 188  1071
 183  1071 180  1171 176  1171 172  1271 169  1271 167  1271 167  1271 170  1271
 175  1171 183  1171 193  1071 203   971 210   871 212  1171 211  1571 210  2071
 210  1771 211  1571 211  1471 209  1271 206  1071 201   971 196   971 191  1171
 186  1171 181  1071 176  1171 172  1171 168  1171 164  1171 164  1171 167  1171
 173  1051 180  1011 186  1051 192   951 196   911 198  1251 199  1451
747 148   001 164   001 187   001 204   001 222   001 222   001 225   371
 224   571 219   871 216  1271 213  1171 211  1271 207  1071 196   971 182   871
 169   771 158   871 149  1071 143  1171 139  1271 136  1371 135  1471 137  1371
 141  1171 148  1071 156  1071 165  1171 176  1171 187  1171 199  1271 208  1271
 212  1271 213  1471 210  1571 205  1471 200  1371 193  1271 185  1171 176   971
 170   871 168   971 165  1171 163  1271 159  1471 156  1571 155  1771 156  1571
 161  1371 169  1171 180  1271 191  1271 202  1471 211  1471 217  1471 221  1471
 223  1571 222  1571 218  1571 210  1571 202  1471 193  1471 187  1371 182  1171
 178  1071 173  1171 168  1271 163  1371 158  1571 155  1671 154  1871 154  1671
 158  1451 164  1211 174  1351 186  1351 198  1411 209  1451 219  1351
NT  TEDF  78  35 1
20140528112014052806
20140528112014052807
20140528112014052808
20140528112014052809
20140528112014052810
20140528112014052811
20140528112014052812
20140528112014052813
20140528112014052814
20140528112014052815
20140528112014052816
20140528112014052817
20140528112014052818
20140528112014052819
20140528112014052820
20140528112014052821
20140528112014052822
20140528112014052823
20140528112014052900
20140528112014052901
20140528112014052902
20140528112014052903
20140528112014052904
20140528112014052905
20140528112014052906
20140528112014052907
20140528112014052908
20140528112014052909
20140528112014052910
20140528112014052911
20140528112014052912
20140528112014052913
20140528112014052914
20140528112014052915
20140528112014052916
20140528112014052917
20140528112014052918
20140528112014052919
20140528112014052920
20140528112014052921
20140528112014052922
20140528112014052923
20140528112014053000
20140528112014053001
20140528112014053002
20140528112014053003
20140528112014053004
20140528112014053005
20140528112014053006
20140528112014053007
20140528112014053008
20140528112014053009
20140528112014053010
20140528112014053011
20140528112014053012
20140528112014053013
20140528112014053014
20140528112014053015
20140528112014053016
20140528112014053017
20140528112014053018
20140528112014053019
20140528112014053020
20140528112014053021
20140528112014053022
20140528112014053023
20140528112014053100
20140528112014053101
20140528112014053102
20140528112014053103
20140528112014053104
20140528112014053105
20140528112014053106
20140528112014053107
20140528112014053108
20140528112014053109
20140528112014053110
20140528112014053111
002800180018001800180018001817172717271727172716371631163516351731173517351
73117351735173117351735173117351735173117351735173117351635153115351435143114351
53515311535153515311535163516311635173517311735173517311635153514311335123512311
23512351231123512351231123512351231123512351231123512351231123511351131113512351
005800180018001800180018001817172717271727172717371731173517351731173517351
73117351735173117351735173117351735173117351735173116351635163116351635153114351
43514311435143515311535153515311635163517311735173517311735173516311635153515311
53514351431133512351231113511351231123512351231123512351231123512351231123512351
015700180018001800180018001817172717271727172716371631163515351531153516351
63116351635163116351635173117351735173116351635163116351535153115351535153115351
53515311535153515311535163516311635163515311535153515311435133512311235123512311
23512351231123512351231123512351231123511351131123512351231123512351131113511351
027800180018001800180017001717171717271727162716271631153515351631163517351
73117351635163116351735173117351735173117351735173117351735173116351535143113351
23512311235123512311235123512311335143515311535143513311335133513311335133512311
23512351231133513351431143514351431143514351431143515351431143513351231123512351
070800180018001800170018001717172716271627153715371531153515351431133513351
23113351435143115351535143114351335133114351435153115351435143114351435143114351
43514311435143514311435143515311535163516311635153515311535153516311635153515311
53514351431133512351231123512351231123511351131113511351131113511351131113511351
110000100010001000100011001117112712271127112711371131123512351331133513351
33113351435153116351635163116351535153114351435143114351435153115351435143113351
33513311335153515311635163515311535153516311635163516311635153515311535163516311
63516351631153515351431143515351431143513351331143515351531143513351231123512351
120400140013001600170017001717162716271527142714271431143513351331143514351
53116351635163116351735173117351735173117351735173117351735173117351735173115351
43513311335133514311435153515311535153515311535163516311635153515311535153515311
53515351531153514351431143514351431143514351431143515351531143513351231123512351
130100120013001700170017001717172717271727173716371631143513351231123513351
43115351635163115351535153114351435133113351335143115351535163116351635163116351
63515311535153514311435143514311535153515311535153515311535153515311535153515311
63516351631153515351431143515351531153515351431143514351431133513351331133513351
145700180017001700170017001727172717271727172716371531153514351331133513351
23112351335133114351435143113351235123112351435153115351435143113351335123112351
23512311235123512311235123512311235133513311335133512311335133514311435143514311
33513351231123512351231123512351231123512351131113511351131113511351131113512351
149700170017001600170016001617161716271527153714271431143514351431133513351
33113351335133114351435143113351235123112351435143115351435143113351335123112351
23512311235123512311235123512311335143514311435133513311335133513311435143513311
33513351231123512351231123513351331133512351131113511351231123512351131113511351
156700170017001700170017001717172717271727162715271431143514351431143513351
33113351335133114351435143113351235123112351435143115351435143113351335123112351
23512311235123512311235123512311335143514311435133513311335133514311435143514311
33513351231123512351231123513351331123512351131113511351231123512351131113512351
168300140013001600170017001717162715271527143713371231123512351231123512351
23112351335143115351635163115351435123111351135123113351435153114351335123112351
23512311235133513311335143513311335123512311235123512311335133513311435143515311
43513351231123512351131113511351131113511351131113511351231113511351131113511351
180600160017001700160016001517152715271527152714371331123511351131113511351
23112351335143114351535153115351535153115351535153115351535153115351535153114351
43514311435143514311435153515311635163516311535153514311335133513311335133513311
33512351231113511351131113511351131113511351131113511351131113511351131113511351
190600160016001600170017001717161716271627152714371331123512351231133513351
43114351435143115351535153115351535153114351435143114351535153115351535153115351
53515311535153516311635163517311735173517311635153514311335133513311335123512311
23512351131113511351131123512351231123512351231123512351231123512351231113511351
222000100010001200150016001617152715271427142714271431143514351331133512351
23112351335143114351435143114351435143114351535153115351535153115351535153115351
43514311435153516311635163517311735163516311635163516311635153515311535153515311
63516351631163516351531153514351431143514351431143514351431143514351331133512351
240400100011001200150015001627162716271627152714371331133513351331133513351
33112351235123114351535163116351535133113351335143115351535163116351535143114351
43514311435143514311335123512311235133513311435143514311435153515311635163517311
73516351531153515351431143514351431133513351331133513351431133513351231123512351
255600160014001600160017001717162716271527142713371331133514351531143514351
33113351335143114351435143114351435143113351335133114351535163116351535143114351
33513311335143514311535153516311635163516311535143513311235123512311335143514311
43514351431143514351431133513351331133513351331133513351331133512351131113511351
260200110012001700170017001717162715271437133712371231123512351231123512351
23112351235123113351335143114351435133113351335133113351335133113351235123112351
23513311335133513311335143514311435153514311435133512311135113512311335133513311
33512351231113512351231123512351231123512351231113512351231123511351131113511351
280400140014001300160015001517151715271527142714271431133513351331123512351
23112351235123112351235123112351335133113351335133113351335133112351235123112351
13512311235123513311335133513311335123512311235113511311135113512311335143514311
43513351231123511351131113511351131113511351131113511351131113511351131113511351
299700180018001800170016001517142713271227122712271231133513351331123512351
33113351435143114351335123112351235123112351235133114351535163116351635153115351
43514311435143514311535153516311635163516311635163516311635153515311635163516311
63515351531143513351231123511351131113511351231123513351331133512351231123512351
434300120013001500160016001617151716271627173717371731173517351731163516351
63116351635173117351735173117351735173117351635153116351635163116351635163116351
53515311635163517311735173517311735173516311635163515311535153515311635163516311
63516351631153515351531153515351531153515351531153515351531143513351231123512351
460200110012001300150016001617162715271527143714371431143514351431133513351
33113351335143114351535153116351535153115351535153115351535153115351535153115351
43514311535163516311635163516311635163516311535143513311335123513311335143514311
53515351531153516351631163517351731173516351631163517351631163515351431133513351
481500140012001300150015001517152714271437133713371331133513351331133513351
33113351435143114351435133113351335133113351335133112351235133113351435143113351
23511311135113512311235123512311235123512311235123511311135113512311335143515311
53515351431143514351331133512351231123512351231133513351431143513351331123512351
497600160017001700170017001717172717271727172716271631163516351631163516351
63116351735173117351735173117351735163116351635163117351735173116351635163115351
53515311535143514311435143514311535153515311435143513311435143515311535163516311
63516351631163516351531153515351431143514351431143514351431143514351431153515351
510800180017001800180018001717172717271727172716371631163515351531153515351
53115351535153115351535153115351635163116351535153115351535163116351635163115351
43513311435153516311635163516311535153515311535163516311635163517311735173516311
53514351431143515351631163516351631163516351631163516351631163516351631163516351
579000110011001300130014001417142714271427142714371431143513351231123511351
13111351135113111351135113111351135123112351235123112351235113111351135113112351
33513311435143514311435143514311335123512311135113512311235123512311235133513311
43514351431143514351431143514351431143514351431153515351431133513351231123512351
588000110013001400130013001317131713271327133713371331133513351331133512351
23112351335143114351335123112351135113112351335133113351335133113351235123112351
13511311135113512311235133514311535153515311435143513311335143514311435143515311
53516351631163515351531153515351531153514351431143515351531153515351531163516351
621700170016001700170017001717171718271827172717371731173517351731173516351
63116351535153115351535153115351635163116351635163116351735173116351635153114351
43514311435143515311535153515311535153515311535163517311735173517311735173517311
73517351731173517351731173516351631163516351631163516351631173517351731173517351
630300160013001100120013001417142715271627172717271731173517351731173517351
73117351735173117351735173117351735173117351735173117351635163116351535153114351
33512311235123512311235123512311335143514311435143513311335143514311535163516311
63516351531163516351731173517351731173517351731173517351731173517351731173517351
643000100012001100100011001117112712271227132713271331133513351331133513351
33113351335143114351335133113351235123112351235113112351235123113351435153115351
53514311435143513311335123512311235123512311235123512311335143514311535153515311
53515351531143514351431143514351431143514351431143514351431133513351231123512351
645100100010001200130013001317132713271327142714371531163516351631143513351
23111351135113112351235123112351235123112351235123112351235113112351235133114351
43514311335133513311335133513311235123511311135113512311235133514311435153515311
53515351431143514351431143513351331133513351431143514351431133513351231123512351
650400130014001300120012001317132713271327122712271231123513351331133512351
23111351135113111351135113111351135113111351135113111351135113111351135123112351
33513311335143513311335123511311135113512311235123512311235133513311435143514311
43514351431143514351431143514351431143514351431153515351531153514351431143514351
675000100010001100120012001317141714271427142714271431143514351431143514351
43113351335133113351335133113351335133113351335133113351335133113351235113111351
13511311235123513311335133513311435143514311335123512311235123513311335143514311
43514351431143514351431143514351431143514351531153515351531153515351531153515351
690200130014001400140014001517152715271527153715371431143514351431143514351
43114351435153115351535153114351335133113351435143115351535163115351535153114351
43514311335133513311335133513311335143514311435143514311335133513311335133513311
33513351331143514351431143514351331133514351431143514351431153515351631163516351
747400130015001500150012001317131714271527153716371631163517351731173517351
63116351735173117351735173116351535153115351535163116351635153115351435143113351
33512311235123512311135113512311235133514311435143514311435153516311635173517311
73516351631163516351631163515351431143514351431133513351331133512351231133513351
