20141112081424
T2M TEDF  78  35 1
20141112082014111203
20141112082014111204
20141112082014111205
20141112082014111206
20141112082014111207
20141112082014111208
20141112082014111209
20141112082014111210
20141112082014111211
20141112082014111212
20141112082014111213
20141112082014111214
20141112082014111215
20141112082014111216
20141112082014111217
20141112082014111218
20141112082014111219
20141112082014111220
20141112082014111221
20141112082014111222
20141112082014111223
20141112082014111300
20141112082014111301
20141112082014111302
20141112082014111303
20141112082014111304
20141112082014111305
20141112082014111306
20141112082014111307
20141112082014111308
20141112082014111309
20141112082014111310
20141112082014111311
20141112082014111312
20141112082014111313
20141112082014111314
20141112082014111315
20141112082014111316
20141112082014111317
20141112082014111318
20141112082014111319
20141112082014111320
20141112082014111321
20141112082014111322
20141112082014111323
20141112082014111400
20141112082014111401
20141112082014111402
20141112082014111403
20141112082014111404
20141112082014111405
20141112082014111406
20141112082014111407
20141112082014111408
20141112082014111409
20141112082014111410
20141112082014111411
20141112082014111412
20141112082014111413
20141112082014111414
20141112082014111415
20141112082014111416
20141112082014111417
20141112082014111418
20141112082014111419
20141112082014111420
20141112082014111421
20141112082014111422
20141112082014111423
20141112082014111500
20141112082014111501
20141112082014111502
20141112082014111503
20141112082014111504
20141112082014111505
20141112082014111506
20141112082014111507
20141112082014111508
002 110   001 110   001 108   001 106   001 108   001 104   001 110   371
 116   671 122   871 129   971 133   971 134  1171 132  1171 124  1171 116  1171
 109  1171 107  1171 107  1071 107  1071 106  1171 102  1171 100  1271  98  1171
  97  1171  96  1071  93  1071  89   971  86   971  85   971  87  1071  92  1071
  99  1171 107  1171 114  1271 120  1271 123  1271 124  1271 122  1271 120  1271
 118  1271 118  1271 118  1271 118  1271 118  1271 117  1371 116  1371 114  1371
 113  1271 111  1271 108  1171 105  1171 103  1011 102  1051 102  1051 104  1011
 108  1151 113  1251 117  1311 119  1351 119  1351 118  1311 116  1351 114  1351
 113  1311 112  1351 112  1351 113  1311 114  1351 115  1351 115  1311 114  1351
 112  1251 110  1211 108  1251 105  1151 103  1111 101  1151 100  1251
005 111   001 107   001 105   001 105   001 107   001 105   001 112   471
 119   771 125   871 131   971 134   971 133  1271 127  1271 118  1071 107   971
 100   771  96   771  94   871  93   871  90   871  87   771  85   771  85   871
  84   871  82   971  79   971  76   971  75   971  77   971  82  1071  90  1071
 101  1171 113  1271 121  1371 124  1371 123  1471 121  1471 121  1271 120  1071
 119   871 116   871 113   871 110   871 109   871 108   771 106   771 104   771
 101   871  99   871  97   871  95   971  94   971  94  1051  95  1151  99  1211
 105  1351 113  1451 119  1511 122  1551 123  1651 122  1611 120  1351 118  1251
 116  1011 115  1051 114   951 113   911 112   951 110   951 108   911 106   951
 103   951 101   911  99  1051  96  1051  95  1111  95  1151  96  1251
015 106   001 105   001 108   001 110   001 111   001 111   001 118   371
 124   571 128   771 131   871 133   871 133  1071 128  1171 117  1171 106  1171
  95  1071  89  1071  87  1071  86  1071  85  1071  83  1171  81  1171  79  1171
  76  1071  73  1071  69  1071  65  1171  65  1171  69  1071  77  1071  88   971
  99  1071 110  1171 118  1271 123  1271 124  1251 122  1211 117  1151 111  1151
 105  1011 101  1151  98  1151  97  1211  96  1251  96  1351  95  1311  93  1351
  90  1251  88  1211  87  1351  86  1351  86  1411  86  1351  88  1251  92  1111
 100  1251 109  1351 117  1311 122  1451 123  1451 122  1511 118  1451 113  1251
 109  1111 107  1151 106  1151 107  1111 108  1151 109  1251 109  1211 107  1151
 104  1151 101  1011 100  1151  99  1151  97  1211  94  1151  91  1151
027  97   001 101   001  98   001  90   001  87   001  98   001 107   471
 117   671 127   871 135   971 141  1071 144  1171 141  1271 132  1171 120  1171
 110  1071 106  1071 105  1071 105   971 102  1171  98  1371  93  1471  89  1571
  87  1671  85  1771  85  1671  86  1571  89  1471  94  1471 101  1271 108  1171
 115  1171 122  1171 128  1171 132  1271 134  1251 134  1311 132  1151 128  1051
 124   911 121  1151 120  1251 118  1211 116  1251 114  1351 112  1311 110  1451
 108  1551 107  1611 106  1551 106  1551 105  1411 103  1351 102  1251 103  1211
 108  1251 115  1251 122  1111 128  1251 131  1351 130  1411 124  1351 116  1251
 109  1111 105  1151 104  1251 103  1211 101  1251  99  1251  96  1211  93  1351
  91  1451  89  1511  88  1551  87  1551  87  1511  87  1451  90  1351
070 100   001  94   001  97   001 104   001 103   001 100   001 108   471
 117   771 124   971 131  1071 135  1071 135  1171 131  1171 120  1271 105  1371
  94  1471  87  1571  81  1771  78  1771  73  1671  68  1671  65  1671  62  1671
  62  1671  60  1771  57  1771  55  1771  56  1871  63  1571  75  1371  89  1071
 102  1171 114  1271 122  1471 125  1571 124  1571 120  1571 113  1471 104  1471
  96  1471  91  1571  88  1671  85  1871  82  1971  79  1971  76  1871  74  1971
  73  1971  72  1971  72  2071  74  2071  78  2011  84  1851  91  1651  99  1311
 106  1351 113  1451 120  1511 126  1451 130  1451 131  1511 128  1551 123  1451
 118  1411 114  1551 112  1651 110  1611 108  1751 105  1751 101  1711  97  1851
  94  1851  92  1911  93  1851  95  1851  97  1811  97  1651  96  1451
110  87   001  81   001  78   001  92   001  90   001 106   001 112   671
 118   871 124   871 130   871 134   871 132   871 127   871 120   871 114   871
 108   871 105   871 103   971 103   971 104  1071 106  1171 110  1271 114  1271
 116  1371 119  1371 121  1371 124  1271 126  1271 129  1171 132  1071 136   971
 141   971 147  1071 151  1071 154   871 154   871 151   771 146   871 139   871
 134   971 130  1071 128  1071 128  1171 129  1271 131  1271 131  1371 128  1371
 125  1471 121  1471 118  1451 115  1351 114  1311 114  1251 117  1051 121   911
 127   951 134  1051 140  1011 144   951 145   951 141  1011 132  1051 121   951
 111   911 106  1051 105  1151 106  1211 108  1251 109  1351 110  1311 110  1451
 108  1451 106  1511 103  1551 101  1651 100  1611 101  1551 105  1351
120  90   001  85   001  86   001  80   001  73   001  76   001  88   371
 101   771 113   871 122   971 128   971 131   871 128   871 121   871 114   971
 107   971 103   971 100   971  98   971  96   971  95   971  95   971  96   971
  97  1071  99  1071 101  1071 103  1071 106  1071 110   971 114   971 118   871
 124   971 129   971 134   971 140   971 143   871 143   971 140   871 134   971
 129   971 126   971 126   971 126   971 126   971 126   971 126   971 125  1071
 124  1171 122  1271 119  1271 116  1271 113  1211 110  1151 109   951 111   811
 116   951 123  1051 129  1111 133  1151 135  1251 132  1211 125  1151 117  1151
 109  1011 105  1051 103   951 103   911 103   951 102   951 102   911 102  1051
 101  1151 100  1211  97  1351  95  1351  93  1411  94  1251  97  1151
130  95   001  95   001  86   001  83   001  78   001  83   001  97   471
 111   871 126  1171 137  1371 143  1171 142  1471 136  1371 128  1271 119  1071
 113   971 107   971 102  1071  97  1071  92  1171  88  1271  85  1371  85  1371
  87  1471  89  1471  90  1471  92  1371  96  1371 103  1271 112  1371 119  1271
 124  1471 129  1571 133  1771 137  1671 142  1571 144  1471 144  1371 140  1271
 136  1171 131  1071 127  1071 124  1071 121  1171 120  1271 119  1371 119  1471
 118  1571 117  1671 114  1671 111  1571 109  1571 109  1451 110  1451 113  1311
 118  1451 123  1551 129  1611 134  1651 138  1651 137  1611 131  1551 122  1451
 113  1111 107  1051 103  1051 101   911 100  1051  99  1251  98  1311  97  1451
  96  1451  94  1511  90  1651  87  1651  85  1711  87  1651  93  1651
145 100   001  99   001  97   001  96   001  94   001  93   001 101   471
 108   871 115  1071 123  1271 130  1171 134  1371 132  1371 122  1271 110  1171
  99  1071  93  1071  92  1171  91  1171  90  1271  88  1271  84  1371  81  1371
  78  1471  76  1471  75  1371  75  1371  76  1271  79  1271  85  1271  93  1271
 104  1371 117  1371 127  1471 133  1471 134  1471 133  1471 129  1371 126  1171
 122  1171 119  1171 116  1171 113  1171 109  1171 105  1271 102  1271  99  1371
  98  1371  97  1471  95  1471  93  1371  91  1311  90  1351  91  1351  94  1311
  99  1451 106  1551 113  1611 118  1751 122  1751 123  1811 121  1651 118  1451
 114  1211 111  1251 109  1151 108  1111 108  1151 107  1251 106  1211 103  1251
 100  1351  98  1311  97  1351  97  1251  96  1211  93  1351  90  1351
149 108   001 106   001 105   001 108   001 105   001 103   001 111   371
 118   671 126   971 134  1271 141  1171 145  1471 141  1471 129  1371 115  1171
 102  1071  94  1071  92  1071  91  1071  89  1171  86  1271  83  1371  79  1371
  77  1471  75  1471  74  1471  74  1571  76  1571  79  1371  86  1171  95   971
 108  1071 122  1271 135  1471 142  1471 145  1571 143  1471 138  1371 131  1271
 125  1071 120  1171 116  1171 112  1171 106  1271 102  1271  98  1371  96  1371
  95  1471  95  1471  94  1571  93  1671  92  1711  92  1551  93  1351  97  1111
 104  1351 113  1651 122  1711 129  1851 132  1851 133  1811 130  1651 126  1551
 121  1311 117  1251 114  1151 113  1011 113  1151 113  1151 112  1211 108  1251
 103  1351  99  1311  96  1451  95  1551  94  1611  94  1551  94  1351
156 111   001 110   001 110   001 110   001 109   001 105   001 112   571
 121   771 130  1071 138  1171 143  1171 145  1271 141  1271 132  1271 121  1271
 112  1271 108  1171 106  1171 105  1071 103  1071  99  1171  95  1171  91  1271
  88  1271  86  1371  85  1371  85  1371  85  1371  86  1271  90  1171  98  1071
 111  1271 126  1271 138  1471 144  1471 144  1371 142  1371 138  1271 134  1271
 131  1171 127  1171 125  1071 121   971 115  1071 110  1171 105  1271 102  1271
 101  1371 100  1371 100  1371 101  1371 100  1371  99  1351  98  1351 101  1311
 109  1551 119  1551 128  1711 133  1751 135  1751 134  1611 132  1551 129  1551
 126  1411 123  1351 121  1151 119  1011 118  1151 118  1151 117  1211 115  1251
 112  1351 110  1311 109  1351 108  1351 106  1311 102  1351  98  1451
168 106   001 109   001 107   001 104   001 105   001 107   001 120   471
 130   771 136   871 142  1071 145   971 144  1271 136  1211 121  1351 103  1551
  88  1611  80  1751  77  1651  76  1611  74  1551  71  1451  68  1311  65  1551
  61  1751  58  1911  56  1951  56  1951  60  1911  70  1751  85  1451 101  1211
 117  1351 130  1551 140  1611 144  1551 143  1551 134  1411 119  1551 101  1751
  88  1811  83  1851  83  1851  84  1711  84  1751  82  1651  79  1611  76  1751
  74  1951  72  2011  71  2051  72  2151  76  2111  85  1851  97  1651 110  1311
 123  1451 134  1551 144  1611 151  1651 154  1651 151  1611 141  1651 129  1751
 118  1711 113  1751 112  1751 113  1711 112  1651 111  1551 109  1411 107  1651
 105  1751 102  1911  98  1951  94  2051  92  2011  93  1851  96  1651
180  71   001  74   001  73   001  74   001  73   001  80   001  92   771
 100  1071 107  1271 112  1371 114  1371 113  1471 108  1571 103  1471  99  1471
  94  1371  91  1471  90  1571  88  1671  85  1671  82  1671  78  1671  75  1671
  73  1571  70  1571  67  1671  65  1671  64  1771  66  1671  70  1671  76  1671
  84  1671  92  1671 100  1871 104  1771 105  1771 102  1771  94  1571  84  1471
  77  1371  73  1471  72  1771  72  1871  72  1771  70  1771  68  1771  63  1771
  60  1671  57  1671  56  1771  57  1871  59  1911  63  1851  68  1651  76  1511
  87  1551  99  1651 111  1611 121  1851 127  1851 128  1811 123  1651 115  1451
 106  1311  99  1351  95  1551  93  1611  92  1751  92  1851  92  1811  91  1851
  90  1851  89  1811  89  1851  88  1951  87  1911  84  1851  82  1751
190  73   001  71   001  70   001  70   001  65   001  71   001  74   871
  79  1371  83  1571  88  1671  92  1671  95  1771  93  1771  90  1671  88  1571
  88  1371  89  1471  90  1671  93  1771  93  1771  92  1771  91  1771  89  1771
  87  1771  84  1771  80  1771  77  1671  75  1671  76  1771  79  1671  86  1771
  94  1971 102  2271 109  2271 114  2271 115  2371 110  2271  99  1971  86  1771
  76  1571  75  1671  79  1671  82  1771  81  1771  77  1771  73  1771  69  1871
  66  1871  64  1971  62  1971  62  1971  63  1911  67  1851  72  1751  79  1711
  87  1651  95  1751 104  1811 112  1951 117  1951 117  1911 109  1751  98  1451
  88  1111  83  1251  81  1551  81  1611  80  1651  77  1851  76  1811  76  1951
  76  2051  75  2111  72  2051  69  1951  68  1811  70  1851  75  1851
222  98   001  93   001  85   001  80   001  78   001  92   001 105   571
 120   871 134  1071 143  1171 148  1071 147  1271 140  1471 131  1371 123  1171
 115  1071 109  1071 105  1071 101  1071  98  1171  95  1271  92  1371  88  1471
  86  1471  85  1571  88  1571  93  1571  99  1571 104  1471 108  1371 116  1271
 127  1271 139  1371 151  1471 160  1571 164  1571 163  1671 157  1371 148  1271
 139  1171 134  1171 130  1271 127  1271 124  1371 121  1471 119  1571 117  1571
 117  1671 117  1671 118  1671 118  1571 117  1571 115  1451 114  1251 116  1111
 122  1251 130  1351 138  1411 143  1551 145  1651 142  1711 135  1551 126  1351
 117  1011 111  1051 108  1151 105  1111 102  1251  99  1451  96  1511  94  1651
  92  1651  90  1711  87  1751  85  1651  85  1611  89  1551  96  1451
240 103   001  94   001  97   001  93   001  92   001  94   001 105   371
 117   671 128   771 137   971 143   971 144  1071 140  1071 132  1071 121  1071
 112  1071 108  1071 105  1171 103  1171  99  1171  93  1271  89  1271  87  1271
  86  1371  85  1371  85  1371  85  1471  87  1471  90  1371  96  1271 103  1171
 113  1171 124  1271 134  1371 141  1271 144  1271 144  1171 140  1071 135  1071
 129  1071 126  1171 123  1171 121  1271 117  1371 113  1371 109  1471 106  1571
 105  1571 105  1671 106  1671 107  1671 106  1671 104  1551 102  1651 104  1511
 112  1551 122  1551 133  1511 140  1551 143  1451 142  1411 136  1351 129  1251
 121  1211 116  1251 112  1351 109  1311 106  1351 102  1351  99  1311  96  1451
  93  1451  91  1511  89  1551  87  1551  85  1511  84  1551  86  1451
255 101   001 103   001  97   001  92   001  86   001  88   001 104   671
 118   971 129  1171 138  1171 142  1071 142  1271 137  1171 127  1071 114  1071
 104   971  97   971  95   971  92  1071  88   971  85  1071  82  1071  81  1171
  80  1171  79  1271  77  1371  75  1571  76  1671  82  1571  92  1471 105  1271
 121  1471 135  1471 147  1771 153  1671 154  1671 150  1571 143  1371 133  1271
 125  1171 118  1071 113  1071 110   971 107  1071 103  1171 100  1271  97  1271
  95  1371  94  1371  94  1471  95  1571  98  1611 102  1651 108  1551 118  1411
 132  1551 146  1551 157  1611 162  1551 161  1451 156  1311 148  1251 139  1151
 130  1011 124   951 119   951 115   811 111   951 108  1051 106  1111 105  1151
 104  1251 102  1211  99  1451  95  1551  92  1711  91  1651  93  1451
260 100   001 100   001  98   001  98   001  93   001  99   001 107   571
 115  1071 126  1271 137  1471 144  1271 145  1471 140  1371 126  1371 109  1271
  93  1271  82  1471  77  1671  73  1871  71  1771  69  1871  65  1771  60  1871
  56  1871  55  1971  58  1871  64  1871  70  1771  75  1671  82  1571  92  1471
 107  1671 124  1771 137  1971 144  1871 144  1651 139  1511 131  1451 121  1351
 111  1211 102  1551  95  1751  91  2011  89  1951  89  1851  90  1811  90  1851
  90  1951  89  1911  88  1851  89  1851  91  1711  96  1751 103  1551 114  1511
 127  1751 141  1851 153  1911 160  1851 162  1851 159  1711 152  1651 142  1451
 133  1311 127  1651 123  1851 119  2011 115  2051 111  1951 107  1911 104  1951
 103  2051 101  2011  99  2051  98  1951  97  1911  97  1851  98  1751
280  97   001  97   001  96   001  96   001  93   001  97   001  99   971
 101  1271 102  1571 104  1771 104  1771 104  1771 102  1771  98  1671  92  1471
  87  1371  82  1571  79  1571  75  1671  69  1571  64  1471  59  1371  56  1371
  55  1471  56  1471  57  1471  58  1471  59  1471  60  1571  63  1471  67  1471
  73  1771  81  1971  90  2371  98  2371 103  2271 103  2271  96  2071  87  1871
  78  1671  75  1771  73  1771  72  1871  67  1671  62  1671  57  1571  56  1571
  56  1671  56  1671  55  1671  54  1671  56  1611  64  1651  76  1551  91  1511
 106  1751 121  1751 134  1911 143  1951 148  1851 147  1811 139  1751 129  1751
 120  1511 116  1551 115  1651 114  1711 111  1751 107  1651 103  1611 100  1651
  97  1751  96  1711  96  1751  96  1751  96  1711  94  1751  92  1751
299  74   001  70   001  71   001  72   001  72   001  75   001  82   671
  88  1071  93  1371  97  1471 100  1471 102  1571 100  1571  96  1671  93  1371
  91  1271  91  1371  93  1471  93  1571  91  1671  88  1571  84  1671  80  1571
  77  1471  75  1371  74  1271  74  1271  76  1171  80  1371  86  1471  94  1571
 104  1671 113  1771 121  1971 125  1971 125  1971 119  2071 107  1871  95  1571
  83  1271  78  1471  76  1471  74  1671  70  1671  65  1771  60  1771  56  1671
  53  1571  51  1471  49  1471  50  1471  54  1411  63  1451  76  1451  89  1411
 100  1351 109  1451 117  1411 123  1551 125  1751 121  1711 111  1551  97  1351
  85  1011  78  1151  75  1351  74  1411  72  1551  70  1751  69  1811  68  1751
  68  1751  68  1611  68  1651  68  1551  69  1511  72  1551  78  1551
434  81   001  77   001  80   001  79   001  82   001  84   001  94   471
 104   671 113   871 119   971 123   971 122   871 118   971 110   971 103   871
  97   871  92   871  90   971  88   971  84   971  81  1071  79  1071  78   971
  77   971  77   871  77   871  76   971  77   971  79   971  84  1171  93  1171
 106  1071 121  1171 133  1171 141  1271 144  1251 142  1211 136  1151 128  1151
 121  1011 118  1151 117   951 116   911 114   951 113   951 111   911 111   951
 111   851 111   811 110   951 110   951 109  1011 109  1151 112  1251 118  1211
 128  1451 139  1751 149  1811 154  1851 153  1751 148  1711 138  1451 127  1351
 118  1111 113  1151 111  1251 110  1211 107  1251 103  1151  99  1111  96  1151
  94  1151  92  1111  89  1151  86  1251  84  1211  84  1251  86  1351
460 100   001  99   001 100   001  91   001  85   001  96   001 108   571
 120   971 130  1171 138  1371 143  1271 143  1271 137  1171 125  1171 112  1171
  99  1071  90  1171  84  1271  82  1271  78  1371  73  1571  69  1671  66  1671
  63  1571  60  1571  57  1571  55  1671  56  1671  62  1671  72  1571  88  1571
 107  1571 126  1471 142  1471 151  1571 154  1471 149  1471 139  1471 124  1271
 112  1371 103  1371  98  1471  96  1471  95  1571  94  1771  93  1871  93  1871
  92  1771  90  1771  88  1871  88  1971  91  2011  99  1851 111  1651 126  1411
 144  1551 161  1551 174  1511 181  1651 181  1851 175  1911 163  1751 150  1651
 138  1411 131  1451 127  1551 124  1511 121  1851 117  1951 113  2111 110  2051
 108  2051 105  1911 102  1951  99  2051  98  2011  98  1851 101  1751
481 107   001 103   001 102   001 105   001 107   001 109   001 110   871
 111  1471 112  1471 114  1771 115  1671 115  1571 114  1471 110  1471 106  1371
 102  1371  98  1471  96  1371  92  1371  87  1371  80  1171  76  1171  73  1271
  72  1371  70  1471  65  1471  59  1371  55  1371  56  1571  63  1771  72  1871
  85  1871  99  1871 111  1871 120  1771 125  1471 123  1371 114  1371 104  1371
  95  1471  89  1571  88  1471  86  1471  83  1371  79  1371  77  1171  76  1271
  78  1471  79  1571  79  1571  79  1471  83  1411  92  1551 106  1551 121  1611
 136  1551 148  1651 158  1611 164  1651 165  1751 164  1811 160  1751 155  1651
 149  1511 144  1551 139  1551 135  1511 132  1451 130  1551 129  1411 128  1551
 126  1751 125  1811 123  1751 121  1751 118  1611 114  1751 110  1851
497 123   001  79   001  76   001  73   001  65   001  70   001  89   771
  96  1471  99  1671 101  1671  98  1571  93  1871  86  1771  82  1571  82  1571
  82  1571  83  1671  80  1771  77  1871  71  1771  65  1671  59  1571  57  1571
  55  1571  55  1571  55  1771  56  2071  57  2271  60  2471  66  2571  77  2771
  95  2671 115  2671 130  2571 135  2571 130  2471 118  2271 102  2071  85  1871
  73  1771  68  1871  66  2071  64  2171  57  2071  49  1871  41  1671  37  1671
  36  1771  37  1771  38  2071  40  2271  46  2571  57  2751  73  2751  93  2911
 116  2851 136  2651 148  2511 148  2251 140  2151 129  1911 119  1851 111  1751
 106  1711 103  1851 101  2051  99  2111  96  2051  92  1851  88  1711  85  1751
  83  1851  83  1811  85  2151  87  2351  88  2611  86  2651  84  2751
510 100   001 108   001 106   001 101   001 100   001 105   001 118   471
 131   671 140   871 147   871 152   771 153  1371 150  1471 141  1471 131  1371
 121  1371 115  1271 111  1071 107   971 101   971  96  1071  90  1071  87  1171
  87  1171  87  1271  86  1271  85  1371  86  1371  90  1271  99  1171 112  1071
 130  1071 149  1071 166  1071 178  1271 184  1471 183  1671 174  1571 162  1571
 150  1471 143  1371 138  1271 136  1171 134  1171 133  1071 131  1071 129  1171
 127  1371 125  1471 124  1471 123  1571 122  1511 122  1651 124  1551 129  1511
 138  1551 150  1351 161  1311 169  1451 171  1651 167  1611 156  1551 140  1351
 126  1211 116  1251 110  1151 106  1011 103  1051 100  1051  98  1011  97  1151
  97  1251  97  1311  96  1451  94  1451  94  1511  96  1551 100  1451
579 120   001 119   001 122   001 119   001 120   001 121   001 127   571
 132  1271 135  1371 139  1471 141  1371 143  1371 140  1371 129  1371 117  1471
 104  1471  97  1471  92  1571  90  1571  88  1571  87  1471  84  1471  83  1571
  81  1771  77  1871  71  1971  67  2071  68  2171  78  2171  94  2071 112  1971
 127  1971 140  1871 151  1871 160  1771 163  1671 158  1571 143  1471 121  1671
 102  1671  88  1771  80  1871  76  1871  73  1871  72  1771  73  1771  75  1871
  78  1971  82  2071  86  2171  90  2271  98  2311 109  2251 123  2251 137  2111
 150  2051 162  1951 171  1811 176  1751 178  1551 176  1411 170  1451 163  1551
 158  1511 156  1751 157  1851 158  1911 158  1951 156  1951 154  1911 152  1951
 151  2051 151  2011 151  2151 152  2351 152  2411 152  2251 152  2151
588  92   001  96   001  96   001  94   001  94   001  95   001 100   671
 104  1071 107  1371 110  1371 112  1271 114  1471 115  1371 114  1471 111  1471
 105  1571  98  1471  92  1471  85  1371  80  1471  77  1471  75  1571  74  1571
  73  1671  69  1671  63  1671  57  1771  56  1771  64  1871  77  1771  93  1771
 110  1771 125  1771 138  1771 150  1771 155  1651 150  1511 133  1551 109  1551
  87  1511  73  1451  66  1451  62  1311  58  1451  54  1451  52  1511  51  1651
  51  1651  51  1711  50  1751  50  1851  55  1811  66  1751  82  1751 100  1611
 117  1651 131  1751 141  1711 145  1651 144  1651 140  1511 135  1551 130  1651
 126  1611 125  1551 125  1551 126  1411 127  1551 128  1651 127  1711 125  1751
 122  1851 120  1811 120  1851 120  1851 122  1811 124  1751 125  1751
621  41   001  53   001  49   001  48   001  33   001  58   001  83   471
 107   771 129   971 146  1071 158   971 163   971 156   971 134  1071 107  1271
  83  1371  72  1371  68  1371  67  1371  63  1571  59  1771  57  1871  58  1871
  61  1771  63  1771  62  1771  62  1771  68  1771  83  1671 104  1571 127  1471
 147  1571 165  1671 179  1771 189  1771 193  1571 185  1571 166  1571 140  1471
 119  1571 106  1471 102  1571 100  1571  97  1671  94  1771  92  1871  93  1871
  95  1871  97  1871  97  1871  98  1971 102  1911 112  1751 126  1651 141  1411
 155  1751 167  1851 177  2011 185  2051 186  2051 177  2011 155  1851 128  1751
 107  1511  98  1451  98  1551  99  1511  97  1851  93  2051  90  2211  90  2251
  91  2251  90  2211  85  2251  79  2151  80  2111  91  1951 108  1751
630  62   001  56   001  50   001  45   001  48   001  58   001  82   471
 107   771 129   871 146   771 158   771 163   871 160   871 150   771 137   771
 122   771 112   871 103   871  95   971  85  1071  75  1171  66  1271  58  1271
  52  1371  48  1371  46  1471  46  1571  50  1671  58  1671  72  1471  91  1371
 117  1371 144  1271 166  1171 180  1171 183  1171 179  1071 168  1171 155  1071
 141  1171 132  1171 126  1171 122  1171 120  1271 118  1271 116  1371 114  1471
 112  1471 110  1571 109  1671 110  1671 112  1711 116  1751 123  1551 133  1411
 146  1451 159  1351 170  1311 177  1451 180  1351 177  1411 170  1451 160  1451
 150  1311 142  1351 136  1251 130  1211 123  1351 117  1351 112  1411 110  1551
 110  1551 108  1611 103  1751  99  1751  97  1811 101  1751 110  1551
643 159   001 142   001 136   001 133   001 131   001 126   001 135   571
 144   771 152   771 158   871 162   871 162   871 159   771 152   871 142   871
 133   971 126  1071 119  1171 113  1271 107  1371 101  1371  96  1471  93  1571
  91  1571  87  1671  81  1571  77  1471  78  1371  89  1371 105  1271 124  1271
 142  1271 157  1171 167  1171 173  1071 172   871 167   771 159   871 147   871
 138   971 131  1071 125  1271 120  1371 113  1471 108  1571 105  1671 106  1771
 109  1771 113  1871 117  1771 122  1671 129  1511 138  1551 148  1451 159  1411
 170  1351 179  1251 186  1111 190  1051 191   951 190   811 188   851 185   851
 182   811 180   951 179  1151 178  1311 176  1451 173  1451 170  1511 167  1551
 164  1651 160  1611 156  1651 153  1651 152  1611 154  1551 158  1451
645 127   001 125   001 125   001 124   001 124   001 118   001 125   471
 133   771 142   971 150  1071 158  1071 162  1171 160  1171 147  1171 130  1171
 115  1171 107  1271 104  1371 104  1471 102  1471  99  1371  97  1371  96  1371
  94  1271  90  1271  83  1271  77  1271  77  1271  86  1171 102  1271 122  1171
 140  1171 158  1271 172  1271 181  1271 183  1171 176  1171 158  1171 136  1171
 116  1171 105  1371 100  1571  99  1571  97  1571  96  1571  95  1571  96  1571
  99  1571 101  1571 104  1471 107  1471 112  1311 120  1351 132  1251 144  1211
 157  1251 169  1151 178  1111 184  1151 185  1151 182  1111 175  1151 167  1051
 161  1011 161  1251 163  1351 166  1511 166  1551 165  1451 163  1311 161  1351
 159  1451 158  1411 157  1351 155  1251 153  1111 151  1151 149  1151
650 141   001 141   001 137   001 138   001 139   001 139   001 143   771
 143   971 143  1271 146  1471 149  1271 152  1071 151   871 145   871 134   971
 124   971 118  1071 115  1071 112  1171 110  1271 109  1271 109  1371 109  1471
 110  1471 107  1571 102  1471  97  1371  97  1271 105  1271 117  1271 131  1271
 143  1371 153  1371 161  1471 169  1271 173  1171 171   971 160   971 145   971
 130  1071 121  1171 116  1171 112  1271 108  1371 104  1471 102  1571 103  1571
 106  1671 112  1671 120  1571 128  1571 137  1411 145  1351 153  1251 161  1111
 169  1251 177  1251 184  1311 189  1151 190   951 188   711 181   851 174   851
 169   911 170  1051 174  1051 178  1111 180  1351 179  1451 178  1511 176  1551
 175  1651 174  1611 174  1651 175  1551 175  1511 174  1451 172  1451
675 116   001 124   001 124   001 123   001 124   001 126   001 135   971
 141  1371 144  1271 149  1171 152  1171 153  1371 151  1371 146  1271 138  1271
 130  1171 121  1271 112  1471 104  1571  96  1571  90  1671  86  1671  83  1771
  82  1771  80  1871  78  1971  76  2071  77  2171  82  2071  94  2071 111  2071
 134  1871 159  1471 180  1271 191  1271 193  1371 184  1371 165  1271 140  1171
 117  1071 100  1271  89  1471  80  1671  75  1671  72  1671  70  1671  68  1771
  67  1871  67  1971  69  2071  73  2071  81  2111  93  2051 107  1851 124  1711
 141  1551 156  1451 168  1211 174  1351 175  1451 170  1511 161  1351 151  1151
 144   911 142  1151 144  1451 146  1611 146  1651 145  1751 142  1711 139  1851
 136  1951 136  2011 138  2251 142  2351 146  2511 149  2351 150  2051
690 128   001 126   001 125   001 125   001 125   001 131   001 140   771
 146   871 153   971 159   971 164   871 164  1071 162  1171 157  1271 151  1371
 145  1471 140  1371 136  1271 133  1171 131  1171 128  1071 126  1071 124  1071
 123   971 120   971 117   971 115  1071 117  1071 125  1371 137  1471 149  1771
 161  1771 171  1671 179  1571 183  1371 184  1271 180  1171 173  1271 164  1271
 153  1471 144  1371 136  1371 132  1171 131  1171 131  1171 131  1171 130  1071
 127   971 124   871 121   971 119  1071 121  1111 129  1351 140  1451 152  1611
 162  1551 170  1651 176  1611 179  1451 179  1351 177  1211 173  1151 167  1251
 162  1211 158  1351 155  1251 154  1211 154  1251 155  1151 155  1111 154  1151
 153  1051 153  1011 155  1151 158  1151 160  1211 161  1451 162  1551
747 101   001 107   001 115   001 120   001 120   001 156   001 166   471
 174   571 180   771 184   771 185   771 182   971 176   971 166  1071 156  1171
 144  1271 134  1371 124  1571 116  1571 109  1671 104  1971  98  2071  93  2071
  89  2171  83  2171  77  2171  74  2271  78  2271  93  2071 114  1671 137  1371
 158  1371 173  1271 183  1271 186  1171 183  1171 174  1171 161  1171 146  1271
 133  1271 126  1471 122  1571 120  1771 117  1871 115  2071 114  2171 116  2271
 119  2271 121  2371 120  2471 119  2571 121  2611 129  2351 141  1851 155  1411
 170  1451 183  1351 192  1311 196  1451 195  1351 191  1411 185  1451 178  1451
 172  1411 168  1551 165  1651 162  1711 159  1851 155  2051 153  2111 152  2251
 150  2251 146  2311 138  2351 131  2451 129  2411 136  2151 148  1751
NT  TEDF  78  35 1
20141112082014111203
20141112082014111204
20141112082014111205
20141112082014111206
20141112082014111207
20141112082014111208
20141112082014111209
20141112082014111210
20141112082014111211
20141112082014111212
20141112082014111213
20141112082014111214
20141112082014111215
20141112082014111216
20141112082014111217
20141112082014111218
20141112082014111219
20141112082014111220
20141112082014111221
20141112082014111222
20141112082014111223
20141112082014111300
20141112082014111301
20141112082014111302
20141112082014111303
20141112082014111304
20141112082014111305
20141112082014111306
20141112082014111307
20141112082014111308
20141112082014111309
20141112082014111310
20141112082014111311
20141112082014111312
20141112082014111313
20141112082014111314
20141112082014111315
20141112082014111316
20141112082014111317
20141112082014111318
20141112082014111319
20141112082014111320
20141112082014111321
20141112082014111322
20141112082014111323
20141112082014111400
20141112082014111401
20141112082014111402
20141112082014111403
20141112082014111404
20141112082014111405
20141112082014111406
20141112082014111407
20141112082014111408
20141112082014111409
20141112082014111410
20141112082014111411
20141112082014111412
20141112082014111413
20141112082014111414
20141112082014111415
20141112082014111416
20141112082014111417
20141112082014111418
20141112082014111419
20141112082014111420
20141112082014111421
20141112082014111422
20141112082014111423
20141112082014111500
20141112082014111501
20141112082014111502
20141112082014111503
20141112082014111504
20141112082014111505
20141112082014111506
20141112082014111507
20141112082014111508
002805180518051700161515251431143513351331133512351231123512351231123512351
23111351235123113351435153114351435143115351635173117351735173116351635163116351
73517311735163515311535153515311635173517311735173517311735173517311735173517311
73517351731173517351731173517351731163516351631163515351531153516351631173517351
005605160517001800170017001617151713271227122712371231123512351231123512351
23112351235123113351335143115351635163116351635163117351735173117351735163116351
63516311635163516311635163516311635173517311735173517311735173517311735173516311
73517351731173517351731173517351631163516351631153514351431153516351731173517351
015800180017001700170017001717171717271627162715271431133513351231123512351
23112351235123112351235123113351535163117351735173117351735173117351635153116351
63516311635163515311635163517311735173517311735173517311735173516311535143513311
43515351731173517351731173516351631163516351631153515351531153516351631173517351
027800180018001600120011001117111711271227122712371331133513351431143514351
33113351435143114351535153115351635163116351735173117351735173117351735173116351
63515311535163516311735173517311735173517311735173517311735173517311735173517311
73517351731173516351631163516351631153515351531153515351631163516351631163516351
070705170317151715172517251731173517351731173517351631163515351431143514351
43114351435143114351535153115351535153116351635173117351635153115351535153115351
63516311535153514311535163516311635163516311635163517311735173516311535133513311
33514351531163517351731173516351631163516351631163516351631163516351631173517351
110700170013001700130013171417142714271427152715351431133513351331133513351
33113351435143114351435153116351635173117351835173117351635163116351635173117351
73517311735173517311635163515311435143515311535163517311735173516311635153515311
53516351631163516351631163516351631163515351531143515351531153515351531153514351
120805170517051700171716271627162715271527153515351431143513351231123513351
43114351435143113351335143115351635173117351735173117351735173116351635153115351
63517311635163515311635163517311735163516311635173517311735173517311635163516311
63517351631163514351431143515351631163516351631163516351631163517351731173516351
130800170016151515141514251427132713351431153516351631163514351331123512351
33113351435143114351435143115351635173117351735173117351735173117351735173117351
73516311635163516311635163516311735173517311735173517311735173517311735173517311
63516351631163515351531153515351531153515351531153515351531163516351631163516351
145700130017001700140012001217132712271227122712371331133513351231123512351
23113351435153116351635163115351535153115351635163115351535143115351635173117351
63515311635163517311735163516311635163516311635163516311635163515311535153515311
63516351731173517351731173517351731173517351731163516351631163516351631163516351
149800170017001800160014001417131713271227122712371231133513351331133512351
23113351435153115351635163116351635163116351635163116351535153115351635173116351
63515311635163517311735163516311635163516311635163516311635163515311535153515311
63516351731173517351731173517351731173517351631163516351631163516351631163516351
156505140313151415152516251531143514351331123512351231133513351331123512351
23112351435153115351635163116351635163116351635163116351535153115351635173116351
63515311635163517311735163516311635163516311635163516311635163515311535153515311
63516351731173517351731173517351731173517351731163516351631163516351631163516351
168700170018001800180017001707171717171727172716271531153514351431133513351
23112351235113112351235133114351435153115351435143114351535153115351435143114351
43514311435143514311435143514311535153516311635163516311635163516311535143514311
53516351731183517351731173517351731163516351631163516351631173517351731173517351
180800180018001800180018001827172717271727172717371731173517351731173516351
63116351635163116351535153114351435153115351635163116351535153114351435143114351
43514311435143515311535153515311535143513311335143515311535153514311335133513311
43515351731173517351731173517351731173517351731173517351731173517351731173517351
190800180018001800170018001817182718271827172717371731173517351731173517351
73117351735173117351735163116351635163116351635163116351535153115351435153115351
53515311535153515311535153514311435143514311435143514311535163516311635153514311
43515351531163516351631163516351731173516351631163516351631163517351731173517351
222800160014001300130014001417142715271527163716371531153514351331123512351
23113351435143115351535153115351635173117351735173117351635163116351735173117351
73517311735173517311735173517311735173517311735173517311735173517311735173517311
73517351631153515351431143514351431143514351431143515351531163516351731163516351
240700130013001500170018001817171717271727162716371531153514351431143514351
43115351535153115351535143114351435143114351435153116351735173117351635153116351
63517311735173517311635163517311735163516311635163516311635173517311735173517311
73517351731173516351631153515351431143513351331143515351631163515351531153516351
255800170017001700160016001517141713171327132714371431143514351431143515351
53115351535153115351535143114351435143114351435133113351235123114351535163116351
53515311535163516311635163515311535153516311635163516311535153515311435153515311
63517351731173517351731173517351631153514351431143515351631163517351731173517351
260800180017001800170017001717162715271527142714371331133514351531153514351
43114351435153115351535153114351335133113351435143114351335133114351535163116351
53515311535153516311535153515311535163516311635153514311335133513311435153516311
63517351731173517351731173517351731163516351631163517351731173517351731173517351
280800180018001800180018001817182718271727172717371731173517351731173517351
63115351335133113351435143115351535153115351535153116351635153115351435143114351
43514311435143514311535153515311535153515311635163517311735163516311535153515311
63516351731173517351731173517351731173517351731173517351731173517351731173517351
299800180018001800180018001817182718271827172717271731173517351731173517351
73117351735173117351735173116351635163115351535153114351435143114351535153115351
53514311435143514311435143514311335133512311335133514311435153515311535143514311
33513351331143515351631163516351631163515351531153515351531143513351331133514351
434700170017001700170017001727172717271727172717351731173516351631163516351
63116351535143114351435143114351435143114351535153116351735173116351435143114351
63516311635153514311535163517311635153514311335123512311335143515311635163516311
63517351731173517351731163516351631163516351731173517351731173517351731173517351
460700170017001700170016001617162716271527152715371531153516351631153514351
43113351235123112351335133112351235123112351335133113351235113112351435153116351
63515311435123512311135123512311335143514311535153515311535163516311635163516311
63516351631163517351731173517351731173517351731173517351731173517351731173517351
481600150017001700170017001717171717271727172717271731173517351731173516351
63116351535143113351235123112351335133114351435143115351535153114351335123112351
23512311335143514311435133512311235133513311335133513311435153516311635153515311
53516351731173517351731173517351731173517351731163516351631163516351631163516351
497605170517001700170017001727172717271727172717271731173517351731173517351
73117351735173117351735163115351435133113351235123112351235123112351235123112351
23512311235113512311235123512311235123512311335133514311335123512311135123512311
33513351431153516351731173517351731173517351731163516351631163516351731173517351
510800180017001700170017001717172717271627162716371631153514351331123512351
23112351335133114351535153116351735173117351635153114351435133114351435153115351
53516311635153515311435143514311435153516311635163516311635163516311735163516311
63516351631163516351531153514351331143514351531153515351531153515351531153515351
579800180018001800180018001817172717271727162716371531143513351231113511351
13111351135113111351135113111351135113111351135113111351135113111351135113111351
13511311235123512311235123512311235133514311435153516311735173517311735173517311
73517351731173517351731173517351731173517351731173517351731173517351731163516351
588800180018001800180018001817181718271727172717271731173517351631153513351
23111351235123112351135113111351135113111351135113111351135113111351135113111351
23512311235123512311235123512311235123512311235123512311335143515311535163516311
63517351731173517351731173517351731173517351731173517351731173517351731173517351
621705170017051615161515251527142714351331133513351331133512351231123512351
23112351235123112351135113112351335133114351435143115351535163116351635163115351
43513311335133514311435143515311535153516311635163516311635153515311435143514311
43514351531163516351631173517351731173517351731173516351631153515351431133513351
630800160513051100120013001317132713271327132713371331133512351231113511351
13111351135113112351235123112351335133114351435143113351235123111351135123113351
33514311435143514311435153515311535143513311335143514311535153515311535163516311
63517351731173517351731173517351731173517351731173517351731173517351731163515351
643700170016001700170014001417132713271327122712271331133513351331133512351
13111351135113111351135113111351135123112351235123112351235123112351235123112351
23512311235123512311235133514311635163517311735163516311635173517311735173517311
73517351731173517351731173517351731173517351731173517351731173517351731163515351
645805180518001800181518151817172716271527133512351231123512351231123511351
13111351135113111351135113111351135113111351135113112351235123112351235123111351
13512311235123513311335133514311535153516311635173517311735173517311735173517311
73517351731173517351731173517351731173517351731173517351731173517351731163516351
650800180018001800180018001717172716271527142713271231123511351131113511351
13111351135113111351135113111351135113111351135113111351235123112351235123111351
13512311235123513311435143514311435143514311435153515311635163517311735173517311
73517351731173517351731173517351731173517351731173517351731173517351731173516351
675705170518051800180018001817181718271827182718371731153513351131113511351
13111351135113111351135113111351135113111351135113111351135113111351135113112351
33513311335123512311235123513311335133514311435143515311535163516311735173517311
73517351731173517351731173517351731173517351731173517351731173517351731173517351
690100110017001700180017001817182718271827172717271731173516351631143513351
23111351135113111351135113111351235123112351235113111351135123111351135113112351
23513311335133513311335133513311235123512311235123513311435153516311635163516311
63517351731173517351731173517351731173517351731173517351731173517351731173517351
747805180518001700170012001317131714171427142714371531143512351131113511351
13111351135113111351135113111351135113112351335143113351335123112351335143114351
33513311335143514311535153515311435143514311535153515311635163516311735173516311
63515351531143514351431143514351431143515351531153515351431153515351631153515351
