20140501061442
T2M TEDF  78  35 1
20140501062014050101
20140501062014050102
20140501062014050103
20140501062014050104
20140501062014050105
20140501062014050106
20140501062014050107
20140501062014050108
20140501062014050109
20140501062014050110
20140501062014050111
20140501062014050112
20140501062014050113
20140501062014050114
20140501062014050115
20140501062014050116
20140501062014050117
20140501062014050118
20140501062014050119
20140501062014050120
20140501062014050121
20140501062014050122
20140501062014050123
20140501062014050200
20140501062014050201
20140501062014050202
20140501062014050203
20140501062014050204
20140501062014050205
20140501062014050206
20140501062014050207
20140501062014050208
20140501062014050209
20140501062014050210
20140501062014050211
20140501062014050212
20140501062014050213
20140501062014050214
20140501062014050215
20140501062014050216
20140501062014050217
20140501062014050218
20140501062014050219
20140501062014050220
20140501062014050221
20140501062014050222
20140501062014050223
20140501062014050300
20140501062014050301
20140501062014050302
20140501062014050303
20140501062014050304
20140501062014050305
20140501062014050306
20140501062014050307
20140501062014050308
20140501062014050309
20140501062014050310
20140501062014050311
20140501062014050312
20140501062014050313
20140501062014050314
20140501062014050315
20140501062014050316
20140501062014050317
20140501062014050318
20140501062014050319
20140501062014050320
20140501062014050321
20140501062014050322
20140501062014050323
20140501062014050400
20140501062014050401
20140501062014050402
20140501062014050403
20140501062014050404
20140501062014050405
20140501062014050406
002  80   001  79   001  89   001  94   001  96   001  98   001 102   471
 109   871 115  1071 118  1171 120  1371 119  1471 117  1471 115  1371 113  1371
 111  1271 108  1271 108  1171 106  1071 105  1071 104   971 105   971 105   871
 105   871 105   971 105   971 104  1071 103  1071 103  1071 104  1071 108  1071
 113  1171 117  1171 120  1371 121  1571 121  1771 121  1671 120  1571 117  1471
 112  1471 104  1471  98  1471  93  1371  90  1271  87  1171  85  1171  84  1271
  82  1271  81  1271  80  1271  78  1271  76  1251  75  1151  76  1111  80  1051
  87  1051  94   911 100  1251 105  1451 108  1711 109  1751 109  1651 106  1611
 101  1551  96  1451  90  1311  85  1251  81  1251  78  1111  75  1151  73  1151
  72  1111  71  1151  70  1151  69  1111  67  1151  66  1251  69  1211
005  77   001  80   001  82   001  84   001  90   001 101   001 106   571
 112  1071 116  1271 121  1171 124  1171 127  1071 128  1171 126  1171 124  1271
 120  1171 114  1171 109  1071 105  1071 102   971 100   971  99   971  99   971
  98   971  98   971  98  1071  97  1071  97  1171  98  1171 102  1271 107  1271
 113  1171 117  1171 120  1171 120  1271 122  1271 126  1271 130  1371 130  1371
 124  1271 113  1271 102  1171  93  1171  85  1171  80  1171  78  1171  75  1271
  73  1271  70  1271  66  1371  63  1371  61  1371  61  1351  66  1311  76  1351
  90  1351 102  1311 111  1351 116  1351 120  1311 124  1451 126  1551 125  1611
 120  1551 111  1451 100  1311  87  1251  75  1251  66  1111  60  1251  57  1251
  54  1311  49  1351  44  1451  39  1411  36  1451  37  1551  45  1511
015  91   001  89   001  81   001  75   001  77   001  88   001 104   471
 119   971 133  1171 143  1171 149  1071 152  1071 149  1071 145  1171 140  1171
 135  1171 131  1171 125  1171 120  1071 115  1071 111   971 108  1071 108  1071
 106  1171 103  1171 101  1271  99  1271  97  1171  98  1171 101  1071 107  1071
 116  1171 124  1171 131  1271 136  1271 140  1371 141  1471 140  1471 137  1571
 133  1571 127  1471 120  1471 111  1371 102  1371  95  1271  90  1271  85  1371
  81  1371  77  1471  73  1471  69  1571  67  1451  68  1251  72  1111  81  1251
  92  1251 104  1311 114  1351 122  1451 128  1411 132  1551 134  1551 134  1611
 131  1551 125  1451 116  1311 105  1251  94  1251  84  1111  76  1251  70  1251
  65  1311  60  1451  56  1451  52  1511  50  1451  51  1451  57  1311
027 117   001 119   001 117   001 108   001 108   001 109   001 114   571
 120   871 124  1171 127  1071 130  1071 131   971 131  1071 131  1071 129  1171
 126  1171 121  1071 115  1071 108  1071 102   971  99   971  97   971  97   971
  95   971  92  1071  89  1171  87  1271  89  1371  94  1371 100  1471 108  1371
 114  1371 120  1271 123  1171 126  1171 127  1071 129  1171 131  1271 131  1371
 129  1271 124  1071 117   971 108  1071  99  1171  92  1271  89  1171  88  1171
  88  1071  87  1171  85  1271  82  1371  78  1471  76  1451  78  1511  86  1451
  97  1351 108  1211 115  1151 118  1151 119  1011 118  1151 117  1351 115  1411
 114  1351 111  1251 105  1111  95  1251  82  1251  71  1311  64  1351  60  1251
  57  1211  54  1451  52  1551  49  1711  47  1751  48  1851  55  1811
070 115   001 118   001 113   001 110   001 107   001 111   001 122   971
 130  1171 136  1171 142  1171 148  1171 152  1171 152  1271 150  1371 147  1471
 142  1471 136  1471 127  1471 118  1571 109  1771 103  1871  97  1871  94  1971
  92  1971  89  1871  87  1771  87  1671  90  1671  95  1671 100  1671 104  1471
 109  1371 115  1171 123  1271 132  1371 138  1471 142  1571 143  1671 141  1771
 136  1771 129  1671 120  1671 110  1771  99  1971  90  2071  83  2071  77  2171
  74  2171  70  2071  65  2071  61  1971  58  1851  57  1851  61  1711  71  1651
  84  1451  98  1311 109  1451 118  1451 124  1511 128  1651 130  1851 130  1911
 129  1851 125  1651 116  1511 101  1751  84  1851  70  2011  61  2151  57  2351
  53  2411  48  2351  43  2351  39  2211  37  2151  39  2151  47  2011
110 112   001 107   001 109   001 108   001 106   001 108   001 111   571
 115   871 118   971 121  1071 124  1071 127  1171 129  1171 130  1071 130  1071
 127   971 122   971 116   871 110   971 102   971  99  1071  98  1171  99  1171
 100  1271  99  1271  98  1371  97  1371  97  1371  99  1371 103  1371 110  1271
 118  1071 125   971 130  1071 132  1271 135  1371 138  1271 141  1271 140  1171
 135  1071 126   971 116   871 105   871  97   971  90   971  86  1071  85  1271
  84  1371  83  1371  81  1471  79  1471  77  1471  76  1451  81  1411  92  1351
 106  1251 119  1111 128  1251 134  1451 137  1511 139  1551 139  1651 136  1611
 131  1451 122  1151 111   911  97  1051  83  1051  72  1111  65  1251  62  1451
  61  1511  61  1651  61  1651  60  1711  57  1651  57  1651  63  1511
120 105   001 109   001 108   001 105   001 104   001 105   001 112   271
 118   671 121   971 120  1071 117  1071 115   971 116   971 119  1071 121  1071
 119   971 115   971 111   871 107   871 104   971 101   971 101   971 101   971
 103   971 103  1071 103  1071 101  1171  98  1171  97  1271  97  1271 102  1271
 109  1371 115  1371 118  1271 119  1271 120  1171 121  1171 121  1171 120  1171
 118  1071 114   971 109   871 102   971  96  1071  91  1171  87  1171  85  1171
  84  1171  84  1171  83  1271  81  1271  78  1271  77  1251  79  1211  86  1351
  96  1351 105  1411 110  1351 112  1251 113  1111 113  1251 112  1251 111  1311
 109  1251 105  1251  99  1111  90  1151  81  1251  73  1211  68  1251  65  1351
  63  1311  62  1351  60  1451  59  1411  58  1451  59  1551  65  1511
130 124   001 116   001 106   001 101   001 109   001 111   001 117   371
 124   771 130  1171 136  1171 140  1171 141  1171 139  1171 135  1071 133  1071
 133   971 133   871 130   771 121   771 112   871 105   871 102   971 101   971
 102  1071 102  1071 101  1071  99  1071  97  1171  97  1171 100  1271 106  1271
 116  1171 125  1171 133  1271 140  1271 144  1371 148  1371 151  1371 151  1371
 148  1171 142   971 133   771 121   871 108   971  96  1071  88  1071  84  1071
  82  1071  81  1171  81  1271  79  1371  76  1371  73  1251  76  1211  86  1351
  99  1351 113  1411 123  1451 130  1351 135  1311 139  1451 141  1551 142  1611
 141  1451 137  1151 129   911 116  1051 100  1051  86  1111  75  1151  68  1251
  63  1211  59  1351  56  1451  52  1511  48  1551  47  1651  53  1611
145 104   001 103   001  95   001  88   001  82   001  95   001 105   671
 114   971 122  1071 127  1071 131   971 133   971 132  1171 131  1371 130  1571
 127  1371 124  1271 118  1071 112  1071 106  1171 103  1171 100  1271  98  1271
  96  1371  92  1271  89  1171  87  1071  88  1071  91  1071  97  1071 104  1071
 111  1171 119  1171 125  1271 131  1271 136  1371 139  1471 142  1571 142  1671
 139  1571 133  1371 125  1271 115  1271 106  1271  97  1271  91  1371  85  1371
  80  1471  75  1371  68  1371  64  1271  62  1151  63  1151  67  1011  76  1151
  87  1251  99  1311 110  1451 120  1451 126  1511 128  1651 128  1851 127  1911
 126  1751 123  1551 118  1311 109  1351  98  1351  88  1311  80  1351  73  1451
  67  1411  61  1451  55  1351  50  1311  47  1351  48  1251  55  1211
149 116   001 108   001  94   001  92   001  90   001 102   001 108   771
 115  1071 123  1071 131  1071 136  1071 140  1071 142  1371 142  1571 140  1871
 135  1571 129  1371 123  1071 119  1171 117  1171 115  1271 111  1371 108  1371
 103  1471 100  1371  97  1371  96  1271  97  1271 100  1171 104  1171 109  1171
 115  1171 122  1171 132  1271 141  1271 148  1371 151  1471 152  1671 149  1771
 144  1571 138  1371 131  1171 124  1171 119  1271 112  1271 104  1371  97  1571
  89  1671  83  1571  78  1571  73  1471  71  1371  72  1251  76  1111  84  1151
  95  1251 107  1211 118  1351 127  1451 133  1511 136  1751 136  1851 135  2011
 132  1851 128  1551 123  1311 116  1351 108  1351  99  1311  90  1451  82  1551
  74  1611  68  1651  63  1551  59  1511  56  1551  57  1451  64  1411
156 128   001 126   001 117   001 104   001  96   001 106   001 120   471
 131   771 140  1071 146  1071 150  1171 151  1171 149  1371 148  1471 146  1671
 142  1471 138  1271 132  1071 128  1071 123  1171 121  1171 118  1171 114  1071
 112  1071 110  1071 107   971 106   971 106   871 108   871 112   771 118   871
 126  1071 133  1171 139  1271 144  1371 148  1471 151  1571 152  1671 151  1771
 146  1571 139  1371 131  1171 124  1171 117  1071 110  1071 104  1071  97  1171
  92  1171  88  1171  84  1071  81  1071  77   971  76   951  79   811  89  1051
 102  1151 116  1311 127  1451 134  1551 139  1611 142  1751 143  1951 142  2011
 139  1851 135  1551 129  1311 122  1351 115  1251 107  1211  98  1251  90  1251
  83  1211  78  1251  75  1251  71  1211  67  1151  65  1151  70  1011
168 127   001 123   001 119   001 120   001 114   001 119   001 124   671
 130  1171 136  1071 141  1271 145  1271 149  1371 151  1271 152  1271 151  1171
 145  1371 136  1471 126  1671 117  1771 109  1771 102  1871  98  1871  94  1971
  91  1971  88  2071  86  2071  86  2171  89  1971  94  1871 101  1671 110  1571
 119  1371 126  1271 133  1371 137  1571 142  1671 147  1671 151  1671 152  1671
 148  1671 141  1771 131  1771 120  1871 108  1871  98  1971  91  1971  86  2071
  81  2071  76  2271  71  2371  66  2571  62  2251  62  2051  68  1711  81  1651
  97  1451 112  1311 122  1451 127  1551 131  1611 135  1751 138  1751 139  1811
 136  1751 129  1751 119  1611 106  1751  92  1951  80  2011  72  2151  66  2151
  61  2211  55  2351  49  2551  43  2611  38  2451  39  2251  48  2011
180 129   001 129   001 124   001 117   001 120   001 127   001 134   771
 139  1171 143  1271 146  1271 148  1271 151  1271 152  1271 152  1271 150  1271
 145  1171 136  1171 128  1071 121  1271 114  1571 107  1771 100  1771  93  1771
  88  1771  87  1871  88  1871  89  1971  90  1871  92  1671 100  1571 112  1471
 128  1371 142  1271 151  1371 156  1371 160  1471 162  1471 162  1371 159  1371
 153  1371 144  1271 135  1271 125  1471 116  1571 108  1771 100  1771  92  1871
  86  1871  82  1971  79  2071  76  2171  72  1951  71  1851  74  1611  85  1551
  99  1451 112  1311 120  1451 125  1651 128  1711 132  1751 135  1751 136  1711
 134  1651 129  1451 121  1311 110  1551  98  1651  86  1811  77  1851  70  1951
  65  1911  61  2051  58  2251  55  2311  51  2151  51  1951  57  1711
190 116   001 116   001 117   001 116   001 117   001 118   001 125   671
 131  1271 138  1271 144  1371 150  1371 155  1471 159  1571 161  1671 161  1771
 158  1771 154  1771 146  1771 138  1671 129  1471 123  1371 116  1271 110  1271
 105  1171 100  1271  96  1371  96  1471  99  1471 105  1371 114  1371 126  1371
 137  1371 149  1371 159  1471 167  1571 171  1671 171  1771 168  1771 165  1871
 162  1771 158  1771 150  1671 140  1571 127  1471 116  1371 107  1371 102  1371
  98  1371  94  1471  90  1571  87  1671  84  1551  82  1451  85  1311  94  1351
 106  1451 117  1411 124  1651 129  1751 132  1911 136  2051 139  2151 140  2211
 139  2151 134  1951 127  1811 117  1751 106  1551  96  1411  87  1451  80  1351
  74  1311  69  1551  65  1651  63  1811  62  1751  65  1651  73  1511
222 118   001 118   001 116   001 107   001 110   001 116   001 121   471
 130   971 138  1171 145  1171 150  1271 151  1271 149  1271 146  1371 142  1371
 138  1271 134  1071 130   971 123   971 118  1071 112  1071 109  1171 107  1171
 106  1271 104  1271 102  1271 100  1271  97  1171  97  1171 101  1071 113  1171
 127  1171 139  1271 148  1371 153  1371 156  1471 159  1471 160  1571 161  1571
 160  1471 157  1271 150  1171 140  1171 128  1171 117  1171 108  1171 100  1271
  94  1271  88  1271  82  1371  76  1371  71  1271  69  1251  73  1111  85  1151
 101  1251 117  1211 130  1351 139  1351 145  1411 148  1551 149  1651 149  1711
 149  1551 146  1351 140  1111 129  1151 115  1251 103  1211  94  1351  88  1451
  82  1511  76  1551  69  1551  63  1511  58  1551  56  1451  63  1411
240 106   001 108   001 103   001 107   001 108   001 111   001 117   271
 122   671 127   871 134  1071 139  1171 142  1171 142  1271 139  1371 135  1471
 131  1471 127  1471 122  1471 115  1371 109  1271 104  1171 103  1171 102  1271
 102  1271 101  1271 100  1271  98  1271  97  1171  98  1171 101  1071 107  1071
 113  1171 121  1171 128  1271 134  1271 140  1371 145  1471 150  1571 152  1671
 152  1571 149  1571 142  1471 131  1371 120  1371 109  1271 101  1271  95  1371
  89  1371  84  1371  79  1471  74  1471  70  1471  67  1351  70  1311  79  1351
  91  1351 104  1311 115  1451 124  1451 130  1511 135  1651 137  1751 139  1811
 139  1751 137  1751 130  1611 119  1551 105  1451  93  1311  85  1351  80  1451
  76  1411  71  1451  66  1551  61  1511  56  1551  55  1451  60  1411
255  93   001  96   001  81   001  82   001  80   001 102   001 109   371
 118   471 126   871 135   971 141  1071 146  1071 148  1171 150  1271 149  1371
 144  1271 138  1271 129  1171 122  1171 115  1071 109  1071 103  1071  99  1171
  96  1171  93  1171  90  1271  88  1271  87  1171  87  1071  91   971  97   971
 106  1071 116  1071 123  1171 131  1271 137  1371 144  1471 148  1471 150  1571
 149  1471 146  1371 139  1271 132  1171 123  1171 114  1071 107  1171 100  1171
  95  1271  90  1271  84  1371  78  1371  73  1271  71  1151  74  1011  83  1151
  95  1251 107  1311 115  1451 121  1651 125  1711 129  1851 133  1851 135  1911
 135  1851 132  1651 126  1511 118  1451 108  1251  98  1111  89  1251  82  1251
  76  1311  71  1351  66  1451  61  1411  56  1351  55  1251  60  1111
260 102   001  95   001  90   001  69   001  62   001  97   001 105   771
 115   871 125   871 134   971 140  1071 145  1071 147  1171 151  1171 152  1271
 148  1271 139  1171 128  1171 117  1471 107  1671  98  1971  93  2071  90  2171
  86  2271  83  2371  79  2571  78  2671  79  2471  83  2271  89  2071  98  1671
 107  1371 115   971 122  1071 128  1071 133  1171 138  1271 141  1471 142  1571
 139  1471 134  1371 127  1271 120  1571 113  1771 104  2071  96  2171  87  2371
  80  2471  75  2571  71  2771  67  2871  64  2551  63  2351  68  2011  80  1751
  95  1551 109  1211 117  1351 121  1451 124  1511 128  1651 132  1851 134  1911
 133  1751 127  1651 118  1411 105  1651  91  1951  78  2111  69  2351  62  2451
  56  2611  50  2751  44  2851  38  2911  34  2751  35  2451  45  2211
280 112   001 112   001 110   001 107   001 107   001 112   001 121   371
 131   771 140   871 148  1171 155  1171 160  1271 162  1271 159  1271 155  1271
 149  1271 142  1271 134  1271 125  1271 117  1271 110  1271 104  1271 100  1371
  97  1371  94  1471  91  1571  89  1671  87  1571  88  1571  93  1471 105  1371
 119  1271 133  1171 141  1271 146  1471 150  1571 155  1571 160  1471 161  1471
 156  1471 148  1371 139  1371 131  1371 125  1471 119  1471 114  1471 109  1571
 104  1571  97  1671  90  1771  84  1871  79  1771  78  1551  82  1411  93  1351
 107  1351 120  1211 128  1451 132  1651 135  1811 139  1851 142  1951 143  1911
 139  1851 131  1751 122  1611 112  1651 103  1551  94  1511  86  1551  80  1651
  74  1611  69  1751  64  1851  59  1911  55  1851  54  1651  61  1511
299 113   001 109   001 110   001 109   001 111   001 112   001 119   471
 125   771 129   971 133  1171 136  1371 141  1471 145  1571 149  1771 152  1871
 151  1771 146  1671 137  1571 128  1471 116  1271 107  1171  98  1371  92  1671
  89  1871  86  1971  87  1971  88  2071  90  1871  92  1571  97  1371 106  1271
 115  1271 125  1171 133  1271 140  1471 145  1571 149  1671 152  1871 152  1971
 149  1871 143  1771 135  1671 126  1571 117  1371 111  1271 106  1471 102  1771
  99  1971  95  1971  91  2071  87  2071  83  1851  80  1651  81  1411  87  1351
  96  1351 104  1211 110  1451 114  1751 118  1911 123  2151 128  2351 130  2511
 128  2351 123  2051 115  1811 105  1651  94  1551  84  1311  76  1651  71  1851
  67  2111  64  2151  62  2251  59  2211  56  2051  56  1751  62  1511
434  93   001  95   001  94   001  94   001  96   001  97   001 102   471
 105   871 109  1071 117  1071 123  1171 127  1171 128  1271 124  1371 119  1471
 112  1371 105  1171  98  1071  94   971  90   971  88   871  86   871  84   971
  82   971  82   971  81   871  80   871  79   871  78   971  79   971  82  1071
  87  1071  94  1171 102  1171 111  1171 118  1171 122  1271 125  1471 126  1571
 127  1471 127  1371 124  1271 117  1171 110  1071 102   971  98   971  95   971
  93   971  89   971  86  1071  81  1071  76  1071  72  1051  71  1011  75  1151
  83  1251  93  1311 102  1451 111  1451 117  1511 121  1551 122  1551 121  1511
 119  1451 115  1251 109  1111 102  1051  95   951  88   811  82   851  78   951
  74   911  71  1051  67  1151  62  1211  56  1251  52  1351  55  1311
460 101   001 100   001  93   001  78   001  73   001 104   001 114   471
 122   771 132   971 140  1171 144  1271 147  1271 148  1371 149  1371 147  1471
 141  1471 132  1371 124  1371 118  1471 112  1471 107  1571 103  1671  99  1771
  95  1871  91  1771  89  1771  89  1671  88  1771  88  1871  91  1971  97  1771
 105  1571 114  1371 121  1371 127  1471 132  1471 135  1471 138  1571 139  1571
 139  1571 138  1471 135  1471 130  1571 124  1571 117  1671 111  1771 106  1771
 100  1871  95  1871  89  1771  82  1771  77  1771  74  1751  77  1711  87  1651
 101  1451 113  1311 120  1451 124  1651 126  1711 129  1851 131  1951 132  2011
 130  1951 126  1751 119  1611 110  1751 100  1751  90  1811  81  1951  73  1951
  66  2011  61  2051  57  2051  53  2011  50  2051  49  1951  56  1911
481 103   001  95   001  93   001  94   001  92   001 102   001 108   271
 119   471 132   671 144   971 154  1071 163  1171 169  1271 171  1271 169  1371
 163  1371 154  1471 144  1471 136  1371 127  1271 122  1171 119  1271 119  1271
 117  1371 114  1371 111  1271 108  1271 107  1271 107  1271 108  1271 110  1171
 112  1171 117  1071 125  1171 135  1371 144  1471 149  1471 151  1471 150  1471
 146  1471 141  1471 135  1471 130  1471 126  1371 124  1371 123  1371 123  1371
 121  1371 117  1371 111  1371 106  1371 103  1351 102  1351 104  1311 109  1351
 116  1451 124  1411 131  1551 138  1551 143  1611 147  1751 148  1851 146  1911
 140  1951 131  1951 122  1911 114  1751 108  1651 103  1411  98  1451  94  1551
  90  1511  86  1551  81  1551  77  1511  73  1551  72  1451  76  1411
497  65   001  62   001  62   001  61   001  63   001  70   001  87   571
 104   871 122  1071 139  1271 152  1571 161  1671 163  1871 161  2071 155  2271
 145  2071 136  1771 123  1571 111  1471 100  1371  90  1271  82  1471  77  1671
  76  1871  75  1971  74  1971  73  2071  71  2071  68  1971  67  1971  68  1771
  74  1571  83  1371  95  1571 108  1671 118  1871 123  1971 123  2071 120  2171
 116  1971 111  1671 105  1471  98  1471  90  1371  85  1371  83  1471  82  1671
  81  1771  79  1871  76  2071  73  2171  70  2171  69  2051  72  2011  80  1851
  92  1751 107  1511 124  1751 139  2051 150  2211 154  2351 153  2351 147  2411
 138  2151 127  1851 115  1511 102  1551  90  1451  80  1411  73  1651  68  1751
  64  1911  61  2051  57  2251  53  2311  48  2351  47  2251  53  2211
510 133   001 134   001 131   001 126   001 124   001 126   001 132   571
 138   871 144  1171 150  1371 155  1471 159  1671 162  1571 161  1571 159  1471
 154  1371 147  1271 140  1171 134  1171 129  1071 124  1071 120   971 117   971
 114   871 113   971 111   971 110  1071 108  1071 107  1071 110  1071 117  1171
 126  1371 135  1471 140  1571 143  1771 146  1871 152  1771 157  1771 161  1671
 161  1571 157  1371 150  1271 141  1171 132  1071 125   971 120   971 117   971
 115   971 113  1071 110  1071 107  1171 104  1171 103  1251 107  1211 116  1351
 129  1451 140  1511 148  1651 153  1751 157  1811 162  1851 167  1751 170  1711
 170  1651 166  1551 158  1411 146  1351 133  1351 120  1211 110  1251 103  1151
  97  1111  92  1251  88  1251  83  1311  78  1351  75  1451  81  1411
579 118   001 118   001 119   001 116   001 115   001 133   001 152   371
 168   771 183   971 194  1171 202  1271 206  1271 208  1171 209  1171 207  1071
 201  1071 192   971 181   971 170  1071 159  1171 148  1271 141  1371 136  1471
 130  1571 123  1671 116  1671 110  1771 107  1771 108  1871 113  1871 123  1671
 136  1371 149  1171 158  1171 165  1271 170  1271 175  1271 179  1271 179  1211
 175  1251 169  1151 162  1111 157  1151 153  1251 151  1211 149  1451 147  1551
 143  1711 137  1851 132  1951 128  2011 128  2051 132  2051 140  2011 151  1851
 163  1551 173  1311 180  1451 184  1551 187  1611 189  1651 189  1651 187  1611
 181  1551 172  1451 163  1311 154  1351 146  1351 139  1311 133  1551 127  1751
 121  1911 115  2051 109  2151 104  2211 100  2251 100  2351 106  2311
588 101   001  93   001  88   001  84   001  80   001  99   001 122   671
 143   971 162  1371 178  1671 191  1771 199  1971 203  1671 203  1471 198  1171
 189  1271 176  1471 164  1571 151  1471 140  1471 130  1371 120  1471 112  1571
 104  1671  96  1671  91  1671  88  1671  87  1671  88  1671  93  1671 102  1571
 113  1571 124  1471 133  1671 141  1971 148  2171 155  1871 161  1471 163  1171
 160  1371 153  1471 145  1671 138  1671 134  1671 127  1671 119  1671 111  1771
 104  1771  99  1771  97  1871  97  1871  99  1851 105  1751 115  1711 131  1651
 149  1551 166  1411 179  1751 188  1951 195  2211 200  2051 202  1851 198  1611
 187  1651 172  1751 157  1711 145  1651 135  1651 127  1511 119  1551 111  1651
 104  1611  98  1751  94  1751  90  1811  87  1851  87  1851  93  1811
621 112   001 109   001 113   001 114   001 113   001 114   001 119   671
 124  1171 129  1371 135  1371 139  1471 143  1371 147  1371 151  1471 151  1471
 146  1371 137  1371 126  1271 118  1271 111  1371 104  1371 100  1471  98  1571
  95  1671  94  1771  92  1771  90  1871  88  1871  87  1871  90  1871  97  1771
 107  1671 116  1571 123  1471 129  1471 131  1371 132  1371 131  1371 129  1371
 126  1371 122  1271 117  1271 113  1371 108  1371 103  1471 100  1571  98  1571
  97  1671  96  1771  95  1871  94  1971  93  1971  93  2051  98  2011 109  1951
 122  1951 134  1811 140  1751 142  1551 143  1411 144  1551 144  1651 143  1711
 139  1651 133  1451 126  1311 118  1451 109  1451 101  1511  94  1651  89  1651
  85  1711  82  1851  79  2051  75  2111  70  2151  68  2151  74  2111
630 121   001 122   001 125   001 121   001 120   001 124   001 131   371
 138   571 145   871 151  1171 157  1171 162  1271 166  1371 169  1471 169  1571
 166  1471 160  1371 153  1271 146  1171 139  1171 132  1071 127  1171 122  1171
 117  1271 114  1171 113  1171 110  1071 108  1071 107  1171 108  1171 111  1171
 115  1071 122  1071 131  1171 140  1271 147  1371 150  1471 148  1471 145  1571
 141  1471 137  1471 132  1371 129  1271 125  1171 123  1071 121  1171 119  1171
 116  1271 113  1271 110  1271 107  1271 106  1171 107  1151 111  1011 117  1151
 124  1151 133  1211 142  1351 150  1551 156  1611 160  1651 162  1751 162  1711
 160  1651 156  1451 150  1311 141  1251 131  1251 121  1111 113  1251 106  1251
 100  1311  94  1351  88  1351  83  1311  79  1351  78  1351  82  1311
643 126   001 134   001 137   001 139   001 136   001 153   001 162   571
 173  1071 184  1371 196  1471 205  1471 214  1571 218  1471 221  1371 220  1271
 214  1171 203  1071 190   971 178  1071 167  1071 158  1171 152  1171 148  1271
 143  1271 139  1271 134  1171 130  1171 128  1171 128  1271 135  1271 148  1371
 164  1571 180  1671 192  1671 201  1671 206  1671 210  1571 211  1571 210  1471
 205  1371 196  1271 187  1171 176  1171 168  1171 160  1171 156  1271 152  1271
 151  1371 150  1371 147  1471 146  1471 146  1451 148  1351 154  1311 165  1451
 179  1551 193  1611 203  1751 211  1751 216  1811 219  1851 220  1851 217  1811
 209  1751 198  1551 185  1411 173  1451 162  1351 153  1311 146  1451 140  1451
 135  1511 131  1651 127  1651 123  1711 119  1751 118  1651 124  1611
645  97   001  98   001  95   001  89   001  97   001 115   001 130   671
 150   971 171  1071 189  1271 203  1171 212  1171 217  1171 219  1171 217  1171
 209  1071 199  1071 186   971 174  1071 164  1071 156  1171 149  1271 143  1271
 138  1371 131  1371 124  1371 119  1371 117  1271 120  1171 126  1071 138  1171
 151  1371 164  1471 174  1471 182  1371 188  1371 195  1371 199  1371 198  1371
 191  1271 180  1171 169  1071 160  1171 154  1271 150  1371 147  1471 145  1471
 143  1571 140  1571 137  1571 136  1571 137  1451 142  1351 149  1211 159  1351
 170  1351 181  1411 190  1451 198  1551 204  1511 209  1551 212  1651 209  1611
 200  1551 187  1451 173  1311 160  1351 149  1451 140  1411 134  1551 130  1651
 126  1711 121  1751 116  1751 112  1711 109  1651 110  1451 117  1311
650 141   001 134   001 132   001 130   001 132   001 136   001 151   571
 167   971 179  1071 189  1171 196  1371 202  1371 207  1271 211  1171 212  1071
 209   971 206   971 197   871 188   971 177  1071 167  1171 162  1371 157  1471
 152  1671 149  1671 144  1671 140  1671 139  1571 139  1471 141  1371 144  1371
 149  1371 154  1371 162  1371 171  1371 180  1371 187  1271 191  1271 192  1171
 189  1071 184  1071 177   971 171  1071 166  1171 160  1271 155  1371 151  1471
 148  1571 145  1671 143  1671 142  1771 142  1651 144  1551 148  1411 156  1451
 165  1451 175  1411 183  1451 190  1451 196  1411 201  1451 204  1451 203  1411
 198  1351 189  1351 179  1211 169  1351 160  1351 152  1411 145  1551 139  1751
 133  1811 128  1851 124  1951 121  1911 120  1851 122  1651 128  1511
675  99   001  75   001  70   001  69   001  64   001 116   001 133   971
 151  1871 169  1671 187  1571 204  1471 219  1371 232  1371 233  1371 231  1371
 224  1371 215  1371 203  1371 189  1271 177  1271 167  1171 159  1471 154  1671
 150  1971 145  2071 141  2071 135  2171 129  2171 127  2271 129  2271 139  1971
 152  1771 164  1471 170  1471 173  1471 175  1471 179  1451 182  1551 183  1511
 180  1551 174  1551 165  1511 156  1451 146  1351 136  1211 127  1551 118  1751
 110  2011 103  2151  97  2151  93  2211  93  2251  98  2351 111  2311 133  2151
 159  1851 186  1611 208  1651 226  1751 237  1711 243  1851 243  1851 238  1911
 229  1851 217  1751 201  1611 183  1651 165  1551 150  1511 139  1851 131  2151
 124  2411 117  2551 110  2551 104  2611 101  2551 103  2551 114  2411
690 123   001 120   001 117   001 115   001 118   001 134   001 143   471
 154   871 163   971 172  1071 178  1171 182  1271 180  1171 178   971 175   871
 171   771 168   771 164   671 160   771 155   871 151   971 147  1071 144  1271
 141  1371 139  1271 138  1271 137  1171 138  1171 140  1271 144  1271 148  1171
 153  1071 156   971 157  1071 157  1051 157  1111 158   951 160   851 162   611
 162   651 160   751 156   711 150   851 144   851 140   911 139  1051 139  1251
 139  1311 137  1351 134  1251 132  1211 133  1251 138  1251 147  1211 159  1151
 172  1051 184   911 193  1151 199  1351 201  1511 201  1351 198  1151 194   911
 190   951 185   851 179   811 173   951 166  1051 161  1111 158  1251 155  1351
 153  1411 150  1451 146  1451 143  1411 141  1451 142  1351 147  1311
747 151   001 150   001 154   001 132   001 139   001 155   001 168   671
 176   971 185   971 192  1071 199  1071 203  1171 203  1171 202  1271 199  1271
 193  1271 185  1171 178  1171 171  1171 167  1071 163  1071 159  1071 154  1171
 149  1171 143  1271 137  1271 131  1371 127  1271 125  1171 128  1071 137  1071
 147  1071 157  1071 165  1171 170  1171 174  1271 179  1371 182  1351 183  1411
 180  1351 174  1351 167  1211 161  1151 156  1151 152  1011 150  1151 148  1151
 146  1211 143  1351 139  1451 135  1511 132  1451 132  1451 137  1311 148  1351
 162  1351 175  1311 184  1451 189  1451 193  1511 197  1651 199  1851 198  1911
 192  1751 184  1651 174  1411 166  1351 158  1351 152  1211 146  1251 141  1351
 137  1311 134  1451 131  1451 127  1511 122  1551 120  1451 123  1411
NT  TEDF  78  35 1
20140501062014050101
20140501062014050102
20140501062014050103
20140501062014050104
20140501062014050105
20140501062014050106
20140501062014050107
20140501062014050108
20140501062014050109
20140501062014050110
20140501062014050111
20140501062014050112
20140501062014050113
20140501062014050114
20140501062014050115
20140501062014050116
20140501062014050117
20140501062014050118
20140501062014050119
20140501062014050120
20140501062014050121
20140501062014050122
20140501062014050123
20140501062014050200
20140501062014050201
20140501062014050202
20140501062014050203
20140501062014050204
20140501062014050205
20140501062014050206
20140501062014050207
20140501062014050208
20140501062014050209
20140501062014050210
20140501062014050211
20140501062014050212
20140501062014050213
20140501062014050214
20140501062014050215
20140501062014050216
20140501062014050217
20140501062014050218
20140501062014050219
20140501062014050220
20140501062014050221
20140501062014050222
20140501062014050223
20140501062014050300
20140501062014050301
20140501062014050302
20140501062014050303
20140501062014050304
20140501062014050305
20140501062014050306
20140501062014050307
20140501062014050308
20140501062014050309
20140501062014050310
20140501062014050311
20140501062014050312
20140501062014050313
20140501062014050314
20140501062014050315
20140501062014050316
20140501062014050317
20140501062014050318
20140501062014050319
20140501062014050320
20140501062014050321
20140501062014050322
20140501062014050323
20140501062014050400
20140501062014050401
20140501062014050402
20140501062014050403
20140501062014050404
20140501062014050405
20140501062014050406
002500140016001600170017001717172717271727172717271735173517311735173517311
73517351731173517351731173517351731173517351731173517351631153515351431133513351
23112351235123112351235123112351235123112351335133113351235123112351135123112351
23512311235113511311135113511311135113511311135113511311135113511311135113512311
005500160015001200100011001217132715271627172717271735173517311735173517311
73517351731173516351631163517351731173517351731173517351731173517351631163515351
43113351235113111351135123111351135123112351335143114351435143113351335123112351
23512311235123512311235123511311135113511311135113512311235113511311135113512311
015300120014001200150017001717172717271627162715271535163517311735173517311
73517351731173517351731173516351631163516351731173517351731173516351631163517351
63116351535133113351235113111351135113111351135123112351235123112351135113111351
13511311235123512311235123512311135113511311135123512311135113511311135123512311
027500150013001400170018001817182718271827182717271735173517311735163515311
53515351531143514351531153515351631163517351731173517351731173517351731173517351
63115351435133113351335143114351535143114351335123112351235123112351235123112351
23512311235123512311135113511311135113511311135113512311235123512311235123512311
070800180018001800170016001617152715271527152715271635163517311735173517311
73517351731173517351731173517351731173517351731173517351731173517351731173517351
63115351435133112351235123112351235123112351235123113351435153114351435133113351
33513311335123512311235113511311135113511311135113511311135113511311135113511311
110700150015001700170016001617172717271727162716271635163516311535143514311
43514351431143514351431143515351531153514351431153516351731173517351731173516351
63115351435143114351435143114351335133112351235123112351235133113351235123113351
33513311335133513311335123512311235123512311235123512311235123512311235123513311
120400150015001600180017001717172717271727173717371735173517311735163516311
53515351531153515351531153515351531153515351531153516351731173517351731173517351
73116351535143114351335133114351535163115351535143114351435143114351335123112351
23512311235123512311235123512311235123512311235123512311235123512311235133513311
130500140015001300170016001637172717271727172717271735173516311635153515311
63516351631163515351431143514351431143514351531153516351731173516351631163516351
63116351535143113351235123112351235123112351235123112351235123112351235123112351
23512311235123512311235123512311235113511311235123512311235123512311235123512311
145400120010001000110016001627162717271727172717271735173517311735173517311
73517351731173517351731173516351631163516351731173517351731173517351631173517351
63115351335123111351135123112351235123112351235113111351135113111351135113112351
33513311335133512311235123511311135113511311135113511311135113511311135113511311
149500120010001000100014001517152716271627172717371735173517311735173517311
73517351731173517351731173516351631163516351731173517351731173517351731173517351
63115351335123111351135123112351235123112351235123112351235113111351135113112351
33514311435133512311235123511311135113511311135113511311135113511311135113511311
156400140011001000100013001417141715271527162717271735173517311735173517311
73517351731173517351731173516351631163516351731173517351731173517351731173517351
63115351335123111351135123112351235123112351235123111351135113111351135113112351
33514311435133513311235123511311135113511311135113511311135113511311135113511311
168800180017001800170014001417141714171527152716271735173517311735173517311
73516351631163516351631163517351731173517351731173517351731173517351731173517351
73116351535143113351235123112351235123112351235123113351435153116351635163116351
73517311635163516311535143514311335123512311135113511311135113511311135113511311
180800180018001800180018001827182717271727172717371735173516311735173517311
73517351731163516351631163517351731173517351731173517351731173516351631173517351
73116351535143113351235123113351435153115351535153116351735173116351535143113351
33514311435153515311635163516311535133512311135113511311135113511311135113511311
190600170017001700180018001817182718271727172717371735173517311735173517311
73517351731173517351731173517351731173517351731173517351731173516351631163517351
73117351635153115351635163116351635163115351535163116351635163116351635153115351
53515311635163516311635163515311435143513311235123512311235123511311135123512311
222300140016001400150017001727172717271727172717271735173517311735173517311
63515351431133512351231123512351331133513351431153516351731173517351631163516351
63116351535143113351235123112351235123111351135113111351135113111351135113111351
13512311235123512311235123511311135113511311135113511311135113511311235123512311
240600150015001600170017001717171717271727172717271735173517311735173517311
63516351531153515351631163516351631163516351631163517351731173517351731173517351
73116351435133112351235123112351235123111351135113112351235123111351135123112351
33514311435143514311335133512311135113511311135113511311135113511311135113511311
255200110011001300150017001817182717271727172717271735173517311735173517311
73517351731173517351731173517351731173517351731173517351731173517351731173517351
73117351635163116351535153113351235123113351535163116351635163116351535153115351
53515311635163516311535143512311135113511311135113511311135113511311135113511311
260700150015001100130015001527162716271627172717271735173517311735173517311
73517351631163517351731173517351731173517351731173517351731173517351731173517351
63116351635163115351435143114351435153115351535153115351535153116351635163116351
63515311635163516311535133512311135113511311135113511311135113511311135113511311
280700170018001800180018001827172717271627162716271735173517311735173516311
63516351731173517351731173517351731173517351731173516351631163516351731173517351
73116351635163116351635153114351435133114351435153115351635163116351635173117351
73517311635163516311535133512311235113511311135113511311135113511311135113511311
299800180018001800180018001827182718271737173717371735173517311735173517311
73517351731173517351731173517351731173517351731173517351731173517351731173517351
73117351735173117351735173117351735173117351735163116351735173117351735173117351
73517311735173516311635163515311535163516311635153515311435133513311335133513311
434600160015001500170017001727182717271727172717271735173517311735173517311
73517351731163516351631163516351731173517351731173517351731173517351731163516351
63116351735173116351535153115351535153115351535143114351535153115351435143113351
33512311335133513311335123512311135113511311135113511311135113511311135113511311
460600160014001300150016001717171717271827172717371735173517311735173517311
73517351731173517351731173517351731173517351731173517351731173517351731173517351
63116351635163116351735173117351735163116351635163116351735173117351735173117351
73517311735173516311635153515311535153516311635163516311535153515311535153515311
481500130014001500170016001617162716271627162716271635163516311635153515311
63516351731173517351731173517351731173517351731173517351731173517351731173517351
73117351735173117351735173117351735173116351635163116351735173117351735173117351
73517311735163516311535143513311335123512311235123512311235123513311335143514311
497000110011001100130013001317132714271527162716271735173517311735173517311
63516351631163516351731173517351731173517351731173517351731173517351731173517351
73117351735163116351635163116351635153115351635163116351735173117351735173117351
73517311735173517311635163515311535153514311435143514311435143514311435143513311
510500160014001400180017001717172717271627163716371635173517311735163516311
53515351431143514351431133513351231133513351431153516351631173517351731173516351
63115351535143114351435143114351435143114351435133113351335133113351235123112351
23512311235123512311235113511311135113511311135113511311135113511311135113511311
579000100014001400160016001617162717271627163716271635163515311435123512311
33515351631173516351531143513351331133515351631173516351631153515351531153515351
53116351635153115351435143113351335133113351335133113351235123112351335133113351
33512311335133513311235123512311135113511311135113511311135113511311135113511311
588000100010001100140014001417142713171427142715271635163516311535133511311
13511351231133514351531163516351631163516351631163516351731173517351731163516351
63115351435143115351535153114351335123112351335133113351335123111351135123112351
23512311235123512311235123512311235113511311135123512311235123513311435153516311
621400120015001400140016001627172717271727172717271735173517311735173516311
63515351531163516351631163516351631163516351731173517351731173517351731183518351
73117351635153115351635163116351635163116351635163116351635163117351735173117351
73517311735173516311635153515311535153515311435143513311335133513311335123512311
630300140017001700170018001817182717271727172717371735163516311635163516311
63515351531163516351731163516351631163516351731173516351631163516351631173517351
73116351635153115351635163117351735173117351735173117351635163116351535153115351
53515311535143513311335123512311235113511311135113512311135113511311135123512311
643000110013001400100010001027112712271327132712371235123512311335143514311
43514351431143514351331133512351231123513351331133513351231123512351231133513351
43114351435143114351435143114351335123112351135113111351135113111351135113111351
13511311135113511311135113511311135113511311135113511311135113511311135113511311
645000130013001400140013001317132713271427142713271335133513311335143514311
43514351431143514351431133512351231123514351431143514351331133514351431143514351
43114351535153115351435143113351235123112351335133112351235113111351135113112351
23512311135113511311135113511311135113511311135113511311135113511311135113511311
650000100010001400140011001217122713271327132713371335123511311135123513311
43514351531153515351531143512351131113512351331143516351631163515351431133514351
43115351535153115351435143113351235113111351135113112351235113111351135113111351
13511311135113511311135113511311135113511311135113511311135113511311135113511311
675000100010001000120016001617162715271527142714271335123512311135113511311
23513351331143515351431143513351231113511351231133514351531163516351731173517351
73117351635163115351535153115351535153115351435143113351335123112351135113112351
23513311335133513311335133513311235123512311235123512311235123512311235133513311
690000100010001000100013001327132714271427142714371435153516311535143512311
13511351131123513351331143514351331133513351331143515351631173517351631163515351
53115351635163116351535153115351535153115351535143114351535153115351535153114351
33513311335133514311435143514311335133512311235123512311235123512311235123512311
747300150015001300100010001017112712271327142715371635163516311635173516311
63516351631163516351531143513351231133513351431143514351331133513351331133513351
33112351235123112351235123112351235123112351235123112351235123112351235123112351
33513311335133512311235123511311135113511311135123512311235123512311235123512311
