20140904181430
T2M TEDF  78  35 1
20140904182014090413
20140904182014090414
20140904182014090415
20140904182014090416
20140904182014090417
20140904182014090418
20140904182014090419
20140904182014090420
20140904182014090421
20140904182014090422
20140904182014090423
20140904182014090500
20140904182014090501
20140904182014090502
20140904182014090503
20140904182014090504
20140904182014090505
20140904182014090506
20140904182014090507
20140904182014090508
20140904182014090509
20140904182014090510
20140904182014090511
20140904182014090512
20140904182014090513
20140904182014090514
20140904182014090515
20140904182014090516
20140904182014090517
20140904182014090518
20140904182014090519
20140904182014090520
20140904182014090521
20140904182014090522
20140904182014090523
20140904182014090600
20140904182014090601
20140904182014090602
20140904182014090603
20140904182014090604
20140904182014090605
20140904182014090606
20140904182014090607
20140904182014090608
20140904182014090609
20140904182014090610
20140904182014090611
20140904182014090612
20140904182014090613
20140904182014090614
20140904182014090615
20140904182014090616
20140904182014090617
20140904182014090618
20140904182014090619
20140904182014090620
20140904182014090621
20140904182014090622
20140904182014090623
20140904182014090700
20140904182014090701
20140904182014090702
20140904182014090703
20140904182014090704
20140904182014090705
20140904182014090706
20140904182014090707
20140904182014090708
20140904182014090709
20140904182014090710
20140904182014090711
20140904182014090712
20140904182014090713
20140904182014090714
20140904182014090715
20140904182014090716
20140904182014090717
20140904182014090718
002 208   001 210   001 209   001 204   001 195   001 185   001 180   471
 176   571 174   771 173   871 172   771 171   771 170   771 168   871 167   871
 165   871 165   871 168   871 174   871 183   871 191   871 195   971 199   971
 201  1071 202  1071 201  1071 200  1071 197   971 195   971 191   871 187   871
 184   871 181   871 180   871 178   971 176   971 173   971 170   971 168   971
 166   971 165   971 167   971 171   871 176   871 180   771 183   871 185   871
 187   971 189   971 191   971 192   971 191   971 187   871 183   871 178   971
 174   971 169  1071 166  1071 164  1171 162  1171 154  1051 151  1051 148  1011
 147  1051 148   951 150   911 154   951 159   851 164   811 168   951 172  1051
 175  1111 177  1151 179  1151 179  1111 177  1051 174   951 170   811
005 232   001 222   001 215   001 208   001 201   001 193   001 183   371
 174   771 167   771 162   771 159   771 158   771 158   771 158   871 157   871
 155   871 155   871 157   871 165  1171 177  1271 189  1471 198  1571 204  1671
 208  1571 211  1571 211  1571 210  1571 206  1471 200  1371 192  1171 184  1071
 175  1071 169   971 166   971 166   971 165   971 163   971 159  1071 156  1071
 155  1071 156   971 160   971 168  1071 177  1271 185  1371 189  1371 192  1471
 194  1471 197  1471 200  1471 202  1471 201  1271 198  1371 190  1271 180  1171
 167  1171 157  1071 150  1071 147   971 145   971 139  1051 137  1051 134  1111
 132  1151 132  1051 137  1011 147  1151 160  1251 172  1311 181  1451 187  1451
 191  1511 193  1551 194  1651 193  1611 189  1551 183  1351 175  1211
015 218   001 214   001 213   001 207   001 202   001 196   001 188   571
 182   771 178   871 175   971 173   971 171  1071 169  1071 167  1171 164  1171
 164  1071 165   971 168   871 176   971 188  1171 201  1271 213  1271 225  1371
 235  1371 241  1371 242  1471 240  1471 233  1271 222  1171 210   971 198   971
 187   871 178   871 174   871 170   971 168   971 165  1071 161  1171 158  1271
 155  1171 156   971 159   871 165  1071 171  1171 178  1371 185  1371 190  1371
 194  1271 198  1371 201  1471 202  1571 199  1371 194  1171 186   971 177   871
 166   871 159   871 154   971 151   971 148  1071 147  1051 143  1251 140  1311
 138  1251 139  1051 144   911 154  1051 166  1251 177  1311 185  1351 191  1351
 196  1311 200  1451 203  1451 203  1511 199  1451 191  1251 180  1111
027 215   001 215   001 217   001 206   001 194   001 191   001 181   671
 172   771 164   771 158  1071 154  1271 152  1271 151  1271 150  1271 148  1271
 146  1171 146  1071 151   971 165  1171 181  1171 195  1271 201  1471 203  1771
 203  1971 207  1871 211  1671 212  1571 209  1471 201  1171 190  1171 178  1271
 168  1271 159  1271 154  1271 151  1371 150  1371 148  1371 145  1471 141  1471
 136  1371 135  1171 141  1071 157  1171 176  1471 192  1571 201  1771 203  1871
 205  2071 208  1871 211  1771 212  1671 209  1571 202  1471 192  1371 178  1371
 164  1371 151  1371 143  1371 139  1471 136  1471 134  1351 132  1451 128  1411
 122  1351 119  1351 124  1211 140  1251 162  1351 183  1311 196  1551 204  1651
 207  1811 209  1851 209  1751 207  1711 202  1651 194  1551 184  1411
070 216   001 216   001 220   001 212   001 202   001 195   001 189   771
 180  1171 170  1271 161  1471 156  1571 153  1671 150  1671 147  1671 144  1571
 144  1471 147  1271 154  1171 170  1271 189  1271 208  1371 224  1371 237  1471
 246  1471 253  1571 254  1671 253  1671 247  1471 238  1371 225  1271 208  1271
 191  1271 177  1371 169  1471 164  1571 161  1671 156  1671 149  1771 145  1771
 145  1571 149  1471 157  1271 168  1371 179  1571 190  1671 198  1471 204  1471
 211  1471 217  1471 222  1571 224  1571 220  1571 212  1471 200  1471 187  1371
 174  1271 163  1271 155  1471 149  1671 143  1871 143  1751 137  1751 134  1811
 134  1651 139  1551 147  1311 159  1451 172  1451 185  1511 195  1551 204  1551
 210  1511 215  1651 217  1651 217  1711 213  1651 205  1651 194  1511
110 238   001 232   001 232   001 223   001 208   001 194   001 186   571
 175   871 165   971 158  1071 154  1171 150  1271 146  1271 141  1171 137  1171
 135  1071 135  1071 139   971 148   971 161  1071 176  1071 191   971 204  1071
 214   971 220   971 222   971 220  1071 212   971 200   871 185   771 171   871
 158   971 149  1071 145  1171 143  1271 142  1371 140  1371 135  1371 131  1371
 126  1371 125  1271 130  1271 143  1271 161  1271 177  1271 187  1271 193  1171
 197  1171 200  1071 202  1171 201  1271 196  1171 188   971 178   871 167   971
 158   971 149  1071 143  1171 139  1371 137  1471 137  1351 133  1351 127  1311
 121  1351 119  1351 125  1311 142  1351 165  1251 186  1211 199  1251 206  1251
 209  1211 211  1251 211  1251 209  1211 204  1151 196  1051 185   911
120 194   001 196   001 197   001 199   001 195   001 184   001 173   571
 163   571 156   671 151   871 148   971 146  1071 143  1071 139   971 136   971
 135   871 136   871 141   771 152   771 168   871 182   871 191   971 198  1071
 201  1071 202  1071 202  1171 200  1171 196  1071 190  1071 182   971 171   871
 160   971 151   871 147   871 145   971 144   971 143   971 140  1071 138  1071
 135  1071 135   971 140   971 153   971 169   871 185   871 195   971 200  1171
 202  1271 202  1371 201  1351 198  1411 194  1351 189  1351 181  1211 170  1151
 159  1151 150  1011 145  1151 143  1151 142  1211 136  1151 134  1251 131  1211
 127  1251 127  1151 132  1111 146  1051 164   951 181   811 192  1051 197  1251
 199  1411 199  1451 198  1551 195  1511 191  1451 185  1251 177  1111
130 243   001 239   001 241   001 235   001 227   001 217   001 205   471
 194   771 184   871 175   971 169  1171 163  1371 158  1471 152  1471 146  1571
 139  1471 135  1251 138  1171 152  1171 172  1171 194  1171 212  1271 225  1271
 234  1371 240  1371 242  1271 240  1271 236  1271 228  1171 218  1171 205  1071
 191  1071 179  1071 170  1271 163  1371 158  1571 152  1671 147  1771 141  1871
 136  1771 135  1571 142  1471 157  1471 177  1471 196  1471 210  1471 219  1371
 225  1371 229  1371 231  1471 231  1471 227  1371 220  1471 210  1371 196  1371
 182  1271 170  1271 162  1471 157  1571 153  1771 145  1751 140  1751 134  1811
 126  1751 122  1651 126  1511 143  1451 167  1451 191  1311 209  1351 220  1351
 228  1311 233  1351 236  1451 235  1411 230  1451 222  1351 211  1311
145 201   001 199   001 196   001 194   001 191   001 189   001 184   771
 179   971 174   871 170   871 167   871 164   871 160   971 158   971 156  1071
 156  1071 156   971 160   971 169   971 183   971 196   971 206   971 214   971
 220   971 223  1171 223  1171 222  1371 219  1271 215  1271 209  1271 199  1171
 189  1171 181  1071 177  1071 174   971 171   971 166  1071 159  1171 156  1271
 155  1171 158  1071 164   971 173  1071 184  1071 194  1171 203  1171 210  1171
 216  1171 220  1271 223  1471 223  1571 221  1571 214  1471 205  1471 194  1371
 182  1271 172  1171 165  1171 161  1071 158  1071 145  1051 140  1051 135  1111
 132  1051 133  1051 139   911 150  1051 164  1251 179  1311 191  1251 201  1251
 208  1111 213  1251 215  1451 215  1511 212  1551 207  1451 199  1411
149 207   001 208   001 207   001 206   001 204   001 202   001 193   671
 184   871 177  1571 170  1171 165  1071 162  1071 159  1171 157  1271 155  1371
 154  1271 154  1051 160   971 174   971 192  1071 209  1071 220  1071 227  1071
 233  1171 238  1171 243  1171 243  1171 237  1171 228  1171 215  1171 204  1171
 195  1171 186  1171 180  1171 173  1271 167  1271 162  1371 159  1371 155  1471
 154  1371 155  1171 161  1071 173  1171 187  1171 200  1271 209  1271 213  1271
 219  1271 226  1371 232  1371 234  1471 230  1471 221  1571 211  1571 200  1471
 189  1471 180  1371 171  1371 165  1371 159  1371 150  1351 145  1351 141  1411
 138  1351 139  1151 145  1011 158  1151 174  1351 189  1411 200  1351 208  1351
 215  1211 221  1251 226  1351 227  1311 222  1451 214  1551 203  1611
156 214   001 217   001 213   001 210   001 207   001 206   001 205   571
 202   671 198   971 195   971 193  1071 190  1071 187  1071 183  1071 179  1071
 175   971 174   971 178   871 189   971 203  1171 216  1271 226  1271 232  1071
 236  1171 240  1071 244  1071 244  1071 240  1071 231  1171 222  1171 210  1271
 202  1171 195  1171 189  1171 187  1171 184  1171 180  1171 175  1171 168  1171
 165  1071 164   971 168   871 177  1071 190  1171 202  1371 210  1371 216  1271
 221  1271 227  1371 232  1371 234  1471 231  1471 224  1471 214  1471 204  1471
 195  1371 188  1371 183  1371 180  1271 175  1271 166  1151 160  1051 155  1011
 151   951 150   951 154   811 165  1051 179  1351 193  1511 204  1451 211  1251
 217  1111 222  1251 225  1351 226  1411 223  1451 217  1451 209  1411
168 227   001 223   001 223   001 222   001 222   001 213   001 193  1471
 176  1271 162  1371 152  1471 150  1471 148  1571 146  1471 146  1371 145  1271
 144  1171 146  1071 155   971 172  1071 195  1171 214  1271 227  1571 234  1771
 237  2071 240  1871 242  1771 242  1671 238  1571 230  1371 217  1271 199  1271
 178  1371 164  1271 158  1371 157  1471 157  1571 154  1571 150  1471 146  1471
 144  1271 146  1171 154   971 170  1171 187  1371 203  1571 212  1671 214  1871
 216  1971 219  1871 222  1671 223  1571 220  1571 213  1571 202  1571 188  1471
 174  1471 162  1371 155  1471 152  1571 150  1671 152  1551 148  1451 143  1411
 140  1351 141  1151 148  1011 163  1151 182  1351 198  1411 207  1551 211  1751
 214  1811 217  1751 221  1551 222  1411 220  1551 213  1551 202  1611
180 207   001 215   001 210   001 202   001 194   001 181   001 177  1471
 171  1671 163  1771 156  1371 151  1371 146  1371 142  1371 139  1371 136  1371
 135  1271 137  1071 146   971 164  1171 186  1271 209  1471 226  1571 239  1571
 247  1771 252  1771 253  1771 249  1871 241  1671 229  1671 216  1571 203  1471
 190  1571 180  1371 172  1371 165  1371 160  1371 154  1471 150  1471 147  1571
 145  1371 147  1251 154  1071 168  1171 186  1271 204  1371 217  1471 226  1571
 232  1671 233  1771 231  1771 226  1671 218  1671 207  1571 198  1571 190  1471
 183  1571 177  1571 172  1571 167  1671 162  1671 154  1551 150  1551 148  1611
 147  1451 149  1251 155  1011 167  1151 182  1351 196  1411 207  1651 214  1851
 218  2011 220  2051 219  1951 217  1911 213  1951 207  1851 198  1811
190 198   001 205   001 209   001 209   001 197   001 188   001 182  1171
 175  1271 170  1371 165   971 161  1071 159  1071 157  1071 156  1071 154  1071
 154   971 155   871 162   771 176  1071 193  1371 210  1671 222  1671 230  1671
 238  1571 245  1871 251  2271 251  2371 245  2071 234  1671 221  1471 208  1371
 198  1171 187  1071 178  1071 170  1171 165  1171 163  1171 160  1171 158  1171
 155  1071 154   971 160   871 174  1071 192  1271 210  1471 224  1471 232  1371
 237  1471 241  1571 242  1771 238  1871 229  1671 216  1471 204  1271 192  1171
 183  1071 176   971 171   971 168  1171 165  1171 161  1151 157  1251 155  1211
 154  1051 156   951 163   711 175  1051 189  1251 202  1511 211  1651 216  1751
 221  1811 226  1951 229  2151 227  2211 219  2051 207  1951 195  1711
222 240   001 242   001 236   001 246   001 240   001 227   001 212   571
 200   671 189  1071 180  1171 172  1271 166  1371 162  1371 159  1471 155  1471
 149  1371 145  1371 149  1271 165  1171 186   971 208   871 224  1271 234  1471
 242  1871 248  1771 252  1671 252  1571 248  1171 237   971 224   771 207   871
 193  1071 178  1171 169  1271 163  1371 159  1471 155  1571 151  1671 144  1771
 138  1671 135  1671 140  1571 156  1371 179  1171 200   971 216  1171 225  1371
 232  1571 237  1471 241  1371 242  1371 239  1271 232  1071 223   971 211  1071
 200  1171 189  1271 181  1371 174  1471 169  1571 157  1651 153  1651 148  1711
 141  1651 138  1651 143  1511 160  1351 183  1151 206   911 222  1151 233  1251
 240  1411 245  1351 247  1351 247  1211 243  1151 237  1151 227  1011
240 215   001 229   001 233   001 227   001 222   001 217   001 205   971
 193  1071 183   971 175  1071 170  1071 166  1171 162  1171 159  1171 156  1171
 153  1071 154  1071 161   971 177  1071 197  1071 215  1271 226  1271 233  1371
 237  1471 240  1471 243  1571 242  1571 238  1371 230  1371 219  1371 207  1271
 193  1171 182  1071 174  1071 169  1171 164  1171 159  1171 153  1271 148  1271
 145  1171 145  1171 152  1071 167  1271 185  1471 203  1671 216  1671 225  1771
 231  1771 237  1771 242  1871 243  1771 240  1671 232  1571 221  1571 208  1471
 194  1371 182  1271 173  1271 167  1271 164  1271 153  1151 149  1251 144  1211
 138  1251 136  1151 142  1111 159  1251 181  1351 203  1411 219  1451 230  1551
 237  1511 242  1551 244  1651 243  1611 238  1551 229  1451 218  1311
255 249   001 244   001 253   001 252   001 250   001 228   001 211   971
 198   871 187   771 176   871 167   971 161   971 157  1071 153  1171 149  1271
 146  1171 145  1071 152   971 168  1071 188  1171 207  1271 220  1371 229  1271
 235  1371 239  1371 241  1371 239  1271 234  1271 223  1371 212  1371 202  1271
 190  1071 180   971 173   971 167  1071 164  1071 160  1171 156  1271 151  1371
 147  1271 145  1071 150   971 165  1271 186  1371 205  1571 221  1571 232  1371
 240  1371 247  1471 250  1371 250  1471 245  1471 236  1671 225  1671 212  1471
 200  1271 188  1071 180  1071 173  1071 168  1071 158  1151 153  1251 149  1311
 145  1251 144  1151 150  1011 164  1151 183  1351 202  1411 216  1451 226  1351
 234  1311 240  1351 243  1451 243  1411 238  1451 229  1551 218  1511
260 237   001 245   001 253   001 250   001 239   001 212   001 194   871
 174  1171 157  1071 146  1371 140  1771 138  1871 137  2071 134  2171 130  2371
 126  2071 126  1751 136  1471 157  1271 184  1171 209   971 225  1071 235  1071
 239  1171 242  1171 243  1071 240  1071 233  1171 221  1271 207  1271 189  1471
 170  1571 156  1671 148  1771 145  1871 142  1971 137  2171 133  2271 126  2471
 125  2171 128  1871 138  1571 158  1571 183  1471 204  1471 220  1471 229  1471
 234  1371 240  1371 243  1371 242  1371 235  1371 224  1471 208  1471 191  1671
 174  1571 161  1671 153  1771 148  1871 144  1971 137  2051 133  2151 130  2311
 127  2051 129  1851 138  1511 158  1551 182  1451 205  1411 220  1351 229  1351
 234  1211 238  1251 240  1351 239  1311 233  1451 223  1451 209  1511
280 232   001 239   001 243   001 243   001 236   001 218   001 205   871
 189  1371 175  1271 166  1471 158  1171 153  1271 149  1371 144  1371 140  1471
 135  1371 135  1171 143  1071 162  1271 188  1271 212  1371 228  1471 237  1471
 243  1571 248  1571 252  1571 250  1571 241  1471 226  1371 212  1371 197  1371
 187  1271 177  1171 169  1171 163  1171 158  1171 154  1271 151  1371 147  1471
 145  1371 146  1171 153  1071 169  1171 189  1271 206  1271 217  1471 223  1471
 227  1671 230  1571 232  1571 231  1571 225  1471 216  1371 205  1271 193  1171
 182  1171 173  1171 167  1271 163  1271 161  1371 156  1351 152  1351 149  1411
 147  1351 148  1251 155  1111 169  1251 187  1451 202  1511 212  1651 217  1651
 221  1711 226  1751 231  1751 232  1711 228  1651 220  1551 209  1411
299 230   050 233   001 235   001 232   001 215   001 188   001 187  1871
 178  1471 167  1371 159  1571 153  1371 149  1471 148  1471 146  1371 145  1371
 144  1271 145  1071 154   971 172  1071 194  1371 216  1471 231  1671 241  1871
 248  2271 252  2071 253  1971 251  1971 244  1871 233  1771 218  1671 204  1571
 187  1471 172  1371 162  1371 155  1471 153  1371 150  1371 148  1371 146  1371
 144  1171 145  1071 152   871 169  1071 190  1271 210  1471 225  1571 234  1671
 239  1871 242  1871 243  1871 238  1871 228  1771 213  1771 199  1671 186  1571
 176  1371 167  1271 161  1271 157  1471 153  1471 156  1551 154  1551 152  1511
 152  1351 154  1151 161   911 174  1151 190  1251 204  1411 213  1651 219  1851
 222  2011 225  2051 226  1951 223  1911 215  1851 205  1851 193  1711
434 244   001 243   001 235   001 233   001 236   001 218   001 205   771
 194   871 184   871 177   871 170   771 166   771 162   771 159   771 155   771
 149   771 145   771 147   771 156   771 169   971 183   971 194   971 203   971
 210  1071 216  1271 220  1371 220  1471 217  1371 209  1171 201  1071 191  1071
 181   971 173   871 166   871 162   871 158   871 156   871 154   971 151   971
 147   971 145   871 149   871 162  1071 180  1171 198  1271 211  1371 219  1271
 227  1271 234  1371 239  1571 240  1671 235  1471 226  1371 215  1271 204  1271
 193  1171 185  1171 178  1071 174   971 170   871 160   751 157   851 153   811
 148   851 144   851 148   811 161   951 180  1051 198  1111 212  1051 222  1051
 230   911 237  1051 241  1251 241  1311 236  1351 226  1251 215  1211
460 261   001 275   001 268   001 272   001 266   001 239   001 214  1071
 192  1171 176  1371 164  1671 157  1771 152  1871 150  1771 149  1771 148  1671
 146  1471 145  1371 151  1171 164  1171 182  1071 200  1071 215  1171 227  1171
 235  1271 239  1371 240  1371 237  1371 230  1471 219  1371 208  1471 196  1471
 186  1671 177  1671 169  1771 164  1771 161  1871 158  1871 155  1871 153  1871
 147  1671 145  1571 149  1371 162  1271 181  1171 199  1071 213  1271 223  1371
 231  1471 236  1471 240  1371 238  1371 231  1371 220  1471 208  1471 196  1471
 184  1571 173  1571 164  1671 156  1771 150  1771 152  1851 149  1851 145  1711
 140  1651 138  1451 143  1311 157  1251 177  1251 198  1111 216  1251 230  1351
 241  1411 248  1451 252  1551 249  1511 240  1551 228  1551 214  1511
481 269   001 275   001 279   001 279   001 276   001 246   001 230  1071
 215  1171 201  1371 189  1471 179  1171 172  1171 165  1171 156  1071 150  1071
 145  1071 145   971 151   971 165  1171 184  1471 204  1671 222  1671 236  1571
 248  1571 257  1771 261  1971 261  2171 255  2071 246  1871 234  1871 223  1971
 211  1671 202  1571 193  1471 185  1371 178  1171 171  1171 165  1171 160  1171
 155  1071 154  1071 158   971 170  1171 187  1371 205  1571 220  1571 234  1571
 243  1571 249  1571 252  1871 251  1971 246  1871 238  1871 227  1771 215  1671
 202  1571 192  1471 184  1471 179  1471 174  1471 175  1251 168  1251 162  1211
 158  1151 157  1151 162  1011 173  1251 188  1451 204  1611 218  1751 229  1751
 238  1811 245  2051 250  2151 250  2311 245  2251 237  2051 227  1911
497 244   001 254   001 259   001 246   001 211   001 195   001 180   671
 168   671 158   871 150  1171 145  1171 141  1171 140  1271 139  1271 135  1371
 128  1271 124  1171 130  1071 150  1271 177  1471 204  1671 225  1871 238  2071
 247  2271 252  2271 252  2371 245  2271 230  1971 210  1871 191  1671 176  1571
 165  1571 157  1471 150  1471 144  1271 139  1271 136  1371 132  1371 127  1471
 119  1371 114  1271 118  1171 135  1271 160  1471 186  1571 208  1671 224  1871
 235  1971 242  2171 243  2271 235  2471 219  2071 199  1871 180  1571 166  1471
 158  1371 152  1271 147  1271 142  1171 138  1171 141  1351 139  1351 135  1411
 129  1351 125  1251 129  1111 144  1251 167  1351 191  1411 211  1651 227  1851
 237  2011 242  2151 241  2351 233  2411 219  2151 201  1951 184  1611
510 279   001 256   001 266   001 268   001 256   001 233   001 220   771
 207   871 197   871 189   871 184   771 180   771 176   871 171  1071 165  1171
 158  1071 155   971 161   871 178   971 202  1071 225  1171 240  1271 248  1471
 254  1571 259  1571 262  1571 261  1571 256  1471 248  1271 234  1171 220  1071
 204   971 193   871 185   971 180   971 176  1071 172  1171 166  1271 162  1371
 157  1271 155  1171 161  1071 177  1171 199  1471 220  1571 235  1671 244  1771
 251  1771 256  1671 260  1671 262  1471 260  1371 254  1371 244  1271 229  1271
 212  1271 198  1171 189  1171 186  1171 182  1171 177  1151 172  1251 165  1311
 158  1351 154  1251 160  1211 179  1251 204  1351 229  1311 247  1451 258  1451
 266  1511 272  1551 277  1651 278  1611 275  1551 268  1551 257  1411
579 285   001 294   001 291   001 289   001 276   001 243   001 220   771
 198   871 181  1071 170  1171 164  1471 161  1471 157  1571 153  1571 148  1671
 145  1671 147  1571 157  1571 176  1471 201  1471 226  1371 246  1471 262  1571
 274  1671 284  1771 290  1771 289  1871 280  1771 265  1771 246  1671 228  1671
 212  1771 200  1671 193  1671 189  1571 185  1571 180  1671 175  1671 169  1771
 165  1671 166  1671 175  1571 194  1571 219  1471 242  1471 259  1571 271  1771
 280  1871 287  1871 290  1871 288  1871 279  1771 264  1771 249  1671 234  1771
 220  1671 210  1671 203  1671 198  1571 195  1571 185  1651 180  1751 174  1811
 170  1851 170  1751 178  1711 196  1651 220  1551 243  1411 260  1551 272  1651
 281  1711 289  1851 293  1851 290  1911 279  1851 262  1851 245  1711
588 279   001 281   001 282   001 280   001 267   001 240   001 222   471
 200   571 183   771 171  1071 165  1471 159  1571 154  1471 151  1371 147  1271
 145  1171 147  1071 156   971 171   971 193  1171 214  1171 234  1171 250  1171
 263  1171 271  1171 274  1171 271  1171 264  1271 250  1371 235  1471 217  1371
 197  1371 182  1271 173  1371 166  1571 161  1671 158  1571 154  1471 149  1371
 146  1271 146  1071 153   971 171  1171 194  1271 219  1471 241  1471 258  1471
 271  1471 280  1471 284  1471 282  1471 275  1471 264  1371 248  1371 230  1271
 213  1271 198  1171 187  1271 179  1271 174  1371 169  1451 162  1351 156  1211
 152  1151 152  1151 160  1011 178  1151 201  1251 225  1311 246  1351 262  1251
 275  1211 284  1351 287  1551 285  1611 277  1551 263  1551 247  1411
621 229   001 231   001 235   001 231   001 210   001 208   001 201   771
 190   871 180   971 173  1271 169  1271 167  1371 165  1371 162  1271 158  1271
 155  1271 156  1171 160  1171 170  1171 184  1171 198  1271 210  1271 221  1171
 229  1071 238  1171 243  1371 244  1471 238  1471 228  1471 215  1571 201  1371
 187  1271 177  1171 171  1271 167  1371 164  1471 161  1471 157  1371 152  1371
 147  1371 145  1251 152  1271 171  1271 195  1371 216  1371 231  1471 239  1471
 245  1371 250  1371 253  1471 253  1471 248  1471 238  1571 226  1571 211  1371
 197  1271 184  1271 177  1271 173  1371 171  1371 169  1351 166  1451 162  1411
 157  1451 155  1351 162  1311 181  1451 205  1451 228  1511 243  1551 252  1551
 259  1511 265  1551 270  1651 269  1611 261  1751 248  1751 233  1811
630 256   001 241   001 236   001 227   001 234   001 228   001 224  1071
 218   971 211   871 206   971 201   971 196   971 192   971 187   971 182   971
 178   871 175   871 176   771 181   871 190  1171 203  1271 216  1271 229  1371
 241  1271 250  1271 257  1171 260  1071 258  1171 251  1271 243  1371 230  1371
 218  1171 207  1071 197  1071 192   971 186   971 180   971 173  1071 165  1071
 159  1071 155   971 160   971 176  1171 199  1371 220  1571 237  1571 250  1471
 260  1471 270  1471 277  1371 280  1371 278  1371 271  1371 260  1271 247  1271
 232  1271 220  1271 211  1171 203  1171 197  1071 185   951 178  1051 171  1011
 164  1051 161   951 166   911 182  1151 205  1451 228  1611 247  1651 262  1651
 274  1611 282  1651 287  1551 287  1511 282  1551 272  1451 260  1411
643 246   001 244   001 240   050 232   001 222   001 218   001 211  1071
 206  1071 201  1071 197   971 191  1171 186  1171 183  1171 180  1171 179  1171
 175  1171 175  1071 181  1071 195   971 213   871 232   771 245   971 254  1271
 259  1571 261  1571 261  1471 259  1471 255  1471 250  1371 245  1371 238  1271
 233  1071 227   971 221  1071 216  1171 212  1271 207  1271 201  1271 195  1271
 188  1271 185  1371 192  1371 211  1271 235  1171 258  1071 272  1271 278  1571
 281  1671 282  1671 281  1671 277  1671 269  1571 260  1571 249  1471 241  1271
 235  1171 230  1071 224  1171 219  1171 212  1271 202  1251 197  1151 191  1111
 185  1251 182  1251 189  1311 208  1251 232  1151 254  1011 266  1251 271  1551
 272  1711 272  1751 270  1751 265  1711 257  1751 248  1851 239  1811
645 288   001 292   001 286   001 277   001 257   001 231   001 216   871
 202   971 191   771 183   971 178  1071 176  1071 176  1071 177  1071 176  1071
 176  1071 176  1071 183  1071 199   971 222   871 245   871 265   971 280   971
 291  1071 297  1371 301  1571 299  1871 291  1671 280  1471 264  1271 247  1371
 229  1371 215  1271 207  1271 204  1271 202  1271 201  1271 198  1271 193  1271
 187  1271 185  1171 192  1171 211  1171 238  1071 262  1071 279  1071 289  1071
 297  1071 305  1271 310  1571 309  1871 299  1671 282  1471 264  1271 247  1171
 234  1171 223  1171 214  1171 208  1271 203  1271 196  1151 191  1251 186  1211
 182  1251 182  1351 191  1311 212  1251 238  1051 262   911 278   951 287   951
 294   911 300  1251 304  1551 300  1811 287  1751 269  1651 251  1511
650 279   001 277   001 270   001 263   001 250   001 224   001 216   571
 209   671 203   771 197   871 191  1171 186  1271 182  1271 178  1371 176  1371
 175  1271 178  1271 185  1171 200  1071 218   971 236   871 250   871 261   971
 267   971 272   971 273   971 270   971 262   871 251   871 241   771 230   871
 217   871 210   971 203  1171 198  1271 194  1471 187  1471 182  1471 178  1471
 175  1371 176  1371 184  1271 201  1271 223  1071 245  1071 261  1071 274  1071
 283  1071 290  1071 293  1071 290  1071 281   971 268   971 253   871 241   871
 232   871 224   971 217  1171 211  1271 204  1471 196  1451 190  1451 186  1411
 184  1451 186  1351 194  1311 209  1251 227  1251 246  1111 261  1151 273  1151
 282  1111 288  1051 289  1051 284   911 273   951 259  1051 246  1011
675 314   001 306   001 306   001 295   001 285   001 263   001 244   571
 226   671 210   671 196   971 186  1271 179  1471 174  1571 170  1671 163  1771
 156  1671 155  1571 167  1471 194  1371 229  1371 262  1271 283  1371 295  1171
 300  1171 303  1271 302  1271 296  1371 287  1371 273  1271 257  1271 241  1171
 224  1171 208  1071 197  1171 188  1371 181  1471 175  1671 169  1771 164  1971
 158  1871 156  1671 165  1571 189  1671 221  1771 251  1871 273  1671 288  1371
 296  1171 302  1271 303  1471 299  1571 290  1471 275  1471 258  1371 241  1271
 225  1271 211  1171 199  1371 190  1471 183  1671 180  1651 172  1851 164  1911
 158  1851 158  1751 169  1611 193  1751 224  1751 254  1811 275  1651 289  1451
 297  1211 302  1351 303  1551 298  1611 287  1551 272  1451 256  1311
690 260   001 258   001 261   001 264   001 259   001 250   001 239   671
 233   671 228   771 224   971 221  1071 219  1171 216  1071 212  1071 208   971
 205   871 205   771 211   671 226   971 244  1271 258  1571 263  1371 261  1171
 258   871 257   971 256  1271 255  1371 251  1271 243   971 236   871 228   971
 223   971 217   871 214   971 212  1171 210  1271 207  1271 203  1171 199  1171
 194  1071 195   971 201   871 216   971 234  1171 247  1271 253  1171 252  1171
 249  1071 248  1171 249  1371 248  1471 245  1271 238  1071 233   971 229   971
 224   971 221   971 218   971 214  1171 211  1271 209  1151 205  1051 202  1011
 199   951 200   851 205   711 217   951 231  1051 242  1211 246  1151 245  1051
 242   911 240  1051 239  1151 238  1211 236  1151 233  1051 229   911
747 240   001 237   001 230   001 221   001 213   001 212   001 214   971
 213   971 210   971 209  1171 207  1071 205  1071 205  1171 206  1271 206  1371
 205  1271 205  1271 210  1171 224  1171 242  1171 259  1171 270  1371 276  1671
 279  1871 282  1871 283  1671 283  1671 281  1571 275  1471 266  1371 254  1271
 243  1271 232  1171 226  1171 222  1071 218  1071 214  1171 209  1371 202  1471
 196  1371 194  1271 201  1171 220  1171 244  1171 266  1271 279  1471 286  1571
 290  1771 292  1771 293  1871 291  1771 284  1671 273  1571 262  1471 251  1371
 242  1371 234  1271 229  1271 226  1171 223  1171 211  1251 206  1351 201  1411
 195  1351 192  1351 198  1211 215  1251 237  1151 257  1111 270  1351 276  1451
 278  1611 278  1751 276  1751 271  1811 262  1751 252  1551 241  1411
NT  TEDF  78  35 1
20140904182014090413
20140904182014090414
20140904182014090415
20140904182014090416
20140904182014090417
20140904182014090418
20140904182014090419
20140904182014090420
20140904182014090421
20140904182014090422
20140904182014090423
20140904182014090500
20140904182014090501
20140904182014090502
20140904182014090503
20140904182014090504
20140904182014090505
20140904182014090506
20140904182014090507
20140904182014090508
20140904182014090509
20140904182014090510
20140904182014090511
20140904182014090512
20140904182014090513
20140904182014090514
20140904182014090515
20140904182014090516
20140904182014090517
20140904182014090518
20140904182014090519
20140904182014090520
20140904182014090521
20140904182014090522
20140904182014090523
20140904182014090600
20140904182014090601
20140904182014090602
20140904182014090603
20140904182014090604
20140904182014090605
20140904182014090606
20140904182014090607
20140904182014090608
20140904182014090609
20140904182014090610
20140904182014090611
20140904182014090612
20140904182014090613
20140904182014090614
20140904182014090615
20140904182014090616
20140904182014090617
20140904182014090618
20140904182014090619
20140904182014090620
20140904182014090621
20140904182014090622
20140904182014090623
20140904182014090700
20140904182014090701
20140904182014090702
20140904182014090703
20140904182014090704
20140904182014090705
20140904182014090706
20140904182014090707
20140904182014090708
20140904182014090709
20140904182014090710
20140904182014090711
20140904182014090712
20140904182014090713
20140904182014090714
20140904182014090715
20140904182014090716
20140904182014090717
20140904182014090718
002600160016001600170017001727162716271627162716371635163517311735163516311
53515351431143514351531153516351631163514351331133512351331133514351531153515351
53116351635173117351735173116351635163116351635163116351535153115351535153115351
53514311435153515311635163516311635163516311635153515311535143514311335133512311
005800180018001800180018001827172716271627153715371435143515311535163516311
63517351731173517351731173517351631153513351231123512351331143515351531153515351
53115351635163116351735173117351735173117351735173117351635163116351535153114351
43514311435143515311535163516311635163516311535153515311535153514311435133512311
015800180018001800180018001727162716271537153715371435153515311635163516311
63516351731173517351731173517351731173516351631163516351531143514351331133513351
43114351435143114351535163116351635163116351635163117351735173116351535153115351
53516311635153515311535153515311535153516311635163517311735173517311735163516311
027600160017001800180018001827182717271727173716371535153515311535163517311
73517351731173517351731173517351631153513351231113511351231133514351531153515351
43115351535153115351535153115351435143115351535153115351435143113351335143114351
43514311435133513311335133513311335133513311235133513311335133513311335123512311
070700170017001600160017001727162716271527152715371535153515311535163517311
73516351631153515351631163516351631153514351331123512351231133515351531153515351
43115351635173117351735173117351735173117351735163116351635153115351535153115351
43514311435143514311535153515311535153515311535153515311635163516311635153514311
110500160016001300110011001127112711271127112712371235133513311435153515311
63516351531143513351231123513351431153516351631163516351631163516351631163516351
73117351735173117351635163116351635163115351335123112351235123112351235123113351
33514311535153515311535163515311435133512311235123512311235123512311235123512311
120000100010001000100010001127112712271227132713371335133513311335143514311
53516351631163516351631153514351431133513351331143514351531153516351631163516351
63116351635163117351735173117351635163116351635163115351435133113351235133113351
33513311335123512311335153515311535133512311235133513311335123512311235123512311
130500170018001700180017001627162715271427132713371235123511311235123512311
23512351231133513351431143514351431143513351231133513351431143514351431153515351
63115351535153115351535153115351535143114351435143115351535153114351335133113351
43514311535153515311535153514311335133512311335133514311435143514311335133512311
145800180018001800180018001727172716271527152714371435143514311535153516311
63516351531153515351531153515351531143513351331133514351431143514351431143514351
53116351635173117351735173116351635163116351635153115351435143113351235123113351
43514311435133513311335143515311535153515311435143514311435153515311435143513311
149800180018001800180018001727172716271527143714371335143514311535153516311
63515351531153515351531153516351531153514351331133513351431143514351431143514351
53115351635173117351735163116351635163116351635163116351535143113351235123113351
43514311435133513311335143515311535153515311435143514311535153515311535143514311
156800180018001800180018001727172716271527153714371435143514311535153516311
63516351531153515351531153515351531143514351331133514351431153515351431143515351
53116351635173117351735173116351635163116351635163116351535143113351235123113351
33514311435133513311335143515311535153515311535143514311535153515311535143513311
168700180018001700140010001027112712271327132713371335123512311135113512311
23513351431133513351331143514351531153514351331133512351231123512351231123512351
33113351435153115351535153115351535153115351635163116351635163115351535153114351
43514311435153515311635163516311535153514311435153515311535143514311435143514311
180600170015001600170014001427142714271427143714371435143514311335133513311
33513351331133513351431143514351431143513351331133512351331133513351431143515351
53115351535153115351535143114351435143114351435143115351535153114351435143114351
43514311435143514311435143514311435143514311435153515311535143514311535153515311
190700160014001400160015001527152715271527153715371535163516311735173516311
63515351531143514351431153515351531153515351431133512351231123512351231123512351
23112351235123112351335143114351435143115351635163115351435133113351335143114351
43514311435143514311435143514311435133512311235123513311435153516311635163515311
222400150016001600160014001427142714271327132712371235113511311135113511311
13511351131113512351231123512351131113512351231133513351431133513351331133513351
43115351635163116351635153115351535143115351535153116351635153115351435143114351
43514311435143513311335133513311335123512311235123513311335143514311435143514311
240200130013001300110010001027102711371127122712371235123512311335133514311
43514351431143514351431153515351531153514351331133512351131113512351231133513351
43114351535153115351535143114351435143115351535163116351635153116351635153114351
33513311335133514311535153515311535143514311335133513311335143514311535153515311
255200120013001200100010001027112711271227122712371335123512311135113512311
23512351131113511351231133514351531143514351331133514351431133512351231123513351
33114351435153114351435143114351435153115351635163116351535153115351535153115351
43513311235123512311235133513311235123512311235123512311235123512311235123512311
260200130010001100100010001127112711271127112711371135123512311235123512311
23512351231123512351231133513351331123512351131113512351231123512351231123512351
23113351335143114351435143114351435143115351535153114351435143115351535163115351
33512311235123512311235123512311235133513311235123512311235133513311335123512311
280000100010001000100010001027112711371137112711371135113511311235123512311
23512351231123512351231123512351331133514351431143514351331133513351231123512351
23112351235123112351235133113351335133114351435143114351435143114351435143114351
43514311435133513311235123512311235123512311235133513311335133513311335133512311
299100120015001300160011001227132713271427142714371435133513311335143514311
43513351331123512351231123512351231123512351231123512351231123512351231123512351
23112351235123112351235123112351235123113351335133113351335133114351535153115351
63515311535153515311635163516311535143513311235123512311235123512311235123512311
434000110014001700140015001527152714371437133713371235123512311235123511311
23512351231123512351231123512351231123512351131113511351131113511351231123512351
23112351335133113351435143114351435143114351535153114351435143114351335133113351
23512311235123512311235113511311235123512311335133514311435143514311435143514311
460100110012001300110015001537143713271327122712371135113512311235133514311
43513351331133513351431133513351231123512351231123513351331143515351531143513351
23112351235133113351435143114351435143114351435143113351335133113351335143114351
43514311335123512311235123512311235123512311235123513311435143515311535153514311
481000100010001000100010001027102711271127112711371135113511311135113511311
13511351131113511351131113511351231123512351231123512351231123512351231123511351
13111351135123112351135123112351235133113351335133113351435143114351435143113351
33513311235123513311335143514311435133512311235123512311235133513311435143514311
497600170017001700170013001327142714271427142715371535153515311535163516311
63515351531153515351531143514351431143513351331133513351331133513351231123512351
13111351135113111351135113112351235133114351435153115351535153115351535153114351
43514311535153515311435133513311235123513311335143514311535153515311535153515311
510300170015001000100011001127112712271237122712371235123512311235123512311
23512351131113511351231123512351331133513351331133513351331133514351431153515351
43115351535163116351735173115351335123111351135123112351235123112351235123112351
23512311235113512311335153516311635153514311435133514311435143515311535153514311
579000100010001000100010001027102710271027112711371135123513311435143515311
43513351231123511351131113511351131113511351131113511351131113511351131113511351
13111351135113111351135123112351335143114351535153115351535143114351335123112351
23512311135113512311235133514311335123512311235123512311335143514311535153515311
588100110012001300140011001127112711271127112711371135103511311335153516311
53513351231113511351231123512351131113511351131113511351131113511351131113511351
13111351135113111351135113111351135123112351335133113351335133114351435143114351
33512311235123512311235123512311235123512311235133513311435143514311435143514311
621500160017001700170017001627152714271327132713371335143515311535153515311
53515351531153514351431143514351431153515351531143513351231123512351231133513351
43114351335133112351335133114351535153115351435133113351235123112351235123112351
33513311335133513311435143514311335133513311335143514311435153515311535143514311
630700170017001600150015001527152715271527142714371535153516311635163517311
73517351731153513351231123512351231123512351231123512351331133512351231123512351
23112351235123112351235123112351235133113351435143113351235123111351135113112351
23512311235123512311235123513311235123512311235123512311235123512311235123512311
643100110010001100130017001727172716271627163716371635153515311435143514311
43514351431133512351231123511351131113512351131113511351131113511351131113511351
13111351135113112351235133113351335143114351435143114351435143114351435133113351
23512311135113512311235123512311335143515311535153516311635163516311635153515311
645000100010001000100015001527142714271427143714371435153516311635153515311
43513351331123512351231113511351131113511351131113511351131113511351131113511351
13111351135113111351135123113351435143115351535143114351435143113351335123112351
23512311135113512311235123513311335133513311335143514311535153515311535153515311
650000100010001000100011001127112711271027102711371335153516311635153514311
43513351331123512351131113511351131113511351131113511351131113511351131113511351
13111351135123111351135123112351335133113351335133114351435143113351235123112351
23512311235123513311335133513311335143514311535153515311535153515311535153515311
675000100010001000100010001127112711271127113711371035103511311335143515311
53513351131113512351331133512351131113511351131113511351131113511351131113511351
13111351135113111351135113111351135123112351235133113351335143114351435133113351
33512311235123512311235123512311235123512311335133513311435143514311435143514311
690000100010001000120013001337133712271237123711371135113511311135113512311
23512351331133513351331133513351431133512351231113511351131113511351131113511351
13111351235123112351235123112351235123112351235123113351335143114351435143114351
43514311435153515311435143514311435153515311535143514311435143515311535143514311
747600160017001800170014001427152715271627162716371635153514311435133513311
43514351531153515351531153515351531143513351231123512351231123512351231123511351
13111351235133113351435153115351535153115351535153115351535153115351535143113351
33513311335133513311335143515311535153515311535153515311535163516311635153515311
