20140830151429
T2M TEDF  78  35 1
20140830152014083010
20140830152014083011
20140830152014083012
20140830152014083013
20140830152014083014
20140830152014083015
20140830152014083016
20140830152014083017
20140830152014083018
20140830152014083019
20140830152014083020
20140830152014083021
20140830152014083022
20140830152014083023
20140830152014083100
20140830152014083101
20140830152014083102
20140830152014083103
20140830152014083104
20140830152014083105
20140830152014083106
20140830152014083107
20140830152014083108
20140830152014083109
20140830152014083110
20140830152014083111
20140830152014083112
20140830152014083113
20140830152014083114
20140830152014083115
20140830152014083116
20140830152014083117
20140830152014083118
20140830152014083119
20140830152014083120
20140830152014083121
20140830152014083122
20140830152014083123
20140830152014090100
20140830152014090101
20140830152014090102
20140830152014090103
20140830152014090104
20140830152014090105
20140830152014090106
20140830152014090107
20140830152014090108
20140830152014090109
20140830152014090110
20140830152014090111
20140830152014090112
20140830152014090113
20140830152014090114
20140830152014090115
20140830152014090116
20140830152014090117
20140830152014090118
20140830152014090119
20140830152014090120
20140830152014090121
20140830152014090122
20140830152014090123
20140830152014090200
20140830152014090201
20140830152014090202
20140830152014090203
20140830152014090204
20140830152014090205
20140830152014090206
20140830152014090207
20140830152014090208
20140830152014090209
20140830152014090210
20140830152014090211
20140830152014090212
20140830152014090213
20140830152014090214
20140830152014090215
002 156   001 157   001 161   001 165   001 171   001 171   001 173   371
 173   471 173   471 172   571 171   771 171   871 169   871 167   771 164   771
 160   771 156   871 151   871 148   871 146   871 147   871 150   871 155   971
 160   971 165  1071 168  1171 172  1271 176  1271 179  1171 181  1171 181  1071
 178   971 177   871 173   871 169   871 167   871 164   871 164   971 161   971
 157   971 152   971 147   971 145   971 145   871 148   871 155   871 162   971
 169   971 175   971 178  1071 180  1071 181  1071 181  1071 180  1071 177  1071
 172   971 168   971 165  1071 164  1071 163  1171 163  1171 164  1171 163  1171
 161  1171 158  1071 155  1071 154   971 155   951 157   811 160   851 165   951
 170   911 175  1051 180  1051 184  1111 186  1151 187  1151 187  1111
005 171   001 174   001 169   001 176   001 163   001 163   001 161   871
 159  1071 157   971 154   871 151   971 149   871 149   871 148   971 146   971
 144   971 142   971 139   971 137   971 136   871 139   871 147  1171 157  1271
 167  1471 173  1671 176  1671 178  1671 179  1671 181  1671 181  1671 180  1571
 176  1471 170  1271 160  1171 148  1071 139   971 132   971 129  1071 127  1071
 125  1071 123  1171 119  1171 116  1171 115  1071 119  1071 130  1171 146  1271
 162  1371 175  1471 184  1471 190  1571 192  1571 191  1571 188  1571 185  1371
 181  1371 174  1271 167  1171 159  1071 153   971 149  1071 149  1071 149  1171
 148  1171 147  1271 145  1271 144  1171 145  1051 149   911 158  1151 169  1251
 179  1411 186  1551 190  1551 193  1611 196  1651 198  1651 199  1611
015 177   001 174   001 177   001 184   001 174   001 167   001 169   271
 169  1071 165   571 160   671 155   871 152  1071 150  1071 150  1071 149  1071
 148  1071 144  1171 141  1171 138  1071 136   971 140   871 150   971 162  1071
 173  1171 179  1271 183  1271 185  1371 188  1371 191  1471 191  1471 188  1371
 179  1171 170  1071 157  1071 146  1071 137  1071 131  1071 127  1071 124  1071
 120  1171 116  1171 110  1271 106  1171 106   971 112   871 127   971 147  1071
 166  1171 179  1271 187  1371 194  1371 199  1471 202  1471 202  1571 198  1371
 192  1271 182  1071 171   971 161   971 152   871 147   971 145  1071 144  1071
 141  1171 138  1171 134  1271 130  1171 130  1151 134  1011 145  1151 160  1151
 175  1211 186  1451 194  1651 200  1811 205  1851 208  1951 208  1911
027 180   001 171   001 176   001 175   001 172   001 175   001 179   371
 176   571 169   671 160   771 149   871 141   871 136  1171 134  1271 133  1371
 133  1371 131  1371 129  1371 127  1171 126  1051 132   811 146  1051 163  1051
 177  1111 184  1451 185  1651 185  1911 187  1851 190  1651 191  1571 188  1471
 183  1171 173  1171 159  1271 145  1271 133  1271 126  1371 122  1371 120  1471
 120  1471 119  1471 118  1471 116  1271 116  1171 122   971 136  1171 155  1271
 172  1571 181  1771 185  1871 187  2071 189  1871 191  1771 192  1671 191  1571
 185  1471 178  1371 169  1371 158  1371 150  1371 145  1471 144  1471 143  1571
 143  1571 142  1571 141  1571 141  1371 143  1251 149  1011 162  1151 177  1251
 189  1311 194  1551 195  1751 196  1911 200  1851 204  1851 208  1711
070 193   001 199   001 209   001 208   001 213   001 210   001 203   371
 197   671 187   871 176   971 166  1171 159  1271 153  1371 148  1471 143  1571
 137  1571 131  1571 127  1571 125  1371 127  1271 133  1071 143  1171 155  1271
 167  1371 177  1471 183  1471 188  1671 190  1671 191  1671 189  1671 185  1471
 179  1471 170  1371 157  1271 144  1271 132  1271 125  1371 122  1471 119  1571
 115  1671 110  1671 106  1771 104  1571 105  1371 113  1171 127  1371 145  1571
 162  1671 175  1571 184  1571 192  1671 198  1571 203  1671 204  1671 201  1671
 195  1571 184  1571 170  1471 155  1271 143  1271 136  1471 133  1571 130  1771
 126  1771 121  1871 116  1971 113  1671 114  1451 121  1211 136  1351 155  1451
 174  1511 189  1551 199  1651 207  1611 213  1751 216  1851 216  1811
110 188   001 193   001 199   001 198   001 191   001 185   001 182   371
 177   671 169   671 162   771 156   971 149   971 143   971 138  1071 133  1071
 130  1071 128  1171 127  1171 126  1071 128   971 133   871 143   971 156   971
 167  1071 175  1171 180  1071 184  1071 188   971 190  1071 191  1071 189   971
 185   871 178   771 167   871 157   871 148   971 144  1071 143  1071 142  1171
 140  1171 137  1171 135  1171 135  1171 138  1171 142  1171 150  1171 159  1271
 167  1271 174  1271 179  1271 184  1171 188  1171 191  1171 192  1271 190  1071
 186   971 179   771 172   871 164   971 156  1071 150  1171 146  1371 143  1471
 142  1471 141  1371 140  1371 137  1371 136  1351 139  1311 150  1251 164  1251
 177  1111 185  1151 189  1051 191  1011 194  1051 197  1151 198  1111
120 179   001 188   001 193   001 191   001 190   001 184   001 182   471
 177   471 169   671 160   671 151   771 144   771 140   871 138   971 135   971
 133   971 131   971 128   971 126   871 126   871 132   771 145   871 161   871
 174   971 183  1171 188  1371 190  1471 191  1371 191  1371 190  1271 188  1171
 184  1071 178   971 167   871 157   971 147   871 141   871 138   971 137   971
 137  1071 138  1071 136  1171 136  1071 136  1071 140   971 151   971 162   871
 173   871 179  1071 182  1371 183  1571 182  1571 182  1571 181  1571 180  1471
 178  1471 174  1371 168  1271 160  1171 154  1071 150  1071 148  1171 147  1171
 145  1171 144  1271 142  1271 141  1171 142  1051 147   911 157   951 168   951
 178   911 184  1051 186  1251 186  1311 186  1351 186  1451 186  1411
130 175   001 183   001 195   001 205   001 206   001 212   001 206   371
 199   671 191   571 181   671 171   971 162  1071 154  1171 148  1371 142  1471
 138  1471 136  1571 132  1571 128  1471 126  1271 130  1171 142  1071 159  1071
 175   971 187  1071 195  1271 201  1371 207  1371 211  1371 211  1371 207  1371
 199  1271 188  1271 175  1171 162  1171 151  1171 141  1271 134  1471 129  1571
 126  1671 123  1671 120  1771 117  1671 116  1471 121  1371 135  1371 154  1371
 172  1371 184  1371 193  1471 200  1471 205  1471 210  1571 212  1511 212  1551
 209  1551 202  1411 191  1451 177  1351 165  1311 156  1451 150  1651 147  1711
 145  1851 145  1851 144  1911 143  1851 144  1651 150  1511 163  1451 179  1451
 194  1311 204  1351 210  1251 214  1211 218  1251 221  1351 223  1311
145 179   001 192   001 204   001 207   001 200   001 184   001 183   471
 182   871 179   871 173   971 168   971 163   871 160   871 155   871 151   871
 146   971 139   971 134  1071 128  1071 126   971 129   971 139   971 153  1071
 167  1071 177  1071 185  1071 188  1071 190  1271 190  1271 189  1471 186  1371
 181  1371 175  1371 166  1271 155  1171 145  1071 138  1071 133   971 127   971
 121  1071 115  1171 109  1271 105  1171 106  1071 113   971 128   971 148  1071
 168  1071 182  1071 191  1171 197  1171 201  1371 203  1471 203  1671 202  1671
 198  1571 192  1571 182  1471 170  1271 161  1171 155  1171 152  1071 149  1071
 146  1171 142  1171 138  1271 135  1171 135  1051 140   911 152  1051 166  1251
 180  1311 189  1351 195  1351 199  1311 204  1451 209  1551 211  1611
149 195   001 204   001 221   001 219   001 221   001 214   001 211   471
 204   671 194   871 185   971 176  1071 169  1371 164  1171 158  1071 153  1071
 147  1171 139  1271 133  1371 127  1271 125  1071 129   971 140  1071 156  1171
 170  1271 181  1171 188  1171 193  1171 198  1171 201  1271 201  1271 197  1271
 189  1371 178  1371 169  1271 159  1271 148  1171 139  1171 132  1271 126  1271
 120  1371 114  1371 109  1471 105  1271 105  1171 111   971 126  1071 146  1171
 166  1271 182  1271 195  1371 203  1371 210  1471 214  1571 214  1671 211  1671
 205  1671 196  1671 186  1571 176  1371 167  1271 161  1271 156  1271 151  1271
 147  1371 143  1371 140  1471 138  1371 140  1151 146  1011 158  1151 173  1351
 187  1411 197  1451 203  1551 209  1511 216  1551 222  1651 224  1611
156 191   001 208   001 215   001 223   001 218   001 211   001 210   271
 204   571 196   771 187   871 180   871 175  1071 171  1071 166  1071 162  1071
 156  1071 151  1071 144  1071 138   971 135   971 137   871 147   971 160  1171
 174  1271 184  1271 191  1171 196  1271 200  1271 202  1271 201  1371 196  1371
 189  1271 182  1271 175  1371 168  1271 162  1271 156  1271 151  1171 147  1171
 142  1171 137  1171 131  1171 126  1071 124   971 129   871 142  1071 159  1171
 176  1371 188  1371 198  1371 204  1371 210  1471 213  1571 214  1671 211  1671
 205  1571 198  1571 190  1471 182  1471 176  1371 171  1371 167  1271 164  1271
 160  1271 155  1171 151  1171 147  1071 147  1071 152   911 164  1151 179  1251
 193  1411 202  1451 207  1451 211  1411 217  1551 222  1551 225  1611
168 209   001 212   001 216   001 230   001 223   001 217   001 218   471
 212   771 200   871 188  1371 177  1271 169  1371 165  1371 163  1371 162  1371
 159  1271 155  1271 151  1171 147  1071 145  1071 148   971 157  1071 168  1071
 180  1171 189  1571 194  1771 198  2171 200  1971 201  1871 200  1771 197  1671
 191  1671 181  1571 166  1471 150  1371 138  1171 132  1171 131  1271 132  1271
 132  1271 130  1271 125  1271 118  1171 114  1071 117   971 130  1171 150  1271
 168  1471 181  1671 189  1771 194  1971 198  1871 201  1871 203  1771 202  1771
 199  1771 188  1771 171  1671 153  1471 139  1371 134  1371 135  1371 137  1371
 136  1371 132  1471 126  1471 122  1271 122  1151 129   911 146  1151 167  1251
 186  1411 198  1651 205  1751 209  1911 213  1851 217  1751 219  1611
180 214   001 207   001 222   001 226   001 222   001 221   001 220   671
 215  1171 207  1271 198  1571 190  1571 181  1571 174  1371 170  1471 165  1471
 162  1371 157  1371 156  1271 155  1171 156  1171 158  1071 163  1171 167  1371
 171  1471 175  1571 178  1571 181  1771 182  1671 182  1771 180  1771 175  1571
 169  1671 161  1571 151  1471 141  1571 131  1371 124  1371 118  1371 114  1371
 111  1371 108  1471 106  1471 105  1371 108  1171 114  1071 124  1171 138  1271
 152  1371 164  1371 174  1571 182  1671 188  1671 191  1771 193  1671 193  1671
 190  1571 180  1471 165  1471 147  1471 132  1571 122  1571 117  1671 114  1671
 111  1671 108  1571 106  1571 105  1371 107  1251 115  1011 130  1251 148  1351
 167  1511 182  1651 193  1651 201  1711 205  1851 207  1851 206  1911
190 222   001 224   001 223   001 237   001 244   001 239   001 229   771
 220  1071 208  1171 195  1171 183  1271 174  1171 167   971 164   971 162   971
 159   971 156  1071 155  1071 156   971 158   971 161   871 165  1171 169  1371
 172  1671 177  1671 180  1771 182  1671 179  1971 175  2371 170  2471 165  2171
 160  1871 154  1671 147  1471 137  1271 129  1071 124  1071 122  1071 119  1071
 116  1071 114  1071 114  1071 115   971 118   971 124   871 135  1071 147  1171
 160  1371 172  1271 180  1271 187  1271 191  1471 192  1771 192  1971 189  1671
 185  1471 177  1171 166  1171 152  1071 140   971 131   971 123  1071 118  1071
 114  1171 112  1171 109  1271 109  1171 111   951 119   811 133  1051 150  1251
 168  1411 183  1551 194  1751 202  1811 207  2051 208  2251 205  2411
222 193   001 195   001 202   001 207   001 202   001 202   001 203   471
 198   671 191   771 181   871 171   871 163  1071 156  1171 152  1271 148  1371
 144  1371 138  1471 133  1471 128  1371 126  1271 131  1171 144  1071 162  1071
 179  1071 191  1271 199  1671 206  1871 213  1771 219  1771 221  1671 219  1371
 211  1171 200  1071 185  1071 169  1071 155  1071 146  1171 141  1371 137  1471
 133  1571 129  1671 124  1771 118  1671 115  1571 120  1471 135  1271 156  1071
 176   871 190  1171 200  1571 207  1871 214  1771 219  1571 222  1471 221  1371
 215  1271 206  1071 193  1071 180  1171 167  1171 157  1271 151  1471 147  1571
 145  1671 144  1771 143  1871 140  1771 140  1551 147  1411 163  1251 184  1151
 203   911 214  1251 220  1451 224  1711 228  1651 232  1551 235  1411
240 197   001 205   001 214   001 204   001 214   001 195   001 197   371
 197   971 193  1171 187  1071 179  1071 171   971 164  1071 159  1071 153  1171
 149  1171 144  1171 140  1171 136  1071 135  1071 139   971 149  1071 163  1371
 178  1471 190  1371 199  1471 208  1471 215  1471 220  1471 221  1471 218  1371
 211  1271 200  1371 186  1271 171  1171 156  1071 145  1071 137  1171 131  1171
 127  1271 124  1271 121  1371 116  1271 114  1151 119  1011 133  1251 154  1551
 174  1711 190  1751 202  1751 211  1711 217  1751 221  1751 223  1611 223  1551
 220  1551 212  1511 199  1451 183  1451 169  1311 160  1351 155  1151 151  1111
 148  1251 144  1251 141  1311 139  1251 140  1151 146  1011 159  1151 177  1351
 194  1411 208  1451 218  1351 225  1311 230  1451 234  1551 235  1611
255 200   001 214   001 224   001 233   001 233   001 228   001 226   371
 219   671 210   971 201  1071 190  1071 179  1171 170   971 163   971 158   971
 156  1071 154  1171 152  1271 148  1171 146  1071 147   971 155  1071 168  1271
 181  1371 192  1471 202  1471 209  1571 215  1471 218  1571 218  1371 214  1371
 207  1471 196  1471 186  1371 174  1171 163  1071 153  1071 146  1071 140  1071
 135  1171 130  1271 124  1371 118  1271 115  1071 118   971 132  1271 152  1471
 171  1671 188  1671 200  1671 209  1671 216  1671 220  1471 221  1471 219  1471
 214  1671 206  1671 194  1471 181  1271 170  1071 162  1071 155  1071 149  1071
 144  1171 138  1171 133  1271 129  1171 128  1051 134   911 149  1151 169  1251
 188  1411 202  1551 212  1551 219  1611 225  1551 229  1551 229  1411
260 210   001 222   001 226   001 232   001 237   001 230   001 227   471
 220   871 210   971 196  1071 183  1171 171  1271 162  1471 154  1771 149  1871
 145  2071 141  2171 138  2371 137  2071 138  1771 143  1471 153  1371 165  1171
 179  1171 190  1171 199  1271 205  1271 209  1371 211  1371 210  1471 206  1471
 199  1371 188  1271 175  1371 161  1471 148  1471 136  1671 127  1771 120  1971
 116  2071 114  2271 111  2371 107  2071 105  1671 110  1371 126  1471 148  1471
 169  1571 185  1571 197  1571 204  1471 209  1571 213  1571 213  1671 210  1571
 203  1571 191  1471 174  1571 157  1471 142  1471 133  1671 128  1771 124  1971
 120  2171 115  2271 110  2471 106  2171 107  1751 116  1411 135  1451 159  1451
 182  1411 198  1451 209  1451 216  1411 222  1451 225  1551 225  1511
280 212   001 217   001 228   001 226   001 237   001 249   001 239   371
 225   771 209   871 193   971 178  1271 165  1171 157  1271 156  1171 154  1271
 153  1271 150  1371 149  1371 147  1271 148  1271 153  1171 164  1371 177  1371
 190  1471 200  1671 206  1871 208  2071 208  2071 208  1771 205  1671 200  1571
 193  1371 185  1371 173  1271 162  1271 154  1071 148  1071 145  1171 142  1171
 139  1271 135  1271 130  1371 126  1271 124  1171 128  1071 140  1171 155  1271
 172  1271 185  1471 192  1671 198  1871 201  1671 202  1671 201  1671 198  1571
 192  1471 183  1371 169  1271 156  1071 144  1071 136  1171 131  1171 128  1271
 124  1371 120  1371 115  1471 112  1371 112  1271 119  1111 134  1251 153  1451
 173  1511 190  1751 202  2051 210  2211 214  2151 214  2151 211  2011
299 220   001 216   001 225   001 231   001 236   001 236   001 232  1371
 221  1671 206  1871 188  1771 170  1471 157  1471 150  1471 147  1471 146  1471
 146  1471 146  1371 146  1371 148  1171 151  1071 156   871 162  1071 168  1271
 173  1471 177  1671 180  1871 181  2271 180  2071 178  1971 175  1971 170  2071
 164  1771 156  1771 146  1671 136  1471 128  1371 124  1371 121  1471 119  1371
 118  1371 116  1371 115  1371 114  1171 115  1071 120   871 130  1071 142  1271
 154  1471 164  1471 171  1671 176  1771 180  1771 182  1671 182  1671 178  1571
 171  1571 161  1471 149  1371 136  1371 124  1271 115  1271 110  1471 107  1471
 106  1471 105  1571 104  1571 103  1371 104  1051 111   811 126  1051 146  1351
 165  1511 180  1751 191  1851 198  2011 202  1951 202  1951 199  1811
434 181   001 201   001 204   001 210   001 213   001 216   001 214   971
 207   971 197   971 186  1071 176  1071 166  1071 158  1071 152   971 147   971
 144   971 141  1071 137  1071 131   971 127   971 130   871 143   871 162  1071
 180  1071 193  1071 201  1071 208  1171 213  1471 217  1471 217  1671 211  1471
 202  1371 191  1171 180  1271 169  1171 160  1071 151  1071 145  1071 140  1071
 137  1071 133  1171 127  1171 120  1071 115  1071 118   971 133  1171 155  1271
 175  1471 190  1471 199  1371 207  1371 213  1571 218  1671 220  1871 218  1671
 212  1471 203  1371 191  1371 178  1271 166  1271 157  1171 151  1071 146   971
 143  1071 140  1071 136  1171 129  1171 126  1071 131  1011 147  1151 168  1151
 187  1211 198  1151 204  1051 208   911 214  1151 220  1351 222  1511
460 209   001 217   001 228   001 233   001 235   001 243   001 234   471
 221   671 206   871 191  1371 176  1571 163  1671 153  1771 148  1871 144  1871
 140  1771 138  1671 136  1571 137  1471 140  1271 147  1171 158  1171 172  1071
 186  1071 199  1171 211  1371 220  1471 226  1671 229  1571 227  1671 219  1671
 208  1671 196  1671 183  1671 172  1871 161  1871 151  1871 143  1871 138  1871
 135  1871 134  1771 132  1771 128  1571 125  1471 128  1271 139  1271 156  1171
 172  1171 185  1371 195  1471 202  1571 207  1671 210  1671 210  1771 207  1671
 201  1671 191  1571 178  1671 164  1671 152  1771 143  1871 135  1771 130  1771
 124  1671 119  1671 115  1571 113  1471 114  1251 122  1111 136  1151 155  1251
 174  1211 190  1351 203  1451 213  1511 220  1651 222  1751 221  1811
481 220   001 232   001 238   001 241   001 248   001 247   001 240   471
 231   871 221   971 209  1271 196  1271 185  1371 178  1371 172  1171 167  1171
 160  1171 154  1071 149  1071 146  1071 146   971 152   971 164  1071 180  1371
 194  1471 206  1571 214  1471 221  1571 226  1771 230  1971 230  2171 225  2071
 217  1871 209  1871 199  1971 189  1671 182  1571 174  1471 169  1471 163  1271
 159  1271 155  1171 150  1171 146  1071 144  1071 147   971 156  1171 168  1371
 181  1571 190  1571 196  1571 201  1671 206  1671 210  1871 212  1971 210  1871
 203  1871 195  1771 183  1671 172  1571 161  1471 153  1471 147  1471 141  1471
 135  1371 130  1371 124  1271 120  1271 120  1151 125  1111 137  1351 154  1551
 172  1711 188  1751 202  1851 213  1811 220  2051 223  2251 223  2411
497 214   001 231   001 234   001 247   001 252   001 250   001 232   371
 212   671 195   671 181   771 171   871 163   971 157  1171 153  1071 147  1071
 144  1171 142  1171 139  1271 137  1171 136  1071 140   971 152  1171 168  1471
 186  1671 201  1871 211  2071 219  2271 222  2371 221  2371 212  2371 196  2071
 176  1671 158  1571 146  1571 138  1471 132  1471 126  1371 120  1271 115  1171
 110  1271 106  1271 101  1371  96  1271  94  1151  98  1071 111  1371 131  1671
 151  1971 168  1971 183  2171 194  2171 201  2171 202  2371 197  2471 184  2071
 166  1871 149  1571 136  1471 127  1371 119  1271 111  1271 104  1171  99  1171
  95  1171  92  1271  88  1271  82  1171  78  1151  83  1011  99  1451 124  1751
 151  2111 176  2251 197  2351 212  2411 219  2551 218  2551 209  2611
510 204   001 217   001 227   001 233   001 241   001 242   001 245   571
 239   871 227   971 213   871 197   871 183   771 173   771 167   771 163   771
 159   871 154  1071 147  1171 140  1071 136   971 142   871 161   971 187   971
 211  1071 227  1271 237  1571 242  1771 248  1771 251  1671 250  1671 244  1471
 234  1371 219  1171 205  1071 191   971 179   871 171   871 166   971 162   971
 158  1071 152  1271 147  1371 139  1271 135  1171 142  1071 163  1171 191  1371
 218  1471 235  1671 245  1871 251  1971 256  1871 261  1671 262  1571 259  1471
 251  1471 239  1371 222  1271 205  1171 189   971 180   971 174   971 170   971
 165  1071 158  1271 149  1371 141  1371 137  1251 144  1211 164  1251 192  1351
 218  1311 235  1551 245  1651 252  1811 258  1851 263  1751 266  1711
579 259   001 265   001 267   001 283   001 289   001 285   001 277  1071
 267  1171 254  1071 240  1171 228  1171 218  1171 209  1171 203  1271 198  1271
 193  1371 187  1371 183  1471 178  1371 177  1371 185  1271 201  1171 221  1071
 242  1071 259  1271 271  1371 280  1571 286  1671 289  1771 286  1871 277  1771
 264  1671 250  1571 237  1471 224  1471 213  1271 203  1271 195  1371 188  1371
 182  1471 176  1471 171  1571 166  1471 165  1371 169  1271 182  1271 200  1171
 220  1171 235  1371 247  1471 255  1671 260  1771 260  1771 256  1871 248  1771
 237  1671 225  1571 215  1571 204  1471 195  1371 187  1371 178  1471 172  1471
 168  1471 164  1571 160  1571 157  1571 156  1451 163  1411 179  1351 200  1351
 222  1211 241  1451 255  1551 266  1711 273  1851 275  2051 271  2111
588 253   001 271   001 279   001 285   001 277   001 283   001 275   371
 261   871 246   871 230   871 214  1071 200  1271 188  1471 180  1571 174  1571
 167  1471 162  1471 158  1371 156  1271 157  1071 165   971 179   971 198  1171
 220  1171 239  1171 257  1271 270  1271 279  1471 283  1571 280  1671 272  1771
 260  1771 244  1871 228  1771 214  1771 202  1671 193  1671 186  1771 181  1771
 175  1671 168  1471 162  1371 157  1271 155  1071 160   971 172  1171 189  1271
 207  1471 222  1471 234  1571 243  1571 250  1671 254  1671 253  1771 247  1771
 235  1871 222  1871 207  1771 194  1571 181  1471 172  1471 165  1571 159  1571
 153  1471 146  1271 141  1171 136  1171 135  1051 141  1011 155  1251 176  1451
 198  1611 219  1651 237  1751 251  1711 260  1751 265  1851 263  1811
621 206   001 207   001 211   001 217   001 214   001 215   001 212   371
 208   571 202   771 196   971 189   971 182  1071 177  1171 173  1271 170  1271
 166  1271 161  1171 155  1171 149  1171 145  1071 147  1071 159  1071 175  1171
 193  1271 206  1271 216  1271 224  1271 229  1371 232  1471 232  1571 228  1571
 220  1471 210  1571 198  1371 185  1271 174  1171 166  1271 160  1271 156  1371
 154  1371 152  1271 147  1271 140  1271 135  1171 139  1171 156  1271 180  1271
 202  1371 215  1471 222  1571 226  1571 230  1571 233  1571 234  1671 232  1671
 225  1671 216  1671 202  1371 188  1271 175  1171 166  1171 161  1271 157  1271
 153  1271 149  1371 143  1371 136  1271 132  1251 139  1111 160  1251 188  1451
 213  1511 229  1651 238  1751 243  1811 248  1851 252  1851 253  1811
630 233   001 238   001 243   001 244   001 257   001 254   001 253   271
 249   571 242  1071 232  1271 222  1071 210   971 200   971 193  1071 186  1071
 180  1071 174  1071 167  1071 160   971 156   971 160   871 174   971 194  1171
 213  1271 227  1371 237  1571 244  1571 251  1471 256  1271 259  1071 257  1171
 252  1371 244  1471 233  1371 222  1271 210  1071 200  1071 193  1171 186  1171
 181  1171 175  1071 170  1071 161  1071 155  1071 158  1071 173  1171 194  1471
 215  1571 229  1671 238  1571 245  1671 251  1571 257  1471 260  1371 259  1471
 253  1471 244  1471 232  1371 220  1371 207  1271 195  1271 185  1271 176  1271
 167  1271 159  1171 151  1171 143  1071 140  1051 146   911 164  1151 189  1451
 213  1611 231  1851 244  2051 254  2211 262  2151 268  2051 271  1911
643 270   001 281   001 280   001 272   001 274   001 270   001 263   571
 258   971 252   971 245  1171 237  1071 228  1171 220  1171 213  1171 206  1171
 199  1171 191  1271 186  1271 179  1271 177  1271 184  1271 205  1071 230   971
 254   771 270  1071 278  1271 284  1671 288  1671 291  1571 291  1571 288  1571
 283  1471 276  1471 265  1371 254  1171 244  1071 234  1171 227  1171 219  1271
 211  1271 203  1371 195  1371 189  1371 185  1471 191  1471 206  1371 228  1171
 249  1071 264  1371 273  1571 279  1771 281  1771 281  1651 280  1711 278  1551
 273  1651 265  1511 253  1451 238  1251 224  1211 212  1251 203  1251 195  1211
 188  1251 182  1251 175  1211 168  1351 166  1351 174  1411 194  1351 221  1251
 247  1111 265  1451 275  1651 280  1911 281  1951 279  2051 275  2011
645 267   001 267   001 274   001 280   001 287   001 293   001 285   571
 274   871 260  1171 246  1171 233  1271 221  1171 212  1271 204  1271 199  1271
 194  1271 190  1171 186  1171 179  1171 177  1271 184  1271 203  1171 229  1171
 254  1071 270  1071 283  1071 291  1071 301  1471 308  1771 308  2171 299  1971
 284  1871 268  1671 253  1671 240  1571 229  1371 220  1371 211  1471 203  1471
 197  1471 192  1371 186  1371 179  1371 175  1271 178  1271 192  1271 211  1271
 232  1271 248  1271 260  1171 269  1171 276  1471 281  1951 279  2311 271  2151
 258  1751 243  1511 229  1451 217  1351 206  1211 197  1351 190  1351 184  1411
 180  1451 176  1351 171  1311 165  1351 162  1451 168  1411 187  1451 213  1351
 239  1311 258  1351 271  1251 282  1211 292  1751 298  2251 297  2711
650 248   001 264   001 272   001 274   001 285   001 279   001 277   371
 270   571 259   871 248   871 238   871 230   871 224  1071 219  1171 213  1271
 208  1371 201  1371 195  1471 189  1371 187  1271 192  1171 207  1071 226   971
 245   871 259   871 269   971 278   971 286   971 291  1071 292  1071 286  1071
 276   971 263  1071 251  1071 242  1071 233  1071 226  1171 220  1271 213  1371
 206  1371 198  1371 191  1371 186  1271 185  1271 188  1171 196  1171 208  1071
 221  1071 233  1071 243  1071 252  1071 259  1171 263  1171 262  1171 255  1071
 245  1071 234  1071 224  1071 214   971 206   971 199  1171 192  1371 186  1471
 179  1471 173  1471 168  1471 165  1471 165  1351 171  1311 184  1351 200  1351
 218  1311 234  1351 247  1251 258  1211 267  1251 271  1351 271  1311
675 293   001 303   001 298   001 306   001 287   001 287   001 278   471
 268   771 256  1071 244   971 231  1071 220   971 212  1271 206  1371 200  1571
 192  1571 185  1671 177  1671 176  1571 179  1371 189  1271 208  1271 231  1271
 252  1271 270  1371 286  1371 297  1371 307  1571 313  1771 312  1971 303  1871
 290  1771 275  1671 260  1471 248  1371 236  1171 226  1271 217  1371 209  1471
 202  1571 195  1771 188  1871 179  1671 175  1571 180  1371 198  1571 222  1671
 248  1871 270  1671 285  1571 296  1371 302  1671 303  1971 298  2271 288  2071
 272  1971 255  1771 237  1571 218  1371 202  1171 189  1271 180  1471 172  1571
 166  1671 160  1771 155  1871 151  1671 152  1451 161  1211 181  1551 208  1851
 235  2111 257  1951 274  1851 286  1611 293  1951 296  2351 292  2611
690 250   001 253   001 249   001 246   001 247   001 241   001 240   371
 237   671 233   571 229   771 225   771 222   871 220   971 219  1071 216  1171
 213  1171 211  1071 208  1071 206   971 206   871 211   771 221  1071 232  1271
 240  1571 242  1471 240  1171 237   971 237  1071 237  1371 238  1471 234  1371
 231  1071 228   971 227  1071 227   971 225   871 221   971 217  1171 211  1271
 208  1271 205  1171 202  1171 197  1071 194   951 198   871 213  1071 233  1171
 249  1371 257  1271 258  1171 258  1071 260  1271 262  1371 262  1571 257  1271
 248  1171 240   971 232   971 227   971 222   971 218   971 214  1171 211  1271
 208  1171 205  1171 200  1071 193   971 190   951 194   811 207  1051 225  1351
 241  1511 249  1451 252  1251 253  1111 254  1251 255  1251 254  1311
747 268   001 281   001 293   001 296   001 292   001 284   001 280   371
 274   671 266   971 257  1071 248  1071 241  1071 236  1171 232  1171 227  1171
 223  1271 218  1271 213  1371 207  1371 206  1271 211  1271 225  1271 243  1271
 260  1271 270  1471 276  1571 281  1771 287  1671 292  1671 292  1671 285  1571
 274  1371 262  1271 252  1271 245  1171 241  1171 237  1171 234  1171 232  1171
 229  1271 224  1371 218  1471 210  1371 204  1371 205  1271 214  1271 229  1471
 245  1471 259  1671 268  1971 275  2171 280  2171 283  2051 282  1911 277  1751
 268  1651 259  1411 250  1351 242  1351 235  1211 229  1251 223  1151 218  1111
 214  1251 209  1251 203  1311 196  1351 192  1351 197  1311 214  1351 237  1451
 258  1411 271  1651 278  1851 282  2011 286  2051 289  2151 288  2111
NT  TEDF  78  35 1
20140830152014083010
20140830152014083011
20140830152014083012
20140830152014083013
20140830152014083014
20140830152014083015
20140830152014083016
20140830152014083017
20140830152014083018
20140830152014083019
20140830152014083020
20140830152014083021
20140830152014083022
20140830152014083023
20140830152014083100
20140830152014083101
20140830152014083102
20140830152014083103
20140830152014083104
20140830152014083105
20140830152014083106
20140830152014083107
20140830152014083108
20140830152014083109
20140830152014083110
20140830152014083111
20140830152014083112
20140830152014083113
20140830152014083114
20140830152014083115
20140830152014083116
20140830152014083117
20140830152014083118
20140830152014083119
20140830152014083120
20140830152014083121
20140830152014083122
20140830152014083123
20140830152014090100
20140830152014090101
20140830152014090102
20140830152014090103
20140830152014090104
20140830152014090105
20140830152014090106
20140830152014090107
20140830152014090108
20140830152014090109
20140830152014090110
20140830152014090111
20140830152014090112
20140830152014090113
20140830152014090114
20140830152014090115
20140830152014090116
20140830152014090117
20140830152014090118
20140830152014090119
20140830152014090120
20140830152014090121
20140830152014090122
20140830152014090123
20140830152014090200
20140830152014090201
20140830152014090202
20140830152014090203
20140830152014090204
20140830152014090205
20140830152014090206
20140830152014090207
20140830152014090208
20140830152014090209
20140830152014090210
20140830152014090211
20140830152014090212
20140830152014090213
20140830152014090214
20140830152014090215
002800170018001800180018001717172716271627152715371535153515311435143514311
53516351731173516351531153515351531153514351431143513351331123512351231123512351
13111351135123112351235133114351435153115351535153116351635163116351635163116351
53515311535163516311635173516311635163516311635163516311535143513311335123512311
005800180017001800180018001817172717271727162716371635163515311535143514311
53516351731173517351731163516351531153515351531143513351231113512351231123512351
23112351235133113351335133114351435143115351535153116351635163116351635163116351
63516311635163516311635173517311735173516311635163516311535153515311435133513311
015800180018001800180018001717171716271627162715371535163516311535153515311
63516351731173516351531153514351531153516351631153513351231113511351231123512351
13111351135123112351235123112351235123112351235133114351535163116351535143113351
23512311235123512311235123512311335143514311435143514311335133512311335133513311
027800180017001700180018001717152715271427142714271435143514311535153515311
43513351331133514351631173517351731163514351331123511351131113511351231123512351
23113351435153115351635163116351635163116351735163116351635163116351635163116351
63516311635163516311635163516311635163516311535153515311535163516311535153514311
070500170017001800180018001717162716271527152714271535153516311535153515311
53515351631163517351731173517351731163515351431133513351231123512351231123512351
23111351135123112351235133112351235123113351435143115351435143113351335123112351
23512311235123512311235123512311235123512311235123512311235123512311335133514311
110600160016001600170018001717162716271527152715271535163516311535143513311
23512351331133513351331123512351231123512351231123511351231133514351631163516351
53115351635163116351635163116351735173117351735173117351735163116351535153114351
43514311535153515311635163516311535153514311535153515311535153515311535153515311
120800170017001800180018001717161715271527142714271435153516311635173516311
53514351331143515351631163515351431133513351331133512351131113511351231133515351
63116351735173116351635163116351735173117351735173117351735173116351635153114351
43513311435143515311535153515311535153515311535163516311735173517311635153515311
130700170018001800170018001717172716271627152715271535153515311435143513311
23512351231133514351431153515351431143514351331133512351231123512351231133513351
43114351535163116351635163116351635163116351635153115351635163116351535143113351
23512311235123513311235123512311235133513311335143514311435133513311335133513311
145800170017001800180018001727162715271427143714371435143514311335133513311
33513351331133514351431153516351731163516351431133512351131113511351131113511351
23112351235123112351235123112351235133114351435153116351635153114351335123112351
23513311335143514311435153514311435133512311235133514311435143514311535153515311
149700150016001700180018001727162715271527142714371435143514311335133513311
33513351331133514351431153516351731163515351431133512351131113511351131113511351
23112351235123112351235123112351335143114351535153116351635153114351335123112351
33513311335133513311435143514311335133512311235133513311335143514311435153514311
156800170017001800180018001717162715271527142714271435143513311335133513311
33513351431143514351531163516351731163515351431133512351131113511351131113511351
23112351235123112351235123113351335143114351535153116351635153114351335123112351
33514311435133513311435143514311435133512311235133513311435143514311435143514311
168200150016001700160018001817172717271627162715271535153514311535153515311
43514351431153515351631163516351631153515351531153514351331123511351131123512351
33112351235113111351135123112351235123113351335143115351535153115351435133112351
23511311135113511311135113511311135123512311235113511311135123512311235123512311
180500170014001500160015001517152715271527152715371535163516311635173517311
73517351731173517351731173517351731163516351531143514351431143514351331133512351
23112351335143115351535153116351635163116351635163115351535143113351235123111351
13511311135113512311235123512311235123512311235123512311235123512311235123513311
190600160016001500140013001417152714271527152715271535163516311735173517311
73517351731173517351731173517351731173517351731163516351531143513351331143516351
63116351435133113351335143114351435143115351535163115351535143114351335133112351
23512311235123512311235123512311235133513311335123512311235123513311335143514311
222700170017001700170017001617152715271427142714271435143514311435153515311
43514351331123512351231133513351331133512351231113511351131113511351131123512351
23112351235123112351235123112351235123112351335133113351235123112351235123112351
23512311235123512311235123512311235123512311235123512311235123512311235123512311
240500160015001600170018001717152715271427142714271435143514311435143514311
43514351431143514351431143513351331143514351531143513351231113511351231123512351
13111351135113111351135113111351135113112351235123112351235123112351235123112351
23511311135123512311235123511311135113511311135113511311135123512311235123512311
255000120010001000130014001427142714271527152715371535153514311435143514311
43514351431153516351631153514351331143515351631153514351331123513351331123512351
13111351135123112351235123112351135113111351235123113351335133113351235123111351
13511311135113511311135113511311135123512311235113511311135113511311235123512311
260300160013001100130014001417142714271427142714371435143514311435143514311
43515351531163516351631153515351531153516351631153514351231123512351231123511351
13111351135113111351135113111351135123112351335133113351335133113351235113111351
13511311135113511311135113511311235123512311235123512311135113511311235123512311
280300140014001400100011001117122712271227132713271435143514311435143514311
53516351631163515351531153516351631173517351731153513351231123513351431133513351
23112351135113111351135123112351235123112351235123113351335133113351235113111351
13511311135113511311135113511311135113511311135123512311235123512311235123512311
299500170015001400130013001417142714271427143714371435143514311435153515311
63517351731173517351731173517351731183518351731153513351231133515351731173516351
63115351535153115351435143114351435143114351435133113351335133113351235123112351
23512311235123512311235123512311335143514311435133512311235133514311535153515311
434100120010001000100010001117121712271227122712371235123513311335143514311
43514351431133512351231123512351331133513351231123512351131113511351131113511351
13111351235123112351235113111351135113111351135113111351135113111351135113111351
13511311135113511311135113511311135113511311135113511311135113511311135113511311
460400140014001400120012001217122711271127112711371135113512311235133514311
43515351531153515351531143514351431143514351431133513351231123512351131113511351
23113351535153115351335123112351235123112351235123112351235123112351235123112351
13511311135113511311235123512311235123512311235123512311235123512311235123512311
481400140013001100100010001017112711271127122712371235123512311235123513311
33514351431133513351231123512351231133514351431143513351231113511351131113512351
23112351235123113351435153114351335123112351135123112351235123112351235113111351
13511311135113512311235113511311235123512311235123512311135113511311235123512311
497600150016001600160016001517142714271427132713271335133513311335133513311
43514351531153515351431143514351531153516351731173517351631163516351631153514351
43114351535153114351335133113351335133113351235123112351235123112351135113111351
13511311135113511311135113511311135113511311135113511311135113512311235133513311
510000100010001000100010001127112711271227122713371335133513311435143514311
43514351431133512351231113511351131123512351231123512351231123512351131113511351
13111351135113111351135113111351135113111351235123112351235123112351235113111351
13511311135113511311135113511311135113511311135113511311135113511311135113511311
579200140015001500140015001417132712271227112711271135113511311135123512311
33513351331133514351331133512351131113511351131113511351131113511351131113511351
13111351135113111351135113111351235123112351235123111351135113111351135113111351
13511311135113511311135113511311135113511311135113511311135113511311135113511311
588200120015001600170016001517142713271227112711271135113511311235133513311
43514351431143514351431143513351331123512351131113511351131113511351131113511351
13111351135113111351135113111351135113111351135113111351135113111351135113111351
13511311135113511311135113511311135113511311135113511311135113511311135113511311
621700170018001700180018001717162715271527142714271435153515311535153514311
43514351531143514351431143513351331133513351331123512351131113511351231113511351
13112351235123112351235123112351235123112351335133114351335133113351235123112351
23511311135113511311135113511311135113511311135113511311135113511311135113511311
630500150016001400170017001617151714271327132712371235133513311335133512311
33514351431133512351231113511351131123511351131113511351131113511351131113512351
23113351335143114351335133112351235113111351135113111351135113111351135113111351
13511311135113511311135113511311135113511311135113511311135113511311135113511311
643400150016001500140016001527142713271327122711371135113511311235133514311
33513351231123513351331133512351231113511351131113511351131113511351131113511351
13111351135113111351235123112351135113111351135113111351135113111351135113111351
13511311135113511311135113511311135113511311135113511311135113511311135113511311
645400160016001500140016001517142713271227122711271135113511311135123512311
33513351331123512351231123511351131113511351131113511351131113511351131113511351
13111351135113111351135113111351135113111351135113111351135113111351135113111351
13511311135113511311135113511311135113511311135113511311135113511311135113511311
650000100012001500150017001717162715271427142713271235123511311135113512311
23513351331133513351331133513351231123511351131113511351131123512351231123512351
13111351135113111351235123111351135113111351135113111351135113111351135113111351
13511311135113511311135113511311135113511311135113511311135113511311135113511311
675000100012001200130015001517141714271427142713271335133512311335133514311
43515351531143514351431143514351431143513351231113511351131113511351131113511351
13111351135113111351135113111351135113111351135113111351135113111351135113111351
13511311135113511311135113511311135113511311135113511311135113511311135113511311
690200110010001200150017001727162716271527142714271435133513311335133513311
43514351431153514351431153515351531153514351431133512351231133514351431153514351
43114351335133113351335123112351235113111351135113111351135113111351135113111351
13511311135113511311135113511311135113511311135113511311135113511311135113511311
747500140011001300150018001817172716271627152714271335133512311235123512311
23513351331133512351231123513351331133512351131113511351131113511351131113511351
13111351135113112351235133113351235123112351135113111351135113111351135113111351
13511311135113511311135113511311135113512311235123511311135113511311135113511311
