20140409061441
T2M TEDF  78  35 1
20140409062014040901
20140409062014040902
20140409062014040903
20140409062014040904
20140409062014040905
20140409062014040906
20140409062014040907
20140409062014040908
20140409062014040909
20140409062014040910
20140409062014040911
20140409062014040912
20140409062014040913
20140409062014040914
20140409062014040915
20140409062014040916
20140409062014040917
20140409062014040918
20140409062014040919
20140409062014040920
20140409062014040921
20140409062014040922
20140409062014040923
20140409062014041000
20140409062014041001
20140409062014041002
20140409062014041003
20140409062014041004
20140409062014041005
20140409062014041006
20140409062014041007
20140409062014041008
20140409062014041009
20140409062014041010
20140409062014041011
20140409062014041012
20140409062014041013
20140409062014041014
20140409062014041015
20140409062014041016
20140409062014041017
20140409062014041018
20140409062014041019
20140409062014041020
20140409062014041021
20140409062014041022
20140409062014041023
20140409062014041100
20140409062014041101
20140409062014041102
20140409062014041103
20140409062014041104
20140409062014041105
20140409062014041106
20140409062014041107
20140409062014041108
20140409062014041109
20140409062014041110
20140409062014041111
20140409062014041112
20140409062014041113
20140409062014041114
20140409062014041115
20140409062014041116
20140409062014041117
20140409062014041118
20140409062014041119
20140409062014041120
20140409062014041121
20140409062014041122
20140409062014041123
20140409062014041200
20140409062014041201
20140409062014041202
20140409062014041203
20140409062014041204
20140409062014041205
20140409062014041206
002  86   001  80   001  73   001  71   001  68   001  67   001  74   471
  82   871  90  1171  98  1371 104  1571 109  1771 112  1671 110  1671 108  1571
 105  1471 102  1371  99  1271  98  1171  96  1171  95  1071  93  1071  90  1171
  88  1171  88  1171  88  1071  88  1071  87  1071  86  1171  88  1171  93  1171
 101  1271 108  1271 115  1471 118  1771 121  1971 122  1871 121  1871 119  1771
 116  1671 113  1571 109  1471 105  1371 102  1271  99  1171  97  1271  96  1271
  95  1371  94  1371  93  1271  92  1271  92  1271  92  1351  94  1311  98  1351
 103  1351 109  1311 114  1551 118  1851 121  2011 122  2051 122  1951 120  1911
 117  1851 113  1651 108  1511 102  1451  97  1251  91  1111  86  1251  82  1351
  79  1411  78  1351  78  1351  78  1211  78  1251  78  1351  80  1311
005  59   001  58   001  57   001  53   001  50   001  56   001  68   471
  91   771 112   971 125   971 130  1071 130  1071 129  1171 126  1371 124  1471
 123  1371 120  1371 115  1271 104  1271  91  1171  81  1171  73  1071  71  1071
  70   971  69   971  67  1071  62  1071  58  1071  56  1171  62  1171  76  1171
  96  1071 115  1071 130  1171 137  1371 142  1471 141  1471 139  1571 135  1571
 131  1571 126  1471 119  1471 109  1371  98  1271  89  1171  84  1171  81  1171
  79  1171  78  1171  75  1171  72  1171  70  1171  69  1151  73  1111  82  1251
  94  1451 108  1511 121  1451 132  1451 139  1311 141  1551 138  1751 134  1911
 129  1751 122  1651 113  1411 101  1351  88  1351  78  1211  72  1251  70  1251
  67  1211  63  1251  57  1251  53  1211  51  1251  53  1251  60  1211
015  56   001  49   001  46   001  46   001  44   001  43   001  66   571
  91   971 113  1171 129  1171 140  1271 146  1271 150  1171 152  1171 151  1071
 146  1071 139  1171 130  1171 119  1171 109  1071  99  1071  89  1071  82   971
  77   971  75   971  72   871  69   871  67   971  66  1071  71  1171  83  1171
 101  1171 118  1171 134  1271 147  1371 156  1471 161  1471 162  1371 161  1371
 156  1371 150  1371 140  1371 130  1271 118  1271 108  1171  99  1071  91  1071
  84   971  79   971  76   971  74   971  71  1071  70  1151  74  1211  86  1351
 102  1451 118  1511 130  1551 139  1551 146  1511 151  1551 152  1651 150  1611
 142  1551 132  1351 120  1211 110  1251 100  1251  92  1211  84  1251  77  1151
  71  1111  67  1151  63  1151  60  1111  57  1251  57  1251  61  1311
027  56   001  53   001  51   001  49   001  43   001  45   001  61   571
  82  1071 101  1571 116  1571 124  1471 127  1471 129  1571 131  1571 132  1671
 130  1571 126  1471 116  1371 105  1271  93  1071  82   971  75   971  68   971
  64   971  59   971  54  1071  47  1071  40  1171  36  1371  43  1471  63  1571
  90  1571 116  1671 132  1671 139  1671 142  1671 142  1771 142  1771 139  1871
 135  1771 128  1571 119  1471 107  1371  95  1271  83  1171  74  1171  67  1071
  62  1071  59  1071  58  1171  56  1171  55  1271  55  1451  61  1511  73  1651
  90  1851 106  1911 119  1851 129  1751 134  1611 136  1751 135  1851 133  1911
 130  1851 126  1751 118  1611 105  1551  91  1451  78  1311  70  1351  65  1251
  63  1211  62  1351  61  1351  58  1411  54  1551  51  1651  56  1711
070   7   001   3   001  -6   001  -9   001  -4   001  15   001  35   971
  57  1271  79  1071 100  1271 118  1371 135  1571 138  1571 142  1671 143  1671
 140  1571 134  1571 124  1471 111  1471  97  1371  82  1371  71  1571  62  1871
  55  2071  49  2071  44  1971  37  1971  29  2071  26  2071  36  2171  64  1771
 101  1471 134  1071 151  1271 158  1571 161  1771 166  1871 171  1871 173  1911
 169  1851 161  1751 147  1611 130  1551 112  1551  97  1411  86  1651  78  1951
  71  2111  64  2151  58  2051  52  2011  48  2051  50  2151  60  2111  80  1851
 105  1451 128  1111 144  1351 153  1551 158  1711 161  1951 163  2051 160  2211
 153  2051 143  1751 130  1511 116  1451 103  1451  91  1311  82  1651  74  1951
  67  2211  59  2251  51  2251  44  2211  40  2351  40  2451  49  2511
110  38   001  34   001  34   001  29   001  29   001  28   001  46   571
  63   971  80  1171  96  1171 110  1271 122  1271 127  1271 131  1171 132  1171
 129  1071 122  1071 117   971 113   971 112   971 108   971 102   971  94  1071
  89  1071  87  1071  86  1171  84  1171  81  1171  77  1271  78  1271  88  1271
 102  1271 116  1271 124  1371 130  1471 132  1571 132  1471 131  1471 128  1371
 123  1271 115  1171 107  1071  98  1071  88  1071  81  1071  76  1171  72  1271
  71  1371  71  1271  72  1271  72  1171  72  1171  72  1251  75  1211  81  1351
  89  1351  97  1411 104  1551 109  1551 113  1611 115  1651 115  1651 114  1611
 112  1551 109  1351 103  1211  95  1251  86  1351  77  1311  71  1451  67  1551
  64  1611  63  1651  62  1551  60  1511  58  1551  57  1451  62  1411
120  55   001  55   001  50   001  51   001  45   001  54   001  64   371
  83   871  99  1471 110  1471 115  1471 118  1371 121  1371 122  1471 121  1471
 117  1371 109  1371 103  1271  96  1171  93  1171  90  1071  87  1071  84  1071
  81  1071  78  1071  75  1171  73  1171  69  1271  66  1271  68  1371  78  1571
  90  1771 103  1971 111  1871 116  1871 120  1771 121  1771 121  1771 119  1771
 113  1671 107  1471  98  1371  90  1371  83  1271  76  1271  72  1271  68  1171
  66  1171  65  1171  66  1271  67  1271  67  1371  69  1451  72  1511  79  1651
  87  1851  96  1911 104  1951 110  1951 114  1911 117  2051 118  2051 117  2111
 114  2051 108  1851 101  1711  92  1651  84  1451  77  1311  74  1351  72  1351
  71  1311  68  1351  65  1451  62  1411  60  1551  62  1551  68  1611
130  50   001  38   001  35   001  27   001  22   001  22   001  34   471
  56   971  80  1471 103  1371 119  1371 131  1271 140  1271 148  1171 152  1171
 151  1171 146  1271 136  1271 123  1171 110  1071  96   971  86   971  77  1071
  71  1071  64  1071  58  1171  49  1171  40  1271  36  1371  41  1471  61  1571
  87  1671 113  1771 131  1671 141  1571 149  1471 155  1471 161  1371 162  1371
 158  1371 149  1371 137  1371 122  1271 106  1271  94  1171  84  1171  78  1071
  73  1071  69  1171  67  1271  64  1371  61  1471  61  1451  67  1511  81  1651
  99  1851 116  1911 129  1851 137  1851 143  1711 147  1751 148  1751 148  1711
 145  1651 139  1551 130  1411 117  1451 103  1351  91  1311  83  1351  78  1351
  75  1311  73  1451  70  1551  66  1611  61  1651  59  1751  63  1711
145  65   001  61   001  54   001  49   001  47   001  53   001  65   571
  81   971  99  1171 113  1171 123  1171 129  1171 134  1271 138  1471 142  1571
 144  1571 142  1471 135  1471 125  1471 110  1371  97  1371  85  1471  77  1471
  72  1571  68  1471  65  1371  59  1271  52  1171  48  1171  54  1071  73  1171
  98  1271 122  1371 137  1371 143  1471 146  1471 150  1571 152  1771 154  1871
 154  1771 152  1671 146  1571 136  1571 123  1471 110  1471  99  1571  91  1571
  84  1671  79  1571  77  1371  73  1271  70  1171  67  1151  71  1011  83  1151
 100  1151 117  1211 131  1351 141  1451 148  1511 152  1751 154  2051 153  2211
 150  2051 145  1751 137  1511 127  1551 116  1551 105  1511  95  1551  86  1551
  78  1511  71  1451  66  1351  60  1211  55  1251  53  1151  57  1111
149  40   001  38   001  35   001  32   001  36   001  32   001  55   771
  80   971 101   871 116   971 126   971 131  1071 136  1171 140  1371 143  1471
 144  1371 142  1371 136  1271 124  1371 110  1471  96  1571  83  1471  74  1471
  68  1371  64  1371  61  1371  56  1371  50  1271  46  1251  53  1171  75  1171
 105  1071 132  1071 149  1171 158  1171 163  1271 168  1471 172  1571 174  1771
 173  1671 169  1471 160  1371 147  1471 132  1471 119  1571 107  1471  98  1471
  90  1371  84  1371  79  1271  74  1271  70  1271  69  1151  74  1111  88  1151
 107  1151 126  1111 142  1251 154  1251 162  1311 166  1651 167  1851 165  2111
 160  1851 154  1651 145  1311 135  1451 124  1551 113  1611 102  1551  92  1551
  83  1411  75  1351  67  1351  61  1211  56  1251  55  1351  61  1311
156  85   001  84   001  77   001  71   001  69   001  69   001  81   471
  96   871 112  1071 126  1071 135  1171 141  1171 146  1271 151  1371 153  1471
 152  1371 148  1371 142  1271 134  1271 125  1171 115  1171 106  1071  98  1071
  92   971  88   971  84   971  78   971  71   971  66  1071  71  1071  88  1171
 112  1171 135  1271 150  1271 157  1371 163  1371 167  1471 171  1671 173  1771
 171  1671 167  1571 160  1471 152  1371 142  1371 132  1271 122  1271 112  1171
 106  1171 101  1171  97  1071  93  1071  89  1071  86  1071  88  1011  99  1051
 115  1151 131  1111 145  1251 155  1351 163  1411 169  1651 172  1951 171  2111
 165  1951 156  1651 147  1411 139  1351 131  1351 122  1211 112  1151 102  1151
  93  1011  87  1051  82  1151  78  1111  73  1151  71  1051  74  1011
168  36   001  40   001  19   001  17   001  12   001  19   001  36   871
  55  1371  76  1371  94  1471 112  1571 127  1571 134  1371 139  1271 142  1071
 140  1271 133  1471 123  1671 106  1671  90  1771  76  1771  65  1871  59  1871
  54  1971  50  2071  45  2171  42  2271  36  2171  35  2071  46  1971  72  1871
 106  1671 136  1571 154  1671 164  1771 171  1871 180  1771 188  1671 192  1571
 189  1671 177  1771 161  1871 139  1871 115  1871  95  1871  82  1971  72  2071
  67  2171  63  2271  60  2471  55  2571  51  2371  51  2251  60  2011  81  1851
 107  1651 132  1411 149  1551 160  1751 167  1811 173  1851 177  1851 176  1811
 168  1851 154  1851 138  1811 122  1851 107  1951  95  1911  85  2051  78  2151
  72  2211  66  2351  61  2551  56  2611  52  2551  52  2551  58  2411
180  55   001  57   001  19   001  20   001  15   001  28   001  41   871
  62  1271  87  1371 107  1371 124  1371 138  1371 144  1371 150  1371 153  1371
 151  1371 145  1471 133  1471 117  1571  99  1571  81  1671  69  1671  61  1771
  56  1771  52  1771  50  1671  46  1671  39  1671  36  1671  43  1671  67  1571
  98  1571 127  1471 145  1471 156  1571 164  1571 172  1571 179  1571 183  1571
 180  1571 172  1471 159  1471 141  1571 123  1571 105  1671  90  1771  78  1871
  71  1971  67  1971  64  1971  60  1971  54  1871  50  1851  56  1711  76  1751
 104  1651 133  1611 155  1651 170  1651 180  1611 185  1751 186  1851 182  1911
 175  1751 164  1651 152  1411 139  1551 126  1651 113  1711 102  1851  93  1951
  86  2011  82  2051  79  2151  76  2111  71  2151  68  2051  72  2011
190  79   001  74   001  59   001  55   001  43   001  62   001  76   771
  94  1371 115  1271 131  1271 143  1271 151  1271 157  1271 161  1271 162  1271
 158  1371 152  1371 141  1471 125  1371 110  1371  97  1271  87  1271  78  1271
  73  1271  68  1371  63  1471  60  1571  57  1571  58  1571  66  1571  85  1471
 109  1471 131  1371 147  1371 158  1471 167  1471 174  1471 180  1571 182  1571
 178  1571 169  1471 157  1471 140  1471 124  1471 107  1471  95  1471  84  1371
  76  1371  70  1471  66  1571  62  1671  59  1671  60  1551  69  1511  88  1451
 113  1451 139  1311 162  1351 181  1451 194  1411 201  1651 202  1851 199  2011
 192  1851 181  1751 169  1511 155  1451 141  1451 128  1311 117  1351 107  1451
 100  1411  94  1551  90  1751  85  1811  80  1751  77  1751  82  1611
222  79   001  73   001  67   001  60   001  59   001  62   001  72   471
  89   971 105  1171 119  1171 130  1271 137  1271 143  1271 149  1271 152  1271
 151  1271 146  1171 138  1171 126  1171 115  1071 103  1071  95  1071  86  1071
  80  1071  75  1071  70  1071  64  1071  58  1071  56  1071  61  1071  78  1171
 102  1171 126  1271 144  1371 158  1471 167  1571 175  1571 180  1471 182  1471
 181  1471 176  1371 166  1371 151  1271 135  1171 120  1071 108  1071 100   971
  93   971  90  1071  87  1071  84  1171  80  1171  77  1251  80  1211  91  1251
 108  1251 124  1211 137  1351 146  1551 152  1611 156  1751 159  1951 159  2011
 156  1851 151  1651 143  1411 133  1351 121  1351 111  1211 103  1251  97  1351
  93  1311  89  1351  85  1451  80  1411  74  1451  71  1551  74  1511
240  55   001  51   001  47   001  40   001  30   001  36   001  57   371
  78   771  98  1071 116  1471 129  1571 139  1771 145  1671 149  1671 152  1571
 152  1571 149  1571 142  1571 131  1471 118  1471 106  1371  99  1271  93  1271
  89  1171  86  1071  81  1071  75   971  69   971  65  1071  70  1071  85  1171
 106  1371 128  1471 144  1671 157  1771 166  1971 174  1871 179  1771 182  1671
 181  1571 175  1571 165  1471 150  1471 133  1371 117  1371 107  1371 100  1271
  95  1271  93  1171  89  1171  84  1071  79  1071  74  1151  76  1111  87  1351
 104  1551 122  1711 138  1851 150  1951 159  2011 165  2051 167  1951 167  1911
 165  1851 160  1751 151  1611 139  1551 126  1551 114  1411 106  1451 101  1351
  97  1311  92  1251  86  1151  80  1011  74  1151  71  1251  73  1311
255  69   001  51   001  48   001  41   001  37   001  44   001  63   471
  83   471 102   971 117  1071 129  1071 138  1071 143  1171 148  1171 151  1271
 150  1271 146  1371 138  1371 127  1371 115  1271 103  1271  94  1371  88  1371
  83  1471  79  1371  73  1271  67  1171  59  1271  56  1271  62  1371  80  1371
 106  1271 132  1271 151  1371 165  1371 176  1471 184  1471 189  1571 191  1571
 188  1571 180  1471 169  1471 154  1471 140  1371 125  1371 113  1371 105  1371
  97  1371  90  1371  84  1271  78  1271  71  1271  67  1351  72  1311  87  1451
 109  1451 132  1511 150  1551 164  1551 174  1511 180  1651 183  1751 182  1811
 177  1751 169  1551 159  1411 148  1351 137  1351 126  1211 116  1351 108  1351
 100  1411  93  1351  87  1351  80  1211  73  1351  69  1351  72  1411
260  16   001  12   001  13   001   0   001  -3   001  11   001  25   971
  45  1171  67  1371  91  1471 114  1371 133  1371 148  1471 155  1471 161  1571
 161  1471 155  1371 142  1271 124  1571 103  1971  86  2271  74  2371  68  2471
  64  2571  60  2671  56  2671  48  2771  40  2671  37  2571  47  2471  73  2171
 108  1871 140  1571 160  1571 171  1671 179  1671 189  1671 197  1771 202  1771
 199  1571 188  1471 170  1271 144  1571 118  1971  96  2271  82  2371  76  2471
  73  2571  73  2671  72  2871  68  2971  61  2871  57  2751  63  2611  83  2351
 111  1951 139  1611 160  1651 174  1751 183  1711 190  1851 193  2051 192  2111
 185  1851 174  1551 158  1211 140  1551 122  1951 107  2211  97  2451  90  2651
  85  2811  79  2951  72  3051  65  3111  58  3051  56  3051  62  2911
280  62   001  45   001  44   001  42   001  41   001  43   001  62   371
  81   771  99   871 116  1271 129  1471 139  1671 145  1671 150  1571 152  1511
 149  1471 141  1371 130  1271 117  1271 103  1271  91  1271  83  1271  78  1371
  76  1371  73  1371  68  1371  63  1371  57  1371  55  1271  63  1271  84  1171
 111  1171 138  1071 155  1371 165  1671 173  1971 181  1971 189  1871 192  1871
 189  1771 180  1571 166  1471 150  1371 133  1371 117  1271 107  1371  99  1371
  94  1471  89  1471  82  1471  75  1471  67  1371  62  1351  67  1211  85  1251
 112  1351 138  1311 159  1551 173  1751 184  1911 192  2051 196  2251 195  2311
 189  2051 178  1751 165  1411 152  1351 139  1351 129  1211 121  1351 115  1351
 110  1411 105  1451  99  1551  93  1511  86  1551  83  1551  86  1511
299  65   001  54   001  38   001  51   001  49   001  54   001  65   571
  82  1171  99  1171 115  1371 129  1371 140  1371 146  1371 151  1471 153  1471
 151  1471 145  1471 132  1471 116  1471  97  1471  79  1471  66  1471  58  1571
  54  1571  53  1671  51  1671  50  1771  47  1871  46  1871  54  1971  75  1771
 102  1571 127  1371 145  1371 157  1471 166  1471 174  1571 181  1571 183  1671
 179  1571 170  1571 155  1471 136  1471 115  1571  95  1571  81  1571  71  1671
  65  1671  61  1771  59  1771  56  1871  53  1971  53  1951  63  2011  85  1751
 113  1551 142  1211 165  1451 182  1551 194  1711 201  1951 204  2051 202  2211
 195  1951 184  1751 169  1411 152  1551 136  1651 122  1711 112  1751 106  1851
 101  1811  97  1951  93  1951  88  2011  83  2151  80  2251  83  2311
434  63   001  62   001  59   001  53   001  56   001  57   001  71   571
  89   871 105  1171 117  1271 126  1371 133  1471 140  1471 145  1471 148  1471
 146  1371 141  1371 135  1271 127  1271 118  1171 112  1171 105  1171 100  1271
  97  1271  94  1271  90  1171  86  1171  80  1171  76  1071  80  1071  95  1171
 116  1271 137  1371 154  1471 164  1671 173  1771 181  1771 186  1771 188  1771
 184  1671 178  1471 167  1371 156  1271 146  1271 137  1171 129  1271 124  1271
 119  1371 114  1371 110  1271 104  1271  99  1271  96  1151  98  1111 107  1251
 120  1351 135  1411 149  1651 160  1851 169  2011 175  2051 178  1951 177  1911
 172  1751 164  1651 154  1411 144  1351 134  1251 125  1111 118  1251 112  1251
 108  1311 104  1351 100  1351  94  1311  87  1351  81  1451  80  1411
460  92   001  81   001  46   001  30   001  28   001  28   001  35   471
  51   771  73   871  96  1071 118  1171 135  1171 147  1171 155  1171 159  1171
 156  1171 147  1271 133  1271 115  1371  97  1371  80  1471  66  1471  58  1571
  52  1571  48  1671  45  1671  38  1771  30  1871  26  1971  33  2071  57  1771
  90  1571 124  1271 151  1271 170  1371 185  1371 197  1371 206  1371 209  1371
 205  1371 195  1371 179  1371 157  1371 135  1471 116  1471 103  1471  95  1571
  91  1571  90  1671  89  1771  85  1871  78  1871  72  1851  75  1811  91  1551
 116  1351 142  1011 165  1251 183  1351 196  1511 204  1551 207  1651 204  1611
 195  1551 181  1551 165  1411 149  1451 135  1551 123  1511 114  1651 108  1651
 103  1711  99  1851  94  2051  89  2111  83  2051  80  2051  83  1911
481  85   001  73   001  70   001  72   001  67   001  73   001  86   271
 100   471 115   671 129   971 141  1071 151  1171 157  1171 160  1271 161  1271
 159  1171 153  1171 144  1071 133  1071 120   971 111   971 102  1071  96  1071
  91  1171  85  1171  78  1071  71  1071  66  1071  65  1071  70  1071  85  1071
 104   971 125   971 145  1171 161  1271 175  1471 188  1471 197  1571 201  1571
 200  1471 193  1371 182  1271 167  1171 152  1171 137  1071 127  1071 120  1071
 115  1071 111  1071 106  1071 100  1071  95  1071  92   951  95   911 106  1051
 123  1151 143  1211 164  1351 183  1451 199  1511 209  1651 213  1751 212  1811
 206  1751 196  1551 185  1411 174  1351 164  1151 154  1011 145  1051 137  1151
 130  1111 123  1151 116  1251 111  1211 107  1251 107  1151 109  1111
497  60   001  58   001  55   001  48   001  40   001  38   001  60   671
  84  1071 108  1271 129  1671 146  2071 159  2271 168  2371 172  2351 170  2411
 160  2151 145  1751 128  1411 113  1451 100  1551  90  1511  82  1651  76  1851
  70  1911  65  2051  59  2051  53  2111  47  2051  45  2071  53  1971  75  1871
 105  1771 136  1671 163  1871 184  2171 200  2371 210  2371 213  2471 209  2471
 195  2071 177  1771 156  1371 136  1471 119  1471 105  1571  96  1671  90  1871
  85  1971  80  2071  74  2071  67  2171  61  2071  59  2051  66  1911  85  1851
 111  1751 140  1611 166  1951 188  2251 205  2511 215  2651 217  2651 211  2711
 196  2351 176  1951 156  1511 141  1551 130  1651 120  1611 110  1751 100  1951
  92  2011  86  2151  82  2151  79  2211  76  2251  74  2151  78  2111
510  72   001  66   001  64   001  59   001  53   001  63   001  87   771
 110   871 130  1171 144  1271 153  1471 160  1571 166  1571 174  1471 180  1471
 182  1471 179  1371 169  1371 156  1371 138  1271 122  1271 110  1171 103  1171
  98  1071  93  1071  88  1171  80  1171  71  1171  66  1171  72  1171  94  1271
 124  1271 153  1371 172  1471 184  1471 192  1571 200  1571 208  1571 212  1571
 211  1571 204  1571 193  1571 176  1471 157  1371 141  1271 129  1271 122  1171
 117  1171 113  1171 110  1271 105  1271 100  1271  97  1151 102  1111 116  1351
 135  1451 154  1611 167  1651 176  1651 182  1611 187  1751 190  1851 190  1911
 186  1851 180  1751 170  1611 159  1551 147  1551 136  1411 128  1451 121  1351
 116  1311 112  1351 108  1451 104  1411 100  1451 100  1351 104  1311
579 124   001 118   001 114   001 111   001 107   001 115   001 122   471
 133   771 146   871 161  1171 174  1271 185  1371 193  1371 198  1271 198  1271
 193  1271 183  1171 171  1171 162  1271 152  1271 142  1371 131  1471 121  1471
 111  1571 104  1671  98  1871  92  1971  87  1971  85  2071  94  2071 115  1871
 143  1571 171  1371 190  1371 202  1471 211  1471 221  1471 227  1371 229  1371
 223  1371 210  1271 193  1271 174  1371 154  1371 137  1471 122  1571 112  1671
 103  1771  97  1871  92  1971  86  2071  81  2071  79  2151  85  2111 102  1951
 127  1651 153  1411 176  1451 195  1551 209  1511 219  1551 223  1551 220  1511
 209  1451 194  1351 177  1211 162  1351 148  1551 136  1611 125  1751 116  1851
 109  1911 104  2051 101  2051  99  2111  98  2151 100  2251 108  2211
588 106   001 101   001  96   001  99   001  96   001  96   001 108   671
 121   971 139  1271 156  1571 173  1771 187  1971 201  1871 211  1671 213  1571
 205  1571 189  1571 172  1571 154  1571 137  1471 123  1471 110  1471 102  1571
  94  1571  89  1671  84  1671  81  1771  76  1771  76  1771  83  1771 103  1671
 128  1671 153  1571 170  1871 183  2071 193  2371 204  2171 211  1971 213  1771
 206  1671 193  1671 176  1571 156  1571 136  1671 118  1671 104  1671  94  1671
  86  1671  79  1771  74  1871  68  1971  63  1971  62  1951  69  1911  88  1851
 113  1651 140  1511 163  1851 181  2051 196  2311 207  2251 213  2051 213  1911
 205  1851 191  1751 173  1611 153  1651 133  1651 115  1611 101  1651  90  1651
  83  1611  79  1851  76  1951  74  2111  73  2051  75  2051  83  1911
621  89   001  89   001  81   001  75   001  77   001  69   001  91   771
 114  1471 133  1771 151  1771 166  1771 180  1571 191  1471 198  1371 202  1271
 202  1271 194  1271 181  1271 158  1271 133  1171 110  1171  94  1371  85  1671
  80  1871  80  1971  82  1971  78  2071  70  2171  65  2171  74  2271 101  2271
 138  2271 172  2271 195  2071 209  1971 216  1771 221  1671 223  1571 221  1471
 215  1471 204  1471 189  1471 169  1471 150  1371 135  1371 126  1571 120  1771
 118  1971 116  2071 113  2071 109  2171 105  2271 102  2251 103  2311 110  2351
 121  2351 132  2311 141  2151 148  1951 153  1711 156  1851 157  1851 156  1911
 154  1751 149  1651 143  1411 135  1351 126  1351 118  1211 111  1551 107  1751
 104  2011 103  2151 102  2151 100  2211  96  2351  94  2351  96  2411
630  84   001  90   001  83   001  79   001  71   001  72   001  89   371
 109   571 129   871 144  1171 153  1371 159  1471 166  1371 173  1271 178  1171
 178  1171 174  1171 167  1171 158  1171 146  1071 135  1071 122  1071 111  1071
 101  1071  95  1071  89  1071  82  1071  72  1071  65  1171  71  1171  95  1171
 129  1171 161  1171 183  1271 196  1471 206  1571 216  1471 225  1471 229  1371
 226  1351 217  1251 205  1211 191  1151 177  1151 164  1011 152  1151 143  1151
 136  1211 131  1251 127  1351 121  1311 112  1351 105  1351 106  1311 119  1351
 138  1351 158  1311 173  1451 183  1651 190  1711 195  1751 198  1751 197  1711
 192  1651 183  1451 174  1311 165  1351 157  1251 150  1211 144  1251 138  1351
 134  1311 130  1351 127  1351 123  1311 119  1451 117  1551 119  1611
643 111   001 114   001 103   001  90   001  78   001  90   001 113   571
 136   971 158  1171 180  1271 199  1371 213  1471 220  1371 221  1371 217  1271
 209  1171 196   971 183   871 170   871 159   971 149   971 141  1071 136  1071
 128  1171 120  1271 109  1371  99  1471  89  1471  87  1371  96  1371 120  1371
 153  1371 182  1371 200  1471 209  1471 211  1571 209  1471 205  1371 198  1271
 190  1171 179  1071 168   971 158   971 149   971 141   971 135  1171 131  1271
 128  1471 123  1571 118  1671 111  1771 102  1671  98  1651 101  1511 116  1451
 137  1451 158  1311 173  1451 183  1651 188  1711 189  1751 186  1651 180  1611
 171  1451 161  1351 154  1111 151  1151 150  1251 149  1211 146  1351 141  1451
 136  1511 132  1651 129  1751 126  1811 123  1751 121  1751 126  1611
645 127   001 127   001 127   001 124   001 121   001 121   001 131   771
 143  1071 157  1071 172  1271 186  1171 198  1171 210  1171 218  1071 218  1071
 208  1071 193   971 175   971 160  1071 147  1171 139  1271 134  1271 131  1371
 127  1371 121  1371 114  1371 105  1371  98  1471  96  1471 104  1571 125  1571
 152  1471 176  1471 194  1471 205  1471 215  1471 223  1371 228  1271 228  1171
 219  1071 203  1071 183   971 161  1071 140  1271 125  1371 118  1471 115  1471
 113  1571 110  1571 105  1571  98  1571  91  1571  89  1651  95  1611 113  1551
 138  1551 162  1411 181  1451 195  1451 206  1411 215  1451 220  1351 218  1311
 206  1351 188  1251 169  1211 153  1351 142  1351 133  1411 127  1551 124  1651
 122  1711 121  1751 121  1651 119  1611 116  1651 115  1751 120  1711
650 139   001 132   001 126   001 122   001 120   001 120   001 125   671
 138  1071 155  1071 171  1171 185  1271 196  1271 205  1171 211  1071 212   971
 207   971 197   971 184   971 169  1071 155  1171 141  1271 132  1371 126  1571
 121  1671 117  1771 112  1871 105  1971  99  1871  97  1771 105  1671 126  1571
 155  1471 180  1371 195  1371 203  1471 206  1471 210  1371 212  1171 210  1071
 200  1071 186  1071 170  1071 154  1171 140  1171 130  1271 124  1471 122  1571
 119  1771 116  1871 111  1971 107  2071 103  1971 104  1951 110  1811 123  1751
 140  1551 158  1411 173  1451 184  1551 192  1511 197  1451 198  1451 194  1311
 185  1351 172  1351 160  1311 150  1351 142  1451 135  1411 129  1551 125  1751
 121  1811 118  1951 116  2051 114  2111 113  2051 115  1951 121  1811
675 137   001 132   001 131   001 125   001 111   001 119   001 135   971
 151  1971 168  1771 186  1671 202  1471 217  1371 222  1371 222  1471 218  1471
 210  1371 200  1371 185  1271 169  1271 154  1271 138  1271 124  1571 112  1871
 103  2171  96  2271  92  2371  85  2471  77  2571  75  2571  85  2671 112  2471
 148  2171 182  1971 204  1871 217  1871 222  1771 223  1771 221  1771 216  1771
 207  1671 194  1571 180  1471 164  1571 148  1571 134  1671 123  1871 114  2171
 107  2371 101  2471  93  2471  86  2571  78  2671  75  2651  81  2711 100  2451
 127  2151 154  1811 175  1851 190  1951 199  1911 204  1951 205  2051 200  2011
 190  1851 176  1751 161  1511 148  1651 136  1751 126  1811 117  2051 109  2351
 102  2511  97  2651  92  2851  88  2911  84  3051  83  3051  92  3111
690 147   001 131   001 121   001 113   001 107   001 114   001 131   471
 145   771 154   971 161   971 165   971 166   971 167   971 169  1071 171  1071
 172  1071 172   971 169   971 164   971 158  1071 153  1071 149  1071 148  1171
 145  1171 141  1171 136  1071 131  1071 127  1071 125  1171 130  1171 141  1071
 156  1071 168   971 172  1071 170  1071 167  1171 164  1271 163  1271 161  1371
 159  1271 157  1171 154  1071 149  1071 146  1071 142  1071 139  1171 137  1171
 134  1271 132  1171 129  1171 126  1071 122  1071 120  1051 124  1011 134  1051
 147  1151 157  1111 159  1151 156  1251 152  1211 151  1351 152  1351 153  1411
 153  1351 152  1351 150  1211 147  1151 145  1151 142  1011 140  1151 137  1351
 135  1411 132  1451 130  1451 128  1411 127  1451 129  1451 134  1411
747 128   001 126   001 105   001 105   001  90   001 106   001 116   871
 137  1171 159  1071 180  1071 198  1171 212  1171 219  1171 223  1171 221  1171
 214  1171 202  1171 188  1171 172  1271 155  1271 140  1371 128  1471 119  1571
 113  1671 110  1671 107  1571 104  1571  98  1571  96  1671 103  1671 126  1471
 156  1371 182  1171 196  1271 202  1271 203  1371 203  1371 202  1371 199  1371
 193  1371 185  1371 174  1371 161  1371 146  1471 135  1471 129  1571 126  1671
 125  1771 124  1671 123  1671 120  1571 116  1671 114  1751 119  1811 134  1651
 153  1451 172  1211 185  1351 192  1351 196  1411 197  1551 196  1651 192  1711
 186  1651 178  1451 171  1311 165  1351 159  1451 156  1411 154  1551 153  1651
 151  1711 148  1651 144  1651 140  1511 136  1651 136  1851 140  1911
NT  TEDF  78  35 1
20140409062014040901
20140409062014040902
20140409062014040903
20140409062014040904
20140409062014040905
20140409062014040906
20140409062014040907
20140409062014040908
20140409062014040909
20140409062014040910
20140409062014040911
20140409062014040912
20140409062014040913
20140409062014040914
20140409062014040915
20140409062014040916
20140409062014040917
20140409062014040918
20140409062014040919
20140409062014040920
20140409062014040921
20140409062014040922
20140409062014040923
20140409062014041000
20140409062014041001
20140409062014041002
20140409062014041003
20140409062014041004
20140409062014041005
20140409062014041006
20140409062014041007
20140409062014041008
20140409062014041009
20140409062014041010
20140409062014041011
20140409062014041012
20140409062014041013
20140409062014041014
20140409062014041015
20140409062014041016
20140409062014041017
20140409062014041018
20140409062014041019
20140409062014041020
20140409062014041021
20140409062014041022
20140409062014041023
20140409062014041100
20140409062014041101
20140409062014041102
20140409062014041103
20140409062014041104
20140409062014041105
20140409062014041106
20140409062014041107
20140409062014041108
20140409062014041109
20140409062014041110
20140409062014041111
20140409062014041112
20140409062014041113
20140409062014041114
20140409062014041115
20140409062014041116
20140409062014041117
20140409062014041118
20140409062014041119
20140409062014041120
20140409062014041121
20140409062014041122
20140409062014041123
20140409062014041200
20140409062014041201
20140409062014041202
20140409062014041203
20140409062014041204
20140409062014041205
20140409062014041206
002000100010001000100010001017112711271127122712271235123512311335133513311
23512351231123512351231123512351231123512351231133513351331133513351231133513351
33112351235113111351135113111351235123112351235123113351435143115351535153114351
43514311435143514311435133513311335133514311435143514311335133512311235123512311
005000100010001000110011001117122712271227122712271335123512311235123512311
23511351131123512351231123512351231123512351231123512351231123512351231133513351
43113351335123112351135113111351235123112351335133114351435143114351435143113351
33513311335133513311335133513311335133512311235123513311235123512311235133513311
015000100010001100110010001017112711271127112711271235123512311235123512311
23511351131123512351231123512351231123512351231123513351331123512351231123512351
23112351235123112351235113111351135123112351235123112351235133113351335133112351
23512311335133513311235123512311235133513311335143514311435133513311335133513311
027000100010001000110011001117122712271227122712271235123512311235123512311
23512351131113512351231123512351231123512351231123512351231123513351431143513351
33112351235123112351235123112351235123112351335133114351435143114351435133113351
33513311435143514311435143514311335133513311335143514311435143513311335133513311
070000100010001200150014001417142714271427142713271335143514311335123511311
13511351131113512351231123512351231123512351231123512351231123512351231123512351
23112351235123112351235123111351135113111351235123112351235123112351235123113351
33514311435153515311435133512311135123512311335133513311335133513311335133513311
110000100010001000100010001117122713271327132713271335133514311435143514311
33512351231123512351231123512351131123512351231123511351131123513351331133512351
23111351135123112351235123112351235133114351535163116351635163115351535153115351
53515311535163515311535143514311335143514311435153515311535153514311435143514311
120000100010001000100010001117122713271327133713371235123512311235123512311
23512351231123512351231123512351231133514351431133513351231123513351331133513351
33112351235123112351235123112351235123112351235123113351435143115351535153115351
53515311535153514311435133513311335143515311535163516311535153514311435143515311
130000100010001000100010001037112711271227122712271335133513311335133513311
33512351231123512351231123512351231123512351131113511351131113511351131123512351
23112351235123112351235123112351235123112351235123112351335133113351235123112351
23512311335133514311435143513311435143514311535153515311535153515311535153515311
145000100011001000140012001327132713271327132712271235123513311335133512311
23512351131113511351231123511351131113511351131113511351131113511351131123512351
23112351235123111351135113111351235123112351235123112351235123112351135123112351
33513311435133513311335123512311235123513311335123512311235133513311435143514311
149000110010001000110010001117112712271227122713371335133513311335133512311
23512351131113512351231123511351131113511351131113511351131113511351131113512351
23112351235123111351135113111351235123112351235123112351235123112351235123112351
33514311435143513311335123512311235123513311335123512311235123513311335143515311
156000120010001000120011001217121713271327132713271335133513311335133512311
23512351131113512351231113511351131113511351131113511351131113511351131123512351
23112351235123111351135113111351235123112351235123112351235123112351135123112351
33513311435133513311235123512311235123513311335123512311235123513311335143515311
168100100010001000100012001217131713171427142714271435133513311235123512311
23512351131113511351131113511351131113511351131113511351131113511351131113511351
13112351235123112351135113111351135113111351135113112351235123112351235123112351
33513311435143514311435133513311335133513311335123512311235133513311435143514311
180000100010001000100010001127112711271227122712371235123513311235123512311
13512351231123513351431143515351531143514351331133512351231123512351231123512351
23112351235123112351135113111351235123112351235113111351235123112351235113111351
13512311235133513311335143514311435143513311335133513311335133514311435143514311
190000110010001000100010001117112711271227122712371235123512311235123511311
23512351231133513351431143514351431143514351331133512351231123512351231123512351
23112351235123112351235123111351235123112351335133113351235123111351135113111351
23512311235123513311435143515311535153515311435133513311335133514311435153515311
222000100010001000100010001027112711271127122712271235123512311135113511311
13511351131113511351131113511351131113511351131113511351131113511351131113511351
13111351135113111351135113112351335143115351535153115351435133113351235123112351
23512311235123512311235123512311235123512311335133514311435143514311435153515311
240000100010001000100010001017101711271127112711271135113511311135113511311
13511351131113511351131113512351231123512351131113511351131113511351131113511351
13111351135113111351135113111351135113111351135113112351235123112351235123112351
33513311435143514311335123512311135113512311235133513311335133513311435143514311
255000100010001000100010001017112711271127112711271235123512311235113511311
13511351131113511351131113511351131113511351131113511351131113511351131113511351
13111351135113111351135113111351135113111351135113112351235123111351135113112351
23513311335143514311435133512311235123513311335133513311335133514311435143515311
260000100013001200100010001027112711271127122712271335133513311335123511311
13511351131113511351131113511351131113511351131113511351131113511351131113511351
13111351135113111351135113111351135113111351235123112351235123112351235123112351
23512311235133513311335133512311235123512311235123512311235123513311435143515311
280000120010001000100010001127112712271227122713271335123512311235123512311
23512351131113511351131113511351131113511351131113511351131113511351131113511351
13111351135113111351135113111351135113111351135113112351235133112351235113111351
13512311335143515311535143514311535153516311535153514311435143514311435143513311
299300100013001400130013001327122712271237123711371135113511311135113511311
13511351131113511351131123513351331133513351231123512351131113511351131113511351
13111351135113111351135113111351135113111351135123112351235123112351135113111351
13511311235123512311235123512311235133513311435153515311535163516311635163516311
434000110012001000100010001027102710271127112711271135113511311135113511311
13511351131113511351131113511351131113511351131113511351131113511351131113511351
13111351135113111351135113111351135113111351135113111351235123112351235123112351
33513311335123512311235123512311135113511311135113511311235123513311335133513311
460200100010001000110010001117111711271127112711371135113511311135113511311
13511351131113511351131113511351131113511351131113511351131113511351131113511351
13111351135113111351135113111351135123112351235123112351235123111351135113111351
23512311235133513311435153515311435143513311235123512311235123513311435153515311
481000100010001000100011001217122713271327132713271335133513311235123512311
23511351131113511351131113512351231123512351131113511351131113511351131113511351
13111351135113111351135113111351135113111351135113112351235123112351235113111351
23512311235123513311335133513311335143515311535163516311635153515311435143514311
497100130012001100110013001117112712271227132714271435153515311435143514311
33513351331133513351231123512351231123511351131113511351131113511351131123512351
23112351135113111351135113112351235123112351235123112351235123111351135123112351
23513311335133513311335123512311235133513311435143514311535153515311635163516311
510000100010001000100010001017112711271127113711371135113511311135113511311
13511351131113511351131113511351131113511351131123512351231123512351131113511351
13111351135113112351335133113351235123111351135123113351335143115351535153115351
53514311535153515311435143513311335133513311335133513311335133513311335133513311
579000100010001000130012001217122712271227113711271135113511311135113511311
13511351131113511351131113511351131113511351131113511351131113511351131113511351
13111351135113111351135113111351135123112351235123112351335133113351335133113351
33513311235123512311235123512311335133514311435143514311435153515311535153514311
588000100010001000130011001117112712171227112711271135113511311135113511311
13511351131113511351131113511351131113511351131113511351131113511351131113512351
23111351135113111351135113111351135113111351135113111351135113112351235123112351
23512311235133513311335133512311235123512311235123512311235133512311235123512311
621300130013001400130010001027102710271127112711271135113511311135113511311
13511351131113511351131113511351131123512351231123512351131113511351131123512351
33113351335133114351435153114351335123112351235133114351535163116351735173117351
63517311735173517311735163516311635163516311635153515311435143514311435143515311
630000100010001000100010001017102711271127112711371135113511311135113511311
13511351131113511351131113511351131113511351131113511351131113511351131113511351
13111351135113111351135113112351235133113351335133113351235123113351335143114351
43514311535163516311635153514311535153516311635163516311635163517311735173517311
643000100010001000100010001027102710271127112711371135113511311135113511311
13511351131113511351131113511351131113511351131113511351131113511351131113511351
13111351135113111351135113111351235133114351435153115351635163116351635163115351
43514311535153516311535143514311435143515311535153515311535163516311635153515311
645000100010001000110010001017102710271027112711271135113511311135113511311
13511351131113511351131113511351131113511351131113511351131113511351131113511351
13111351135113111351235123112351335133114351435143114351535153115351535153114351
33512311335133514311335133512311335143515311535153515311535153516311635163516311
650000100010001000100013001317132713271327132713371335123511311135113511311
13511351131113511351131113511351131113511351131113511351131113511351131123512351
23112351235123112351335143114351535143114351335133113351435143114351435143114351
43515311535153514311435143514311435143514311535153515311535163516311635153515311
675000100010001000100015001517142714271427132713271235123511311135113511311
13511351131113511351131113511351131113511351131113511351131123512351231123512351
23112351335133113351335133112351235123112351335133113351435143115351535153116351
63516311535153514311435143514311435143514311435143514311435143515311535153515311
690000120013001300140013001427152715271427142714371335133513311235123512311
23512351231123512351131123512351331133513351331133513351231123512351231133513351
33113351235133113351435143114351435133113351335143113351335133114351435153115351
53515311535153515311435143514311435143514311435133513311435143515311535153515311
747200120011001000100010001117112711271127112711371135113511311135113511311
13511351131113511351131113511351131113511351131113511351131113511351131123512351
23112351135113111351235123112351235123112351335143114351535153115351535153116351
63516311735173517311635163516311635163516311635163515311535153515311535153515311
