20161224071530
T2M TEDF  78  35 1
20161224072016122402
20161224072016122403
20161224072016122404
20161224072016122405
20161224072016122406
20161224072016122407
20161224072016122408
20161224072016122409
20161224072016122410
20161224072016122411
20161224072016122412
20161224072016122413
20161224072016122414
20161224072016122415
20161224072016122416
20161224072016122417
20161224072016122418
20161224072016122419
20161224072016122420
20161224072016122421
20161224072016122422
20161224072016122423
20161224072016122500
20161224072016122501
20161224072016122502
20161224072016122503
20161224072016122504
20161224072016122505
20161224072016122506
20161224072016122507
20161224072016122508
20161224072016122509
20161224072016122510
20161224072016122511
20161224072016122512
20161224072016122513
20161224072016122514
20161224072016122515
20161224072016122516
20161224072016122517
20161224072016122518
20161224072016122519
20161224072016122520
20161224072016122521
20161224072016122522
20161224072016122523
20161224072016122600
20161224072016122601
20161224072016122602
20161224072016122603
20161224072016122604
20161224072016122605
20161224072016122606
20161224072016122607
20161224072016122608
20161224072016122609
20161224072016122610
20161224072016122611
20161224072016122612
20161224072016122613
20161224072016122614
20161224072016122615
20161224072016122616
20161224072016122617
20161224072016122618
20161224072016122619
20161224072016122620
20161224072016122621
20161224072016122622
20161224072016122623
20161224072016122700
20161224072016122701
20161224072016122702
20161224072016122703
20161224072016122704
20161224072016122705
20161224072016122706
20161224072016122707
002  92   001  93   001  90   001  85   001  86   001  89   001  90   371
  92   671  96   871 102   971 107  1071 108  1071 106  1071 104  1071 102  1071
 101   971 100   971 100   971  99   971  99   971  98  1071  97  1171  97  1271
  97  1271  98  1371 100  1371 103  1271 106  1271 108  1171 110  1171 111  1071
 112  1071 113  1171 116  1171 118  1271 120  1271 121  1271 121  1271 122  1271
 121  1271 121  1271 119  1171 117  1171 115  1071 114  1171 113  1171 113  1271
 112  1271 112  1371 112  1371 112  1371 111  1371 109  1371 104  1271  97  1251
  92  1111  89  1151  89  1251  89  1211  90  1251  89  1251  87  1211  82  1251
  77  1151  72  1111  69  1051  68  1051  67   911  65  1051  62  1051  60  1111
  59  1251  60  1351  60  1411  60  1451  60  1551  60  1511  60  1551
005  87   001  78   001  76   001  81   001  71   001  63   001  63   671
  68   971  78   971  89  1071  99  1071 103  1071 101   971  97   971  93   871
  90   871  86   771  83   771  82   871  81   871  82   871  83   971  85   971
  84   971  82  1071  81  1071  80  1171  79  1171  81  1271  84  1171  89  1171
  95  1071 102  1071 109  1171 114  1171 117  1071 118  1071 117   971 117   971
 115   971 113   971 111   971 110  1071 110  1071 111  1171 112  1171 111  1271
 110  1271 109  1171 107  1171 107  1171 108  1271 106  1271 102  1371  97  1351
  93  1411  93  1351  95  1351  96  1211  95  1251  91  1151  85  1111  76  1051
  66  1051  58   911  53  1051  49  1151  47  1211  44  1351  41  1551  38  1611
  35  1651  31  1551  28  1511  24  1651  21  1651  20  1711  21  1751
015  78   001  72   001  70   001  64   001  64   001  59   001  56   571
  57   871  62   971  72  1071  82  1171  88  1171  88  1171  85  1171  82  1071
  79   971  78   871  77   871  78   971  78   971  78   971  78   971  78   971
  78  1071  78  1071  78  1171  78  1271  79  1271  81  1371  83  1351  87  1371
  91  1371  96  1371 100  1271 105  1271 109  1271 111  1271 112  1271 112  1171
 111  1171 111  1071 110  1071 109   971 108   971 108  1071 108  1071 108  1171
 107  1271 107  1271 107  1371 108  1371 108  1471 107  1471 103  1551  98  1551
  94  1611  93  1551  94  1451  96  1311  96  1351  94  1451  89  1411  80  1351
  70  1251  61  1111  54  1151  50  1151  46  1111  42  1251  38  1351  35  1411
  33  1451  31  1551  29  1511  26  1651  23  1751  23  1811  27  1851
027  84   001  84   001  76   001  70   001  67   001  58   001  62   471
  72   871  83   971  93  1171 100  1171 102  1171  99  1071  96  1071  88  1171
  81  1271  77  1371  75  1471  75  1571  74  1671  73  1571  72  1371  71  1271
  71  1371  71  1371  72  1471  73  1471  74  1371  76  1371  80  1271  86  1271
  92  1171  99  1171 105  1171 111  1171 116  1171 118  1171 119  1171 117  1271
 113  1271 109  1371 107  1571 106  1671 106  1871 106  1871 106  1771 105  1771
 104  1771 103  1771 104  1771 104  1771 104  1671 103  1671 100  1671  96  1551
  94  1511  96  1451 100  1251 103  1111 104  1151 101  1251  94  1211  83  1351
  71  1551  60  1611  53  1851  49  2051  46  2211  42  2251  38  2251  35  2211
  34  2251  33  2351  32  2311  29  2251  26  2051  23  1911  23  1851
070  67   001  70   001  76   001  81   001  80   001  81   001  84   771
  88  1071  90  1271  92  1271  90  1371  85  1271  78  1271  73  1271  70  1371
  66  1471  64  1571  63  1671  63  1771  63  1871  63  1971  63  1971  62  2071
  61  2071  60  2071  59  2071  58  2071  58  1971  59  1971  61  1871  65  1771
  69  1571  74  1571  80  1571  84  1471  87  1471  88  1471  89  1371  90  1571
  89  1671  89  1771  89  1871  89  2071  89  2171  88  2171  89  2271  88  2271
  86  2371  84  2371  85  2471  89  2371  94  2271  97  2171  96  2151  94  2051
  92  2011  93  1951  95  1851  97  1711  97  1651  94  1651  87  1611  77  1751
  65  1851  54  1911  45  2051  38  2251  32  2311  28  2451  25  2451  22  2511
  20  2551  17  2651  12  2711   5  2651  -1  2651  -2  2511   4  2551
110  55   001  46   001  55   001  55   001  45   001  47   001  50   571
  56  1171  68  1271  85  1171 102  1071 116  1071 121  1071 115  1071 106   971
  97   971  91   871  87   971  86  1071  88  1171  91  1171  94  1171  97  1171
 101  1171 104  1271 107  1271 109  1371 110  1371 110  1471 111  1471 112  1451
 116  1411 123  1351 130  1351 136  1211 138  1251 138  1151 135  1111 131  1151
 127  1251 123  1211 119  1251 116  1351 114  1311 113  1451 114  1551 114  1611
 114  1651 112  1551 109  1511 104  1651  99  1651  94  1711  90  1851  89  1951
  91  2011  98  1751 106  1551 112  1211 113  1351 110  1451 103  1511  94  1451
  83  1451  74  1311  67  1451  62  1451  58  1511  55  1551  52  1651  50  1611
  48  1651  47  1651  46  1611  45  1751  44  1951  44  2011  44  2051
120  72   001  69   001  67   001  61   001  57   001  63   001  66   471
  69  1071  75  1271  85  1271  96  1271 106  1171 109  1171 106  1071  99   971
  93   971  86   871  83   871  82   971  82   971  82   971  83  1071  85  1071
  89  1171  93  1271  97  1371 100  1371 102  1471 103  1471 104  1471 105  1471
 107  1471 112  1471 118  1371 122  1371 124  1371 124  1271 124  1271 123  1171
 122  1171 121  1071 120  1071 119  1171 117  1171 115  1171 114  1271 112  1271
 110  1371 110  1371 108  1471 104  1571 101  1571  99  1671  97  1671  96  1751
  96  1711  98  1651 100  1451 102  1311 102  1351 101  1351  96  1311  88  1251
  80  1251  72  1111  67  1251  64  1251  61  1311  58  1451  55  1451  53  1511
  51  1651  50  1651  49  1711  49  1851  48  1951  48  2011  48  2051
130  90   001  70   001  66   001  56   001  58   001  49   001  48   471
  53   971  62  1171  73  1371  86  1471  97  1471 101  1471  99  1471  92  1371
  83  1171  74  1071  68  1071  67  1171  67  1171  67  1271  67  1371  67  1471
  68  1571  69  1671  72  1771  76  1671  80  1671  84  1571  88  1471  91  1471
  94  1371  98  1371 102  1471 105  1471 109  1471 112  1471 114  1471 116  1371
 117  1171 117  1071 117  1171 115  1171 114  1271 112  1371 110  1471 108  1571
 107  1671 105  1871 103  1971 103  1871 102  1771 101  1671  99  1651  96  1651
  96  1611  99  1651 103  1551 106  1511 107  1551 105  1651  99  1611  90  1551
  79  1351  69  1211  61  1351  56  1551  52  1611  49  1851  46  1951  43  2111
  41  2251  38  2251  35  2311  31  2251  28  2151  26  2011  26  1951
145  71   001  77   001  78   001  79   001  76   001  69   001  65   371
  64   671  69   971  78  1071  86  1271  89  1271  87  1271  84  1271  80  1171
  76  1171  72  1071  68  1171  65  1251  63  1311  62  1251  60  1251  59  1111
  57  1251  55  1251  54  1311  54  1351  56  1251  58  1211  61  1251  64  1251
  70  1211  78  1251  87  1351  95  1311 100  1351 103  1351 104  1311 104  1251
 104  1251 103  1111 102  1251 100  1251 100  1311 101  1251 102  1151 103  1011
 102  1151 101  1151 100  1211  99  1251  98  1351  96  1311  91  1351  87  1451
  85  1411  88  1451  94  1351  99  1311 101  1351 100  1351  95  1311  87  1351
  77  1251  67  1211  58  1351  51  1451  44  1511  38  1551  33  1451  28  1411
  23  1551  19  1751  15  1811  11  1851   9  1751   9  1711  12  1751
149  73   001  76   001  78   001  79   001  71   001  70   001  69   571
  71   771  75   971  83  1071  91  1271  94  1271  94  1371  90  1371  85  1271
  79  1271  75  1171  71  1271  70  1271  68  1371  65  1471  61  1471  58  1571
  56  1471  55  1471  56  1371  57  1371  60  1271  62  1271  65  1271  69  1171
  74  1171  82  1271  91  1271  98  1371 103  1371 105  1451 106  1411 106  1351
 105  1351 104  1211 104  1351 103  1351 103  1411 102  1451 100  1451  99  1411
  98  1451  98  1351  99  1311 101  1351 102  1351 102  1311  99  1451  96  1451
  95  1511  98  1551 103  1651 107  1611 108  1651 106  1551 100  1511  91  1551
  80  1551  70  1511  62  1651  55  1651  49  1711  42  1751  35  1651  28  1611
  22  1751  17  1751  13  1811   9  1851   7  1751   7  1711  11  1851
156  78   001  81   001  84   001  87   001  83   001  78   001  77   571
  80   871  84  1071  90  1271  94  1371  94  1371  92  1371  90  1271  88  1171
  87  1171  85  1071  81  1171  77  1271  74  1371  72  1371  70  1471  69  1471
  69  1471  68  1471  68  1471  68  1471  67  1471  68  1471  70  1371  74  1371
  80  1271  88  1371  97  1371 103  1471 106  1371 108  1371 109  1271 111  1271
 112  1171 112  1171 109  1271 106  1271 104  1371 104  1371 105  1471 106  1471
 106  1471 106  1471 106  1471 107  1471 107  1571 106  1571 102  1551  98  1651
  96  1611  98  1651 103  1651 107  1611 108  1551 106  1451 101  1311  94  1351
  86  1351  79  1311  73  1351  69  1451  65  1411  60  1551  56  1551  51  1611
  47  1651  44  1751  40  1711  36  1751  32  1851  29  1811  27  1851
168  69   001  72   001  76   001  77   001  78   001  83   001  85   571
  86   771  89   971  95  1171 100  1271  99  1271  94  1271  88  1271  79  1371
  70  1471  61  1571  58  1671  57  1671  58  1771  58  1771  58  1671  58  1671
  58  1671  58  1771  58  1771  58  1671  57  1671  57  1571  57  1471  59  1471
  63  1371  71  1371  81  1271  90  1271  96  1371  99  1371  98  1471  93  1571
  87  1671  82  1771  82  1871  84  1871  86  1971  86  1971  84  1971  82  1971
  81  1971  82  2071  84  2071  88  1971  92  1971  94  1871  93  1851  91  1951
  91  1911  96  1751 103  1651 109  1411 111  1551 109  1551 102  1611  91  1751
  78  1751  64  1811  52  1951  42  1951  34  2011  29  2051  26  2151  24  2111
  21  2151  18  2251  14  2211   9  2251   5  2251   4  2211   6  2251
180  55   001  59   001  62   001  60   001  58   001  61   001  69   671
  77   971  82  1271  82  1671  79  1871  74  1971  71  1971  69  2071  66  1771
  61  1571  59  1271  58  1271  59  1371  60  1371  59  1471  57  1471  55  1571
  54  1471  55  1471  56  1371  57  1471  58  1571  59  1671  59  1671  59  1571
  61  1571  65  1771  69  1971  74  2171  77  2271  79  2271  79  2371  77  2171
  75  1871  73  1671  74  1671  75  1671  76  1671  75  1671  72  1771  69  1771
  67  1771  65  1871  66  1871  69  1871  73  1871  78  1871  82  1851  86  1951
  89  1911  92  2151  93  2251  93  2411  90  2551  86  2551  80  2611  74  2351
  68  1951  62  1611  55  1651  47  1751  40  1711  33  1851  27  1851  22  1911
  18  1951  14  2051  11  2011   8  2151   6  2151   6  2211   9  2251
190  60   001  54   001  53   001  57   001  66   001  68   001  69   871
  70   971  73  1271  76  1771  78  2071  76  2071  70  1971  67  1971  63  1771
  59  1471  56  1271  54  1271  53  1351  52  1311  50  1451  48  1451  47  1511
  48  1451  50  1451  53  1311  55  1351  57  1351  59  1311  61  1351  63  1351
  66  1311  69  1651  72  2051  75  2311  76  2351  77  2251  76  2211  74  1951
  72  1651  70  1311  69  1451  67  1551  66  1611  64  1751  62  1751  60  1811
  60  1751  61  1651  63  1511  65  1551  68  1651  70  1611  72  1651  75  1651
  80  1611  87  1951  93  2351  97  2611  96  2651  90  2551  83  2511  76  2151
  69  1751  62  1311  56  1451  50  1651  44  1711  37  1851  31  1851  26  1911
  24  1951  22  1851  19  1811  14  1851   8  1951   5  1911   7  1951
222 123   001 123   001 117   001  98   001  85   001  74   001  73   471
  77   771  85  1071  96  1271 106  1471 109  1471 109  1471 103  1471  93  1371
  82  1371  72  1271  70  1271  72  1271  74  1271  74  1271  73  1171  73  1171
  77  1171  83  1171  89  1171  94  1171  97  1171  98  1171  97  1171  97  1071
  99  1071 106  1271 115  1371 123  1571 126  1571 126  1571 124  1571 121  1471
 117  1471 113  1371 111  1371 111  1271 110  1271 109  1271 107  1271 105  1271
 104  1271 103  1271 104  1271 107  1271 109  1371 109  1371 105  1351 101  1351
  99  1311 102  1451 109  1551 114  1611 116  1651 114  1751 109  1711 101  1651
  93  1651  85  1511  79  1551  74  1651  70  1611  65  1651  61  1751  56  1711
  52  1751  48  1651  45  1611  42  1651  40  1751  38  1711  36  1651
240  89   001  93   001  97   001 101   001 103   001  99   001  97   471
  97   871  98  1271 103  1171 106  1271 106  1271 102  1271  98  1271  89  1271
  78  1171  68  1171  60  1171  58  1171  57  1171  57  1171  56  1271  55  1271
  52  1271  50  1371  50  1371  54  1271  59  1271  65  1171  69  1271  72  1271
  77  1371  85  1371  95  1371 104  1371 111  1371 116  1351 117  1311 114  1351
 108  1251 103  1211 100  1251  99  1151  99  1111  99  1251  98  1251  96  1311
  93  1451  90  1451  89  1511  90  1551  91  1451  92  1411  91  1551  89  1651
  90  1711  94  1651 101  1451 107  1311 112  1351 113  1351 110  1311 102  1351
  90  1451  79  1411  70  1451  62  1451  56  1411  50  1551  45  1751  40  1811
  36  1951  31  1951  27  2011  22  1951  19  1951  16  1811  16  1951
255  59   001  79   001  80   001  85   001  90   001  95   001  98   371
 100   971 101  1571 101  1871 101  2171  97  2071  94  1871  91  1771  84  1571
  76  1271  68  1071  62  1171  58  1251  56  1311  55  1251  53  1251  52  1111
  50  1251  48  1451  47  1511  48  1551  50  1451  53  1411  56  1471  60  1371
  66  1371  73  1671  81  1971  89  2271  96  2071 101  1971 102  1771  98  1571
  92  1471  87  1271  85  1371  85  1371  85  1471  85  1471  83  1471  82  1471
  81  1571  79  1671  79  1771  79  1771  80  1771  80  1771  79  1751  78  1851
  79  1811  84  1951  90  2151  96  2211  99  2151  99  2051  96  1911  90  1751
  83  1651  76  1411  70  1451  66  1551  61  1511  56  1551  50  1651  45  1611
  41  1751  37  1951  32  2011  25  2051  17  2051  12  2011  11  2051
260  54   001  61   001  57   001  65   001  71   001  78   001  79   471
  78   871  79  1371  83  1571  91  1871  99  1871 103  1871 100  1871  90  1871
  77  1871  64  1871  56  1871  54  1851  53  1811  53  1951  52  2051  50  2111
  47  2151  43  2251  41  2211  42  2251  45  2251  49  2211  53  1951  58  1751
  64  1411  72  1651  80  1951  88  2111  95  2051  98  2051  97  1911  90  1951
  81  1951  74  1911  71  2051  72  2051  74  2111  76  2251  77  2351  76  2411
  74  2551  71  2551  70  2611  71  2651  74  2551  77  2511  78  2351  79  2051
  81  1811  85  1951  91  2151  96  2211 100  2251 101  2151  98  2111  91  2251
  81  2251  71  2311  63  2251  57  2251  53  2111  50  2351  46  2551  42  2711
  37  2851  30  2951  23  3011  16  3051  11  3151  10  3111  14  2851
280  50   001  48   001  59   001  60   001  58   001  61   001  65   571
  68  1071  71  1471  74  1771  74  1971  72  2171  67  2171  67  2271  65  2071
  61  1871  57  1671  54  1771  52  1751  50  1811  47  1851  43  1951  40  1911
  38  1951  36  2051  35  2011  34  2051  32  1951  32  1911  33  1851  35  1851
  39  1711  45  2051  52  2251  59  2511  64  2551  67  2451  69  2411  69  2351
  68  2151  67  2011  65  2051  63  2051  61  2011  58  2051  56  2151  54  2111
  53  2251  52  2251  52  2311  52  2251  53  2151  55  2011  58  2051  62  2051
  66  2011  71  2251  75  2451  79  2611  81  2751  82  2851  81  2911  78  2651
  74  2351  68  2011  62  2151  55  2151  50  2211  46  2351  43  2451  39  2511
  34  2551  28  2651  21  2611  14  2551   9  2551   7  2411   9  2451
299  56   001  40   001  30   001  34   001  38   001  36   001  43   571
  54   871  63  1271  69  1671  73  1871  76  1971  78  1971  77  2071  72  1771
  65  1571  57  1271  54  1271  53  1271  53  1271  52  1371  49  1471  46  1571
  43  1571  41  1471  40  1471  41  1471  43  1571  45  1571  47  1471  49  1371
  52  1271  56  1471  62  1771  68  1971  74  2071  78  2071  78  2171  73  1871
  66  1571  58  1271  54  1271  52  1371  50  1371  47  1471  42  1571  39  1671
  37  1671  36  1771  37  1771  39  1771  42  1671  46  1671  50  1651  55  1651
  61  1611  69  1851  78  1951  85  2111  89  2251  89  2251  85  2311  76  2051
  66  1751  58  1411  54  1451  53  1551  51  1511  46  1651  40  1651  33  1711
  28  1851  22  2051  16  2111   8  2151  -1  2151  -6  2111  -6  2051
434  67   001  69   001  74   001  74   001  81   001  84   001  86   871
  88  1171  91  1371  96  1371 100  1371 103  1371 101  1371 100  1371  96  1271
  90  1271  83  1171  77  1171  73  1071  69  1071  67  1171  66  1171  66  1271
  67  1271  69  1371  71  1371  72  1471  73  1471  74  1571  76  1571  78  1571
  82  1571  87  1571  93  1571  97  1571 100  1571 101  1571 101  1571  98  1471
  95  1371  92  1271  88  1271  86  1171  85  1171  85  1271  85  1271  85  1371
  83  1371  81  1471  80  1471  80  1571  79  1671  79  1771  78  1751  78  1851
  80  1811  86  1851  94  1951 101  1911 104  1951 103  1851 101  1811  98  1751
  94  1551  89  1411  84  1351  79  1351  75  1211  72  1351  69  1351  67  1411
  65  1551  63  1551  59  1611  54  1751  48  1851  45  1911  45  2051
460  58   001  62   001  58   001  59   001  58   001  53   001  56   571
  65  1271  76  1571  88  1871  98  1971 104  2071 106  2071 103  2071  97  1971
  89  1771  81  1671  77  1571  73  1571  70  1471  66  1671  60  1871  55  2071
  51  1971  48  1971  47  1871  48  1871  50  1871  53  1871  57  1871  62  1971
  68  1971  75  2071  82  2271  90  2371  97  2371 102  2471 100  2471  92  2271
  80  2071  70  1871  67  1871  67  1771  69  1771  69  1971  67  2171  64  2371
  60  2271  58  2171  57  2071  58  2071  62  2071  65  2071  68  2051  70  2151
  75  2111  83  2351  91  2451  98  2611 101  2651 101  2751  97  2711  90  2551
  82  2451  75  2211  71  2151  70  2151  69  2011  68  2251  66  2351  63  2511
  58  2551  52  2551  45  2511  37  2551  29  2551  26  2511  28  2451
481  38   001  38   001  31   001  38   001  42   001  39   001  42   671
  49  1071  56  1871  61  2071  65  2471  67  2271  68  2171  70  1971  70  1871
  67  1771  65  1671  63  1771  62  1771  60  1871  58  1871  55  1971  52  1971
  49  1971  47  2071  44  2071  42  2071  41  2171  40  2171  39  2171  38  2271
  39  2271  43  2371  48  2571  53  2671  58  2571  62  2471  64  2371  60  2171
  55  2071  49  1871  47  1971  47  1971  46  2071  45  2171  43  2171  41  2271
  40  2371  38  2471  38  2571  38  2471  40  2471  41  2371  43  2351  46  2451
  51  2411  58  2451  66  2451  74  2411  80  2351  84  2151  84  2011  81  1951
  75  1951  69  1811  64  1951  60  2151  58  2211  56  2351  55  2451  53  2511
  50  2651  45  2751  40  2811  35  2851  30  2751  26  2711  23  2851
497 -16   001 -12   001 -18   001 -19   001  -3   001 -23   001 -25   771
 -15  1671   5  2171  32  2171  57  2071  73  2071  74  1971  66  1971  56  2071
  48  2271  41  2371  35  2271  27  2271  23  2171  20  2271  17  2471  14  2571
  11  2671   8  2671   8  2771  10  2771  13  2871  13  2871  10  2871   8  2871
  15  2871  35  2571  60  2371  79  2071  84  2171  78  2171  68  2271  58  2371
  47  2471  39  2571  32  2471  27  2371  23  2271  20  2371  19  2471  18  2571
  18  2671  18  2771  19  2871  21  2871  22  2971  20  2971  16  3071  14  3051
  22  3111  44  2751  70  2351  89  1911  92  2051  84  2051  73  2111  66  2351
  61  2451  56  2611  48  2651  39  2751  31  2711  25  2751  21  2651  18  2611
  14  2651  11  2751  10  2711  11  2851  11  2951   8  3011   1  3151
510 115   001 119   001 116   001 119   001 121   001 119   001 121   471
 126   871 129  1171 132  1371 135  1571 137  1471 138  1271 139  1171 134  1171
 127  1071 119  1071 114  1071 113  1071 113  1071 115  1171 115  1171 116  1271
 117  1271 117  1271 117  1271 116  1271 115  1271 114  1271 113  1271 114  1171
 116  1171 119  1371 124  1571 129  1771 134  1671 137  1451 137  1311 133  1351
 127  1251 121  1211 117  1251 115  1251 113  1211 110  1251 107  1351 105  1311
 103  1351 103  1351 102  1311 101  1351 101  1451  99  1411  97  1551  96  1551
  97  1611 102  1751 111  1851 119  1911 126  1851 130  1751 131  1611 128  1651
 122  1551 117  1511 113  1551 111  1451 109  1411 106  1551 102  1551  97  1611
  92  1751  86  1751  82  1811  79  1851  78  1751  77  1711  76  1851
579   9   001  51   001  60   001  60   001  67   001  66   001  77   671
  94  1071 113  1371 131  1171 144   971 146  1071 139  1171 133  1271 122  1371
 109  1571 101  1671  97  1871  95  1971  93  2171  89  2471  85  2671  82  2971
  81  2971  82  2871  82  2871  81  2971  78  2971  77  3071  78  2771  82  2371
  90  2071 102  1771 114  1371 125  1071 130  1071 129  1171 123  1171 114  1371
 102  1671  93  1871  87  2071  83  2171  80  2371  77  2571  75  2871  73  3071
  72  3171  70  3171  67  3271  62  3271  57  3271  56  3271  62  2951  74  2651
  88  2311 103  1951 117  1551 127  1111 132  1151 132  1251 127  1211 118  1451
 107  1751  98  1911  93  2051  91  2251  90  2311  88  2651  86  3051  83  3311
  80  3351  77  3251  76  3211  77  3351  78  3351  80  3411  81  3151
588  27   001  15   001  32   001  36   001  39   001  43   001  53   671
  66  1271  81  1471  96  1571 109  1671 117  1671 118  1671 115  1671 101  1771
  81  1771  64  1871  56  1971  55  2071  57  2171  59  2171  60  2071  60  2071
  59  2071  56  1971  55  1971  55  1971  56  1871  58  1871  60  1871  65  1871
  73  1871  85  1871  99  1771 113  1771 123  1771 126  1771 122  1771 109  1871
  93  2071  76  2171  65  2171  58  2271  53  2271  48  2271  44  2271  42  2271
  41  2271  41  2271  41  2271  39  2271  38  2271  40  2211  46  2151  57  2051
  72  1911  91  1951 112  1851 131  1811 145  1951 150  1951 143  2011 123  2051
  96  2051  73  2011  61  2151  57  2351  56  2411  55  2451  53  2451  51  2411
  50  2351  50  2351  48  2211  45  2251  41  2351  40  2311  42  2251
621  77   001  79   001  78   001  92   001  75   001  63   001  74   771
  96  1071 119  1471 135  1671 143  1771 142  1671 135  1571 125  1371 111  1571
  97  1671  88  1871  85  1971  87  2071  88  2171  85  2071  80  1871  76  1771
  74  1971  74  2071  72  2271  68  2371  64  2371  63  2471  69  2271  79  1971
  92  1771 104  1771 117  1871 127  1871 135  1771 137  1571 130  1471 114  1671
  95  1771  80  1971  74  2071  75  2171  75  2271  71  2071  65  1971  60  1771
  58  1971  57  2071  57  2271  55  2371  53  2371  52  2471  54  2251  60  2151
  70  1911  83  1951  98  2051 111  2011 120  1951 122  1851 116  1711 101  1851
  83  1951  68  2011  62  2151  62  2151  62  2211  58  2251  53  2151  49  2111
  48  2251  49  2351  50  2411  48  2551  45  2651  42  2711  41  2551
630 101   001 101   001 105   001 108   001 109   001 107   001 111   471
 118  1271 125  1571 131  1871 135  1971 135  1771 131  1671 130  1471 126  1471
 120  1471 114  1471 111  1571 111  1551 110  1611 108  1551 105  1451 101  1311
  97  1451  94  1451  92  1511  91  1651  90  1751  90  1811  91  1851  93  1851
  97  1811 104  1951 113  1951 121  2011 127  1851 130  1751 129  1511 124  1651
 116  1651 109  1711 104  1751 100  1851  97  1811  93  1751  89  1751  85  1611
  80  1651  76  1751  73  1711  72  1851  72  1851  73  1911  74  2051  76  2151
  80  2211  88  2251  98  2151 107  2111 114  2051 118  1951 118  1811 115  1851
 109  1851 103  1811  98  1851  94  1751  91  1711  88  1751  84  1651  79  1611
  72  1851  65  1951  60  2111  57  2251  56  2351  56  2411  56  2551
643  21   001  34   001  32   001  16   001  12   001  18   001  30   571
  48   771  73   971 100   871 128   971 150  1071 161  1071 155  1171 141  1171
 124  1171 109  1171 102  1271 100  1271  99  1371  97  1471  94  1471  89  1571
  85  1571  81  1571  77  1571  75  1571  73  1571  73  1571  75  1471  80  1371
  91  1271 106  1171 124  1171 140  1071 153  1171 158  1171 155  1271 144  1271
 129  1271 113  1271 101  1371  92  1371  86  1471  81  1471  77  1471  73  1471
  70  1471  67  1371  63  1371  59  1471  56  1571  57  1611  64  1651  77  1551
  92  1511 109  1351 125  1251 139  1011 148  1151 152  1351 148  1411 137  1451
 122  1351 109  1311 102  1451  98  1451  96  1511  92  1551  88  1451  85  1411
  83  1451  83  1451  82  1411  81  1551  80  1651  80  1711  83  1751
645  27   001  26   001  36   001  59   001  74   001  62   001  67   571
  83   671 105   971 130  1071 151  1171 162  1171 159  1171 149  1071 134  1271
 121  1371 109  1571 104  1671 102  1671 100  1771  97  1771  91  1871  87  1871
  84  1771  82  1771  81  1671  80  1671  80  1771  81  1771  84  1571  91  1271
 102  1071 118  1171 136  1171 150  1271 158  1171 158  1171 151  1071 138  1271
 123  1471 109  1671 101  1771  97  1771  94  1871  91  1871  88  1871  84  1871
  82  1871  81  1771  79  1771  75  1771  73  1771  74  1711  81  1551  93  1351
 107  1111 122  1251 136  1251 147  1311 153  1351 153  1251 146  1211 133  1451
 118  1551 106  1711 101  1851 101  1951 102  2011 102  2051 100  1951  98  1911
  96  1851  94  1851  93  1711  92  1851  92  1851  93  1911  94  1751
650  35   001  26   001  15   001  32   001  52   001  47   001  52   571
  63   771  77  1071  96  1471 115  1671 134  1571 146  1371 146  1171 140  1171
 132  1171 124  1171 120  1271 118  1451 116  1511 112  1751 106  1951 101  2111
  97  2251  95  2251  93  2311  92  2251  91  2051  93  1911  97  1751 104  1651
 112  1411 120  1551 129  1651 136  1711 142  1551 144  1351 142  1111 135  1251
 124  1251 113  1311 104  1451  96  1651  88  1711  80  1951  73  2051  68  2211
  65  2251  62  2251  60  2211  57  2151  55  2051  57  1911  66  1851  80  1751
  96  1611 113  1751 128  1751 140  1811 148  1651 150  1451 146  1211 136  1251
 123  1351 112  1311 105  1551 101  1751  98  1911  93  2051  88  2251  82  2311
  77  2351  72  2451  70  2411  70  2451  73  2351  76  2311  80  2151
675   3   001   0   001  -1   001  -7   001  -1   001  -3   001   8  2371
  25  2271  48  2171  76  2071 102  1971 128  1771 143  1451 142  1211 129  1351
 110  1351  89  1411  72  1651  60  1751  54  1911  53  2151  55  2451  56  2611
  54  2651  51  2551  49  2511  49  2651  50  2751  52  2811  54  2751  58  2551
  68  2411  86  2251 109  2151 131  1911 149  1751 158  1551 155  1311 138  1451
 114  1451  91  1511  75  1751  66  2051  59  2211  53  2351  46  2551  41  2611
  37  2651  33  2551  29  2511  23  2651  19  2751  20  2811  28  2751  44  2651
  66  2511  94  2351 123  2251 150  2011 171  1851 180  1751 175  1511 153  1551
 122  1651  94  1611  76  1851  67  2051  63  2211  59  2351  56  2551  52  2611
  49  2751  46  2751  44  2811  43  2951  44  3051  48  3111  55  2851
690  85   001  83   001  80   001  79   001  81   001  76   001  84   571
 101   871 120   971 138  1171 153  1171 159  1071 156   971 149   871 137  1171
 122  1371 112  1671 104  1471 101  1371  98  1171  96  1171  94  1071  93  1071
  92  1171  91  1371  90  1471  89  1371  88  1171  88  1071  89  1071  93  1171
 102  1171 117  1171 134  1171 147  1171 153  1071 151  1071 144   971 131  1171
 118  1371 107  1571 102  1471 101  1471 100  1371  98  1271  96  1171  93  1071
  91  1171  90  1371  89  1471  87  1371  86  1171  87  1071  90  1151  96  1251
 106  1311 120  1251 134  1251 146  1111 153  1051 153  1051 148   911 137  1151
 125  1451 115  1611 110  1551 109  1451 108  1311 105  1251 101  1151  97  1011
  94  1151  93  1351  92  1411  92  1351  92  1251  94  1111  97  1251
747 101   001 130   001 128   001 130   001 135   001 110   001 112   671
 129   871 148  1071 162  1271 170  1371 169  1271 161  1171 155  1071 148  1271
 139  1571 134  1771 132  1871 132  1971 135  2071 135  2071 134  2071 132  2071
 129  2171 126  2271 122  2371 119  2271 116  2271 116  2171 119  1971 124  1671
 132  1471 143  1471 154  1471 163  1471 168  1371 169  1271 164  1171 156  1471
 146  1771 139  2071 136  2171 136  2171 136  2271 131  2271 124  2171 119  2171
 117  2271 116  2471 114  2571 109  2471 103  2371 101  2211 105  2151 114  2051
 126  1911 139  1851 152  1751 161  1611 165  1551 164  1451 158  1311 148  1651
 136  1951 126  2211 120  2351 116  2451 113  2511 109  2551 105  2651 101  2611
  98  2751  96  2851  93  2911  89  2851  85  2851  86  2711  93  2451
NT  TEDF  78  35 1
20161224072016122402
20161224072016122403
20161224072016122404
20161224072016122405
20161224072016122406
20161224072016122407
20161224072016122408
20161224072016122409
20161224072016122410
20161224072016122411
20161224072016122412
20161224072016122413
20161224072016122414
20161224072016122415
20161224072016122416
20161224072016122417
20161224072016122418
20161224072016122419
20161224072016122420
20161224072016122421
20161224072016122422
20161224072016122423
20161224072016122500
20161224072016122501
20161224072016122502
20161224072016122503
20161224072016122504
20161224072016122505
20161224072016122506
20161224072016122507
20161224072016122508
20161224072016122509
20161224072016122510
20161224072016122511
20161224072016122512
20161224072016122513
20161224072016122514
20161224072016122515
20161224072016122516
20161224072016122517
20161224072016122518
20161224072016122519
20161224072016122520
20161224072016122521
20161224072016122522
20161224072016122523
20161224072016122600
20161224072016122601
20161224072016122602
20161224072016122603
20161224072016122604
20161224072016122605
20161224072016122606
20161224072016122607
20161224072016122608
20161224072016122609
20161224072016122610
20161224072016122611
20161224072016122612
20161224072016122613
20161224072016122614
20161224072016122615
20161224072016122616
20161224072016122617
20161224072016122618
20161224072016122619
20161224072016122620
20161224072016122621
20161224072016122622
20161224072016122623
20161224072016122700
20161224072016122701
20161224072016122702
20161224072016122703
20161224072016122704
20161224072016122705
20161224072016122706
20161224072016122707
002200110014001000100011001217131714271527152715271535153116351635173117351
63516311635163516311635163515311535153515311635163517311735173517311735173517311
63516351531153515351531163516351631163516351631163517351731173516351531143513351
23112351235133113351335123113351335133113351335133112351235123112351235123112351
005400130012001300110015001517152716271627162716271635153115351635163116351
63516311635163516311635153515311535163516311635163517311735173517311735173517311
63516351531153516351631163515351531153515351531163517351731173516351631153514351
43114351435143114351435143114351435143113351335123113351335133113351235123112351
015500120014001300100010001217131714271427152715271535153115351635163117351
73517311635163516311635173517311635163516311635173517311835183517311735173517311
63516351631163516351631163516351531153515351531163516351731173517351731163515351
53114351435143114351435133113351335133112351235123112351235123112351335133113351
027400130012001400100011001217131714171527152716371635153115351535153115351
53516311635153515311535153516311635163515311635163517311735173517311735163516311
63516351631163516351531153515351531153515351531153516351731173516351631153515351
53115351435143114351335133112351235123112351335133113351335123113351335133113351
070600150012001300140016001617151715271627162716271535153115351535153116351
63517311735173516311735173517311735163516311635173517311735173517311735173516311
63515351531153515351631153515351531153515351531153516351631163516351731173517351
63116351635153115351535143114351335123112351135123112351335133113351335133113351
110300130013001200110014001417152715271627162716271635153115351435143114351
43514311535153516311735173517311635153515311535163517311735173517311735173517311
73517351731163515351531153515351531153515351531153516351631163515351531143514351
43114351435143113351335133113351435143113351335123112351235123112351235113112351
120200140013001300110014001427142714271437143714371435143114351435143114351
53515311535153516311635163516311535153514311535163517311735173517311735173517311
63516351531153515351531143514351331133513351431153516351731163516351531153514351
43114351435143113351235123112351335133113351335133114351435143114351435143113351
130300120014001400110012001327132714271527152715271535143114351435153115351
53515311535143514311435153515311535153515311635163517311735173517311735173517311
63515351431143514351531153515351531153515351531153515351631163516351731173517351
63115351335123112351235123112351235123112351335133113351235133113351335133113351
145300110013001200140010001117121713271427152715271635163115351535153115351
63517311735163516311635163516311635153515311535163517311735183517311735163516311
53515351531153515351531153515351531153515351631163516351631163516351631163515351
43115351535153115351435143113351435133113351335123113351435143114351335123112351
149400120013001000110012001317132714271527152716271735163116351535153115351
63517311735163515311635163516311635153515311535163517311735183517311735163516311
53515351531153515351531153515351531153515351531163516351631163516351631163515351
53115351535163115351435143113351335133113351235123113351335143113351335123112351
156400120014001200130012001317141715271627162717271735163116351535153115351
63517311735163516311635163516311635153515311535163517311835183517311735163516311
53515351531153515351531153515351531153515351531163516351631163516351631163515351
43115351535153115351435143113351335133113351235123113351335143113351335123112351
168500170014001200130013001317141714271427152715271535153115351435153115351
63516311635173517311735173517311735173517311735173517311735173517311735173517311
63516351631163516351631153515351531153515351631163516351631163517351731173517351
73117351635163115351535143113351235123111351135123112351235123113351435143114351
180400150017001400130014001417152715271527162716371535153114351435143114351
53515311635163517311735173517311735173517311735173517311735173517311735163515311
53515351431153515351631163516351531153515351531153515351531163517351731183518351
73117351635163115351435143113351335133113351435143114351435143114351335133114351
190700170015001700170016001627162716271627163716371635153115351535153115351
53515311535163517311735163516311635173517311735173517311735173517311735163516311
53515351531153514351431133513351331143515351531153514351431143515351631173517351
73116351635153115351435143114351435143113351235123112351235123112351235123113351
222200130013001400140012001317132714271427152715371635163116351535143114351
43515311535153515311535153516311635153515311635163517311735173517311735173517311
63516351531153515351531153515351531153514351431143515351631163516351631173517351
73117351635163115351435143114351435153114351435133113351235133113351435143114351
240400120012001300140013001317141714271427152715271535153115351535163116351
63515311535143514311435153516311635163516311635173517311735173517311735173517311
63516351631163516351631163516351631163515351531153514351431153516351731183518351
73117351635153115351535143114351435133112351235123112351235123112351235123112351
255300140014001300130014001517152716271627162717371735163116351535153115351
63517311735173516311635153515311535153516311635173517311735173517311735173516311
63515351531163516351731163516351531153516351631163515351531153516351731183517351
73117351735173116351635163116351535153114351435133113351335133113351335133112351
260400140014001300120014001517151716271627172717371735173116351535153115351
53516311635163516311635163516311635163516311735173517311735173517311735173516311
63516351531153515351531153515351531153515351531153516351631163517351731173517351
73117351735163116351535153115351535153115351435143113351335133113351335123112351
280500140014001400140014001517161717271727172717271735173116351535143114351
43515311535163516311635163516311635163516311735173517311735163516311635153515311
53515351531153515351531153515351531163516351631163516351631163517351731173517351
73117351735173117351735173116351635153114351335123112351235133113351335133113351
299400150015001600140015001527162716271627162717371735163116351535153114351
43515311535163516311735173517311735173517311735163516311635173517311735163516311
63516351531143513351231133513351431143513351331133514351431153515351631163516351
73117351735173116351635163116351535153114351335133113351335133113351335133113351
434300130012001200130012001317142715271627162717271735163115351535143114351
43515311535143514311435143514311435153515311635163517311735173517311735173517311
63515351531153515351531153514351431143514351531153515351531163516351731173517351
73117351735173116351635153115351535143114351435133113351435143114351335133113351
460400160013001300130014001517161716271627172717371635163116351535153115351
43514311535153515311535153515311535153515311535153516311635163516311635163516311
63515351531153514351431143513351331133513351331143514351431153515351631163517351
73117351735173116351535153115351535163116351635153115351435143114351335133114351
481200130014001400150014001517162716271627152715271535153115351535153115351
43514311435143514311435143515311535153515311635163516311635173517311735163515311
53515351531153515351531153515351531153515351531153515351531153516351731173517351
73116351635153115351435143114351535153115351535153115351435143113351435143114351
497700170017001500150015001417142713271227122712271235123112351235123112351
23513311335143514311435143514311535153515311535163516311635163516311535153515311
53515351531153515351431133512351131123512351331133512351131113511351131113511351
13112351235133113351335133113351335133113351335123112351235123112351235123112351
510400140013001400120013001417142715271527163716371735163115351435143114351
43514311535153514311535153515311535153515311535163517311735173517311735163516311
63515351531143514351431143514351431143514351431143514351531163516351731173517351
73117351735173116351535153114351535153115351535153115351535153116351635163115351
579200130013001000120013001317142714271427142714271435143114351435143114351
43514311435143514311435143514311435143514311535153515311535143514311435153515311
43513351231123511351131113511351131113511351131123512351231133513351331133513351
33112351235123111351135113111351135113111351135113111351135113111351135113112351
588100120014001200120011001127111711271127112711271135113112351235133113351
43514311435143514311435143514311435143515311535153515311435143513311335123512311
23511351131113511351131113511351131113511351131113511351131123513351331133512351
13111351135113111351135113112351235133113351335133112351235123112351135113111351
621000110012001100110012001327132714271427142715271535153114351335133113351
43514311435133513311235133513311435143514311435133513311235123512311235123512311
23512351231133513351331133512351231123512351231133513351331143514351431143514351
43114351335133113351335133113351335133113351335133112351335133114351535153114351
630300130015001300120013001417142715271627162717271735173117351635153115351
43514311435143514311535153515311535153514311535153516311635163516311635163516311
53515351431143515351531153515351531153515351531153515351531163516351731173517351
73117351635163115351535153115351535153115351535153115351535153115351435143114351
643200130012001100130012001317132714271527153715371535153114351435133113351
43514311435143514311435143514311435143513311335133513311335133514311435143514311
43513351331123512351131113511351131113511351131123513351331133513351231133513351
43113351335123112351235123112351335133113351235123111351135123112351235113111351
645300130012001000120012001317131713271427142714271535143114351335133114351
43514311435133513311335133514311435143514311435143514311335133513311335143514311
43513351231123511351131113511351131113511351131123512351331133514351431133513351
23112351235123112351135113111351135123112351235123112351135113111351135113111351
650000130013001200100011001117121712271227122712271235123111351135123113351
43514311435143513311335133514311435143514311335133513311335133513311235123512311
23513351331123512351131113511351131113511351131113511351131123513351331133512351
23112351335133113351335123112351335133113351335143113351335133113351335133113351
675000100010001300100012001227122712271227122712271235113111351135113112351
33513311235123512311235133514311435133513311335143514311435133513311335143514311
43512351231123513351331133512351131113511351231123512351231123513351331133513351
23112351235123113351335133114351435143114351435143114351535153114351335133114351
690000100011001200100012001217122712271327132713271335123113351335133112351
23512311235133513311435143514311435143514311435153515311535153514311435143514311
43514351431143513351231123512351231123512351231123512351231123513351331133513351
23112351235133114351535153115351535143114351435143114351435143113351335133113351
747200110012001100120012001227132713271327132713271335133113351335133113351
33513311335133513311335133513311335133513311435153515311435133512311235123512311
33512351231123511351131123512351231123513351331133513351431143515351531143513351
23112351235133113351435133113351235123112351335143114351435133113351335133113351
