20160618111732
T2M TEDF  78  35 1
20160618112016061806
20160618112016061807
20160618112016061808
20160618112016061809
20160618112016061810
20160618112016061811
20160618112016061812
20160618112016061813
20160618112016061814
20160618112016061815
20160618112016061816
20160618112016061817
20160618112016061818
20160618112016061819
20160618112016061820
20160618112016061821
20160618112016061822
20160618112016061823
20160618112016061900
20160618112016061901
20160618112016061902
20160618112016061903
20160618112016061904
20160618112016061905
20160618112016061906
20160618112016061907
20160618112016061908
20160618112016061909
20160618112016061910
20160618112016061911
20160618112016061912
20160618112016061913
20160618112016061914
20160618112016061915
20160618112016061916
20160618112016061917
20160618112016061918
20160618112016061919
20160618112016061920
20160618112016061921
20160618112016061922
20160618112016061923
20160618112016062000
20160618112016062001
20160618112016062002
20160618112016062003
20160618112016062004
20160618112016062005
20160618112016062006
20160618112016062007
20160618112016062008
20160618112016062009
20160618112016062010
20160618112016062011
20160618112016062012
20160618112016062013
20160618112016062014
20160618112016062015
20160618112016062016
20160618112016062017
20160618112016062018
20160618112016062019
20160618112016062020
20160618112016062021
20160618112016062022
20160618112016062023
20160618112016062100
20160618112016062101
20160618112016062102
20160618112016062103
20160618112016062104
20160618112016062105
20160618112016062106
20160618112016062107
20160618112016062108
20160618112016062109
20160618112016062110
20160618112016062111
002 136   001 136   001 135   001 139   001 131   001 135   001 141   371
 148   571 153   971 155  1171 153  1171 150  1271 145  1171 141  1071 137   971
 134   871 132   871 129   971 126   971 126   971 125   971 125   971 126   971
 128  1071 131  1071 135  1171 140  1371 144  1471 148  1471 149  1471 151  1471
 153  1571 153  1571 153  1671 151  1571 148  1571 145  1471 141  1371 139  1271
 138  1171 136  1171 137  1071 139  1071 140  1071 141   971 143   971 145  1071
 147  1171 148  1271 149  1471 150  1571 150  1771 150  1771 150  1671 151  1671
 153  1771 156  1871 157  1871 156  1871 153  1771 150  1671 147  1671 144  1571
 142  1571 141  1471 140  1471 141  1371 141  1271 141  1271 142  1111 143  1251
 145  1251 147  1311 149  1551 151  1851 152  2011 153  2051 153  1951
005 139   001 148   001 150   001 154   001 159   001 168   001 169   471
 168   771 169  1071 172  1171 173  1371 169  1371 162  1371 155  1171 147   971
 141   771 137   871 133   871 130   971 125   971 122  1071 120  1071 121  1071
 126   971 133   971 144  1271 154  1471 162  1771 164  1871 163  1871 164  1871
 167  1871 171  1871 174  1871 173  1871 168  1871 163  1771 157  1471 151  1271
 145   971 143  1071 141  1071 139  1171 139  1171 138  1171 138  1171 141  1171
 146  1071 151  1071 156  1371 161  1771 164  1971 165  2171 164  2171 166  2171
 168  2271 172  2171 173  2171 170  1971 166  1971 161  1971 157  1671 153  1471
 152  1171 150  1171 150  1271 148  1271 146  1371 144  1371 142  1471 141  1351
 143  1351 148  1211 157  1551 168  1951 175  2211 177  2151 176  2151
015 132   001 145   001 144   001 152   001 144   001 159   001 164   771
 164  1071 164  1271 164  1471 162  1871 158  1871 153  1771 146  1571 138  1271
 132  1071 128  1071 126   971 124   971 121   971 118  1071 117  1071 119  1071
 123  1171 129  1171 137  1371 145  1671 153  1871 162  1971 169  2171 176  2271
 182  2271 186  2271 187  2271 184  2171 180  1971 173  1871 165  1671 159  1371
 153  1171 149  1171 146  1271 145  1271 143  1271 143  1171 145  1171 149  1271
 154  1271 157  1371 158  1671 158  1971 159  2271 162  2371 167  2271 172  2371
 175  2271 175  2371 174  2371 171  2171 167  1971 162  1771 158  1671 154  1371
 152  1171 153  1171 153  1371 153  1371 152  1371 151  1471 149  1471 149  1451
 152  1451 157  1411 164  1651 172  1951 179  2111 185  2251 189  2451
027 137   001 142   001 145   001 149   001 162   001 169   001 173   571
 174   771 174  1071 174  1271 175  1271 175  1371 169  1271 159  1171 145  1071
 134   871 129  1071 127  1071 125  1171 122  1171 118  1171 116  1171 116   971
 120   871 128   671 141  1071 154  1471 165  1871 174  1871 177  1771 179  1771
 179  1771 180  1771 180  1771 181  1771 182  1671 177  1671 170  1571 159  1371
 151  1171 146  1171 145  1171 144  1171 141  1171 141  1271 141  1271 145  1171
 150   971 156   871 160  1271 164  1671 168  2071 171  2171 173  2071 174  2071
 175  1971 176  2071 176  2071 175  2071 172  1971 168  2071 163  1771 156  1671
 150  1471 148  1471 146  1371 144  1371 142  1371 139  1471 137  1471 137  1351
 139  1151 145  1011 154  1351 164  1651 174  1911 181  2051 185  2051
070 133   001 144   001 150   001 162   001 169   001 169   001 169   571
 169   871 168  1371 166  1471 165  1571 161  1371 156  1371 147  1371 136  1371
 124  1371 118  1471 116  1571 112  1571 109  1671 108  1671 107  1771 108  1471
 111  1171 118   971 130  1171 142  1371 155  1571 168  1771 176  1971 183  2071
 188  2171 191  2071 192  2071 192  1871 190  1771 183  1571 172  1571 158  1471
 147  1571 139  1671 135  1571 133  1671 129  1771 125  1871 126  1871 130  1671
 136  1371 142  1071 148  1371 153  1671 156  1971 159  1971 162  1971 164  2071
 168  1971 171  1871 171  1871 169  1771 164  1671 160  1571 158  1471 155  1471
 153  1471 151  1571 149  1771 146  1871 144  1971 141  1971 141  2071 143  1751
 148  1451 156  1211 165  1451 175  1651 183  1911 188  2051 192  2151
110 135   001 145   001 154   001 167   001 170   001 170   001 174   571
 179   771 183   971 183  1171 179  1171 173  1171 165  1271 155  1071 145   871
 136   671 126   771 120   871 116   971 114  1071 115  1071 117  1171 121  1071
 126  1071 133   971 142  1071 150  1171 156  1371 163  1371 168  1471 171  1471
 174  1471 175  1471 174  1471 171  1371 168  1371 165  1271 162  1071 160   971
 159   771 158   871 157   971 155  1071 154  1071 153  1071 154  1071 157  1071
 160   971 163   971 164  1071 163  1271 164  1371 166  1371 169  1471 172  1371
 175  1371 178  1471 180  1471 181  1571 179  1471 175  1471 169  1271 162  1171
 155   971 150  1071 148  1271 146  1371 143  1371 141  1271 140  1271 141  1151
 144  1151 148  1011 153  1251 159  1351 165  1511 170  1551 175  1651
120 132   001 143   001 157   001 157   001 161   001 161   001 166   671
 172   871 176   971 177   971 175   971 170  1071 161   971 149   971 137   971
 124   971 117  1071 115  1071 113  1171 109  1071 107  1071 107   971 109   871
 112   871 119   771 127  1071 136  1271 146  1571 155  1571 163  1471 169  1371
 175  1271 180  1271 181  1171 177  1171 171  1071 162  1071 157  1071 152  1071
 148  1071 147  1071 147  1071 145  1071 146  1071 146  1071 147  1071 150  1071
 154   971 157   971 160  1271 161  1671 164  1971 166  1871 168  1771 171  1671
 174  1571 177  1571 179  1471 179  1471 176  1371 172  1371 165  1271 157  1271
 150  1171 147  1171 145  1171 144  1171 143  1171 140  1271 139  1271 140  1251
 142  1151 146  1111 152  1451 159  1651 166  1911 172  1851 176  1751
130 132   001 138   001 148   001 163   001 173   001 177   001 181   471
 186   771 193  1171 197  1471 194  1471 185  1371 174  1371 163  1271 151  1171
 140  1071 131  1071 123  1071 118  1071 115  1071 111  1171 110  1171 109  1071
 111   971 118   871 132  1071 147  1271 160  1471 168  1571 172  1571 177  1671
 183  1771 189  1771 192  1871 190  1771 184  1571 178  1471 169  1371 162  1171
 154  1071 150  1071 148  1171 145  1171 146  1171 147  1171 149  1171 151  1071
 154  1071 158   971 163  1271 168  1671 171  2071 172  1971 174  1971 177  1771
 184  1971 191  1871 196  1971 195  1971 190  1771 183  1671 177  1571 170  1371
 165  1271 159  1271 155  1371 151  1371 147  1371 145  1471 144  1471 144  1371
 146  1351 151  1211 159  1551 169  1751 178  2011 184  1951 189  1951
145 131   001 139   001 146   001 156   001 160   001 180   001 184   671
 179  1071 174  1171 171  1371 170  1471 168  1471 164  1471 157  1371 149  1171
 139  1071 131  1071 124   971 120   971 116   871 114   871 113   771 113   771
 115   871 122   871 134  1171 148  1371 160  1571 169  1671 176  1771 179  1771
 181  1771 182  1771 182  1771 182  1671 181  1671 179  1571 175  1571 168  1371
 161  1271 154  1271 149  1171 144  1171 140  1071 138   971 137   871 138   871
 139   971 142   971 146  1271 151  1571 155  1871 159  1871 162  1771 163  1771
 164  1871 165  1871 165  1971 165  1871 165  1871 163  1771 161  1671 158  1471
 156  1371 155  1271 154  1271 153  1171 149  1171 146  1071 143  1071 141  1051
 143  1051 147  1011 155  1351 164  1651 173  1911 180  1951 184  1951
149 138   001 143   001 171   001 182   001 194   001 188   001 184   571
 182   771 181  1371 180  1771 178  1671 176  1571 169  1371 160  1371 152  1271
 143  1371 136  1171 131  1171 128  1071 124  1171 122  1171 120  1271 120  1071
 123   971 131   771 143  1071 158  1471 172  1671 181  1771 186  1771 189  1871
 192  1971 194  2071 195  2171 195  1871 194  1771 190  1471 183  1471 174  1371
 164  1471 157  1371 152  1271 146  1171 143  1271 141  1271 141  1371 142  1171
 144  1071 149   871 155  1171 161  1571 166  1771 170  1871 172  1871 173  1771
 174  2071 174  2171 174  2371 174  2171 174  1871 173  1671 170  1671 167  1571
 163  1571 160  1471 158  1471 156  1371 153  1471 151  1571 150  1671 150  1451
 152  1151 157   911 165  1251 175  1651 185  1911 192  1951 198  2051
156 142   001 160   001 165   001 174   001 178   001 184   001 183   571
 179   771 178  1071 180  1471 181  1571 178  1571 174  1571 167  1471 160  1371
 153  1271 147  1271 143  1171 139  1171 136  1071 134   971 131   871 129   871
 131   871 137   871 148  1171 164  1571 177  1771 185  1871 189  1971 190  2071
 192  2071 195  2171 197  2171 198  1971 197  1871 195  1671 188  1571 181  1471
 174  1371 168  1371 164  1271 159  1271 155  1171 153   971 151   871 150   871
 150   871 153   871 159  1271 165  1671 172  2071 175  2071 177  2071 178  2171
 179  2371 180  2371 181  2471 182  2271 182  2171 181  1971 177  1771 172  1671
 169  1471 167  1371 167  1371 166  1271 163  1171 160  1071 158   971 156   971
 156   951 160   911 168  1351 179  1751 188  2111 194  2151 197  2251
168 139   001 139   001 161   001 164   001 150   001 167   001 177   471
 182   671 184  1371 182  1671 178  1671 174  1571 168  1471 158  1571 145  1371
 136  1371 131  1471 129  1471 128  1571 126  1571 124  1571 122  1571 122  1371
 125  1171 129   971 137  1171 145  1271 155  1471 165  1771 174  1871 182  2171
 188  2271 193  2271 195  2371 195  2071 190  1871 182  1671 168  1671 154  1571
 142  1471 136  1471 133  1571 132  1571 130  1671 129  1671 129  1771 132  1471
 136  1271 138   971 139  1171 141  1471 144  1671 148  1771 156  1771 161  1871
 166  1871 166  1971 165  1971 163  1871 160  1771 157  1671 154  1571 153  1471
 151  1371 150  1471 149  1571 148  1671 147  1771 146  1771 146  1871 148  1651
 153  1351 159  1111 165  1351 171  1651 177  1811 183  1951 189  2151
180 138   001 141   001 149   001 161   001 168   001 177   001 184   571
 189   671 189   971 188  1271 183  1571 175  1871 166  1871 156  1671 145  1371
 137  1071 130  1071 126  1071 123  1071 120  1171 119  1171 119  1271 119  1171
 121  1171 125  1071 132  1171 141  1171 149  1271 158  1371 165  1471 172  1671
 178  1571 182  1571 184  1571 184  1571 181  1671 174  1771 161  1571 147  1471
 135  1171 127  1171 121  1171 116  1171 112  1271 108  1371 108  1471 115  1371
 124  1271 136  1171 146  1271 155  1371 164  1471 172  1471 180  1571 185  1671
 188  1671 188  1571 187  1571 184  1571 179  1471 174  1471 167  1371 160  1271
 154  1171 149  1171 145  1271 142  1271 139  1471 138  1571 138  1771 142  1551
 149  1451 157  1211 166  1351 175  1451 184  1511 194  1651 203  1851
190 142   001 150   001 182   001 197   001 165   001 185   001 194   471
 195   771 194  1071 191  1371 186  1771 181  1971 176  2171 167  1871 158  1571
 150  1271 144  1171 138  1071 135  1071 132  1071 131  1071 131  1071 133  1071
 136  1171 141  1171 148  1371 156  1371 165  1571 171  1671 176  1771 181  1771
 183  2071 185  2271 185  2371 184  2371 181  2271 174  2371 163  1971 153  1571
 142  1171 134  1171 127  1171 121  1171 115  1171 111  1171 110  1171 115  1171
 125  1271 139  1271 154  1371 168  1471 183  1671 197  1571 207  1471 214  1571
 215  1771 213  1871 209  1971 204  1971 199  1871 192  1671 184  1471 175  1271
 166   971 160   971 155  1071 150  1071 146  1171 143  1171 143  1271 147  1251
 154  1251 163  1211 173  1351 183  1451 192  1511 201  1651 208  1851
222 115   001 141   001 158   001 160   001 171   001 173   001 181   471
 190   671 195  1171 195  1371 192  1371 186  1471 176  1371 166  1271 154  1271
 145  1171 137  1171 132  1271 127  1271 121  1371 117  1471 115  1571 115  1371
 118  1271 126  1071 140  1171 155  1171 170  1371 179  1471 186  1771 189  1871
 191  1871 191  1871 189  1871 184  1571 178  1571 170  1471 165  1471 159  1371
 157  1371 153  1371 150  1271 147  1271 147  1371 146  1471 148  1571 151  1471
 156  1271 160  1171 165  1271 170  1171 173  1271 177  1371 179  1571 181  1671
 183  1771 182  1671 180  1771 177  1771 173  1671 169  1571 164  1471 160  1471
 157  1371 155  1371 156  1271 154  1271 151  1371 148  1571 145  1671 145  1451
 149  1351 156  1111 167  1251 178  1451 189  1511 196  1651 201  1851
240 115   001 140   001 153   001 165   001 181   001 178   001 181   471
 186   771 190  1071 189  1271 185  1271 176  1471 167  1371 160  1271 153  1171
 145  1071 139  1071 132   971 126   971 122   971 120   871 119   871 118   771
 119   771 125   671 138   871 154  1271 167  1471 176  1471 181  1671 185  1771
 189  1771 193  1771 194  1771 192  1571 187  1571 181  1571 176  1471 170  1271
 162  1171 155  1071 150  1071 145   971 141   971 139   971 140   971 141   971
 144   871 147   871 154  1171 161  1571 167  1871 171  1871 172  1871 174  1871
 177  1871 178  1871 178  1771 176  1771 172  1671 168  1771 165  1571 164  1371
 161  1171 158  1171 155   971 151   971 148   971 145   971 144   971 144   971
 146   951 152   911 162  1251 175  1551 185  1811 191  1951 195  1951
255 119   001 125   001 142   001 158   001 167   001 170   001 175   471
 181   671 184   971 184  1171 180  1271 171  1371 162  1571 152  1471 142  1271
 136  1271 131  1171 128  1071 125  1071 123   971 121   971 119   871 119   871
 121   771 126   771 137   971 149  1371 161  1571 170  1671 177  1871 183  1971
 187  1871 189  1871 190  1771 188  1871 184  1771 178  1871 169  1671 159  1571
 150  1471 143  1271 140  1271 135  1171 132  1171 131  1071 129  1071 128   971
 128   971 130   871 135  1271 142  1471 148  1871 153  1871 157  1771 160  1871
 162  1871 163  1671 163  1671 163  1771 163  1871 161  1971 158  1771 154  1571
 151  1371 149  1371 149  1271 148  1271 147  1271 144  1171 142  1171 142  1071
 143  1051 148   911 157  1151 167  1451 178  1611 187  1751 195  1951
260 133   001 139   001 155   001 161   001 178   001 179   001 181   571
 183   771 184  1071 183  1271 180  1371 177  1471 168  1471 155  1571 143  1471
 132  1571 127  1571 127  1671 126  1671 122  1771 118  1971 115  2071 117  1671
 122  1271 131   871 143  1071 156  1471 167  1671 177  1771 184  1771 188  1871
 189  1871 189  1871 189  1871 190  1771 189  1671 182  1571 167  1671 148  1771
 132  1771 124  1771 119  1771 118  1771 116  1971 114  2071 114  2271 118  1871
 123  1471 129  1071 134  1371 139  1671 144  1971 150  1971 156  1771 160  1671
 162  1671 162  1771 161  1771 161  1771 160  1771 158  1871 154  1871 148  1771
 144  1771 142  1871 141  1871 139  1971 138  2171 136  2471 137  2671 139  2151
 145  1751 153  1211 164  1451 176  1651 186  1811 194  1951 199  1951
280 135   001 149   001 165   001 177   001 183   001 187   001 191  1271
 196  1271 198  1571 196  1471 190  1471 182  1371 171  1371 158  1271 146  1371
 134  1271 129  1171 125  1071 124   971 123  1071 121  1071 121  1171 122  1171
 126  1071 132  1071 142  1371 153  1471 163  1671 172  1771 178  1971 184  2071
 188  2171 191  2171 191  2171 189  1971 183  1771 175  1571 162  1471 149  1471
 138  1271 130  1171 124  1071 120   971 115  1071 113  1271 112  1371 114  1271
 119  1271 127  1171 136  1371 146  1371 154  1571 161  1471 167  1371 170  1271
 173  1371 176  1471 175  1571 173  1471 169  1371 164  1271 158  1271 152  1171
 147  1271 144  1171 141  1171 138  1071 136  1171 134  1371 136  1471 138  1351
 143  1351 151  1211 161  1351 173  1551 183  1611 191  1751 197  1751
299 146   001 155   001 170   001 180   001 183   001 192   001 192   671
 188   871 185  1271 183  1371 180  1871 176  1771 168  1371 158  1271 149  1071
 142   871 137   971 134   971 132  1071 129  1171 127  1171 125  1271 126  1171
 129  1171 134  1071 140  1071 149  1271 155  1271 160  1471 164  1571 167  1871
 170  1971 173  2171 175  2371 176  2271 173  1971 168  1771 157  1571 144  1171
 135   971 127  1071 121  1171 118  1171 113  1271 107  1371 106  1471 110  1371
 118  1271 129  1171 143  1271 157  1271 171  1371 184  1371 194  1371 200  1471
 202  1571 202  1771 199  1771 196  1671 191  1471 185  1271 177  1071 166   871
 158   771 152   871 147   971 143  1071 140  1271 138  1371 138  1571 141  1451
 148  1251 157  1111 168  1251 178  1451 188  1511 195  1651 200  1651
434 111   001 118   001 135   001 135   001 146   001 164   001 170   371
 170   671 169  1071 168  1271 164  1271 157  1371 147  1371 139  1171 132  1071
 125   871 120   871 117   871 116   871 115   871 115   871 114   871 113   871
 113   871 116   871 124   971 134  1271 145  1371 152  1371 157  1371 162  1371
 168  1571 173  1671 175  1771 173  1671 167  1671 159  1571 152  1471 144  1171
 137   871 131   871 127   971 124   971 122   971 121  1071 120  1071 119  1071
 119  1071 121  1071 126  1271 132  1471 137  1671 139  1871 142  1871 144  1971
 147  2071 150  2271 152  2271 153  2171 154  1871 152  1771 150  1571 146  1271
 143  1071 142  1071 139   971 139   971 138  1071 137  1071 137  1171 138  1171
 140  1151 145  1111 155  1251 167  1351 178  1411 186  1651 192  1751
460 131   001 133   001 145   001 156   001 160   001 177   001 183   571
 183   771 181  1171 179  1371 176  1371 171  1471 164  1671 154  1671 145  1571
 138  1471 134  1471 132  1371 130  1371 126  1471 122  1471 119  1571 120  1371
 124  1271 132  1071 140  1171 150  1171 157  1271 164  1371 169  1571 175  1671
 180  1671 183  1571 185  1471 184  1671 180  1671 171  1871 160  1671 148  1671
 138  1471 133  1471 130  1471 127  1471 122  1571 117  1571 114  1671 115  1471
 122  1371 134  1171 150  1271 168  1271 184  1371 196  1471 205  1671 210  1671
 215  1671 219  1771 219  1771 217  1871 213  1871 204  1871 194  1771 184  1471
 174  1371 168  1371 163  1471 157  1471 152  1571 146  1771 143  1871 146  1651
 152  1351 162  1111 175  1251 188  1451 199  1511 207  1751 212  1951
481 154   001 157   001 155   001 151   001 171   001 181   001 183   471
 183   671 183  1271 185  1371 185  1371 179  1371 171  1271 162  1371 154  1271
 146  1271 141  1271 139  1071 136  1071 134  1071 131   971 130   971 131   971
 134   971 138   971 145  1071 152  1371 161  1471 171  1571 182  1671 190  1771
 195  1871 198  1771 199  1871 199  1771 194  1671 186  1671 174  1771 160  1471
 145  1371 136  1271 132  1271 127  1071 124  1071 120   971 118   971 119   971
 123  1071 131  1071 143  1171 158  1171 174  1271 189  1471 201  1471 210  1671
 216  1571 218  1771 218  1771 216  1771 213  1771 205  1571 194  1471 182  1371
 171  1171 164  1171 159  1171 156  1071 154  1071 152  1171 152  1171 153  1151
 156  1051 162  1011 172  1151 183  1351 195  1411 205  1651 213  1751
497 111   001 134   001 144   001 172   001 184   001 193   001 190   671
 181  1071 172  1671 165  1671 157  1371 147  1571 137  1571 128  1471 121  1371
 114  1271 109  1271 106  1371 104  1371 101  1471  98  1471  95  1571  92  1571
  92  1671  98  1671 110  1771 127  1771 145  1771 160  2071 172  2271 180  2471
 183  2571 183  2671 180  2471 175  2171 165  2071 156  1871 143  1771 130  1571
 118  1471 111  1471 105  1471 101  1471  94  1471  90  1471  87  1471  86  1471
  89  1571  99  1571 116  1771 138  1971 160  2071 180  2271 194  2271 205  2371
 210  2271 210  2371 205  2371 196  2171 182  1971 169  1871 156  1671 145  1471
 137  1271 131  1271 127  1371 123  1371 119  1471 116  1471 115  1571 117  1551
 124  1651 135  1611 151  1751 170  1851 189  1911 205  2051 217  2251
510 125   001 153   001 157   001 160   001 178   001 169   001 171   571
 178   671 184  1271 186  1371 185  1371 181  1471 174  1471 167  1271 159   971
 152   771 147   871 144   971 142  1071 138  1071 135  1171 134  1171 135  1071
 139   971 147   871 156  1071 168  1171 178  1371 186  1471 189  1471 193  1571
 196  1571 198  1571 198  1571 194  1571 188  1671 181  1671 174  1471 167  1171
 160   971 153  1071 149  1171 145  1271 142  1271 141  1371 141  1371 143  1171
 147  1071 152   871 160  1071 169  1271 177  1471 183  1571 188  1671 191  1671
 193  1671 196  1671 197  1671 198  1671 196  1571 193  1571 188  1471 181  1271
 174  1171 169  1271 165  1371 162  1471 158  1471 155  1471 154  1471 154  1271
 158  1151 166   911 179  1151 194  1351 208  1511 219  1651 227  1851
579 153   001 159   001 166   001 181   001 202   001 216   001 219   171
 217   371 213   571 209   871 203   971 197  1071 190  1071 183  1071 177  1171
 171  1171 166  1171 160  1171 155  1171 151  1271 147  1471 147  1571 151  1471
 160  1271 172  1171 187  1171 202  1071 217  1171 227  1171 234  1271 239  1271
 244  1271 247  1271 246  1171 241  1171 233  1271 222  1371 212  1371 203  1471
 196  1371 189  1371 182  1271 177  1271 169  1371 164  1571 161  1671 162  1571
 168  1471 178  1371 193  1371 209  1271 225  1271 238  1371 248  1471 255  1571
 260  1571 261  1571 259  1571 252  1571 243  1471 233  1471 223  1571 216  1471
 209  1471 202  1471 194  1371 186  1371 178  1571 172  1671 169  1871 170  1651
 176  1551 188  1311 205  1251 225  1151 244  1011 259  1151 270  1351
588 139   001 154   001 171   001 191   001 199   001 199   001 196   371
 192   771 188  1171 186  1471 184  1571 180  1671 176  1571 167  1471 152  1371
 140  1271 131  1371 124  1571 119  1671 115  1771 114  1771 115  1871 119  1671
 126  1471 138  1271 155  1271 173  1471 191  1471 205  1571 215  1771 222  1871
 225  2071 226  1971 224  1971 221  1871 214  1771 206  1671 194  1571 179  1471
 165  1371 154  1471 145  1571 139  1671 131  1771 127  1771 126  1871 130  1771
 139  1571 154  1471 173  1471 194  1471 214  1471 231  1671 244  1871 253  2071
 257  2171 257  2271 254  2371 250  2171 243  2071 233  1871 220  1771 205  1571
 190  1471 178  1571 169  1671 160  1771 153  1871 147  1871 146  1971 150  1851
 159  1651 173  1511 192  1451 213  1451 232  1311 247  1551 258  1851
621 116   001 127   001 112   001 120   001 150   001 127   001 125   371
 133   771 142   971 146  1271 145  1271 140  1271 132  1571 127  1371 123  1171
 118  1071 114  1071 110  1171 108  1171 106  1171 106  1271 106  1271 107  1171
 111  1071 119   971 131  1071 147  1171 158  1371 167  1371 172  1471 176  1471
 181  1571 184  1571 184  1671 178  1671 168  1771 158  1871 150  1571 143  1271
 136  1071 129  1171 122  1171 117  1271 114  1271 112  1371 112  1371 112  1271
 115  1171 125  1071 142  1271 162  1371 180  1671 193  1671 201  1671 206  1671
 212  1671 218  1671 221  1771 221  1771 217  1871 209  1871 197  1571 182  1271
 169  1171 158  1271 152  1271 146  1371 143  1371 142  1471 142  1471 144  1371
 150  1151 160  1011 176  1351 195  1651 211  1911 222  1951 230  1951
630 128   001 134   001 150   001 168   001 173   001 150   001 150   371
 162   571 173  1071 179  1271 176   971 169  1071 161  1071 152  1171 144  1271
 138  1271 135  1171 134  1171 133  1071 133  1071 133   971 133   971 132   971
 132   871 134   871 143   971 154  1171 165  1271 172  1371 178  1471 183  1471
 192  1471 198  1571 202  1471 201  1371 195  1371 188  1371 177  1271 168  1271
 158  1171 152  1171 146  1171 141  1171 138  1171 138  1271 136  1271 135  1171
 135  1071 139   971 149  1071 160  1071 173  1271 182  1371 188  1471 195  1571
 200  1571 204  1471 208  1471 210  1471 209  1371 205  1271 198  1171 188  1171
 178  1071 171  1071 166  1171 163  1171 160  1171 158  1271 157  1271 156  1171
 159   951 166   811 179  1051 196  1151 211  1311 222  1551 229  1851
643 157   001 172   001 176   001 173   001 181   001 202   001 215   471
 222   771 226  1071 225  1371 220  1371 209  1471 196  1471 184  1271 175  1071
 168   871 163   971 163   971 160  1071 158  1071 154  1071 152  1071 152  1071
 156   971 168   971 187  1071 208  1071 227  1171 240  1171 247  1271 252  1271
 257  1271 260  1371 259  1371 253  1471 244  1471 232  1571 218  1371 206  1071
 195   871 187   971 180   971 176  1071 170  1071 166  1171 163  1171 162  1171
 166  1071 177  1071 196  1171 217  1171 237  1271 251  1271 260  1371 265  1371
 268  1371 268  1471 265  1571 259  1571 251  1771 241  1871 229  1571 219  1271
 209  1071 201  1071 195  1171 190  1171 186  1171 184  1271 183  1271 184  1251
 189  1151 199  1111 216  1151 236  1251 252  1211 261  1351 265  1451
645 157   001 171   001 187   001 198   001 202   001 212   001 221   371
 227   571 232   971 232  1171 223  1271 209  1471 195  1571 184  1371 178  1271
 172  1071 168  1071 165  1071 160  1071 155  1171 152  1171 151  1271 155  1271
 164  1171 178  1171 194  1171 211  1171 225  1171 236  1371 244  1471 251  1671
 257  1571 260  1371 260  1271 254  1371 243  1471 232  1571 219  1471 207  1371
 198  1071 190  1071 185  1171 181  1171 174  1271 168  1271 166  1371 169  1271
 176  1271 189  1171 205  1171 222  1171 239  1171 254  1371 266  1671 275  1871
 280  1671 281  1671 278  1571 270  1571 259  1571 246  1571 234  1471 221  1371
 211  1271 203  1271 195  1271 189  1271 183  1371 177  1471 176  1571 180  1451
 189  1251 202  1111 219  1051 238  1051 255   911 269  1251 281  1451
650 178   001 190   001 201   001 197   001 199   001 209   001 216   471
 219   871 218  1171 216  1171 212  1171 208  1071 202  1071 195  1071 187   971
 182   971 177   971 174  1071 171  1071 168  1071 165  1171 164  1171 166   971
 172   871 180   671 190   771 203   871 217   971 228  1071 237  1271 244  1371
 247  1371 247  1271 245  1271 242  1271 239  1071 232  1071 223  1071 211  1071
 202   971 196   971 192  1071 188  1071 182  1171 178  1171 175  1271 176  1071
 182   971 191   771 204   871 220   871 235   871 248  1071 258  1271 265  1471
 269  1371 268  1371 265  1271 259  1171 251  1171 244  1171 236  1071 227  1071
 219   971 211  1171 205  1171 198  1271 193  1371 190  1371 191  1471 196  1251
 204   951 214   711 226   851 238   851 251   911 263  1051 273  1251
675 178   001 188   001 216   001 230   001 238   001 239   001 240   571
 239  1171 235  1671 230  1871 220  1871 211  1871 203  1771 194  1571 186  1471
 177  1271 170  1371 164  1471 158  1571 152  1671 148  1871 146  1971 149  1771
 157  1671 170  1471 187  1371 205  1171 221  1071 232  1471 235  1771 237  2071
 238  2171 239  2271 242  2471 242  2271 243  1971 238  1771 225  1671 209  1471
 195  1371 185  1471 177  1571 171  1671 164  1771 160  1971 160  2071 167  1971
 180  1771 196  1671 214  1571 231  1471 248  1371 262  1571 275  1671 282  1871
 285  2171 282  2371 277  2671 270  2371 260  2071 249  1771 235  1671 221  1471
 209  1371 198  1471 190  1571 182  1671 175  1871 169  2071 168  2271 172  2151
 182  1951 197  1811 217  1751 237  1751 255  1611 267  1751 273  1851
690 182   001 187   001 194   001 196   001 199   001 200   001 204   371
 209   471 211   671 211   971 207   971 201  1271 194  1271 190  1171 188  1071
 185   971 182   971 179   971 175   971 170   971 167   971 165   971 166   971
 170   971 176   971 184  1271 192  1471 199  1771 204  1771 207  1771 208  1671
 209  1471 209  1571 208  1471 207  1471 205  1471 203  1471 200  1371 195  1271
 192  1071 190  1071 189   971 187   971 183   971 178  1071 176  1071 179  1071
 186   971 195   971 206  1171 217  1471 226  1671 229  1671 228  1871 227  2071
 226  1771 226  1671 225  1571 223  1471 220  1471 217  1471 215  1471 211  1371
 208  1271 205  1271 202  1071 200  1071 196  1071 192  1171 191  1171 194  1151
 200  1051 208  1011 216  1251 224  1351 228  1511 229  1651 227  1751
747 146   001 157   001 157   001 165   001 187   001 201   001 208   371
 212   771 215  1171 215  1571 213  1571 206  1571 196  1471 185  1371 175  1271
 170  1171 166  1171 164  1071 163  1071 162  1171 159  1171 158  1271 159  1171
 163  1071 171   971 181  1071 195  1271 208  1371 217  1471 223  1471 227  1571
 229  1671 229  1971 228  2071 226  1871 224  1771 218  1571 210  1471 201  1271
 193  1171 189  1171 187  1271 185  1271 181  1271 176  1371 173  1371 172  1271
 176  1171 184  1071 197  1171 213  1271 228  1471 241  1471 251  1471 256  1471
 257  1671 254  1871 251  1971 248  1871 245  1771 240  1671 232  1471 223  1371
 214  1171 207  1171 202  1271 198  1271 194  1371 191  1371 192  1471 197  1351
 206  1251 217  1111 229  1251 242  1251 253  1311 262  1451 268  1451
NT  TEDF  78  35 1
20160618112016061806
20160618112016061807
20160618112016061808
20160618112016061809
20160618112016061810
20160618112016061811
20160618112016061812
20160618112016061813
20160618112016061814
20160618112016061815
20160618112016061816
20160618112016061817
20160618112016061818
20160618112016061819
20160618112016061820
20160618112016061821
20160618112016061822
20160618112016061823
20160618112016061900
20160618112016061901
20160618112016061902
20160618112016061903
20160618112016061904
20160618112016061905
20160618112016061906
20160618112016061907
20160618112016061908
20160618112016061909
20160618112016061910
20160618112016061911
20160618112016061912
20160618112016061913
20160618112016061914
20160618112016061915
20160618112016061916
20160618112016061917
20160618112016061918
20160618112016061919
20160618112016061920
20160618112016061921
20160618112016061922
20160618112016061923
20160618112016062000
20160618112016062001
20160618112016062002
20160618112016062003
20160618112016062004
20160618112016062005
20160618112016062006
20160618112016062007
20160618112016062008
20160618112016062009
20160618112016062010
20160618112016062011
20160618112016062012
20160618112016062013
20160618112016062014
20160618112016062015
20160618112016062016
20160618112016062017
20160618112016062018
20160618112016062019
20160618112016062020
20160618112016062021
20160618112016062022
20160618112016062023
20160618112016062100
20160618112016062101
20160618112016062102
20160618112016062103
20160618112016062104
20160618112016062105
20160618112016062106
20160618112016062107
20160618112016062108
20160618112016062109
20160618112016062110
20160618112016062111
002800170018001800160017001717162716271627162716371731173517351731163515351
43114351535163116351635163116351635163116351535153115351535163116351635163116351
73517311735163516311635173517311735173517311735173517311735173517311735173517311
73516351631163516351631163515351531153516351631173517351731163516351631163515351
005600180018001700170016001617162716271627162715371531153515351631163516351
63115351535143115351635163117351735163116351635153115351535163116351635163116351
73517311635163516311635173517311735173517311735173517311735173517311735173517311
63516351531163516351631153515351431153516351731173517351631163516351631163515351
015600160018001800170017001717172717271627162715371531153515351531163516351
63115351335123112351335143115351635173117351735173116351635153115351535153115351
53515311635163516311735173517311735173517311735173517311735173517311735173517311
73516351631163516351631163515351531153515351631163516351631173517351631163515351
027400170016001500170017001617161715271527142714271331133512351231123512351
23112351335143115351535163116351535153115351635173117351735173116351635163116351
63517311735173517311735173517311735173517311735173517311735173517311735173517311
73516351631163516351631153515351531153516351631163516351631163515351531153514351
070800180017001700170017001717172717271727173716371531153514351431143515351
53116351635173117351735173116351535143114351535153115351535153115351535153114351
43514311535153516311635163516311635163517311735173517311735173517311735173517311
73517351731173517351631163515351531143515351531153515351531153516351631173517351
110700170016001600170017001617152714271327132712371131123513351431143515351
53116351635163116351635173117351735173117351735173117351735173117351735173117351
73517311735173517311735173517311735173517311735173517311735173517311835173517311
73516351531153515351531163516351631163515351431153515351631163516351631163515351
120700140013001600170017001617152714271327122712271231123513351331133513351
33114351535153115351535153116351635173117351735173117351735173117351735173117351
73517311735173517311735173517311635163515311635173517311735173517311735173517311
63516351531153515351631153515351531153515351531153515351531153515351531153514351
130700180018001700180018001717152715271427143713371331123512351231123512351
23113351335143114351435153115351535163116351735173117351735173117351735163117351
73517311735173517311735173516311635163516311635173517311735183517311735173517311
73516351631163516351631163515351531153515351531153516351631153515351431153515351
145500150016001700170017001727172717271727162715371431133512351231133513351
43113351335133114351535153116351535153115351535153116351635153115351435143114351
53515311635163516311635163517311735173517311735173517311735173517311735173517311
73516351631163517351731173516351631153515351531153516351631163516351631163516351
149700160017001700170017001717171717271727173716271531143513351331133514351
43114351435143114351535153116351635153115351535153115351635163115351535143114351
53515311535153515311635163516311635163516311735173517311735173517311735173517311
73517351731173517351731173516351631163516351631163516351631163516351631163516351
156600140016001700170018001817182717271727162716271531143513351331133514351
43114351435143114351535163116351635163115351535153116351635163115351535143114351
53515311535153515311635163516311735163516311735173517311735173517311735173517311
73517351631173517351731173516351631163516351631163516351631163516351631163516351
168800180018001600170018001717172716271627163716371631163516351631153515351
43115351635163117351735173117351735173116351635163116351635163116351535153114351
43514311435143514311535153515311635163516311635173517311735173517311735173517311
73517351731173517351631163515351531153516351631163516351631163516351731173517351
180800180018001700170016001617162716271627152715371531153515351631163516351
63116351635163116351735173117351735163116351635163116351535143113351235123112351
23512311335133514311435133513311435153515311535153515311635163517311735173517311
73517351731173517351731173517351631163516351631163516351631163517351731173517351
190700160016001600170017001717171717271727162715371431143515351631163517351
73116351535153115351635163117351735163116351535143115351535153114351335123111351
13512311235133513311435143514311335123512311235133513311335133514311535163517311
73516351631163517351731173516351631163516351731173516351631163517351731163516351
222000110015001700180018001817182717271727162716271531153515351431143513351
33113351335133113351435143115351535153116351635163116351635163116351635163116351
63516311735173517311735173517311735163516311635173517311735173517311735173517311
73517351731173517351631163515351531153515351631163516351631163515351531153514351
240300130012001300160017001727172717271727172717371631153513351231123513351
33113351335123113351335133114351435143114351435153115351635163116351635153115351
53516311635163516311735173517311735173517311735173517311835173517311735173517311
73517351731173517351731163516351631163516351631163515351531153516351631173517351
255700170014001000150015001517152715271427142714371431143515351631163515351
53115351535153116351635163116351535143115351535153115351535153115351535143114351
43514311435153515311535153516311635163517311735173517311735173517311735173517311
73517351731173517351731173516351631163516351631163516351631163516351731173517351
260700170017001700150016001617162715271537163716371631163517351731163516351
53115351635163117351735173115351435133113351435153115351535153114351435143114351
43514311435153515311635163515311635163516311635173517311735173517311735173517311
73517351731173517351731173517351631163516351631153515351531153515351631163516351
280800170017001500160017001717171716271627152714271431133513351331133514351
53115351635163116351735173116351635153115351435143114351535153115351535143113351
23512311235133514311435143514311435143515311535153515311635163517311735173517311
73516351631163517351731173517351731173517351731163515351531153516351731173517351
299700180016001700170016001617162716271727162716271631163516351531153516351
53115351535153116351735173117351635153114351435143115351535153116351635153114351
33512311335133514311435143514311435143514311335123512311235133514311435153516311
63516351631163517351731173517351731173517351731173517351631163516351631173517351
434500160016001700170017001717161716271527153714371431143514351431153516351
63116351635163116351635163116351635163116351635163116351635163116351535143114351
43514311535153516311635163517311735173517311735173517311735173517311735173517311
73517351731173517351731173517351731173516351631153515351531153516351731173517351
460800170017001700170017001717172717271727173716371531143514351331133514351
43114351535153116351735173117351635163116351635163116351635153115351435143114351
53515311435143514311435153515311635163516311635163516311635163516311635173517311
73517351731173517351631163516351631163516351631163516351631163516351531153516351
481700180018001700160017001717172717271737173717371731173516351631163515351
53115351435143115351635173117351735163115351435143114351435143113351335123112351
23512311335143514311435143514311435153515311435143514311435143515311535163516311
63516351631163517351731173517351731173516351631163517351731163515351531153514351
497500160017001700170017001717172717271727172717271731173517351631173517351
73116351635163116351635173117351735173116351635163116351635163115351435133113351
33514311435143514311435143514311435143514311435143514311435143514311435143514311
43514351531153516351631163516351631163516351631163516351631163516351531153515351
510100120013001600170018001717162715271427132712371231113511351131123513351
43113351335123113351335143115351535153115351535153115351535153115351435143114351
43514311535153515311535153516311635163516311735173517311735173517311735173517311
73517351731173516351631163516351631163516351631163516351631163516351631173517351
579700170017001700170015001517162716271627162716371631153513351231123512351
23112351135113111351235123112351235123112351235123112351235123112351235123112351
23512311235123512311235123513311335133513311335133513311235123512311235133514311
43514351431143514351531153515351531153515351531153516351631153514351331133513351
588600160014001400140016001717171717271827183717371731163515351431143514351
53114351435133113351235123111351135113111351135113111351135113111351135113111351
13511311135113511311235133513311335123512311135123512311135113511311235133513311
33513351331133514351431143514351431153516351631153514351331133513351431143514351
621600170018001800140017001717161716271627152715371531153515351531153515351
43114351435143114351435143114351535163116351735173117351735163115351535143114351
53515311435133513311235123512311335133513311435153516311635163515311635163516311
63515351431143514351431133513351331133513351431143515351531153516351631163517351
630700180014001500160015001517152715271527152715271531153515351531153514351
43114351435153116351635163116351535153115351635163116351635153115351435143113351
33513311335133513311435143514311435143514311435143514311535153515311635163517311
73516351631153515351431143515351531163516351631163516351631163517351731173517351
643800180018001800170017001617142713271227132714271531153515351431133512351
23111351135113111351135113111351235123112351235113112351235123113351335143114351
43513311335123511311135113511311135123512311235123512311235123512311335143514311
53515351531163516351731173516351631163516351531163516351531143513351331123513351
645600170018001800170017001617152715271527152715371531143513351331123512351
13111351135113111351135113111351135113111351235123111351135113112351235123112351
23512311135113511311135113511311135123512311235123512311235113512311335143515311
53515351531153515351631163516351531153516351631163516351531143514351331133513351
650200150017001600170017001817182717271727162715271331123512351131113511351
13112351235123112351135113111351135113111351135113111351135113111351135113111351
13511311135113511311135123512311235113511311135113511311135113512311335143515311
53515351531153516351631153514351431143515351531163516351531153514351331133513351
675300110010001100150015001517161716271627162716271531153515351531153515351
63116351635163115351535143113351235113111351135113112351235123112351235123111351
13511311135113511311135123512311335133513311335123511311135113511311135123512311
33514351531163516351531143513351231123513351331133513351331133513351331133514351
690100100010001000100011001317142715271527153715371531153515351631163516351
73116351635163116351535153115351535143113351335123112351235123113351235123112351
13511311135113511311135113511311235133514311435133512311235113511311235123513311
33514351431143514351431143515351531153515351531153515351531153516351531153514351
747800170018001800170016001617161716271527143712371231123513351331133512351
23112351235123112351235123112351235123112351335133113351335143114351435133113351
33512311235123513311335133513311335133513311335143514311435133513311435153516311
63515351531153516351631153515351431143515351531143514351331133513351331143515351
