20160804101427
T2M TEDF  78  35 1
20160804102016080405
20160804102016080406
20160804102016080407
20160804102016080408
20160804102016080409
20160804102016080410
20160804102016080411
20160804102016080412
20160804102016080413
20160804102016080414
20160804102016080415
20160804102016080416
20160804102016080417
20160804102016080418
20160804102016080419
20160804102016080420
20160804102016080421
20160804102016080422
20160804102016080423
20160804102016080500
20160804102016080501
20160804102016080502
20160804102016080503
20160804102016080504
20160804102016080505
20160804102016080506
20160804102016080507
20160804102016080508
20160804102016080509
20160804102016080510
20160804102016080511
20160804102016080512
20160804102016080513
20160804102016080514
20160804102016080515
20160804102016080516
20160804102016080517
20160804102016080518
20160804102016080519
20160804102016080520
20160804102016080521
20160804102016080522
20160804102016080523
20160804102016080600
20160804102016080601
20160804102016080602
20160804102016080603
20160804102016080604
20160804102016080605
20160804102016080606
20160804102016080607
20160804102016080608
20160804102016080609
20160804102016080610
20160804102016080611
20160804102016080612
20160804102016080613
20160804102016080614
20160804102016080615
20160804102016080616
20160804102016080617
20160804102016080618
20160804102016080619
20160804102016080620
20160804102016080621
20160804102016080622
20160804102016080623
20160804102016080700
20160804102016080701
20160804102016080702
20160804102016080703
20160804102016080704
20160804102016080705
20160804102016080706
20160804102016080707
20160804102016080708
20160804102016080709
20160804102016080710
002 161   001 162   001 164   001 166   001 168   001 171   001 172   471
 173   571 174   771 175   871 174   971 173  1071 173  1171 171  1171 170  1071
 168   971 167   871 167   871 167   771 167   771 166   771 165   871 164   871
 162   871 160   971 160   971 162  1071 165  1271 167  1371 170  1271 171  1071
 172   971 173  1071 175  1071 175  1171 174  1271 173  1271 172  1371 170  1271
 168  1071 168   971 168   971 168   871 168   871 169   871 169   871 168   871
 167   871 166   971 166   971 167  1071 170  1271 172  1371 174  1271 174  1171
 175  1071 175  1171 176  1271 176  1371 176  1371 175  1471 173  1471 169  1371
 164  1171 160  1071 158  1071 157  1171 157  1171 156  1071 154  1071 153   971
 152   971 152  1051 155  1011 160  1251 166  1351 172  1511 176  1551
005 145   001 149   001 155   001 165   001 170   001 172   001 178   571
 185   771 189   871 190   971 188  1071 183  1071 179  1171 171  1171 164  1071
 156   971 150   871 147   871 146   971 145   971 143   971 141  1071 141  1071
 141   971 144   971 151   871 163   971 175  1271 186  1371 193  1571 197  1671
 199  1671 199  1571 198  1471 197  1371 194  1371 191  1471 184  1371 175  1271
 163  1171 154  1071 149  1071 145  1071 145  1071 144  1171 144  1171 145  1271
 149  1171 154  1171 161  1071 169  1171 177  1271 185  1371 191  1371 196  1471
 199  1471 199  1471 199  1471 198  1471 196  1471 193  1571 185  1671 173  1471
 159  1271 147  1071 142  1071 139  1171 138  1171 135  1271 132  1271 131  1371
 132  1271 137  1151 147  1011 162  1151 180  1351 196  1411 208  1551
015 144   001 149   001 163   001 166   001 171   001 177   001 188   471
 199   671 205   771 206   971 204  1071 202  1071 198  1371 189  1371 178  1171
 164   971 153   871 146   971 142  1071 140  1171 137  1171 135  1071 133  1071
 133   971 137   971 145   871 160  1071 176  1171 191  1371 201  1371 208  1371
 212  1371 215  1371 217  1271 217  1271 214  1271 208  1371 199  1371 186  1271
 174  1071 162   971 154   971 148  1071 144  1071 141  1071 139  1171 139  1171
 141  1071 145  1071 153   971 165  1071 179  1271 192  1371 202  1371 208  1371
 213  1271 217  1271 219  1271 220  1271 218  1371 214  1471 205  1571 192  1371
 177  1171 163   971 153  1071 145  1171 140  1171 136  1171 134  1171 134  1171
 136  1071 142  1051 152   911 167  1151 184  1351 201  1511 214  1651
027 150   001 148   001 162   001 178   001 192   001 192   001 196   371
 200   671 203   771 203   771 200   871 195   871 190   971 183   971 172  1071
 161  1171 150  1171 143  1271 138  1371 136  1471 135  1471 134  1371 134  1371
 135  1171 138   971 145   771 156  1071 171  1171 186  1371 196  1371 201  1471
 204  1471 204  1371 203  1371 201  1171 200  1071 196  1071 189   971 175  1171
 160  1271 147  1271 138  1371 135  1571 134  1671 135  1671 136  1571 137  1571
 139  1371 143  1171 150   971 162  1171 178  1271 192  1571 204  1571 211  1671
 215  1671 217  1471 216  1471 215  1371 213  1271 208  1271 199  1171 183  1171
 166  1271 151  1271 141  1371 136  1471 134  1571 132  1571 129  1571 128  1571
 129  1371 133  1151 143   911 160  1151 180  1351 200  1511 215  1651
070 179   001 175   001 177   001 174   001 171   001 175   001 182   471
 189   771 191   971 191  1071 192  1171 193  1171 192  1271 186  1271 175  1271
 163  1271 154  1271 148  1371 144  1471 140  1571 134  1571 128  1571 124  1671
 125  1371 130  1171 141   871 154  1071 169  1171 184  1271 195  1271 204  1371
 210  1371 215  1471 219  1471 221  1471 220  1371 215  1371 208  1371 193  1271
 176  1271 163  1271 153  1471 147  1471 141  1671 136  1671 129  1771 125  1871
 126  1571 132  1271 143  1071 159  1171 175  1371 191  1671 203  1571 211  1571
 219  1571 224  1471 228  1471 231  1471 232  1471 228  1371 217  1371 198  1271
 177  1271 157  1271 146  1371 141  1571 137  1671 131  1771 126  1871 123  1871
 124  1671 131  1351 144  1111 163  1351 185  1551 206  1811 222  1851
110 145   001 144   001 166   001 172   001 176   001 165   001 165   671
 169   871 174   971 176  1071 176  1071 175  1071 171  1071 165   971 158   871
 149   871 141   771 135   871 131   871 128   971 126   971 124  1071 122  1071
 123   971 126   971 132   871 143   971 156  1071 168  1171 178  1271 185  1371
 189  1371 191  1371 191  1171 190  1171 189  1171 187  1171 182  1171 174  1071
 164   971 155   871 148   971 143  1071 140  1171 139  1171 139  1171 141  1171
 143  1071 147   971 154   871 162   971 172  1071 183  1171 191  1271 197  1371
 202  1371 206  1371 209  1271 210  1371 210  1271 206  1271 199  1171 187  1071
 173   971 161   871 154   971 149  1071 147  1171 145  1271 142  1271 140  1371
 139  1271 140  1151 147  1011 160  1251 177  1351 192  1511 203  1651
120 130   001 144   001 160   001 178   001 181   001 187   001 189   671
 190   971 189  1171 187  1271 184  1271 180  1271 178  1071 171   971 162   971
 153   971 145   971 138  1071 135  1171 131  1271 128  1171 126  1171 125  1071
 126   971 130   871 137   771 148   871 161  1071 174  1171 183  1171 190  1171
 194  1071 197  1171 200  1271 200  1371 198  1271 193  1071 186   971 175   971
 164  1171 154  1171 146  1271 142  1271 139  1371 138  1271 138  1271 138  1171
 139  1071 143   971 150   871 163   971 178  1171 192  1271 201  1271 207  1371
 209  1371 210  1371 210  1371 209  1371 207  1271 202  1271 195  1171 184  1171
 172  1171 163  1171 156  1271 153  1371 151  1471 148  1471 145  1371 142  1371
 141  1171 144  1051 152   811 167  1051 185  1251 202  1411 215  1451
130 138   001 140   001 159   001 180   001 199   001 204   001 207   371
 208   671 209   771 209  1271 208  1471 202  1371 194  1271 185  1071 174  1071
 164   971 155   971 147  1071 139  1171 134  1271 130  1371 126  1371 124  1471
 123  1371 125  1371 132  1271 144  1271 160  1271 175  1271 186  1371 194  1471
 202  1571 210  1671 216  1771 219  1871 217  1671 210  1471 201  1271 189  1171
 175  1171 165  1171 155  1271 146  1371 140  1471 136  1571 134  1571 133  1671
 133  1571 136  1371 145  1271 160  1371 177  1471 193  1571 205  1571 212  1671
 219  1671 226  1771 233  1771 238  1871 240  1871 237  1671 229  1571 215  1471
 198  1271 181  1171 168  1271 159  1471 151  1571 145  1671 140  1771 136  1871
 134  1771 137  1651 147  1511 165  1551 187  1651 208  1611 223  1651
145 157   001 156   001 153   001 158   001 154   001 155   001 165   371
 178   571 188   671 192   871 194  1071 195  1171 196  1071 191  1071 181  1071
 169  1071 159  1071 153   971 150   971 147   871 142   871 136   971 131   971
 130  1071 133  1071 139  1171 149  1171 161  1271 172  1271 184  1271 195  1271
 203  1271 209  1271 211  1271 212  1271 210  1171 207  1171 200  1171 191  1171
 180  1171 171  1171 161  1171 152  1071 145  1071 139  1171 135  1171 132  1271
 131  1271 133  1271 140  1271 152  1371 166  1371 180  1471 193  1471 203  1371
 211  1371 216  1371 219  1471 220  1471 221  1471 219  1471 214  1471 204  1371
 191  1271 179  1171 168  1171 160  1171 154  1171 149  1171 145  1171 142  1171
 140  1171 141  1251 148  1211 162  1351 180  1451 199  1511 215  1651
149 167   001 168   001 168   001 169   001 170   001 163   001 172   471
 186   871 199   771 206  1171 208  1171 209  1171 209  1271 204  1271 193  1271
 181  1271 172  1371 167  1271 163  1271 161  1271 156  1271 149  1171 143  1171
 141  1171 143  1171 150  1171 161  1171 176  1171 190  1171 203  1171 213  1171
 221  1271 226  1271 228  1271 228  1271 226  1271 221  1371 214  1371 202  1371
 191  1371 180  1371 171  1371 163  1471 155  1471 148  1471 142  1471 138  1471
 137  1371 140  1371 147  1271 160  1371 176  1371 193  1471 208  1471 221  1571
 229  1571 234  1571 236  1571 236  1571 235  1571 233  1671 227  1671 215  1571
 203  1571 189  1471 179  1471 171  1471 164  1471 157  1471 150  1471 145  1471
 143  1371 145  1351 154  1211 170  1351 190  1351 211  1411 228  1551
156 173   001 168   001 170   001 171   001 173   001 164   001 172   471
 187   671 201   771 209   971 212  1171 213  1171 213  1271 209  1271 201  1271
 191  1171 180  1171 173  1071 169  1071 166   971 163   971 160   871 155   871
 151   871 150   971 153   971 163  1071 176  1271 191  1371 203  1371 213  1171
 220  1271 224  1271 226  1271 227  1371 226  1371 222  1271 217  1271 210  1271
 201  1271 192  1171 184  1171 176  1071 170  1071 165  1071 161  1071 157  1071
 153  1071 150  1051 153  1071 163  1171 178  1371 194  1471 207  1471 218  1371
 227  1371 232  1471 235  1571 236  1671 236  1671 234  1571 230  1571 222  1471
 213  1371 204  1271 195  1271 188  1171 181  1171 175  1071 170  1071 166   971
 162   971 161  1051 166  1011 178  1251 195  1451 213  1611 228  1751
168 181   001 183   001 184   001 182   001 186   001 190   001 191   471
 188   771 183   771 180  1171 179  1271 178  1371 175  1371 169  1371 161  1471
 150  1271 141  1271 136  1471 136  1571 135  1771 133  1771 131  1771 131  1771
 134  1471 139  1171 147   871 156   971 166  1171 178  1271 188  1371 196  1571
 203  1671 209  1671 214  1771 216  1771 216  1671 212  1671 202  1571 187  1471
 168  1371 153  1171 144  1371 142  1571 139  1771 135  1871 131  1871 130  1971
 133  1671 140  1371 150  1071 161  1271 174  1471 187  1671 200  1671 211  1771
 220  1771 225  1771 227  1771 228  1771 230  1671 228  1671 219  1571 199  1471
 176  1471 156  1371 146  1571 141  1671 139  1871 135  1971 131  1971 128  2071
 130  1771 136  1451 148  1111 165  1451 185  1651 204  1911 220  1951
180 192   001 191   001 196   001 194   001 196   001 198   001 204   371
 208   471 206   671 198   771 190  1071 184  1271 180  1471 176  1471 172  1371
 167  1371 162  1271 156  1271 151  1371 146  1471 140  1471 134  1471 132  1471
 133  1271 139  1171 148   971 158  1071 170  1271 183  1371 193  1371 202  1271
 208  1271 213  1371 216  1371 217  1471 217  1371 215  1471 208  1471 196  1371
 182  1471 166  1271 155  1371 149  1371 143  1471 137  1471 132  1471 130  1471
 132  1371 139  1171 149  1071 162  1271 177  1571 191  1771 203  1571 213  1371
 219  1271 222  1371 223  1471 223  1571 224  1571 223  1471 216  1471 202  1371
 184  1371 167  1371 156  1471 149  1471 144  1571 140  1571 136  1671 134  1671
 133  1471 136  1251 145  1011 161  1351 181  1551 200  1811 215  1751
190 166   001 174   001 190   001 215   001 229   001 248   001 256   471
 258   571 255   871 249  1271 239  1471 225  1771 210  1671 196  1671 183  1471
 172  1171 164   871 160   971 157  1171 155  1271 151  1271 146  1371 143  1371
 142  1271 144  1171 151  1071 160  1171 172  1271 185  1271 194  1471 202  1671
 206  1671 212  1871 216  1871 219  1971 219  1871 216  1771 208  1771 194  1471
 179  1171 166   871 159  1071 155  1171 152  1371 146  1371 139  1471 135  1471
 136  1371 142  1271 153  1171 169  1171 187  1271 205  1271 217  1171 225  1271
 230  1271 233  1471 234  1571 234  1771 232  1671 228  1671 218  1571 203  1271
 184  1171 169   871 160   971 154  1171 150  1271 145  1371 140  1571 137  1671
 138  1471 145  1251 156  1011 173  1151 191  1251 209  1311 222  1451
222 155   001 153   001 153   001 159   001 166   001 185   001 196   471
 203   671 207   871 210  1071 210  1171 205  1271 195  1171 183  1171 173  1271
 163  1271 154  1371 147  1371 140  1471 136  1471 134  1471 131  1471 130  1471
 128  1371 129  1171 135  1071 149  1071 167  1171 184  1271 197  1371 206  1471
 213  1671 218  1671 222  1671 222  1671 218  1371 211  1371 201  1271 186  1371
 172  1671 161  1671 152  1671 145  1671 141  1671 138  1671 136  1571 133  1571
 131  1471 133  1271 142  1171 159  1271 180  1271 200  1371 215  1471 225  1571
 231  1671 235  1671 238  1671 240  1671 240  1671 237  1571 229  1471 216  1571
 199  1771 184  1871 174  1871 169  1771 165  1771 160  1771 155  1671 150  1671
 147  1571 149  1451 158  1311 176  1351 199  1451 221  1411 238  1551
240 175   001 175   001 175   001 170   001 167   001 168   001 174   471
 182   671 188   771 193  1271 198  1271 201  1271 200  1371 194  1371 184  1271
 171  1171 161  1071 154  1071 150  1071 147  1071 142  1171 138  1371 134  1471
 132  1371 134  1171 141  1071 152  1171 167  1471 180  1571 192  1571 202  1571
 210  1671 217  1671 221  1671 224  1671 224  1471 221  1471 214  1471 201  1271
 188  1171 173   971 162  1071 153  1071 146  1171 139  1271 132  1471 129  1571
 130  1471 133  1271 142  1171 157  1371 174  1671 191  1871 206  1971 218  2071
 227  2071 233  1971 238  1871 241  1671 243  1651 242  1551 235  1611 221  1451
 204  1251 187  1011 175  1051 166  1051 160  1011 154  1251 149  1351 145  1511
 143  1451 145  1251 154  1111 171  1451 193  1651 214  1911 231  2051
255 171   001 171   001 182   001 169   001 173   001 180   001 178   571
 171   471 164   671 159   971 158  1271 163  1171 166  1271 168  1171 165  1171
 157  1171 149  1271 143  1171 139  1071 135  1071 132  1071 129  1171 126  1171
 123  1171 123  1171 127  1171 138  1371 151  1371 166  1471 178  1571 187  1471
 195  1571 201  1671 207  1671 210  1671 212  1471 210  1471 205  1371 195  1371
 182  1371 168  1471 157  1271 147  1271 139  1171 132  1271 126  1271 122  1371
 119  1271 121  1271 128  1171 143  1471 162  1771 181  2071 196  1871 208  1771
 216  1671 221  1671 225  1471 227  1471 228  1471 227  1471 221  1471 210  1471
 196  1371 181  1371 169  1371 159  1271 151  1271 144  1371 137  1371 132  1471
 128  1471 129  1351 137  1311 155  1551 177  1651 200  1811 218  1851
260 165   001 173   001 182   001 184   001 192   001 190   001 189   671
 186   871 179   871 170  1071 163  1171 163  1171 163  1071 161  1071 154  1271
 142  1371 131  1471 125  1571 124  1871 123  1971 122  1971 124  1971 125  1971
 129  1671 135  1371 142  1071 150  1171 160  1271 169  1471 179  1571 187  1571
 194  1671 200  1471 203  1471 206  1371 208  1371 207  1271 200  1171 181  1371
 161  1471 141  1571 132  1771 127  1871 124  2071 120  2071 116  2171 116  2171
 118  1771 125  1471 136  1071 151  1371 169  1671 186  1971 201  1971 213  1871
 222  1771 226  1671 229  1571 231  1471 232  1451 230  1351 219  1311 197  1551
 171  1551 148  1611 135  1851 130  2051 127  2211 122  2351 118  2351 115  2411
 117  2051 124  1651 137  1211 157  1451 180  1751 202  1911 220  1951
280 156   001 182   001 194   001 226   001 230   001 226   001 226   471
 226   971 220   971 208  1371 195  1371 186  1271 182  1371 179  1271 173  1471
 168  1471 164  1571 159  1571 153  1471 147  1471 140  1471 132  1371 130  1371
 133  1271 140  1271 150  1171 160  1371 169  1471 177  1571 186  1571 193  1671
 200  1671 206  1571 212  1571 215  1471 216  1471 213  1371 204  1471 190  1471
 173  1471 160  1371 150  1371 143  1471 137  1471 130  1471 124  1571 122  1571
 127  1471 137  1271 151  1171 166  1371 182  1471 197  1671 211  1671 221  1671
 228  1671 230  1571 231  1471 230  1371 229  1371 225  1371 217  1371 204  1371
 188  1371 174  1471 164  1471 157  1571 152  1571 145  1571 138  1671 134  1671
 136  1571 143  1351 155  1211 172  1551 191  1751 209  2011 224  2151
299 159   001 180   001 210   001 237   001 265   001 268   001 275   471
 280   971 277  1171 265  1471 247  1571 228  1871 210  1671 196  1571 183  1471
 175  1471 169  1471 164  1471 161  1471 158  1471 153  1471 147  1371 142  1371
 141  1271 143  1171 148  1071 157  1071 168  1071 179  1071 188  1271 196  1471
 201  1771 205  1871 208  1971 211  2171 213  2071 212  1671 203  1471 186  1571
 166  1471 150  1671 141  1671 138  1671 135  1671 131  1671 125  1571 123  1571
 126  1471 133  1271 146  1171 164  1171 182  1071 200  1071 214  1171 225  1271
 231  1371 233  1571 233  1771 232  1811 230  1751 226  1551 215  1311 197  1351
 176  1351 158  1311 148  1351 143  1551 140  1511 137  1551 134  1651 132  1611
 133  1451 139  1251 151  1011 169  1151 190  1151 209  1211 224  1551
434 154   001 156   001 164   001 163   001 172   001 166   001 166   371
 168   571 167   771 162  1071 157  1271 157  1171 158  1271 158  1171 153  1071
 145   971 137   871 132   971 129   971 126  1071 124  1071 119  1071 116  1071
 113  1171 112  1171 115  1271 124  1471 137  1671 151  1871 165  1771 178  1671
 187  1671 194  1671 198  1671 200  1671 200  1571 198  1571 192  1471 184  1471
 173  1271 163  1071 153  1171 145  1171 138  1271 133  1271 129  1271 124  1271
 121  1271 120  1371 126  1371 139  1671 157  1871 175  2071 190  2071 200  2071
 207  1971 213  1971 217  1971 220  1871 220  1751 218  1651 212  1611 203  1551
 191  1451 180  1311 171  1451 164  1451 159  1511 156  1551 152  1451 148  1411
 142  1551 138  1551 142  1611 157  1751 179  1851 200  1911 216  1951
460 164   001 160   001 189   001 214   001 199   001 201   001 204   571
 206   871 206  1071 202  1571 197  1771 193  1471 193  1371 187  1271 177  1371
 163  1471 151  1471 141  1571 136  1671 132  1771 126  1771 122  1671 123  1671
 127  1471 135  1171 144   971 152  1271 161  1471 171  1771 181  1771 191  1871
 199  1871 204  1971 207  1971 209  1871 210  1671 209  1471 203  1371 188  1471
 171  1471 153  1571 140  1671 130  1671 122  1771 114  1771 109  1871 108  1871
 110  1571 119  1371 131  1071 148  1371 165  1571 183  1871 198  1871 210  1871
 219  1771 224  1871 226  1871 227  1971 229  1871 228  1671 222  1571 207  1571
 189  1671 171  1671 159  1871 150  1871 142  1971 134  2071 128  2071 126  2171
 128  1871 136  1551 148  1211 165  1551 184  1851 203  2111 219  2151
481 170   001 192   001 217   001 239   001 260   001 268   001 274   271
 276   571 269   771 254  1371 235  1571 219  1671 204  1671 195  1671 188  1571
 184  1471 180  1271 175  1271 169  1071 163  1071 157  1071 152   971 147   971
 144   871 145   871 148   771 153   871 160   871 168  1071 177  1271 184  1271
 191  1471 195  1571 199  1571 200  1671 199  1671 196  1771 189  1871 182  1871
 171  1671 163  1471 158  1371 153  1271 149  1071 144  1071 138  1071 137  1071
 137   971 140   971 148   871 159   971 173  1071 188  1071 203  1171 215  1171
 224  1171 230  1271 232  1471 231  1571 228  1771 223  1771 215  1871 206  1671
 196  1471 186  1271 178  1271 170  1171 164  1071 157  1071 152   971 149   971
 147   871 150   851 157   711 170   951 187  1151 205  1311 221  1551
497 122   001 150   001 177   001 200   001 233   001 260   001 283  1071
 299  1371 306  1571 298  1971 281  2171 258  1771 230  1571 205  1471 185  1371
 174  1171 167  1071 163  1071 161   971 157   971 153   971 147   871 140   871
 132   971 125  1071 123  1171 128  1271 138  1371 152  1471 166  1571 180  1871
 193  1971 203  2271 209  2471 209  2571 200  2171 187  1971 172  1671 159  1471
 149  1371 142  1171 136  1071 131   971 128   971 123   971 116  1071 110  1071
 106  1071 107  1171 115  1171 134  1271 157  1471 182  1571 203  1771 218  2171
 231  2371 239  2371 242  2471 238  2571 226  2171 208  1871 190  1571 174  1471
 162  1271 153  1171 145  1071 139  1071 133   971 129   971 126   971 122   971
 119  1071 119  1051 126  1111 143  1251 167  1351 192  1411 215  1651
510 175   001 180   001 195   001 212   001 215   001 179   001 165   571
 165   771 170   671 174  1171 178  1271 181  1171 183  1171 183  1071 177   971
 169   871 163   771 159   771 157   871 155   871 151   971 146   971 142  1071
 139  1071 139  1171 147  1171 162  1171 181  1071 198  1071 210  1171 218  1371
 222  1471 224  1471 226  1371 227  1371 227  1271 225  1271 217  1171 203  1071
 186  1071 173   971 163   971 157  1071 152  1071 147  1171 143  1171 138  1271
 134  1271 135  1371 143  1371 160  1371 183  1471 205  1471 222  1471 234  1471
 241  1471 246  1571 248  1671 250  1671 251  1571 249  1471 243  1371 228  1371
 211  1271 195  1171 184  1271 177  1271 172  1371 166  1371 159  1371 154  1371
 151  1471 152  1451 162  1511 181  1451 206  1451 229  1311 246  1451
579 166   001 198   001 225   001 257   001 273   001 289   001 306   371
 321   671 328   971 326  1471 316  1671 299  1671 281  1371 263  1171 246  1171
 232  1071 219  1071 210  1171 203  1171 199  1271 194  1371 189  1571 184  1671
 179  1471 177  1171 179   971 187  1171 198  1471 210  1671 220  1871 228  1971
 234  2171 238  2071 238  2071 237  1971 233  1771 226  1471 218  1271 211  1271
 204  1171 198  1071 194  1171 192  1171 188  1271 183  1471 180  1571 177  1771
 177  1471 179  1271 186   971 200  1171 216  1471 235  1671 251  1771 264  1971
 274  2071 278  2171 278  2071 275  2171 271  1971 265  1671 257  1471 246  1471
 236  1371 226  1271 217  1271 211  1371 205  1371 198  1571 191  1671 187  1871
 186  1671 188  1351 197  1111 212  1351 230  1551 249  1711 265  1951
588 164   001 190   001 220   001 244   001 267   001 300   001 320   571
 331   971 336  1071 334  1471 327  1271 310  1571 287  1771 265  1971 243  1771
 223  1671 208  1471 198  1471 192  1371 187  1371 180  1371 173  1471 166  1471
 161  1371 160  1371 162  1271 170  1371 180  1671 195  1771 210  1971 225  2171
 238  2471 247  2171 251  1871 250  1471 243  1671 232  1971 219  2171 204  1971
 191  1671 179  1471 172  1471 168  1471 165  1471 161  1471 155  1471 152  1471
 148  1371 148  1371 156  1271 172  1471 194  1571 217  1771 237  2071 254  2271
 269  2571 282  2271 290  2071 292  1771 287  1971 276  2171 261  2371 245  2071
 229  1871 215  1571 205  1571 197  1571 190  1571 183  1571 178  1471 174  1471
 173  1371 175  1251 183  1111 197  1451 215  1751 235  2011 254  2251
621 178   001 178   001 181   001 189   001 199   001 199   001 204   571
 210   771 214   971 217  1271 219  1471 218  1271 214  1371 207  1471 194  1371
 180  1271 169  1271 162  1271 159  1271 156  1271 152  1371 148  1471 143  1571
 141  1371 140  1271 145  1071 157  1271 172  1571 186  1771 197  1771 205  1671
 211  1671 216  1671 220  1571 222  1571 222  1471 219  1471 211  1471 199  1371
 185  1271 172  1271 163  1271 158  1271 154  1271 151  1371 146  1371 142  1471
 138  1371 137  1271 142  1171 156  1371 173  1671 192  1971 206  1971 215  1971
 222  1971 226  2071 230  1971 232  2071 234  1871 233  1771 227  1571 213  1471
 195  1371 180  1371 172  1471 167  1471 164  1471 160  1471 154  1571 149  1571
 144  1471 144  1451 152  1311 171  1551 195  1851 217  2011 231  2051
630 183   001 186   001 197   001 210   001 228   001 246   001 255   571
 258   871 259  1071 257  1371 252  1471 244  1271 233  1271 223  1271 215  1271
 206  1271 199  1171 192  1171 184  1071 176  1071 167  1071 160  1071 154  1071
 150   971 151   871 157   771 169   971 182  1271 198  1471 208  1571 215  1571
 221  1571 228  1571 233  1571 237  1571 237  1471 234  1371 229  1371 220  1371
 211  1271 198  1271 188  1171 178  1171 170  1071 163  1071 157  1071 153  1071
 148   971 147   871 153   771 168  1071 188  1471 207  1771 222  1771 232  1771
 241  1771 249  1771 257  1671 261  1671 262  1771 258  1771 251  1771 241  1671
 229  1471 218  1371 209  1271 200  1271 192  1171 183  1171 174  1271 166  1271
 161  1171 161  1151 169  1011 185  1351 205  1551 224  1811 238  1951
643 212   001 213   001 224   001 238   001 249   001 256   001 263   571
 268   871 268  1171 265  1271 263  1471 265  1571 268  1571 265  1571 258  1471
 246  1271 235  1171 225  1071 218  1071 213   971 207   971 201   971 193   971
 187   971 184  1071 188  1071 200  1271 217  1571 235  1871 250  1771 261  1771
 269  1671 273  1671 275  1571 274  1571 272  1571 266  1671 258  1671 248  1571
 237  1371 225  1271 217  1271 207  1171 200  1171 193  1171 188  1071 184  1071
 183  1071 186  1171 196  1171 213  1371 236  1671 258  1871 277  1871 290  1871
 298  1771 300  1771 299  1771 297  1771 296  1771 295  1871 289  1971 280  1771
 266  1671 253  1471 240  1471 231  1471 222  1371 214  1271 208  1271 203  1171
 201  1171 204  1251 213  1211 230  1551 250  1751 270  2011 285  2051
645 198   001 212   001 222   001 241   001 260   001 284   001 306   571
 319   771 320   971 311  1471 300  1471 290  1471 280  1371 266  1371 250  1371
 233  1271 220  1271 213  1271 209  1271 206  1271 201  1271 195  1271 190  1271
 187  1271 187  1171 192  1171 201  1271 214  1571 228  1671 241  1671 252  1771
 258  1771 263  1771 263  1571 261  1571 257  1571 250  1471 242  1471 231  1471
 218  1471 207  1271 202  1271 199  1371 197  1371 192  1371 188  1371 187  1371
 187  1271 190  1171 199  1071 214  1371 233  1571 253  1871 271  1871 285  1971
 297  1971 303  1871 305  1871 303  1871 297  1771 286  1671 274  1571 260  1571
 246  1471 234  1471 226  1471 220  1571 215  1571 210  1571 204  1571 200  1571
 199  1471 202  1351 211  1211 227  1551 247  1751 267  2011 284  2151
650 207   001 221   001 245   001 255   001 289   001 316   001 324   371
 322   871 315  1171 307  1471 296  1471 282  1471 266  1371 253  1371 244  1271
 238  1171 233  1071 228  1071 224   971 220   971 215  1171 211  1271 206  1471
 201  1271 198  1171 197   971 201  1071 209  1171 219  1271 231  1271 242  1271
 251  1271 256  1271 257  1371 254  1371 249  1471 243  1371 235  1471 226  1471
 220  1371 214  1271 209  1171 205  1171 201  1071 195  1171 191  1371 188  1471
 188  1271 190  1171 198   971 210  1071 225  1171 243  1271 260  1271 276  1371
 287  1371 291  1371 291  1471 287  1571 281  1471 271  1471 262  1371 253  1371
 244  1371 235  1271 229  1271 222  1271 216  1171 208  1271 202  1371 199  1471
 200  1271 205  1151 214   911 227  1051 242  1251 259  1311 275  1451
675 175   001 191   001 231   001 268   001 288   001 311   001 326   271
 334   571 338   871 337  1271 329  1371 318  1471 306  1671 290  1671 274  1471
 260  1371 248  1171 237  1271 227  1371 217  1471 205  1571 194  1771 186  1871
 184  1671 188  1371 198  1171 213  1071 234   971 255   871 275   971 291  1071
 302  1171 307  1271 307  1471 303  1571 296  1671 287  1671 274  1771 257  1571
 241  1471 225  1271 213  1371 203  1471 194  1571 184  1671 174  1871 169  1971
 169  1771 177  1471 192  1271 215  1171 243  1171 271  1071 294  1171 311  1271
 321  1371 325  1471 323  1671 318  1771 311  1771 302  1871 289  1871 272  1671
 254  1471 238  1271 225  1371 215  1471 205  1571 194  1771 184  1871 179  2071
 180  1871 189  1551 206  1311 230  1351 258  1251 284  1211 304  1351
690 231   001 248   001 264   001 267   001 268   001 268   001 270   371
 271   371 271   371 269   571 265   871 260   871 255   871 251   871 250   871
 250   871 252   871 251   871 249   871 246   871 241   871 236   971 233   971
 232   871 234   871 237   771 242   971 248   971 256  1071 266  1171 276  1271
 281  1371 280  1271 275  1271 268  1271 263  1271 258  1071 254  1071 249  1071
 244  1071 239   871 236   871 233   971 229   971 224   971 219  1071 216  1071
 215   971 218   971 224   871 234   971 246   971 258  1071 268  1171 275  1471
 280  1671 283  1471 284  1471 282  1371 278  1271 272  1271 265  1271 258  1171
 252  1171 247  1071 243   971 239   971 236   971 232   971 229  1071 227  1071
 228  1071 232   951 239   911 249  1051 260  1051 270  1111 277  1351
747 214   001 222   001 255   001 262   001 281   001 284   001 286   371
 286   671 284   871 282  1271 278  1471 279  1471 278  1471 274  1371 264  1371
 250  1271 239  1171 234  1171 231   971 228   871 222   971 213   971 204  1071
 199   971 196   971 198   871 205  1071 215  1471 229  1671 243  1671 257  1771
 268  1771 274  1871 277  1971 276  1971 273  1771 270  1671 262  1471 254  1371
 244  1371 235  1271 229  1171 223   971 216   871 210   971 203   971 200  1071
 199  1071 201   951 208   971 220  1271 234  1571 251  1871 266  1771 280  1771
 290  1671 296  1871 299  1971 298  2071 294  1971 289  1771 282  1671 273  1571
 264  1371 256  1271 250  1171 244  1171 239  1071 232  1171 225  1271 220  1371
 218  1271 219  1151 225  1011 235  1351 249  1551 263  1811 277  1851
NT  TEDF  78  35 1
20160804102016080405
20160804102016080406
20160804102016080407
20160804102016080408
20160804102016080409
20160804102016080410
20160804102016080411
20160804102016080412
20160804102016080413
20160804102016080414
20160804102016080415
20160804102016080416
20160804102016080417
20160804102016080418
20160804102016080419
20160804102016080420
20160804102016080421
20160804102016080422
20160804102016080423
20160804102016080500
20160804102016080501
20160804102016080502
20160804102016080503
20160804102016080504
20160804102016080505
20160804102016080506
20160804102016080507
20160804102016080508
20160804102016080509
20160804102016080510
20160804102016080511
20160804102016080512
20160804102016080513
20160804102016080514
20160804102016080515
20160804102016080516
20160804102016080517
20160804102016080518
20160804102016080519
20160804102016080520
20160804102016080521
20160804102016080522
20160804102016080523
20160804102016080600
20160804102016080601
20160804102016080602
20160804102016080603
20160804102016080604
20160804102016080605
20160804102016080606
20160804102016080607
20160804102016080608
20160804102016080609
20160804102016080610
20160804102016080611
20160804102016080612
20160804102016080613
20160804102016080614
20160804102016080615
20160804102016080616
20160804102016080617
20160804102016080618
20160804102016080619
20160804102016080620
20160804102016080621
20160804102016080622
20160804102016080623
20160804102016080700
20160804102016080701
20160804102016080702
20160804102016080703
20160804102016080704
20160804102016080705
20160804102016080706
20160804102016080707
20160804102016080708
20160804102016080709
20160804102016080710
002800180018001800150012001217121712271227122713271335133113351335133113351
33512311235123512311235123512311335143515311535153515311535153515311435133513311
43514351431143513351231123512351231133513351431143514351431143513351331133513351
23113351335143114351435143115351535153115351535163116351635173117351635163115351
005800180018001800180017001617162715271527143714271335123112351335133113351
43514311335133513311235123513311335143515311535153515311535153515311435133512311
23512351331143514351431143514351431153515351531153514351431143514351431143513351
23112351235123112351335133114351435143115351535153116351635173116351635153114351
015700180018001800180018001717161716271527153713371235113111351135113112351
33513311335133513311335153515311535153514311435143514311535153514311335123512311
23512351331133513351331133513351331133512351231133513351331133513351331123512351
33113351435143113351235113111351135113112351235123113351435143114351435143114351
027800180018001300160016001617161716271627162717371735163116351435133113351
33513311235123512311335143515311635153515311535153515311535153515311435143513311
23512351231123513351331143515351631173517351731163515351531143514351431143514351
33113351335133112351235133113351335133112351235133114351535153115351435143114351
070700170018001800180018001717172717271737173716371535153114351435143115351
53516311535143513311335133514311435153515311535153515311535153515311435133513311
23512351231123512351231123511351231123513351431143513351331143514351531153515351
43113351235113111351135113111351135113111351135113111351135123112351135123112351
110300160017001700160018001817182718271727172715271335123111351135123112351
23512311235123512311335133514311435153515311535153515311535153514311435133513311
33513351431153515351531153514351431133514351431153516351731173517351731173516351
53115351435133112351235123113351435153115351535143114351435133113351335123112351
120100110011001700170017001727182717271727162715271435133112351235123112351
23512311235123512311235123513311335143514311435143513311435143514311335133513311
33513351331133513351331133513351331143515351531153515351531153516351631163515351
43113351235123112351235133113351435153115351635163116351635163115351435143113351
130800150012001000160017001727182718271827182718371735173115351335123111351
13512311235123513311335133514311435143514311435153515311435143514311435143514311
43513351231123512351231123512351231133513351331133513351331133514351431153514351
43114351335133112351235123112351235123112351235133113351335133113351235123112351
145800180018001800180018001717172716271627162715271435143115351635173117351
73516311435133512311335143515311635163516311635153516311635163516311635163515311
43514351331133512351231123512351231133514351431143514351431143514351531153515351
53114351335123112351135113111351135113111351135113111351135123112351235123112351
149800180018001800180018001817172717271627152715371435133114351535163117351
73516311435133512311335143515311635163516311535153515311635163516311635163515311
43514351331133513351231123512351231123513351431143514351431143514351531153515351
43114351335123112351135113111351135113111351135113111351135123112351235123112351
156700180018001800180018001817172717271727162715371435133114351535163117351
73516311435133512311335143515311635163516311635163516311635163516311635163515311
43513351331133512351231123512351231133514351431143514351431143515351531153515351
53114351335123112351135113111351135113111351135113111351135123112351235123112351
168800180018001800180018001717171717271727172717371735163114351335133114351
53516311735163516311635163516311535143513311335143514311535153515311535143514311
33512351131113512351231123512351231123513351331133514351431143514351531153515351
53114351335133112351235113111351135113111351135113111351135113111351135113112351
180800180018001800180018001717171717271727172717271735173117351735173116351
63515311535153515311635173517311635143513311235123513311335143514311435143513311
23512351131113511351231123513351431143515351531143514351331133513351331143514351
43113351335123112351135113111351135113111351135113111351135113111351135123112351
190600170017001700170017001717171717271727172717371735173117351735173117351
73517311735173517311635163516311735173516311635153514311435143514311435133512311
13511351131123512351231133513351331133512351231123512351231133514351531153514351
43114351435133113351235123111351235123112351235113111351135123112351135113111351
222800180017001800170017001617161716271727172717271635153114351335113111351
13511311235123512311335133514311535163516311535143513311335133513311335123512311
23512351231123513351331123512351131113512351231123512351131123512351231123512351
23112351135113111351135113111351135123112351135113111351135113111351135113112351
240800180018001800180018001727162714271437133713371435163117351735173116351
53515311535153515311435143514311435143514311435143514311435153515311435143513311
33514351431133512351131113511351131113512351231123512351231123512351231123513351
33112351235123112351235123112351135113111351135113111351135113111351135113112351
255700180018001800180018001717182718271827172716271435133114351535163117351
73517311735163516311635173517311635153514311435143514311435143514311535153514311
43512351231113511351231123512351231123512351231123512351231123512351231133513351
43113351335133112351235123111351135113111351135113111351135113111351135113111351
260800180018001800180018001827182718371735173117351735163116351535153115351
63517311735173517311735163516311435133512311335143514311435143514311335133513311
33512351131113511351131113511351131123512351231123512351231133513351431143514351
33113351235123111351135113111351135113111351135113111351135113111351135113111351
280500170017001600170018001817172717271727172717271735173117351735173117351
63516311635163517311735173517311635163515311535153515311635163515311435133512311
13511351131113511351131113511351231123512351231113511351231133513351431143514351
43113351235123111351135113111351135113111351135113111351135113111351135113111351
299200120013001400130012001217122713271527162716371735173117351735173117351
73517311735173517311735173517311635163516311635163517311735163515311435133512311
23512351331123512351231123512351331133513351231123512351231123512351231123513351
33114351435143113351235113111351135113111351135113111351135123112351235123112351
434500180018001800180018001827182718271837173117351635163116351735173117351
63515311535153516311635163515311535153515311435133512311335133514311435133513311
23512351231123511351131113511351131113511351231123511351131113511351231123512351
23112351135113111351135113111351135113111351135113111351135113111351135113111351
460600170018001700180018001817171717271827172717371635153115351435143115351
53516311735173517311635163515311535163516311635153515311435143513311335133513311
23512351231123512351231133513351431153515351431143513351231123513351331143514351
43113351335123112351135113111351235123112351135123112351335143113351235123111351
481100100010001000110015001617162717271727173717371735173117351735173116351
63516311635163516311635153514311435143514311535153515311535153515311435133512311
13511351131113512351231123512351231133513351331123512351231123512351231123512351
33113351335123112351235113111351135123112351235123112351235123112351235123111351
497000100010001000100010001127121713271527162717271735173117351735173117351
73517311735173517311735173517311735183517311635153515311535153515311535143513311
23512351331133513351331123512351231123512351231123512351231123512351231123512351
33113351235123112351235123112351235123112351135113112351235123112351235123112351
510400160017001800180018001817172717271737173717371635153114351335123112351
23512311235123512311335133514311435133513311335143514311435143514311335123511311
13511351131123512351231123512351131113512351231113511351131113511351131113511351
13111351135113111351135113111351135113111351135113111351135113111351135113111351
579000100010001000100010001117122712271327142715371635173117351735173116351
53515311435133512311235123511311135113511311235133513311335133512311235113511311
13511351231123511351131113511351131113511351131113511351131113511351131113511351
13111351135113111351135113111351135113111351135113111351135113111351135113111351
588000100010001000100010001117111713271527162716371535153115351635173117351
73517311635153514311335123511311135113511311135113511311135113511311135113511311
13511351131113511351131113511351131113511351131113511351131113511351131113511351
13111351135113111351135113111351135113111351135113111351135113111351135123112351
621600150017001700170017001717171717171727172717271735173117351735173117351
63515311535153515311435143514311435143514311535153515311535143514311435133513311
33513351331123512351131113512351231123512351231123512351231123513351331133513351
33113351235123111351135113111351135113111351135113112351235123111351135113112351
630300150013001400110014001417152716271627172717271735173117351735173116351
53514311335133514311535153515311435133512311235123513311335123512311135113511311
13511351131113511351231113511351131113511351131113511351131113511351131113511351
13111351135113111351135113111351135113111351135113111351135113111351135113111351
643200160016001700130012001327142715271527162716271735173117351735173117351
73516311535133511311135113511311135113511311135113511311235123513311335133512311
23512351131113511351131113511351131113511351131113511351131113511351131113511351
13111351135113111351135113111351135113111351135113111351135113111351135113111351
645000130014001400100010001117122712271327142715271635163117351735173117351
63515311435123511311135113511311135113511311235123513311335123512311135113511311
13511351131113511351131113511351131113511351131113511351131113511351131113511351
13111351135113111351135113111351135113111351135113111351135113111351135113111351
650500160016001400120012001217132713271427142714271535153115351635173117351
73517311635153514311335133512311235113511311135113511311135113511311135113511311
13511351131123512351231123511351131113511351131113511351131113511351131113511351
13111351135113111351135113111351135113111351135113111351135113111351135113111351
675000100010001100120010001117122713171437142715371535153114351435143115351
63516311635153514311335123511311135113511311135113511311135113511311135113511311
13511351131113511351131113511351131113511351131113511351131113511351131113511351
13111351135113111351135113111351135113111351135113111351135113111351135113112351
690000100010001000100010001127112711271227122713371435143114351435143114351
53515311635173516311535133511311135113511311135113511311235133513311335123511311
13512351231123512351131113512351231123512351131113511351131113511351131113511351
13111351135113111351135113111351135113111351135113111351135123111351135113111351
747000100010001000100010001217141715271627162716371635163116351635173117351
73517311635153514311335133512311235123512311235123512311235123512311235123512311
23512351231123511351131113511351131113511351131113511351131113511351131113511351
13111351135113111351135113111351135113111351135113111351135113111351135113111351
