20161009051431
T2M TEDF  78  35 1
20161009052016100900
20161009052016100901
20161009052016100902
20161009052016100903
20161009052016100904
20161009052016100905
20161009052016100906
20161009052016100907
20161009052016100908
20161009052016100909
20161009052016100910
20161009052016100911
20161009052016100912
20161009052016100913
20161009052016100914
20161009052016100915
20161009052016100916
20161009052016100917
20161009052016100918
20161009052016100919
20161009052016100920
20161009052016100921
20161009052016100922
20161009052016100923
20161009052016101000
20161009052016101001
20161009052016101002
20161009052016101003
20161009052016101004
20161009052016101005
20161009052016101006
20161009052016101007
20161009052016101008
20161009052016101009
20161009052016101010
20161009052016101011
20161009052016101012
20161009052016101013
20161009052016101014
20161009052016101015
20161009052016101016
20161009052016101017
20161009052016101018
20161009052016101019
20161009052016101020
20161009052016101021
20161009052016101022
20161009052016101023
20161009052016101100
20161009052016101101
20161009052016101102
20161009052016101103
20161009052016101104
20161009052016101105
20161009052016101106
20161009052016101107
20161009052016101108
20161009052016101109
20161009052016101110
20161009052016101111
20161009052016101112
20161009052016101113
20161009052016101114
20161009052016101115
20161009052016101116
20161009052016101117
20161009052016101118
20161009052016101119
20161009052016101120
20161009052016101121
20161009052016101122
20161009052016101123
20161009052016101200
20161009052016101201
20161009052016101202
20161009052016101203
20161009052016101204
20161009052016101205
002 109   001 108   001 105   001 105   001 100   001  96   001  97   471
 100   671 105   971 112  1071 120   971 127   971 132   871 134   971 134  1071
 131  1171 126  1171 120  1071 114  1011 108   951 103   851 100   711  99   751
  98   851  98   811  97   851  96   951  95   911  94   951  94  1051  95  1011
  98  1151 103  1351 107  1411 111  1451 113  1451 115  1411 115  1451 115  1451
 113  1411 110  1451 107  1451 104  1411 102  1251  99  1151  97   911  94   951
  91  1051  88  1011  86  1051  83  1051  81  1011  78  1051  77  1051  78  1011
  83  1151  90  1251  98  1311 106  1351 112  1351 117  1311 119  1451 119  1551
 118  1611 116  1651 113  1551 109  1511 105  1351 101  1251  97  1011  93  1051
  90  1151  86  1111  82  1151  78  1151  75  1111  73  1151  72  1151
005  77   001  79   001  82   001  81   001  80   001  76   001  77   471
  82   771  92   971 106  1171 118  1171 129  1171 137  1171 142  1171 143  1071
 139  1071 129  1071 116  1171 104  1111  95  1151  89  1151  84  1111  80  1151
  77  1051  75  1011  74  1051  73  1051  71  1011  67  1051  64  1151  66  1111
  75  1251  88  1451 102  1511 113  1551 122  1651 126  1611 126  1651 123  1551
 117  1511 108  1451  99  1451  91  1311  86  1351  84  1251  81  1211  77  1251
  73  1151  69  1111  66  1151  63  1251  58  1211  51  1251  46  1251  45  1211
  52  1351  65  1451  81  1511  97  1551 111  1651 121  1611 126  1651 126  1651
 121  1611 113  1551 103  1551  94  1411  86  1451  81  1551  76  1511  72  1551
  69  1451  66  1411  62  1451  59  1551  56  1511  55  1551  55  1551
015  62   001  67   001  60   001  63   001  51   001  45   001  51   471
  65   771  82   871 100   771 113   771 123   771 131   771 137   871 141   971
 138  1071 129  1071 114  1071 100  1011  90  1051  84  1151  79  1111  74  1251
  69  1251  66  1311  64  1351  63  1351  61  1311  58  1351  56  1451  60  1411
  71  1351  87  1151 102  1011 113  1051 119  1151 122  1111 123  1251 121  1451
 116  1511 107  1551  96  1451  87  1411  81  1451  76  1351  72  1311  67  1351
  62  1451  57  1411  54  1451  52  1451  48  1411  43  1451  39  1451  40  1411
  50  1251  65  1151  81   911  95  1051 107  1051 115  1111 120  1251 121  1351
 117  1411 109  1451  99  1351  90  1311  85  1351  81  1451  78  1411  73  1551
  68  1551  64  1611  62  1651  62  1651  62  1611  61  1751  60  1751
027 117   001 114   001 112   001 105   001 102   001 107   001 110   571
 115   971 122  1171 131  1371 139  1271 145  1171 148  1071 151  1171 150  1371
 145  1471 136  1371 124  1371 113  1211 105  1251 100  1251  94  1211  87  1351
  79  1451  73  1511  69  1651  67  1651  63  1711  57  1751  52  1651  55  1611
  68  1551  87  1451 106  1311 119  1351 127  1351 132  1311 134  1451 134  1651
 130  1711 121  1651 111  1551 100  1411  92  1351  85  1251  80  1111  75  1251
  70  1451  67  1511  65  1651  63  1651  59  1711  53  1751  49  1651  50  1611
  60  1551  76  1451  94  1311 110  1451 124  1551 133  1611 138  1751 138  1951
 134  2011 126  1951 115  1751 104  1611  95  1651  87  1551  81  1511  76  1651
  71  1751  67  1811  64  1951  61  1951  57  2011  53  1951  51  1951
070  42   001  48   001  48   001  42   001  36   001   5   001   7   771
  28  1271  57  1371  84  1271 105  1171 119  1171 128  1071 134  1071 136  1071
 134  1171 128  1271 118  1271 105  1311  91  1451  78  1551  68  1611  61  1751
  56  1851  53  2011  50  2051  46  2151  43  2111  40  2151  39  2151  45  2111
  58  1851  77  1651  95  1411 110  1351 121  1351 128  1311 130  1451 129  1451
 123  1511 114  1551 104  1551  93  1611  83  1651  75  1751  69  1711  65  1951
  62  2051  59  2111  55  2251  51  2351  45  2311  39  2351  36  2251  39  2211
  50  1951  66  1751  83  1411  98  1451 109  1351 116  1311 120  1451 119  1551
 116  1711 110  1651 102  1651  93  1511  85  1651  77  1851  71  1911  66  2051
  63  2251  60  2311  58  2451  55  2551  53  2511  51  2651  51  2651
110 110   001 120   001 119   001 121   001 119   001 120   001 125   771
 134   871 144   971 154   971 162  1071 166  1171 166  1271 164  1171 158  1171
 150  1071 138   971 124   871 113   711 103   951  95  1151  89  1311  86  1351
  84  1451  81  1411  76  1451  71  1351  65  1311  61  1351  61  1451  67  1411
  80  1351  98  1351 116  1211 130  1351 141  1351 148  1411 152  1251 152  1151
 147   911 137   951 125   951 113   911 104  1151  99  1351  95  1511  93  1651
  91  1651  89  1711  86  1651  81  1651  75  1511  67  1551  62  1551  63  1511
  74  1451  91  1351 109  1211 123  1251 133  1351 139  1311 143  1351 143  1251
 139  1211 130  1151 119  1151 109  1011 102  1251  97  1451  95  1611  94  1751
  93  1851  92  1911  90  1951  87  1851  82  1811  76  1951  72  1951
120 101   001  83   001  96   001  99   001 105   001 111   001 116   471
 121   671 127   871 133  1171 137  1171 140  1271 141  1271 142  1171 141  1171
 138  1071 131  1071 121  1171 111  1111 102  1151  95  1051  90  1011  86  1151
  84  1151  81  1211  78  1251  73  1251  69  1211  65  1251  64  1251  68  1211
  80  1251  96  1251 111  1211 123  1351 131  1351 136  1411 140  1351 140  1351
 137  1211 129  1251 117  1251 107  1211 100  1251  95  1251  92  1211  90  1351
  87  1351  84  1411  80  1451  74  1451  68  1411  61  1451  57  1551  60  1511
  71  1551  88  1651 104  1611 116  1651 125  1651 131  1611 136  1651 138  1551
 136  1511 129  1451 119  1451 109  1311 102  1351  97  1451  93  1411  90  1551
  87  1651  84  1711  81  1751  78  1751  74  1711  70  1751  68  1751
130  71   001  61   001  60   001  54   001  44   001  56   001  67   471
  77   871  90  1071 105  1171 120  1271 134  1271 144  1371 149  1271 150  1271
 146  1171 139  1171 130  1071 118  1011 108  1151  99  1251  91  1311  83  1451
  76  1651  71  1711  69  1751  67  1851  63  1811  56  1851  50  1751  51  1711
  64  1551  85  1351 108  1111 128  1251 144  1251 155  1311 159  1251 158  1251
 152  1111 142  1151 129  1151 116  1111 105  1251  95  1251  88  1311  83  1451
  79  1651  75  1711  70  1851  64  1851  57  1911  49  1851  43  1851  44  1711
  55  1551  72  1451  94  1211 116  1351 135  1451 148  1511 154  1451 152  1451
 145  1311 134  1351 121  1351 109  1311  99  1351  91  1451  84  1411  78  1651
  73  1751  70  1911  68  2051  67  2051  65  2111  62  2051  59  2051
145  59   001  52   001  51   001  57   001  45   001  35   001  39   571
  53   771  72   871  90   971 105   971 116  1071 124  1071 131  1071 137  1171
 137  1171 131  1071 122  1071 109   911  98  1051  89  1051  81  1111  74  1251
  69  1451  65  1511  63  1551  61  1451  57  1411  50  1451  45  1351  47  1311
  60  1351  79  1251  98  1211 112  1351 120  1351 125  1411 127  1451 126  1551
 122  1511 115  1351 107  1251  97  1011  87  1151  79  1251  72  1311  68  1351
  65  1451  63  1411  60  1451  57  1451  52  1411  47  1451  44  1551  46  1511
  55  1551  68  1551  83  1511  97  1551 108  1551 117  1511 122  1551 124  1651
 121  1611 114  1451 105  1251  95  1011  87  1151  80  1251  74  1311  68  1451
  63  1551  59  1611  56  1651  54  1751  52  1711  50  1751  50  1751
149  71   001  58   001  64   001  70   001  42   001  41   001  49   571
  64  1071  82  1071 101   971 118   971 130  1071 140  1071 146  1071 148  1071
 145  1071 136  1071 124   971 111   911 100   951  92   951  85   911  79  1051
  73  1251  68  1311  64  1451  59  1551  53  1611  45  1551  40  1551  43  1411
  58  1351  79  1351 101  1211 118  1351 129  1351 135  1411 136  1451 134  1351
 128  1311 120  1251 110  1251 101  1111  93  1151  86  1051  80  1011  75  1151
  71  1251  67  1311  64  1451  60  1651  55  1711  48  1651  44  1651  45  1511
  56  1451  72  1451  90  1311 105  1451 117  1651 126  1711 132  1651 133  1651
 130  1511 121  1451 110  1251 100  1111  93  1151  88  1051  82  1011  75  1251
  67  1451  61  1611  58  1751  57  1851  56  1911  54  1951  52  1851
156  97   001  89   001  87   001  81   001  78   001  81   001  84   471
  91   771 102   871 117   971 129  1071 139  1071 145  1171 148  1171 149  1071
 146  1071 138  1071 127   971 118   911 112   951 108   851 104   811  98   951
  92  1151  87  1211  84  1251  82  1251  78  1211  72  1251  66  1251  67  1211
  77  1251  93  1251 110  1211 124  1351 134  1351 138  1411 137  1451 132  1351
 125  1311 118  1251 112  1251 107  1111 102  1051  98  1051  93   911  87  1051
  81  1151  77  1211  75  1251  74  1251  71  1211  66  1251  61  1351  61  1311
  69  1351  83  1451  97  1411 109  1551 118  1651 125  1711 129  1651 130  1551
 128  1411 122  1351 114  1251 106  1111 101  1151  97  1051  93  1011  87  1151
  81  1351  76  1411  74  1451  73  1551  72  1511  69  1551  67  1551
168  45   001  37   001  35   001  30   001  31   001  30   001  36   671
  48  1171  65  1371  84  1271 101  1171 114  1171 124  1071 131  1071 135  1171
 132  1171 123  1371 110  1471  96  1611  85  1651  77  1651  69  1611  61  1751
  53  1751  46  1811  42  1951  38  1951  33  2011  26  1951  22  1851  26  1711
  43  1651  67  1451  91  1311 108  1351 120  1251 126  1211 129  1251 128  1351
 123  1311 113  1451 100  1651  87  1711  77  1751  70  1651  64  1611  58  1751
  53  1951  49  2011  46  2151  43  2151  38  2211  32  2151  27  1951  30  1811
  43  1751  62  1551  82  1411  97  1351 109  1351 117  1211 123  1351 125  1551
 122  1611 113  1651  99  1751  85  1711  73  1751  63  1851  54  1811  47  1951
  41  2151  38  2211  37  2251  37  2351  34  2311  28  2351  24  2251
180  48   001  50   001  52   001  44   001  39   001  37   001  43   571
  55   971  70  1171  86  1071  98  1171 106  1271 112  1371 117  1271 119  1271
 117  1171 110  1271  99  1371  86  1411  74  1551  64  1651  57  1711  52  1751
  49  1851  47  1811  45  1851  42  1951  37  1911  31  1851  26  1851  29  1711
  42  1551  60  1351  80  1111  96  1351 108  1551 115  1711 118  1651 117  1551
 112  1411 102  1451  90  1551  79  1511  70  1651  63  1751  58  1811  53  1951
  50  1951  47  2011  45  2051  43  2151  39  2111  32  2051  27  2051  28  1911
  40  1751  58  1551  78  1311  95  1451 107  1551 115  1611 119  1651 118  1551
 113  1511 104  1551  92  1651  80  1611  70  1751  62  1751  55  1811  49  1851
  45  1851  43  1811  42  1851  41  1851  37  1811  29  1851  22  1851
190  74   001  76   001  77   001  77   001  76   001  74   001  78   471
  86   871  96  1171 105  1171 112  1271 116  1271 120  1371 123  1271 123  1271
 120  1171 109  1171  96  1171  83  1111  73  1251  66  1451  60  1511  55  1551
  51  1551  48  1511  46  1551  45  1551  43  1511  39  1551  37  1551  41  1511
  53  1451  71  1451  89  1311 104  1351 114  1451 122  1411 126  1351 127  1351
 122  1211 111  1251  98  1351  85  1311  76  1451  70  1551  64  1611  58  1651
  51  1651  46  1611  43  1651  41  1651  38  1611  34  1651  32  1651  36  1611
  48  1551  65  1551  84  1411 101  1451 115  1451 124  1411 128  1551 127  1551
 120  1611 109  1551  96  1551  83  1411  73  1551  64  1551  57  1611  50  1651
  44  1651  39  1611  36  1651  34  1551  31  1511  27  1551  24  1651
222 122   001 120   001 105   001  81   001  77   001  77   001  83   671
  94   771 112   971 130   971 145  1171 154  1271 159  1471 160  1471 159  1571
 155  1571 147  1371 139  1271 130  1011 121  1151 112  1351 103  1411  95  1451
  87  1551  81  1511  77  1551  74  1551  70  1511  66  1551  63  1451  67  1411
  79  1351  96  1251 115  1111 132  1251 146  1251 156  1311 162  1451 164  1451
 160  1511 151  1351 139  1251 126  1011 113  1251 102  1351  92  1511  84  1551
  77  1651  73  1611  71  1651  69  1651  64  1611  55  1551  47  1551  47  1411
  60  1351  81  1351 103  1211 121  1351 135  1451 144  1511 149  1651 150  1651
 146  1711 138  1651 128  1451 117  1311 107  1451  97  1551  89  1611  82  1651
  78  1751  75  1711  75  1751  75  1851  74  1811  71  1851  68  1751
240  89   001  80   001  75   001  73   001  63   001  69   001  74   471
  82   671  93   971 108  1171 123  1271 136  1271 146  1271 153  1271 154  1171
 151  1171 142  1171 131  1271 119  1211 110  1251 104  1351  97  1311  89  1351
  81  1351  75  1311  71  1351  67  1451  62  1411  54  1451  48  1351  49  1311
  62  1351  82  1351 103  1311 120  1351 132  1451 141  1411 147  1451 149  1351
 145  1311 136  1351 123  1351 111  1311 102  1351  94  1451  87  1411  79  1451
  72  1451  66  1411  62  1551  60  1551  56  1611  50  1651  46  1651  46  1611
  55  1551  69  1551  86  1411 102  1551 117  1551 128  1611 135  1651 137  1751
 134  1711 127  1751 117  1651 106  1611  97  1651  89  1551  81  1511  73  1551
  66  1651  61  1611  58  1751  57  1751  56  1811  54  1851  52  1951
255  88   001  79   001  69   001  60   001  56   001  50   001  54   371
  67   671  86   671 106   871 123   971 134  1071 142  1071 147  1171 149  1171
 147  1271 138  1171 125  1071 113   911 103  1051  94  1151  86  1211  77  1251
  68  1351  61  1311  57  1351  54  1351  49  1311  40  1351  32  1351  33  1311
  47  1251  69  1251  91  1111 108  1251 121  1251 129  1311 135  1451 137  1551
 135  1611 128  1451 118  1251 108  1011 100  1151  92  1151  84  1211  75  1351
  66  1351  59  1411  55  1451  53  1451  49  1411  41  1451  35  1551  34  1511
  43  1551  60  1451  78  1411  94  1551 108  1551 118  1611 125  1651 128  1751
 127  1711 121  1551 111  1451 101  1211  92  1251  84  1351  75  1311  64  1451
  54  1551  46  1611  43  1651  42  1651  40  1611  34  1751  29  1751
260  30   001  24   001  11   001   8   001  10   001  33   001  48   871
  60  1471  75  1471  94  1271 113  1271 126  1171 135  1171 142  1171 146  1071
 142  1071 130  1171 111  1371  91  1411  76  1751  65  1951  56  2211  48  2351
  42  2451  36  2511  31  2651  27  2751  20  2811  12  2751   7  2751  13  2611
  34  2151  64  1751  93  1211 113  1351 126  1351 134  1411 140  1451 142  1351
 137  1311 124  1451 107  1551  89  1611  74  1851  63  2151  54  2311  46  2451
  40  2651  36  2711  34  2851  33  2951  30  3011  26  2951  23  2951  28  2811
  43  2351  63  1951  84  1411 101  1451 113  1551 122  1511 129  1551 131  1451
 128  1411 118  1551 102  1551  85  1611  68  1851  53  2151  41  2311  34  2551
  30  2751  27  2911  25  3051  21  3051  15  3111   7  3051   2  3051
280  56   001  67   001  60   001  47   001  49   001  58   001  63   571
  68   671  78   771  92   671 106   771 118   771 128   771 135   771 138   871
 136   871 129   971 116   971 102  1011  89  1151  79  1151  70  1211  63  1351
  59  1351  55  1411  52  1551  48  1551  43  1611  36  1651  31  1551  34  1511
  48  1351  68  1051  89   811 106   951 118   951 127  1011 132  1151 133  1151
 129  1211 120  1251 108  1251  95  1211  84  1251  75  1251  69  1211  65  1351
  62  1351  60  1411  58  1551  54  1551  49  1611  42  1651  37  1551  39  1511
  51  1351  69  1251  87  1011 102  1051 113  1151 121  1111 127  1251 130  1251
 128  1311 120  1351 107  1251  93  1211  80  1251  69  1251  60  1211  53  1351
  48  1351  45  1411  42  1451  39  1551  35  1511  29  1551  24  1651
299  63   001  69   001  74   001  73   001  74   001  77   001  81   671
  85   871  91  1171  97  1071 103  1171 109  1171 114  1171 118  1271 119  1271
 114  1371 101  1371  84  1371  70  1311  61  1451  56  1551  53  1611  51  1651
  48  1651  46  1611  44  1751  41  1851  37  1911  33  1851  30  1851  33  1711
  43  1651  57  1451  73  1311  88  1351 101  1251 111  1211 117  1351 119  1351
 114  1411 103  1451  88  1351  74  1311  64  1451  58  1651  54  1711  51  1751
  49  1751  47  1711  46  1851  43  1851  39  1911  32  1851  27  1851  26  1711
  34  1551  48  1351  65  1111  83  1151  99  1051 112  1011 120  1251 122  1451
 116  1611 102  1551  85  1551  69  1411  58  1551  52  1651  47  1711  43  1751
  39  1651  35  1611  32  1751  29  1751  24  1811  18  1851  14  1751
434 104   001  97   001  88   001  82   001  77   001  77   001  78   571
  83   771  93  1071 107  1171 123  1171 136  1071 144  1071 148  1071 146  1171
 139  1171 129  1071 117  1071 107   911  99  1051  94  1251  88  1311  82  1351
  75  1251  69  1211  64  1251  59  1151  53  1111  45  1251  39  1251  39  1311
  49  1351  65  1251  83  1211  98  1351 110  1351 119  1411 125  1451 127  1351
 124  1311 116  1251 105  1251  95  1111  88  1251  83  1351  79  1411  73  1451
  67  1351  62  1311  58  1351  54  1351  49  1311  42  1451  36  1451  35  1511
  43  1551  57  1451  73  1411  89  1451 102  1551 113  1511 120  1651 122  1651
 120  1711 113  1551 103  1451  94  1211  87  1451  81  1551  76  1711  70  1751
  64  1651  60  1611  58  1651  58  1551  57  1511  54  1651  51  1751
460  85   001  82   001  59   001  34   001  39   001  27   001  32   371
  49   771  72   971  95  1071 113  1171 125  1271 132  1271 138  1371 139  1571
 136  1671 129  1471 117  1371 104  1111  92  1351  82  1551  72  1711  63  1651
  54  1651  46  1511  39  1551  33  1651  26  1611  18  1651  13  1651  17  1611
  34  1551  57  1451  81  1311  99  1451 111  1451 119  1511 125  1551 128  1551
 126  1511 118  1351 107  1251  95  1011  85  1351  78  1551  71  1811  65  1851
  59  1751  54  1711  49  1751  43  1751  36  1711  27  1751  21  1751  23  1711
  35  1651  54  1551  73  1411  88  1651  98  1751 106  1911 113  1951 116  1851
 116  1811 110  1651 100  1551  87  1311  74  1551  62  1651  51  1811  43  1851
  37  1751  32  1711  29  1751  26  1851  22  1811  18  1851  16  1951
481  65   001  69   001  63   001  58   001  69   001  68   001  70   471
  76   671  86   871  98   971 111  1071 122  1171 130  1171 135  1171 136  1071
 133  1071 127   971 117   971 107   811  98   851  89   951  81   911  74   951
  67  1051  61  1011  56  1051  52  1151  47  1111  42  1151  39  1251  40  1211
  47  1251  60  1251  75  1211  91  1351 105  1351 117  1411 124  1351 127  1351
 125  1211 119  1251 111  1151 103  1111  96  1151  89  1151  83  1111  77  1151
  71  1151  65  1111  60  1151  56  1251  51  1211  45  1351  42  1351  43  1411
  51  1351  64  1351  80  1211  95  1351 109  1351 119  1411 125  1451 127  1351
 125  1311 118  1251 109  1251  99  1111  90  1151  82  1151  74  1111  66  1251
  59  1251  53  1311  48  1351  44  1451  40  1411  35  1551  31  1551
497  60   001  61   001  57   001  58   001  57   001  56   001  58   671
  65  1071  77  1171  93  1271 112  1471 128  1671 139  1771 141  1771 134  1871
 120  1871 100  1671  80  1471  64  1211  55  1251  52  1251  50  1211  48  1351
  44  1451  41  1511  38  1651  33  1851  27  1911  19  1851  12  1851  13  1711
  24  1651  43  1551  67  1411  92  1651 114  1851 129  2011 134  2051 129  2051
 116  2011  98  1851  78  1551  62  1311  52  1351  47  1251  44  1211  40  1351
  36  1451  33  1511  32  1751  30  1851  26  2011  18  2051  12  1951  12  1911
  24  1751  43  1551  65  1311  85  1551 101  1751 112  1911 116  1951 113  1951
 103  1911  88  1751  71  1651  56  1411  47  1451  41  1551  37  1511  31  1651
  25  1751  20  1811  17  1951  14  1951   9  2011   0  2051  -7  1951
510  83   001  77   001  74   001  70   001  84   001  85   001  91   971
 101  1071 117   971 136   871 154  1071 167  1171 177  1371 186  1271 190  1271
 188  1171 180  1271 167  1271 152  1311 139  1351 128  1251 119  1211 112  1251
 106  1351 100  1311  94  1351  86  1251  78  1211  69  1251  64  1351  68  1311
  83  1251 105  1151 127  1011 143  1151 155  1351 164  1411 172  1451 177  1351
 176  1311 167  1351 153  1351 138  1311 125  1351 114  1351 105  1311  97  1351
  91  1451  86  1411  83  1451  80  1451  77  1411  72  1451  70  1551  72  1511
  82  1451  98  1251 115  1111 130  1351 143  1551 153  1711 161  1751 165  1751
 164  1711 157  1851 145  1951 133  2011 122  1951 113  1851 107  1711 103  1751
 101  1751 100  1711  98  1751  96  1651  93  1611  90  1651  88  1751
579 123   001 118   001 115   001 110   001 105   001  99   001 104   671
 116   971 134  1071 153   871 168  1071 177  1171 181  1271 181  1271 177  1371
 170  1371 160  1171 148  1071 138   811 129   951 122  1151 116  1211 111  1351
 106  1551 102  1611  98  1751  92  1851  85  1911  76  2051  70  2151  71  2211
  84  1851 103  1451 124  1011 141  1151 152  1251 160  1311 164  1351 164  1451
 159  1411 150  1251 139  1151 129   911 122  1051 117  1251 113  1311 109  1451
 104  1551  99  1611  94  1751  88  1951  81  2011  73  2151  68  2251  70  2311
  83  1951 103  1551 123  1111 139  1251 149  1351 156  1411 159  1551 159  1651
 154  1711 146  1551 135  1351 124  1111 114  1251 106  1251  99  1311  93  1451
  87  1651  82  1711  78  1851  73  2051  67  2111  59  2251  54  2351
588  96   001  89   001  87   001  74   001  82   001  79   001  81   771
  87  1071  99  1271 115  1471 132  1471 148  1371 162  1371 171  1571 173  1671
 169  1871 155  1771 137  1771 120  1611 108  1651 101  1651  95  1611  90  1651
  84  1551  80  1511  77  1551  73  1651  69  1611  63  1551  59  1551  61  1411
  71  1451  86  1551 105  1511 123  1551 140  1451 153  1411 161  1651 164  1951
 158  2111 144  2051 127  1951 112  1811 103  1851  98  1851  94  1811  89  1751
  82  1751  77  1611  74  1751  71  1751  67  1811  61  1751  57  1651  57  1511
  64  1551  77  1451  93  1411 109  1451 122  1551 133  1511 139  1751 139  2051
 133  2211 121  2151 106  2051  92  1911  83  1951  78  1851  73  1811  67  1851
  61  1751  56  1711  53  1851  51  1851  49  1911  46  1851  44  1651
621  88   001  77   001  76   001  90   001  99   001  98   001 102  1071
 110  1271 123  1471 138  1371 150  1371 160  1271 167  1271 172  1271 175  1271
 172  1271 161  1271 147  1371 133  1311 123  1351 116  1351 110  1311 103  1451
  97  1651  92  1711  89  1751  86  1751  81  1711  73  1851  67  2051  69  2111
  84  1851 107  1651 130  1311 146  1351 156  1351 163  1311 168  1351 170  1351
 166  1311 154  1351 138  1451 122  1411 109  1451  99  1451  91  1411  85  1551
  81  1751  79  1811  78  1751  77  1751  75  1611  71  1751  68  1951  71  2011
  83  1851 100  1751 117  1511 130  1451 139  1451 147  1311 154  1451 157  1651
 154  1711 143  1751 129  1751 116  1711 109  1651 105  1651 103  1511 100  1651
  97  1851  95  1911  95  1951  96  1851  97  1811  97  1951  96  2051
630 110   001 104   001  99   001  92   001  96   001  87   001  91   371
 104   571 123   671 144   771 162   971 175  1171 184  1271 189  1271 190  1171
 187  1171 180  1171 170  1171 160  1111 150  1051 141  1051 131   911 121   951
 111  1051 103  1011  96  1051  90  1151  82  1111  72  1151  65  1251  67  1211
  82  1151 105  1051 128   911 146  1051 159  1251 169  1311 176  1351 180  1351
 178  1311 170  1251 158  1251 145  1111 135  1151 126  1151 118  1111 109  1151
 101  1151  94  1111  90  1251  88  1251  84  1311  78  1351  74  1351  75  1311
  84  1251 100  1051 117   911 134  1151 148  1251 160  1411 168  1451 172  1551
 171  1511 164  1451 153  1351 142  1211 133  1251 125  1251 119  1211 113  1251
 108  1351 104  1311 102  1351 102  1451 102  1411 101  1451  99  1351
643 125   001 100   001 113   001 107   001  99   001  97   001 106   471
 123   771 145   771 167   771 183   871 192  1071 198  1171 205  1171 209  1271
 207  1271 194  1171 177   971 161   811 150   951 143  1051 136  1111 128  1251
 120  1351 112  1411 106  1451 101  1451  94  1411  85  1451  79  1451  82  1411
  99  1251 124  1051 148   811 165  1051 176  1151 184  1311 191  1351 196  1351
 194  1311 184  1251 168  1151 153  1011 142  1151 134  1151 127  1211 120  1351
 113  1551 107  1611 102  1651  98  1551  92  1511  85  1551  81  1551  84  1511
  98  1351 118  1051 138   811 154  1051 165  1151 174  1311 181  1451 184  1651
 182  1711 173  1551 160  1451 147  1211 136  1251 127  1351 118  1311 109  1551
 100  1651  93  1811  89  1751  88  1751  87  1611  86  1651  86  1651
645 121   001 113   001 107   001  96   001  94   001 106   001 114   471
 121   771 133  1071 148  1171 163  1171 174  1071 183  1071 190  1171 193  1371
 189  1471 175  1371 158  1371 142  1211 132  1251 126  1251 122  1211 118  1351
 114  1351 110  1411 107  1351 104  1351  99  1211  91  1251  85  1251  87  1211
  99  1251 119  1151 139  1111 155  1151 167  1051 176  1011 182  1251 184  1351
 178  1511 164  1451 147  1451 132  1311 124  1351 120  1251 118  1211 115  1251
 112  1351 109  1311 107  1351 104  1351  98  1311  89  1351  82  1351  83  1311
  95  1351 114  1351 134  1311 149  1351 161  1351 169  1311 175  1451 177  1651
 173  1711 161  1651 145  1451 130  1311 119  1351 112  1251 107  1211 102  1351
  98  1351  94  1411  92  1451  90  1451  87  1411  84  1451  82  1451
650 134   001 129   001 118   001 118   001  86   001 101   001 111   471
 121   771 133   971 148  1071 165  1171 179  1171 189  1171 195  1171 197  1071
 192  1071 182  1071 168  1171 156  1111 147  1051 141  1051 134   911 125  1051
 116  1151 107  1211 100  1351  95  1351  91  1411  87  1351  86  1351  90  1211
 100  1351 115  1351 132  1411 148  1451 161  1351 173  1311 182  1251 185  1251
 183  1111 173  1151 160  1151 148  1111 140  1151 135  1051 130  1011 124  1151
 117  1251 111  1311 106  1351 103  1451  98  1411  92  1451  88  1351  89  1311
  98  1451 113  1451 128  1511 141  1451 152  1451 161  1311 169  1351 173  1351
 172  1311 165  1351 153  1351 141  1311 130  1251 120  1251 111  1111 101  1151
  93  1251  88  1211  88  1351  90  1351  93  1411  94  1451  95  1351
675  88   001  78   001  79   001  73   001  80   001  84   001  94   871
 111  1171 133  1571 158  1271 180  1271 196  1171 206  1171 208  1171 206  1071
 199  1071 187  1071 173  1071 159  1011 147  1051 137  1151 129  1111 123  1351
 118  1551 113  1711 107  1851 100  2051  95  2111  92  2151  93  2251  98  2211
 109  1951 124  1651 142  1311 161  1251 178  1251 190  1111 195  1251 193  1251
 186  1311 175  1251 163  1151 150  1011 139  1051 130  1151 122  1111 115  1351
 109  1651 103  1811  96  2051  89  2151  82  2311  76  2351  73  2451  78  2411
  92  2051 111  1751 130  1311 144  1251 154  1251 159  1111 161  1251 160  1351
 156  1411 149  1451 139  1351 128  1311 116  1351 105  1351  95  1311  87  1551
  80  1751  75  1911  70  2151  66  2251  61  2411  57  2451  56  2551
690 165   001 161   001 162   001 162   001 160   001 162   001 169   271
 178   571 189   971 200  1171 206  1071 206   871 204   771 201   871 197   871
 193   971 189   971 185   871 181   811 174   851 167   851 160   811 155   851
 151   751 149   711 147   751 145   851 142   811 137   751 134   751 137   611
 150   851 167   951 182  1111 189  1051 191   951 190   811 190   851 191   951
 190   911 187   951 181   951 174   911 167   951 159   951 153   911 148   951
 144   951 141   911 139   951 137  1051 133  1011 127   951 123   851 125   711
 135   951 148  1051 158  1211 161  1151 159   951 156   811 156   951 157  1051
 159  1111 159  1051 157  1051 152   911 145   951 136   951 129   911 124   951
 121   851 120   811 120   851 119   951 116   911 109   851 104   851
747 134   001 129   001 125   001 137   001 129   001 135   001 142   571
 153   971 166  1271 180  1171 193  1171 202  1271 208  1271 212  1371 213  1371
 209  1471 199  1271 185  1171 172   911 163   951 156  1051 152  1011 148  1151
 145  1251 140  1311 134  1451 126  1551 118  1611 110  1651 105  1551 109  1511
 124  1451 145  1251 166  1111 180  1151 190  1151 196  1111 201  1251 203  1351
 200  1411 191  1351 177  1251 164  1111 154  1151 146  1151 140  1111 135  1251
 131  1351 127  1411 124  1551 120  1551 116  1611 111  1651 109  1551 112  1511
 123  1551 138  1651 154  1611 167  1551 178  1551 185  1411 190  1551 192  1551
 189  1611 182  1551 171  1451 160  1311 149  1351 139  1451 131  1411 124  1551
 119  1651 116  1711 115  1751 116  1851 117  1811 118  1851 119  1751
NT  TEDF  78  35 1
20161009052016100900
20161009052016100901
20161009052016100902
20161009052016100903
20161009052016100904
20161009052016100905
20161009052016100906
20161009052016100907
20161009052016100908
20161009052016100909
20161009052016100910
20161009052016100911
20161009052016100912
20161009052016100913
20161009052016100914
20161009052016100915
20161009052016100916
20161009052016100917
20161009052016100918
20161009052016100919
20161009052016100920
20161009052016100921
20161009052016100922
20161009052016100923
20161009052016101000
20161009052016101001
20161009052016101002
20161009052016101003
20161009052016101004
20161009052016101005
20161009052016101006
20161009052016101007
20161009052016101008
20161009052016101009
20161009052016101010
20161009052016101011
20161009052016101012
20161009052016101013
20161009052016101014
20161009052016101015
20161009052016101016
20161009052016101017
20161009052016101018
20161009052016101019
20161009052016101020
20161009052016101021
20161009052016101022
20161009052016101023
20161009052016101100
20161009052016101101
20161009052016101102
20161009052016101103
20161009052016101104
20161009052016101105
20161009052016101106
20161009052016101107
20161009052016101108
20161009052016101109
20161009052016101110
20161009052016101111
20161009052016101112
20161009052016101113
20161009052016101114
20161009052016101115
20161009052016101116
20161009052016101117
20161009052016101118
20161009052016101119
20161009052016101120
20161009052016101121
20161009052016101122
20161009052016101123
20161009052016101200
20161009052016101201
20161009052016101202
20161009052016101203
20161009052016101204
20161009052016101205
002700170017001700170016001627152715271427132713271231123512351231113511351
13111351135123114351535163116351635153114351435143114351435153115351535143114351
33513311335133513311335123511311135123512311335133513311335133513311335133514311
43514351431143515351531153515351431133513351231123513351431153515351631163516351
005100140015001300120012001117112711271227132713271431133513351331123512351
13111351135113111351235133113351335143114351435143114351435143114351435143115351
53516311635153515311435123511311135113511311235123513311235123511311135113511311
23512351231123513351431153515351531143513351231123512351331143515351631173517351
015400140012001300100012001227132713271327132712371231123512351231123512351
23112351235133114351535163115351435133113351535163116351635163116351635163116351
63516311535143513311235123511311135113512311235123511311135113511311235133514311
53515351631163516351631163516351631153515351631163516351631163516351531163516351
027700170017001600160017001727162716271627152715271531153515351431133512351
23111351135113112351235123112351235123112351235123112351235133113351435153114351
33512311235113511311135123512311235133513311235123512311235123512311235123512311
23512351231123512351231123512351231123511351131113511351231123512351231123512351
070500140012001100100010001117112712271227122712271231123512351231123512351
23111351135113111351135113111351135113113351435153116351635163116351635163116351
63516311635173517311635163516311535143513311335133514311535163516311635153514311
33513351431143515351631163516351631163516351631163516351531143514351431143515351
110600150017001600160017001727162716271527152714271331133512351231123511351
13111351235123111351135113111351135113111351135123113351435153115351435133112351
23512311235123512311335133514311435143514311335123511311135113511311235123512311
23512351231133514351431143513351231123513351331143513351331133513351331123512351
120100140014001600140015001527162716271627172717371731163516351531143513351
23112351235123112351235123112351235123112351235123112351235123112351335133113351
33514311435153515311635163515311435133512311235123512311235123512311235123512311
33513351331143514351431133513351331133513351431133513351331133513351331143514351
130000100010001300100012001327153716371727172716271631153515351531153514351
43113351235113111351135113112351235123112351235123112351235123112351235123112351
23512311335133514311335133512311235113511311135113511311135113511311135123512311
23511351131113512351231123512351231123512351231123513351331133513351331133514351
145000100010001000100010001027102711271127112711271131123512351231123512351
23111351135113111351135113111351135113111351235133113351435153115351535153116351
63517311635153514311335123512311235123512311335143514311435143514311335123512311
23512351231123512351331133514351431143513351331123512351231123513351431153516351
149000100010001000100010001017102711271127112711271131123512351231123512351
23112351135113111351135113111351135113112351235133114351435153115351535153116351
63517311635163515311435123512311235123513311435143515311535153515311435133513311
23512351231123512351231133513351431143514351331123512351231133514351531163516351
156000100010001000100010001027102711271127112711271231123512351231123512351
23112351135113111351135113111351135113112351335143114351435153115351535153116351
63517311635163515311435123512311235123513311435143515311535153514311435133512311
23512351231123512351231133514351431153514351331133512351231133514351531163516351
168000110011001200100011001117112711271227122712271231123512351231123512351
23111351135113111351135113111351135113112351235123112351235123112351335133115351
63517311735173517311635163516311635173517311635153514311435133514311435143514311
43514351431143513351331133512351231123512351231123513351331123512351231133513351
180200130014001200120015001627172717271737172716371531143514351331133513351
33113351335133113351335133113351435143115351535163116351635163116351535153115351
63517311735173516311535143514311335123512311235123512311235123512311235123512311
23513351331143514351431143515351531143513351231113511351231123512351231123512351
190500160016001700170017001717172717271727172717271731173517351631153513351
23112351335143114351435133113351435143114351435133114351435143114351435143115351
63517311735173517311635163515311435133512311235123512311235123512311235123511311
23512351331133514351431143514351431133513351231123512351231123512351231123512351
222600160013001000100010001127112711271127132714371631173517351731153513351
23112351235133112351235113111351235123112351235123112351235123112351235123113351
43514311435133513311335133513311335123512311235123512311235123512311235123513311
23512351231123512351231123512351231123511351231123513351431133513351331133513351
240000100010001100120015001517152714271427132712271231123513351431133512351
13111351135113111351135113111351135113111351135113112351235133113351335143114351
53515311535143513311335123512311235123511311135113511311235123512311135113512311
33515351631153514351331123512351231123512351231113512351231123513351431143514351
255000100010001000110010001127112711271127112711271131123513351331133512351
13111351135113111351135113111351135113111351135113111351235123112351335143114351
53515311435143514311435153515311435133512311135123512311435153515311535153514311
43514351431143514351431133512351231113511351131113511351131113511351231133514351
260000100010001100110012001217122712271227122712271231123512351231113511351
13111351135113111351135113111351135113111351135113111351135113112351335143114351
43514311435143514311435153515311435133512311235123513311535163517311635143513311
33513351331133513351331133512351231113511351131113511351131123512351231123512351
280400130010001100130017001627152715271427142713271331123512351231123512351
23111351135113111351135113111351135113112351235123112351235123112351235123113351
43514311535153515311435143514311435143515311435133512311235123512311235123512311
13511351231123513351331133512351231113511351131113511351131113511351131113511351
299500150014001600160017001727172717371737173717371731173517351731173516351
63116351635163116351535143114351435143114351435143115351635163116351635163116351
63517311735173517311735173517311735173517311635163515311635163515311435133512311
23512351331143515351531153515351431133513351231123512351231123512351231123513351
434500120010001000100010001127112711271127112711271131113512351231123511351
13111351135113111351135113111351135113111351135113111351135113112351235123112351
23511311135123512311235123512311235123512311235123512311235123512311235123512311
23512351231123512351231123511351131113511351131113511351231123513351331133513351
460000110011001000110010001217132714271427142714271431143513351231123512351
23112351135113111351135113111351135113111351235123112351235133113351435143114351
43514311335133512311335133513311335133513311335143514311535153515311535143513311
33513351331133514351331133512351231113511351131113512351231113511351231123513351
481000100012001400150015001527142714271427132712371231113511351231123512351
23111351135113111351135113111351135113112351235123113351435143113351235123112351
23513311335143514311435143513311335123512311235123513311335143514311335123512311
13512351231123512351231123512351231123511351131113511351131113511351231123513351
497200120012001300140013001327132713271327132713271331133514351431143514351
43114351435143113351335123112351135113111351135113111351135113111351235123112351
23513311335143514311435143514311435143514311435143515311535163516311635153514311
33513351331133514351431133513351231123512351231123512351231123512351231123512351
510000100013001400140016001517152714371337133712371131123513351331133513351
33112351235113111351135113111351135113111351135113111351135113111351135113112351
23513311335133514311435143514311335123511311135113512311235133514311335133512311
23512351231123512351331133513351331143514351431133513351331143515351631163516351
579000100010001000100010001017102711271137113711371131113511351131113511351
13111351135113111351135113111351135113111351135113111351135113111351135113111351
23512311235133513311335133513311335133513311235123511311135113511311135113511311
13511351131123512351131113511351131113511351131113511351131113511351231123512351
588000100010001100140013001317132712271227122712271131113511351131113511351
13111351135113111351135113111351135113111351135113111351135113111351135113111351
13511311235123513311435143514311435143514311435143514311535153515311435133512311
13511351131113511351131113511351131113512351231123511351131113512351231133514351
621400150017001700170017001627162715271527142714271331133514351431143514351
33113351335133112351235123112351135113112351235123112351235123112351235133113351
33513311335133513311335133514311435143514311335133512311235123512311235123512311
23512351231123513351331123512351331133514351531153515351531153515351531143514351
630100100013001200130015001427142713371337123712371131113511351131123512351
23112351135113111351135113111351135113111351135113111351135113111351135113111351
13511311235123512311235123512311235133513311335133513311235123512311235123512311
23511351231123513351331133513351331133513351331133513351331133513351431143514351
643000100010001000100010001027103710271127113711371131113511351131113511351
13112351335133112351235113111351135113111351135113111351135113111351135113112351
33513311335123511311135113512311235113511311135113511311135113512311235123511311
13511351231123512351231123511351131113512351231123512351231123512351231123512351
645000100010001000100010001027102710271127113711371131113511351131113511351
13111351135113111351135113111351135113111351135113111351135113111351135113111351
23512311235123511311235123512311235123512311235113511311135113511311135113511311
13511351131123512351131113511351131113511351131123512351231123512351131123512351
650000100010001000100010001017112711271127122712271231123511351131113511351
13111351135113111351135113111351135113111351135113111351135113111351135113111351
13511311235123512311235123512311235123512311335143514311335133512311135113511311
13511351131113511351131113511351131113511351231123512351231123512351231123513351
675000100010001300130013001317132713271227122712271131113511351131123512351
33112351135113111351135123112351235123112351235123112351335133113351335133114351
53516311635163516311535153515311435133513311335143515311535153515311535153515311
53515351531153514351331123512351231123512351231123512351231123512351331133514351
690000110011001400140012001237122712271237113711271131113511351231123513351
43114351535143114351335133113351335133113351335133112351235113111351135123112351
33514311535163516311635163516311635163516311635163517311635163516311635173516311
53514351231123512351231123512351231123512351231123512351231123512351231133514351
747100110010001100110011001127112711271127112711271231123512351231123511351
13111351235123112351235113111351135113111351135113111351135113111351135113111351
13512311235123512311235123512311235133513311335133513311335133513311435143514311
33513351231133513351431143513351331133514351431143514351431143515351531153515351
