20160910001426
T2M TEDF  78  35 1
20160910002016090919
20160910002016090920
20160910002016090921
20160910002016090922
20160910002016090923
20160910002016091000
20160910002016091001
20160910002016091002
20160910002016091003
20160910002016091004
20160910002016091005
20160910002016091006
20160910002016091007
20160910002016091008
20160910002016091009
20160910002016091010
20160910002016091011
20160910002016091012
20160910002016091013
20160910002016091014
20160910002016091015
20160910002016091016
20160910002016091017
20160910002016091018
20160910002016091019
20160910002016091020
20160910002016091021
20160910002016091022
20160910002016091023
20160910002016091100
20160910002016091101
20160910002016091102
20160910002016091103
20160910002016091104
20160910002016091105
20160910002016091106
20160910002016091107
20160910002016091108
20160910002016091109
20160910002016091110
20160910002016091111
20160910002016091112
20160910002016091113
20160910002016091114
20160910002016091115
20160910002016091116
20160910002016091117
20160910002016091118
20160910002016091119
20160910002016091120
20160910002016091121
20160910002016091122
20160910002016091123
20160910002016091200
20160910002016091201
20160910002016091202
20160910002016091203
20160910002016091204
20160910002016091205
20160910002016091206
20160910002016091207
20160910002016091208
20160910002016091209
20160910002016091210
20160910002016091211
20160910002016091212
20160910002016091213
20160910002016091214
20160910002016091215
20160910002016091216
20160910002016091217
20160910002016091218
20160910002016091219
20160910002016091220
20160910002016091221
20160910002016091222
20160910002016091223
20160910002016091300
002 190   001 188   001 178   001 177   001 176   001 169   001 169   471
 172   571 174   471 173   571 171   671 171   671 174   971 182  1071 190  1271
 197  1371 202  1571 206  1671 208  1471 207  1371 204  1171 198  1171 194  1271
 189  1271 185  1171 183  1171 183  1071 183  1071 181   971 179   971 175   971
 170   971 167   971 162   971 159   971 158   971 160  1071 163  1171 167  1271
 171  1471 174  1671 176  1871 177  1671 178  1571 179  1371 180  1371 183  1471
 182  1471 180  1371 177  1171 176  1071 177  1071 179   971 182   971 181   851
 181   851 179   811 177   951 177   951 182  1011 194  1151 210  1151 226  1211
 238  1451 245  1751 249  1911 250  1851 248  1651 247  1511 246  1551 246  1551
 244  1511 240  1451 235  1251 231  1161 227  1161 224  1061 220  1061
005 180   001 181   001 167   001 162   001 157   001 155   001 153   571
 149   771 145   871 140   871 138   871 142   871 156   971 177  1071 199  1071
 214  1071 226  1171 232  1171 237  1271 239  1471 236  1571 228  1471 215  1471
 204  1371 192  1371 181  1271 174  1271 171  1171 169  1171 168  1071 165  1071
 160  1171 156  1171 153  1171 151  1171 153  1171 161  1171 170  1271 180  1271
 186  1271 190  1271 194  1271 199  1371 204  1471 208  1571 210  1571 206  1471
 200  1471 190  1471 180  1471 171  1471 167  1371 165  1371 165  1271 165  1151
 166  1251 165  1211 161  1251 159  1251 164  1211 179  1251 202  1351 226  1311
 247  1451 264  1451 275  1511 280  1551 280  1651 276  1611 268  1651 258  1651
 247  1611 235  1651 225  1551 217  1561 212  1461 209  1461 207  1361
015 198   001 180   001 170   001 161   001 153   001 146   001 141   471
 137   771 133   871 128   871 128   771 135   871 154  1071 179  1171 205  1371
 226  1271 240  1171 250  1071 255  1071 257  1171 255  1171 249  1171 238  1171
 229  1171 215  1171 200  1171 189  1171 183  1071 183  1071 180   971 176  1071
 170  1071 166  1171 163  1071 163  1071 168   971 176  1171 187  1371 197  1571
 203  1471 208  1371 211  1271 215  1371 219  1571 221  1671 222  1571 219  1571
 212  1471 202  1471 191  1371 182  1371 178  1271 175  1271 175  1171 172  1051
 169  1151 165  1211 161  1151 161  1151 169  1011 188  1251 214  1451 239  1611
 258  1651 271  1551 281  1511 288  1651 292  1751 292  1811 286  1751 276  1751
 263  1611 248  1551 234  1451 223  1361 216  1361 211  1361 209  1361
027 198   001 179   001 167   001 176   001 156   001 155   001 153   571
 149   871 145  1071 141  1171 140  1171 145  1171 157  1471 176  1571 195  1671
 213  1571 228  1371 235  1271 237  1371 233  1371 228  1471 223  1471 215  1371
 206  1371 194  1471 180  1471 167  1571 156  1571 150  1471 144  1471 139  1471
 134  1471 130  1471 126  1471 126  1471 130  1471 142  1671 158  1771 174  1971
 189  1871 202  1671 213  1571 221  1671 225  1671 226  1771 222  1771 215  1671
 205  1671 194  1771 182  1771 172  1871 162  1771 155  1771 151  1671 149  1451
 147  1451 146  1511 144  1551 146  1551 155  1511 175  1751 200  1951 226  2111
 247  1951 262  1651 273  1411 280  1651 282  1751 281  1911 276  1851 267  1851
 255  1711 239  1751 223  1751 210  1761 200  1761 192  1761 186  1761
070 145   001 121   001 118   001 101   001  94   001  87   001  88   671
  93  1071  98  1271 101  1371 107  1471 120  1371 144  1471 177  1371 208  1271
 231  1371 247  1471 259  1571 267  1471 272  1471 270  1371 261  1371 247  1371
 231  1371 215  1471 203  1671 191  1771 183  1771 177  1871 171  1871 166  1971
 162  1971 161  2071 161  1971 164  1771 173  1671 187  1671 204  1571 218  1571
 229  1571 236  1671 241  1771 246  1671 249  1671 249  1671 246  1671 238  1571
 228  1571 215  1671 200  1671 188  1771 181  1871 177  1871 173  1971 165  1951
 160  2051 156  2111 154  2051 158  1951 170  1811 193  1751 222  1751 250  1611
 271  1751 286  1951 296  2011 303  2051 307  2051 305  2011 297  1951 283  1951
 267  1811 250  1851 235  1851 223  1861 215  1961 209  2061 203  2161
110 183   001 182   001 182   001 181   001 182   001 183   001 181   671
 178   971 175  1171 173  1171 172  1171 172  1171 175  1171 179  1171 183  1071
 186  1171 186  1271 185  1371 183  1371 179  1271 174  1271 170  1271 163  1171
 158  1171 150  1171 139  1071 133  1071 126  1171 121  1171 118  1271 116  1271
 113  1371 111  1371 106  1371 104  1371 108  1371 121  1271 140  1271 160  1171
 175  1271 188  1371 195  1471 199  1471 199  1471 196  1471 190  1371 183  1371
 175  1271 169  1271 165  1271 160  1271 157  1271 156  1371 156  1371 167  1351
 166  1451 164  1411 163  1451 164  1551 168  1511 177  1451 188  1351 199  1211
 209  1351 216  1551 221  1611 223  1651 224  1651 222  1611 219  1551 213  1551
 205  1411 193  1351 181  1351 173  1261 167  1261 163  1361 159  1361
120 190   001 186   001 185   001 176   001 176   001 175   001 173   471
 171   771 169   871 166   871 164   871 167   971 174  1071 184  1071 193  1071
 201  1271 205  1371 206  1571 202  1671 195  1771 188  1871 181  1671 172  1571
 164  1371 153  1371 141  1271 131  1271 127  1271 122  1371 120  1371 118  1371
 115  1471 112  1471 107  1471 106  1371 110  1371 123  1271 143  1271 163  1171
 182  1471 197  1671 209  1971 215  2071 217  2171 216  2271 212  2071 206  1871
 197  1671 187  1671 176  1571 166  1571 160  1571 157  1671 157  1671 160  1451
 160  1551 159  1511 157  1551 156  1451 162  1411 176  1351 196  1251 216  1111
 232  1351 243  1651 250  1811 253  2051 252  2151 251  2311 249  2151 245  2051
 236  1811 221  1751 204  1551 193  1461 184  1461 177  1561 172  1561
130 188   001 177   001 167   001 161   001 157   001 151   001 149   771
 149  1171 147  1471 146  1371 146  1471 152  1571 164  1471 182  1371 198  1171
 213  1271 224  1271 229  1371 232  1471 229  1471 225  1571 218  1471 208  1471
 196  1371 182  1371 169  1471 157  1471 147  1571 138  1671 130  1771 125  1771
 118  1871 114  1871 113  1871 113  1871 120  1871 137  1771 158  1671 180  1571
 199  1671 213  1671 225  1771 235  1771 243  1871 246  1871 244  1771 237  1671
 225  1571 210  1571 193  1471 179  1471 170  1671 165  1771 161  1971 157  1851
 155  1951 153  1911 149  1951 148  2051 156  2011 175  1951 202  1751 230  1611
 254  1651 272  1651 285  1611 293  1751 297  1951 296  2011 291  1951 281  1951
 266  1811 247  1751 227  1751 211  1661 199  1761 191  1861 185  1961
145 187   001 178   001 160   001 153   001 165   001 138   001 128   671
 127   771 125   871 121   971 118   871 125   871 143   971 168  1071 193  1071
 210  1171 221  1371 230  1471 238  1371 245  1271 249  1171 247  1171 240  1271
 230  1271 216  1271 205  1271 193  1271 186  1271 181  1271 177  1271 172  1171
 167  1171 163  1071 158  1071 156  1071 159  1071 166  1171 177  1171 188  1271
 195  1371 201  1371 207  1471 215  1471 225  1571 232  1571 236  1571 234  1571
 228  1571 217  1471 207  1371 196  1271 188  1271 184  1371 181  1371 175  1351
 171  1251 165  1111 160  1151 159  1251 167  1211 186  1351 211  1351 236  1411
 255  1551 268  1551 278  1611 286  1651 293  1751 295  1711 293  1751 286  1851
 275  1811 261  1751 246  1551 235  1461 227  1461 221  1461 215  1461
149 206   001 192   001 183   001 171   001 174   001 142   001 130   671
 129   971 127  1071 123  1071 121  1171 128  1071 150  1171 177  1071 205  1071
 227  1171 240  1371 248  1471 256  1471 260  1471 260  1471 254  1471 244  1371
 234  1371 221  1271 210  1171 201  1071 194  1171 188  1271 186  1371 181  1371
 176  1471 171  1471 167  1371 166  1271 169  1171 178  1271 190  1271 203  1371
 214  1471 223  1571 228  1671 236  1771 241  1871 244  1971 244  1871 241  1771
 234  1671 224  1471 214  1371 205  1171 199  1271 195  1471 191  1571 182  1451
 175  1451 168  1411 161  1351 160  1351 168  1211 189  1351 217  1551 244  1611
 264  1751 279  1851 289  1911 298  2051 303  2051 304  2111 299  2051 290  1951
 277  1811 263  1651 249  1551 240  1361 232  1461 225  1561 219  1661
156 214   001 207   001 197   001 183   001 180   001 170   001 165   571
 162   771 158   871 151   971 146   871 150   871 167  1071 191  1071 213  1171
 232  1271 243  1371 251  1471 258  1471 263  1371 264  1371 259  1371 252  1371
 241  1371 233  1271 225  1171 218  1071 215  1071 211  1171 207  1171 202  1071
 197  1071 192   971 185   971 179   971 179   971 185  1171 196  1271 206  1471
 216  1471 222  1571 228  1571 234  1671 239  1671 243  1771 244  1771 243  1671
 239  1671 230  1471 222  1271 214  1071 211  1171 209  1171 210  1271 203  1151
 198  1051 191  1011 183  1051 178  1051 183  1011 200  1251 225  1551 249  1711
 267  1751 280  1751 289  1711 297  1851 302  1951 304  2011 301  1951 295  1951
 285  1811 273  1651 262  1351 254  1161 249  1261 245  1361 241  1461
168 177   001 148   001 149   001 126   001 115   001 107   001 104   871
 103  1171 102  1271 100  1371 102  1471 116  1371 144  1471 180  1271 213  1171
 236  1371 250  1471 259  1671 268  1571 274  1471 275  1371 269  1371 256  1471
 236  1471 213  1571 191  1571 172  1671 160  1671 153  1671 149  1671 146  1771
 142  1871 138  1971 137  1871 140  1671 151  1571 171  1571 194  1471 216  1471
 231  1571 241  1671 248  1771 253  1771 257  1771 258  1771 255  1771 248  1671
 235  1671 217  1671 197  1671 182  1671 172  1671 169  1771 166  1771 156  1851
 152  1951 147  2011 144  1951 146  1951 160  1811 187  1751 221  1751 253  1611
 275  1851 289  1951 299  2111 308  2151 315  2151 315  2111 307  2051 292  2051
 273  1911 252  1951 231  1851 215  1861 202  1861 193  1861 186  1861
180 198   001 182   001 172   001 159   001 146   001 144   001 142   571
 139   971 137  1071 137  1171 140  1171 152  1071 174  1071 201  1071 225   971
 245  1171 261  1271 270  1471 277  1371 281  1371 279  1271 271  1371 257  1371
 240  1471 222  1471 204  1471 190  1471 179  1471 172  1571 167  1571 161  1671
 155  1671 151  1771 149  1671 151  1471 160  1371 179  1371 201  1271 225  1271
 244  1571 258  1771 268  2071 271  2071 271  1971 267  1971 261  1871 251  1771
 238  1671 223  1571 208  1571 194  1471 183  1571 175  1571 169  1671 161  1651
 157  1751 154  1711 153  1651 157  1651 169  1511 190  1451 216  1451 242  1311
 263  1551 280  1851 292  2011 300  2151 304  2151 301  2211 292  2251 278  2151
 261  2111 243  1951 227  1851 212  1661 200  1661 190  1661 183  1661
190 214   001 200   001 194   001 189   001 184   001 170   001 161   571
 156   771 154   871 153   871 157   971 167   871 186  1071 208  1271 231  1371
 249  1371 264  1371 277  1371 289  1471 297  1571 296  1671 284  1671 264  1571
 243  1571 225  1471 209  1371 197  1271 187  1271 179  1371 173  1371 169  1371
 166  1371 164  1371 164  1271 167  1271 177  1171 194  1271 216  1371 236  1471
 254  1571 266  1571 276  1671 285  1971 289  2171 286  2471 274  2271 256  2171
 237  1971 219  1871 206  1671 194  1571 187  1571 180  1571 175  1571 168  1451
 163  1551 159  1511 158  1451 162  1251 174  1111 194  1251 219  1451 244  1511
 264  1551 279  1451 292  1411 302  1751 308  1951 306  2211 295  2251 277  2151
 257  2111 238  1951 221  1651 207  1461 196  1461 188  1461 181  1461
222 174   001 165   001 157   001 146   001 139   001 128   001 130   671
 136   971 142   971 143  1171 143  1171 149  1171 165  1371 189  1371 211  1471
 226  1471 234  1571 240  1571 242  1571 240  1671 236  1671 229  1671 216  1771
 206  1771 194  1671 182  1671 174  1571 164  1571 158  1671 154  1671 152  1671
 151  1571 147  1571 144  1571 142  1471 146  1471 160  1471 178  1471 197  1471
 214  1571 225  1571 236  1671 246  1771 253  1771 254  1871 248  1871 237  1871
 221  1871 207  1771 193  1671 183  1571 175  1671 171  1671 168  1771 163  1551
 163  1551 160  1511 155  1551 153  1651 160  1611 181  1651 209  1551 237  1511
 258  1651 274  1751 286  1811 297  1951 303  2051 302  2111 292  2051 275  2051
 256  1911 239  1851 225  1751 215  1661 208  1761 203  1761 200  1861
240 204   001 183   001 167   001 152   001 157   001 146   001 140   671
 135   871 130  1071 124  1171 120  1071 126  1171 144  1171 172  1171 198  1071
 218  1171 232  1371 241  1471 250  1471 257  1471 259  1471 256  1471 248  1471
 236  1471 222  1371 208  1171 196  1071 187  1171 181  1171 178  1271 174  1371
 171  1471 166  1571 161  1571 159  1471 163  1471 175  1371 195  1371 211  1271
 222  1371 228  1471 236  1571 243  1571 251  1671 256  1671 256  1571 252  1571
 244  1471 232  1371 219  1371 206  1271 197  1371 191  1371 186  1471 179  1451
 174  1451 167  1511 160  1651 157  1651 165  1711 187  1651 218  1551 248  1411
 271  1551 288  1651 301  1711 312  1751 319  1751 322  1711 318  1751 308  1651
 293  1611 274  1551 256  1351 242  1261 232  1261 224  1361 218  1361
255 216   001 203   001 191   001 172   001 172   001 159   001 151   671
 145   871 139  1171 130  1171 125  1171 130  1171 149  1271 177  1271 204  1171
 226  1171 242  1071 252  1071 259  1171 262  1171 262  1271 258  1171 250  1171
 240  1071 227  1171 213  1171 198  1271 188  1371 178  1471 173  1571 168  1671
 163  1671 157  1771 150  1671 148  1571 153  1471 168  1471 190  1471 211  1471
 227  1471 240  1471 249  1471 255  1471 259  1571 260  1571 257  1471 251  1471
 242  1371 230  1371 216  1371 204  1371 194  1571 186  1671 182  1871 174  1751
 169  1751 164  1811 158  1751 157  1751 166  1611 188  1651 217  1551 247  1511
 270  1551 288  1551 300  1511 309  1551 314  1651 314  1611 309  1651 299  1651
 285  1611 269  1551 252  1551 239  1461 227  1561 218  1761 210  1861
260 187   001 172   001 153   001 135   001 133   001 122   001 117  1371
 115  1871 112  2071 107  1971 109  1871 122  1771 148  1671 182  1371 214  1071
 238  1071 251  1171 262  1171 267  1271 271  1271 271  1371 267  1371 256  1471
 238  1471 215  1671 190  1971 168  2171 156  2171 150  2271 147  2271 142  2371
 136  2471 130  2571 127  2371 130  2271 142  2071 165  1871 193  1671 219  1471
 238  1471 248  1471 256  1471 262  1571 266  1571 267  1671 262  1571 253  1571
 238  1471 218  1771 196  1971 179  2271 167  2371 161  2371 158  2471 147  2451
 145  2651 143  2711 141  2551 144  2451 158  2211 186  1951 221  1751 254  1411
 277  1551 292  1551 302  1611 311  1751 316  1851 316  1911 308  1951 292  1851
 273  1811 252  2051 231  2351 216  2561 203  2561 194  2461 186  2461
280 208   001 204   001 192   001 186   001 175   001 189   001 186   671
 175   971 166  1171 162  1171 164  1271 172  1171 186  1171 204  1171 225  1071
 242  1171 255  1271 266  1371 275  1371 281  1471 281  1471 275  1371 264  1371
 249  1271 232  1271 217  1171 203  1171 194  1171 187  1271 182  1271 176  1371
 171  1371 166  1471 163  1471 165  1371 173  1371 188  1371 207  1471 226  1471
 242  1571 254  1571 262  1671 267  1771 270  1871 268  1971 262  1771 253  1671
 242  1471 228  1471 214  1371 202  1371 193  1371 187  1471 183  1471 182  1451
 177  1451 173  1511 170  1551 171  1451 179  1411 196  1551 218  1651 242  1711
 264  1751 284  1851 298  1811 307  1951 310  2151 307  2211 299  2051 286  1851
 270  1611 253  1551 236  1451 223  1361 212  1361 204  1461 197  1461
299 206   001 183   001 168   001 170   001 166   001 153   001 149   671
 148   971 145  1171 142  1171 142  1171 151  1171 172  1271 198  1171 225  1171
 246  1171 263  1171 274  1171 284  1271 288  1371 286  1471 276  1571 260  1671
 238  1771 218  1571 198  1471 183  1271 171  1371 166  1571 163  1671 160  1671
 157  1771 154  1771 153  1671 156  1471 167  1371 186  1371 209  1271 233  1271
 252  1371 265  1571 274  1671 281  1871 283  1971 279  2171 269  2171 254  2271
 234  2271 215  1971 196  1571 182  1271 172  1471 168  1671 165  1871 160  1651
 156  1751 152  1711 151  1651 154  1551 166  1411 188  1451 215  1451 241  1411
 262  1551 277  1651 287  1711 294  1851 296  2051 293  2111 284  2151 269  2151
 249  2111 226  1851 204  1651 188  1361 177  1461 169  1561 163  1661
434 196   001 190   001 181   001 174   001 164   001 154   001 149   571
 147   771 144   871 139  1071 135  1271 138  1271 151  1471 171  1571 190  1671
 206  1571 219  1571 231  1471 242  1471 250  1471 253  1471 249  1371 241  1371
 225  1271 213  1171 202  1171 191  1071 185  1171 180  1171 175  1271 168  1271
 161  1371 156  1371 150  1371 148  1471 152  1471 164  1571 183  1671 200  1771
 215  1671 226  1671 238  1571 249  1571 259  1671 263  1671 259  1571 251  1471
 241  1371 231  1271 222  1271 215  1171 208  1271 203  1271 198  1371 192  1351
 189  1351 186  1311 181  1351 179  1451 183  1411 197  1651 218  1751 239  1911
 257  1951 271  1951 284  1911 295  1951 304  1851 307  1811 303  1851 294  1851
 282  1811 269  1751 256  1551 244  1461 234  1461 226  1561 221  1561
460 225   001 223   001 217   001 216   001 208   001 192   001 178   671
 167  1071 159  1071 153  1071 152  1071 157  1071 172  1171 194  1071 217  1071
 237  1171 252  1271 264  1371 272  1471 278  1671 277  1771 271  1571 258  1371
 244  1171 227  1271 213  1471 198  1571 187  1571 178  1571 172  1571 168  1471
 165  1471 160  1371 155  1271 153  1271 158  1171 175  1271 196  1271 219  1371
 239  1571 254  1771 266  1971 275  1971 280  2071 280  2071 274  1771 264  1571
 251  1271 237  1271 224  1371 211  1371 201  1371 193  1471 188  1471 184  1551
 182  1551 179  1511 176  1451 176  1451 183  1311 201  1351 226  1451 252  1411
 275  1651 293  1951 307  2111 316  2251 319  2351 316  2411 307  2151 294  1951
 279  1611 263  1651 248  1551 235  1561 224  1561 214  1561 207  1561
481 226   001 217   001 206   001 201   001 195   001 190   001 187   371
 184   571 180   571 177   671 175   771 179   871 191  1071 209  1171 228  1271
 246  1271 262  1271 274  1271 281  1271 283  1271 281  1271 276  1271 269  1171
 262  1171 250  1171 237  1071 226  1071 217  1071 214   971 208   971 202   971
 196   971 190   971 184   971 181   971 185   971 198  1171 216  1371 237  1571
 253  1571 267  1571 275  1571 280  1571 282  1471 281  1471 278  1471 271  1471
 262  1471 249  1371 235  1271 224  1171 216  1071 213  1071 211   971 208   951
 203   951 199   911 195   951 195  1051 202  1011 218  1251 239  1351 261  1511
 280  1551 295  1651 307  1611 315  1651 318  1751 317  1711 311  1751 301  1851
 289  1811 275  1751 261  1551 249  1461 239  1361 231  1361 223  1261
497 207   001 196   001 180   001 170   001 167   001 161   001 154   571
 147   971 140  1171 133  1171 130  1171 135  1171 155  1271 184  1371 214  1371
 241  1571 258  1671 272  1871 279  1871 278  1771 270  1771 254  1671 233  1471
 212  1371 197  1271 184  1271 175  1171 167  1171 159  1071 152  1071 147  1171
 142  1171 135  1271 129  1271 128  1371 136  1371 159  1371 188  1271 218  1271
 243  1471 263  1671 276  1871 285  1971 288  2071 281  2171 263  1871 240  1571
 217  1271 199  1271 187  1171 178  1171 171  1171 164  1071 159  1071 154  1051
 148  1151 141  1111 134  1251 131  1251 139  1311 160  1351 190  1251 221  1211
 246  1551 265  1751 278  2011 285  2151 285  2351 277  2411 260  2051 239  1551
 218  1111 201  1151 189  1251 180  1261 173  1261 167  1161 161  1161
510 210   001 206   001 201   001 197   001 189   001 181   001 171   471
 161   671 152   971 145  1071 141   971 145  1071 162  1071 187  1071 214  1071
 237  1171 255  1171 267  1271 277  1271 280  1371 279  1371 273  1271 260  1271
 244  1171 225  1071 208  1071 191   971 180  1071 174  1071 168  1171 164  1271
 159  1271 154  1371 149  1371 149  1271 156  1271 174  1371 197  1371 223  1471
 244  1471 261  1571 277  1571 288  1771 297  1871 301  2071 300  1971 294  1971
 282  1871 265  1671 247  1571 231  1371 220  1371 212  1271 207  1271 196  1251
 192  1251 187  1311 181  1351 178  1451 184  1411 203  1451 230  1451 259  1411
 283  1551 303  1751 319  1811 332  1951 341  2151 343  2211 338  2151 327  2051
 311  1911 293  1851 274  1651 258  1561 247  1561 239  1461 232  1461
579 281   001 258   001 248   001 225   001 209   001 198   001 194   771
 193  1271 193  1471 194  1371 197  1371 207  1271 227  1271 254  1171 279   971
 296  1071 309  1171 317  1271 322  1271 324  1171 321  1171 314  1071 301   871
 285   771 268   871 251   971 236  1071 226  1171 217  1371 210  1471 205  1571
 199  1771 194  1871 193  1671 196  1571 208  1371 229  1371 255  1271 281  1271
 299  1371 309  1371 318  1471 323  1471 326  1471 324  1471 315  1371 300  1171
 283  1071 265  1071 248  1071 233  1071 222  1271 213  1371 206  1571 201  1851
 194  1951 188  2011 184  1851 184  1751 194  1511 215  1451 242  1351 268  1211
 289  1351 303  1551 313  1611 319  1551 320  1551 315  1411 304  1351 289  1151
 271  1011 253  1151 237  1151 223  1261 213  1461 206  1761 201  1961
588 247   050 222   030 202   350 187   750 176  1050 170  1450 166  1771
 165  1771 165  1871 163  1671 164  1471 174  1271 193  1171 220  1171 245  1071
 268  1071 283  1071 289  1071 291  1371 287  1771 280  2071 270  1971 258  1871
 246  1771 233  1671 220  1671 207  1571 196  1571 185  1671 176  1671 169  1771
 163  1771 159  1871 154  1671 155  1471 166  1271 190  1171 218  1171 247  1071
 269  1071 282  1171 291  1171 297  1671 298  2171 294  2671 286  2371 273  2171
 259  1871 245  1771 231  1671 217  1571 205  1671 194  1671 185  1771 180  1751
 174  1851 168  1811 165  1651 166  1451 177  1211 199  1251 226  1151 253  1111
 273  1151 287  1251 297  1211 303  1751 304  2151 299  2611 286  2451 269  2151
 251  1911 235  1851 221  1751 207  1661 194  1661 183  1761 174  1761
621 163   001 156   001 158   001 152   001 159   001 160   001 160  1471
 158  1671 152  1771 143  1571 138  1471 139  1271 152  1371 170  1471 190  1571
 206  1571 220  1471 231  1471 240  1471 246  1371 248  1371 244  1371 237  1471
 223  1471 207  1371 188  1371 174  1271 165  1271 161  1371 158  1371 154  1471
 148  1571 142  1671 137  1571 136  1471 144  1371 163  1471 189  1671 213  1771
 231  1771 245  1771 255  1771 266  1771 275  1771 279  1771 275  1671 265  1671
 249  1571 229  1471 210  1371 193  1271 185  1271 181  1371 180  1371 179  1351
 175  1451 168  1411 161  1351 158  1351 166  1211 187  1451 217  1751 248  1911
 274  2051 294  2151 308  2211 317  2251 320  2251 318  2211 310  2151 296  2051
 277  1911 254  1751 230  1551 212  1361 202  1361 198  1361 196  1361
630 258   001 201   001 203   001 200   001 189   001 184   001 181   571
 177   771 173   771 167   871 164   871 166   971 177   971 196   871 215   771
 235   871 250  1071 263  1171 274  1171 280  1171 283  1171 281  1171 273  1171
 261  1171 248  1071 235   971 221   871 208   971 197   971 189  1071 183  1071
 178  1171 171  1171 163  1171 159  1171 164  1171 180  1171 205  1271 229  1271
 249  1371 265  1471 279  1571 290  1471 298  1471 301  1371 297  1371 287  1471
 274  1471 261  1271 249  1171 237   971 227  1071 219  1071 212  1171 205  1051
 201  1151 195  1111 189  1151 186  1151 191  1111 208  1151 233  1251 258  1211
 278  1451 294  1551 306  1711 316  1751 321  1651 320  1611 311  1651 298  1751
 282  1711 267  1551 254  1351 243  1161 234  1161 226  1161 219  1161
643 251   001 253   001 244   001 228   001 221   001 221   001 219   871
 216   971 211  1071 203  1071 197  1071 202  1071 222  1171 248  1071 272  1071
 284  1071 287  1171 290  1171 293  1271 295  1371 293  1471 283  1371 271  1171
 257  1071 246  1171 237  1171 230  1271 223  1371 218  1371 213  1471 209  1471
 205  1471 200  1471 193  1471 190  1371 199  1371 222  1271 254  1171 281  1071
 295  1071 298  1171 299  1171 300  1471 301  1671 298  1971 289  1771 275  1471
 262  1271 252  1271 244  1171 238  1171 232  1271 226  1471 220  1571 214  1551
 209  1451 204  1411 197  1451 194  1351 200  1311 218  1251 242  1251 263  1111
 273  1151 276  1251 275  1211 275  1451 275  1651 272  1811 264  1651 254  1351
 244  1111 237  1151 231  1251 224  1261 217  1361 211  1561 206  1661
645 261   001 237   001 229   001 222   001 213   001 228   001 228   671
 221   871 213   971 208  1071 208   971 217   871 238   971 265  1071 291  1071
 309  1071 318  1171 322  1171 325  1271 324  1371 319  1471 309  1371 294  1271
 278  1171 263  1171 248  1271 236  1271 225  1371 217  1371 211  1471 207  1371
 205  1371 203  1271 201  1171 203  1071 214   971 238  1071 268  1271 294  1371
 311  1371 321  1271 326  1271 329  1371 329  1571 324  1671 312  1571 295  1371
 277  1271 260  1271 246  1371 234  1371 224  1471 217  1471 211  1571 207  1551
 203  1451 199  1411 195  1351 195  1251 204  1111 226  1251 254  1251 280  1311
 298  1351 309  1451 314  1411 315  1551 311  1651 303  1711 290  1651 275  1451
 259  1311 245  1351 234  1351 223  1361 213  1461 206  1561 201  1661
650 251   001 241   001 234   001 229   001 223   001 217   001 215   471
 214   771 212  1171 209   971 208   871 214   771 230   871 251  1071 272  1171
 290  1071 302   871 310   771 313   871 312   971 306  1071 295   971 283   871
 269   771 259   771 249   871 242   871 237   971 232   971 226  1071 221  1171
 217  1371 213  1471 209  1271 208   971 215   771 232   871 254  1071 276  1171
 295  1071 307   971 315   871 318   971 316  1071 308  1171 296  1071 280   871
 268   771 258   771 250   771 245   771 240   871 234   871 229   971 220  1051
 214  1251 208  1311 204  1151 206  1051 214   811 231   951 253  1051 275  1111
 293  1151 305  1051 311  1011 311  1151 306  1151 297  1211 284  1051 270   951
 257   711 248   751 241   651 235   661 230   761 224   961 219  1061
675 265   001 246   001 231   001 231   001 217   001 219   001 215  1071
 208  1471 199  1771 192  1571 188  1571 195  1371 218  1271 252  1071 283   871
 304  1071 314  1371 316  1571 313  1471 305  1471 297  1371 288  1471 278  1571
 266  1671 253  1471 238  1371 226  1171 217  1371 210  1471 206  1671 202  1771
 196  1971 189  2071 181  1871 177  1771 185  1571 210  1471 246  1471 279  1371
 304  1471 318  1671 325  1771 327  1771 323  1771 315  1771 302  1771 287  1671
 270  1671 254  1471 241  1371 229  1171 219  1371 212  1471 206  1671 199  1751
 192  1951 186  2011 182  1951 183  1851 195  1711 220  1651 252  1551 282  1411
 303  1551 316  1751 322  1811 322  1851 318  1751 309  1711 296  1751 280  1651
 264  1611 249  1551 235  1351 224  1261 214  1461 205  1661 196  1861
690 271   001 268   001 262   001 259   001 255   001 251   001 247   371
 243   571 237   671 233   671 231   571 235   671 246   771 261   871 272   871
 280   871 283   871 283   871 283   871 282   871 279   871 273   771 265   671
 258   571 254   571 254   571 252   571 249   571 245   671 242   671 239   771
 236   771 232   871 228   871 227   871 231   871 244   871 259   971 273   971
 279   971 281  1071 280  1071 280  1071 279   971 277   971 272   871 265   771
 259   671 255   671 252   671 250   671 248   671 246   771 244   771 243   751
 238   851 234   811 231   851 230   851 235   811 245   951 258  1051 268  1111
 273  1151 273  1151 273  1111 274  1051 274  1051 272   911 267   851 259   851
 253   711 249   751 247   651 246   661 244   661 242   761 239   761
747 271   001 257   001 261   001 261   001 252   001 248   001 240   671
 231  1071 224  1171 220  1271 220  1471 227  1471 239  1371 253  1271 267  1071
 277  1071 286  1171 292  1171 297  1471 299  1771 297  2071 291  1871 279  1671
 267  1471 258  1371 248  1171 242  1071 239  1171 237  1271 234  1371 230  1471
 227  1571 221  1671 219  1671 219  1671 226  1671 241  1571 260  1471 278  1371
 290  1371 297  1371 300  1371 300  1571 297  1871 291  2071 282  1871 271  1771
 259  1571 249  1471 240  1271 234  1171 230  1271 227  1471 223  1571 220  1651
 215  1651 210  1711 206  1751 207  1651 214  1611 230  1551 249  1551 268  1411
 281  1551 288  1551 292  1611 293  1951 291  2151 286  2411 277  2151 266  1951
 255  1611 246  1551 239  1351 232  1261 227  1461 222  1561 218  1761
NT  TEDF  78  35 1
20160910002016090919
20160910002016090920
20160910002016090921
20160910002016090922
20160910002016090923
20160910002016091000
20160910002016091001
20160910002016091002
20160910002016091003
20160910002016091004
20160910002016091005
20160910002016091006
20160910002016091007
20160910002016091008
20160910002016091009
20160910002016091010
20160910002016091011
20160910002016091012
20160910002016091013
20160910002016091014
20160910002016091015
20160910002016091016
20160910002016091017
20160910002016091018
20160910002016091019
20160910002016091020
20160910002016091021
20160910002016091022
20160910002016091023
20160910002016091100
20160910002016091101
20160910002016091102
20160910002016091103
20160910002016091104
20160910002016091105
20160910002016091106
20160910002016091107
20160910002016091108
20160910002016091109
20160910002016091110
20160910002016091111
20160910002016091112
20160910002016091113
20160910002016091114
20160910002016091115
20160910002016091116
20160910002016091117
20160910002016091118
20160910002016091119
20160910002016091120
20160910002016091121
20160910002016091122
20160910002016091123
20160910002016091200
20160910002016091201
20160910002016091202
20160910002016091203
20160910002016091204
20160910002016091205
20160910002016091206
20160910002016091207
20160910002016091208
20160910002016091209
20160910002016091210
20160910002016091211
20160910002016091212
20160910002016091213
20160910002016091214
20160910002016091215
20160910002016091216
20160910002016091217
20160910002016091218
20160910002016091219
20160910002016091220
20160910002016091221
20160910002016091222
20160910002016091223
20160910002016091300
002000100010001000100010001117121712271227132713271435143514311435143514311
53515351631163517351731173517351731163515351431143515351431143513351331133514351
43114351335123112351335133114351435153114351435143113351335133112351235123112351
23512311235123512311235123512311235123512311235123512311235123512361236133613361
005000100010001000100010001117111711271127112712271235133514311435143514311
43515351531163516351731173517351731163515351531153514351431133512351231123513351
43114351335123112351235123113351435143114351435133113351335133112351235123112351
23512311235123512311235123512311235123512311235123512311235123512361336133614361
015000100010001000100010001117111711271127112711271135123512311235133513311
33514351431143515351631163516351531153515351531163516351631153514351331133514351
43114351435133113351335133114351535163115351535143113351335123112351235123112351
23512311235123512311135113512311235133513311435143514311435133512361236123612361
027000100010001000110010001117131713271427142714371535153515311535153515311
63516351731173516351631163516351531153515351431143513351331133513351431143514351
33113351335133114351535153114351335123111351135113111351235123112351235123112351
23512311235123512311235123513311235123512311335133514311335123512361336133614361
070000100010001000100010001017111711271127112711371135113511311135113511311
13511351231133514351431143514351331143515351631163516351631163516351631163516351
63116351635163116351635163116351535153114351335123112351235133113351335143114351
53515311535153514311335123512311335143515311535143514311335133514361436153615361
110100140012001400140014001517161716271727172717371735173517311735183517311
73516351531143513351231123512351331123512351231123513351431133512351231133514351
43114351235123112351335143114351435133113351235133114351535163116351635163116351
63516311635163516311535143513311435153516311635163516311635163516361636163616361
120400140012001200130013001417151716271627162716271735173517311735173517311
73517351731163515351431133512351231123512351231123512351231123512351231133513351
43114351435143113351235123112351435143114351335123112351235133113351435153115351
53514311435133513311335133513311335133514311535153515311435133512361236123612361
130000100012001100120011001217132713271327142714271535163516311735173517311
73517351731173516351631143513351331133514351431143513351331133513351431133512351
23112351235133113351335133113351335133112351235123112351335143114351335133113351
43514311335133512311235123512311235123512311335143514311435123513361336143614361
145000100010001000100010001017111711271127112711271235123512311235123513311
33514351531153515351431153516351731173516351631153515351531163516351631173516351
63116351635163116351635153115351435143113351235123112351235123113351335143115351
53516311535153515311435143514311335133513311335133513311335133514361436143614361
149000100010001000100010001017111711271127112711271235123512311235123512311
33514351531153515351431153516351631163516351631163515351531163516351631173516351
63116351635163116351635163115351435143113351235123112351235123113351435143115351
53515311535153515311435143514311435143514311435143514311435143514361436143615361
156000100010001000100010001017111711271127112711271135123512311235123513311
33514351531153515351531153516351631163516351631153515351531163516351631173517351
63116351635163116351635163115351435143113351235123112351235123113351335143115351
53516311535153515311435143514311435143514311435143514311435143514361436143615361
168000100010001000100010001017111711271127112711371135113511311135113511311
13512351231123512351231123512351331133514351531153515351531163516351631153514351
33112351235133113351435153115351535143113351335123112351235123112351235133113351
43514311435143513311335133513311435153515311635163516311635153515361536163616361
180000100010001000110010001117111711271227123713371335123512311235123512311
23512351231123512351231123512351131113511351231133513351431153515351631153514351
33113351335133113351335133113351435143113351335123112351235123113351335143114351
43513311335123512311235123512311235133513311335133513311235123512361236133613361
190000100010001000100010001017111711171127112712271235123511311135113512311
23512351231123512351331133513351331133513351231123512351231123512351231123512351
23112351235123112351335143115351535163115351435123112351235123112351235123112351
23512311235123511311135113511311135123512311235123512311235123512361236123612361
222000100010001000100010001117121713271327142714371535153516311635163517311
73517351731173516351631163516351531153514351431153516351631163516351531153515351
53115351435143113351335123113351435143114351335133113351335143115351535153114351
43513311235123512311235123512311235123512311235123512311235123513361336143614361
240000100010001000100010001127112711271127113711371235133513311435143514311
43514351531153515351531153515351431153515351631173517351731163516351631163517351
73117351635163116351635163116351635153114351335133113351335133114351435153115351
63516311635153514311335133512311235123512311335133513311335133513361436143614361
255000100010001000100010001117112711271127112712271135113511311135113511311
23512351231133513351331133513351331133514351531153515351531153516351631163516351
53114351335133113351435153115351435143114351535153114351335133112351335133114351
43514311435133513311335123513311335143514311435143514311435143514361436143615361
260000100010001000100010001117111711271127112712271235113511311135113511311
13511351131113511351131113511351231133514351431143514351331133513351331133513351
33113351335133114351435153115351535143115351535153114351335123112351235123112351
23512311335143514311435143513311335143514311335123512311335153515361536153614361
280000100010001000120011001117111711171227122712271235113511311135113511311
23512351231123512351231123512351231123512351331133513351331133514351431133513351
33112351235123113351435153115351435133113351335143114351435143114351335123112351
23512311235123512311235123512311235133513311335133512311235123513361336133614361
299000100010001000100010001117111711271127122711371135113511311135113511311
13512351231133513351431143514351431133512351231123512351231123512351231123512351
13111351235123112351235123112351235123112351235123113351335133113351235123112351
23512311235123511311135113511311235123512311235123512311235123512361236133613361
434100130013001000100010001017102710271027112711371135113511311135113511311
13511351231123513351331133513351331133514351431143514351431133513351331133513351
33113351335123112351335143114351435143114351335123112351235123112351235123112351
23512311235123512311235123512311235113512311235123512311235123512361336133614361
460000100010001400100010001117111712271227132714271435143514311335133512311
23512351231123512351231123512351231113511351231123512351331133513351331133513351
33113351335133113351235123112351235123112351235123112351235123112351235123112351
23512311235123511311135113512311235123512311235123512311235123512361336133614361
481000100010001000100011001117122712271227132713271235123512311135113511311
23512351231123512351131113511351131113512351231113511351131123512351331123512351
13112351235123112351235123112351335133113351335133113351435143114351435143114351
43514311435133512311135113512311235123513311235123512311335133513361336143614361
497000100011001100100011001117121712271227122712271235123512311335133513311
33513351331143515351531153514351431143513351331133513351331123512351231123512351
23112351235123114351535163115351535143114351535153115351535143114351435143114351
43514311435143514311535153515311535153515311535153515311535143515361536153615361
510700160017001500160014001417131713271227122711271135113511311135123512311
33513351431143514351431143514351431153515351531153516351631163516351631163516351
53115351435143113351335133113351235123112351235123112351235123112351135123112351
23512311235123512311235123512311235123512311235123512311235123512361236133613361
579100120010001000100010001117122713271427152715271435133512311135113512311
23511351131113511351131113511351131113511351131113511351131113511351231123512351
33112351235123112351335133113351235123112351235133113351335133113351335133113351
43514311435143513311435143514311435143513311335133513311335133513361336143614361
588600160017001700180018001717162715271427132712271235123512311235123512311
33515351531153513351231123513351431143514351431133513351231113511351131113511351
13112351335133113351235123113351535163116351535143113351335133113351335143114351
53515311535153514311435143515311535163516311535143513311335133513361336143614361
621700170017001500140014001417132713271327132713271235123512311235133513311
33513351331133513351331133513351331133513351331123512351231123512351331123512351
23111351235123111351135113112351235123112351235113111351135113112351235123113351
43514311335133512311235113512311235123511311135113512311235123512361336133614361
630800180018001800180017001617152715271527152715371435123511311135113511311
13511351131113511351131113511351131123512351231123512351231123513351331123512351
23111351135113111351135113111351135113111351135113111351135113111351135113111351
13512311235113511311135113511311135113511311135123512311235123512361236133613361
643200130011001200130014001417142714271427142714371335133513311335133513311
23512351131113511351131113511351131113511351131113511351131113512351231123512351
23112351335133113351235123112351235123112351135113112351335133113351335133114351
43515311535153515311535153515311535153515311435143514311435143514361436143614361
645100120011001100100010001117112712271327142714371435133513311235123512311
23511351131113511351131113511351131113511351131113511351131113512351231123512351
23112351335133113351235123112351335133112351235123113351335143114351335133113351
33514311435143515311535143514311435143514311435133513311335133513361336133614361
650000100010001000110010001117111712271327143714371435143513311335123511311
13511351131113511351131113511351131113512351231123511351131113511351131113511351
13112351235123112351235123112351335133112351235113111351135113112351235123113351
33513311335143514311435143514311335133513311335133513311335133513361336133614361
675100130015001600170017001717162716271627152715271535153515311535143514311
43514351431133512351231113511351231133514351431133512351231123513351331133512351
23111351135123112351235123112351235123112351235123112351235133113351335133113351
43514311435143514311435143514311435143514311435143514311335133513361336133613361
690200120012001100110010001117112711271227122712271235123511311235123512311
33513351431143515351431143513351231123513351331133514351431143514351431143513351
23112351335133113351335133113351235123112351235123113351235123112351235123112351
33513311435143515311535153515311535153515311535143514311435143514361436143614361
747800180017001600140015001517141714271527152715271535153514311435143513311
33513351231123512351131113511351131113511351131113511351131113511351231123512351
23112351235133113351335133112351235123112351235123112351235123112351235123113351
43514311435143513311335133513311335123512311235123512311235123512361336133613361
