20160510121621
T2M TEDF  78  35 1
20160510122016051007
20160510122016051008
20160510122016051009
20160510122016051010
20160510122016051011
20160510122016051012
20160510122016051013
20160510122016051014
20160510122016051015
20160510122016051016
20160510122016051017
20160510122016051018
20160510122016051019
20160510122016051020
20160510122016051021
20160510122016051022
20160510122016051023
20160510122016051100
20160510122016051101
20160510122016051102
20160510122016051103
20160510122016051104
20160510122016051105
20160510122016051106
20160510122016051107
20160510122016051108
20160510122016051109
20160510122016051110
20160510122016051111
20160510122016051112
20160510122016051113
20160510122016051114
20160510122016051115
20160510122016051116
20160510122016051117
20160510122016051118
20160510122016051119
20160510122016051120
20160510122016051121
20160510122016051122
20160510122016051123
20160510122016051200
20160510122016051201
20160510122016051202
20160510122016051203
20160510122016051204
20160510122016051205
20160510122016051206
20160510122016051207
20160510122016051208
20160510122016051209
20160510122016051210
20160510122016051211
20160510122016051212
20160510122016051213
20160510122016051214
20160510122016051215
20160510122016051216
20160510122016051217
20160510122016051218
20160510122016051219
20160510122016051220
20160510122016051221
20160510122016051222
20160510122016051223
20160510122016051300
20160510122016051301
20160510122016051302
20160510122016051303
20160510122016051304
20160510122016051305
20160510122016051306
20160510122016051307
20160510122016051308
20160510122016051309
20160510122016051310
20160510122016051311
20160510122016051312
002 153   001 156   001 160   001 165   001 183   001 194   001 193   271
 187   571 182   771 179   771 176   971 170   871 162   971 159   971 157   871
 154   871 151   871 149   871 147   971 143   971 141  1071 141  1071 143  1071
 148  1071 156  1171 164  1271 169  1371 168  1371 164  1371 163  1371 166  1471
 170  1571 174  1671 175  1571 174  1471 170  1371 166  1271 161  1271 159  1171
 158  1171 159  1271 161  1271 160  1271 159  1271 157  1271 157  1271 160  1271
 166  1271 176  1371 187  1471 195  1571 197  1471 195  1471 194  1371 196  1571
 199  1671 199  1771 193  1771 185  1771 174  1671 166  1571 159  1571 154  1471
 150  1471 146  1371 143  1371 138  1371 133  1471 130  1471 130  1451 133  1451
 137  1411 141  1551 144  1551 147  1611 148  1651 149  1551 150  1511
005 154   001 157   001 164   001 170   001 173   001 188   001 193   271
 191   571 188   671 183   871 178  1071 171   971 163  1071 155  1071 151  1071
 146  1071 142   971 138   971 134   971 127   871 124   871 122   871 125   971
 134   971 148   971 167  1171 183  1171 193  1271 200  1371 201  1471 203  1471
 202  1571 202  1571 202  1571 201  1471 195  1371 185  1371 172  1271 161  1271
 155  1271 152  1171 151  1171 147  1171 143  1171 140  1171 138  1171 141  1171
 149  1171 164  1171 183  1171 197  1171 204  1271 206  1471 206  1571 206  1571
 207  1571 207  1571 204  1471 198  1571 188  1571 173  1571 159  1571 147  1571
 140  1571 136  1471 133  1471 129  1471 124  1571 121  1571 121  1571 124  1451
 132  1411 143  1351 155  1351 163  1211 165  1451 164  1551 164  1711
015 155   001 155   001 163   001 173   001 173   001 188   001 195   671
 197   671 197   971 195   971 189  1271 183   971 176  1071 169  1171 164  1171
 159  1071 154  1071 150   971 145   971 139   971 135   971 134   971 137   871
 146   871 160   971 177  1071 192  1171 202  1271 207  1471 210  1571 212  1571
 214  1671 215  1671 216  1571 215  1471 210  1371 200  1371 187  1271 177  1271
 171  1171 169  1171 167  1071 162  1171 155  1171 151  1271 149  1171 153  1071
 162   971 178  1071 196  1271 212  1371 222  1471 226  1671 227  1671 228  1671
 230  1671 231  1671 230  1471 227  1371 218  1171 205  1171 189  1271 175  1271
 166  1271 162  1371 157  1371 150  1471 143  1571 137  1671 135  1551 138  1451
 145  1311 155  1451 167  1451 177  1511 183  1651 187  1751 189  1811
027 152   001 159   001 162   001 175   001 178   001 197   001 198   571
 190   871 180  1171 174  1271 168  1371 161  1271 152  1171 143  1171 133   971
 127  1171 122  1371 119  1471 116  1471 113  1371 111  1371 110  1271 112  1071
 118   971 129  1071 143  1171 156  1171 166  1371 173  1471 173  1671 169  1571
 162  1571 154  1471 148  1471 145  1371 141  1371 136  1371 130  1271 126  1171
 122  1371 123  1471 123  1671 121  1571 119  1571 120  1471 121  1271 125  1171
 133   971 145  1071 157  1071 167  1271 171  1371 173  1471 174  1571 175  1471
 176  1471 176  1471 173  1371 169  1371 161  1271 150  1271 138  1271 128  1271
 122  1471 118  1671 115  1871 112  1771 110  1771 109  1671 108  1571 110  1451
 116  1311 128  1351 143  1251 156  1211 164  1251 168  1351 169  1311
070 152   001 150   001 156   001 168   001 173   001 192   001 197   471
 195   871 192  1271 190  1171 187  1171 179  1271 167  1371 155  1471 146  1571
 140  1671 134  1771 130  1871 125  1871 122  1871 120  1871 121  1771 126  1571
 135  1371 150  1371 166  1471 178  1471 184  1471 188  1571 191  1671 197  1771
 204  1871 208  1971 207  1771 201  1671 190  1571 178  1671 164  1671 152  1771
 145  1871 140  1971 136  1971 131  2071 125  2171 123  2271 124  1971 130  1771
 138  1471 149  1471 161  1671 172  1671 180  1571 186  1671 191  1671 196  1671
 197  1771 196  1971 190  1771 181  1771 170  1671 159  1671 148  1671 142  1671
 138  1871 137  1971 135  2071 132  2171 129  2271 128  2371 130  2151 135  1851
 143  1611 152  1651 161  1651 170  1611 177  1751 184  1751 188  1811
110 121   001 142   001 147   001 163   001 185   001 195   001 191   371
 181   671 172   771 166   771 165   971 160   871 148   871 134   871 120   871
 109   971 103  1171  98  1271  95  1271  94  1371  93  1371  94  1271  98  1071
 107   971 121  1071 139  1171 155  1371 167  1371 175  1271 179  1271 179  1271
 176  1171 170  1171 161  1171 151  1071 142  1071 131  1071 122   971 116   971
 112  1071 112  1171 112  1271 111  1371 109  1371 108  1471 109  1371 112  1171
 116  1071 122  1071 129  1171 134  1171 138  1171 140  1171 143  1171 147  1171
 151  1171 153  1371 152  1271 148  1171 141  1071 134  1071 126  1071 121  1071
 119  1171 117  1371 116  1471 114  1571 111  1671 109  1771 109  1671 111  1451
 118  1311 129  1351 142  1251 154  1211 162  1351 166  1451 168  1511
120 137   001 141   001 160   001 164   001 179   001 177   001 173   571
 169   871 165   971 162   971 157  1071 152  1071 142  1071 134   971 127   971
 117  1071 110  1171 105  1271 102  1271 100  1171  99  1171  98  1071 100   971
 105   871 116   971 129  1171 143  1271 153  1371 159  1571 161  1571 160  1571
 157  1571 153  1571 149  1471 146  1271 141  1171 134  1071 127  1171 121  1071
 117  1171 114  1171 114  1271 113  1271 113  1271 114  1271 115  1171 118  1071
 121   971 125  1071 130  1271 134  1371 138  1471 141  1671 145  1771 150  1771
 154  1671 156  1671 156  1571 154  1471 149  1371 141  1271 132  1271 125  1171
 122  1271 121  1271 121  1371 118  1371 115  1371 112  1371 110  1271 110  1251
 114  1111 123  1251 133  1351 143  1411 150  1551 153  1751 156  1811
130 145   001 154   001 162   001 163   001 164   001 174   001 180   271
 183   571 185   871 185  1171 183  1171 177  1271 165  1171 150  1071 135   971
 126  1071 120  1171 116  1271 112  1371 109  1371 105  1471 102  1371 103  1371
 109  1271 123  1171 138  1171 156  1071 170  1271 179  1471 186  1671 189  1671
 189  1571 186  1571 181  1571 176  1471 167  1471 159  1371 149  1171 141  1071
 135  1171 133  1371 130  1471 125  1571 121  1571 118  1671 117  1671 119  1571
 126  1571 137  1471 150  1471 160  1371 163  1471 163  1471 164  1571 168  1571
 173  1571 178  1571 179  1571 175  1471 168  1371 158  1271 146  1171 137  1071
 132  1171 128  1371 127  1471 124  1571 120  1771 117  1871 113  1871 113  1751
 119  1711 133  1651 150  1551 166  1411 175  1451 180  1451 182  1411
145 149   001 153   001 152   001 154   001 167   001 173   001 177   771
 180   671 183  1071 185  1271 185  1471 181  1571 171  1471 161  1271 151  1171
 144  1171 136  1271 131  1271 126  1271 119  1171 116  1171 117  1171 122  1071
 132  1071 145  1071 160  1171 174  1171 181  1371 185  1571 186  1671 189  1571
 191  1571 193  1471 194  1571 193  1571 189  1671 180  1671 170  1471 161  1371
 155  1471 151  1471 147  1571 142  1571 136  1471 133  1471 133  1351 137  1371
 144  1271 153  1271 162  1271 171  1271 177  1471 182  1571 185  1771 189  1771
 190  1671 191  1671 189  1771 186  1771 180  1871 174  1771 167  1671 159  1571
 154  1571 148  1571 141  1571 134  1671 128  1671 125  1771 125  1551 130  1451
 136  1211 144  1251 151  1351 158  1311 163  1551 167  1651 171  1811
149 151   001 154   001 159   001 155   001 173   001 170   001 174   571
 180   771 185  1071 188  1071 188  1371 184  1371 176  1471 166  1371 158  1471
 148  1371 141  1371 133  1371 127  1271 120  1271 117  1171 119  1171 125  1171
 136  1171 151  1271 165  1271 178  1271 187  1371 192  1571 195  1671 199  1671
 202  1671 203  1571 202  1671 199  1671 192  1671 184  1571 175  1571 165  1571
 159  1571 153  1671 147  1671 142  1571 136  1571 133  1471 133  1471 137  1371
 144  1371 154  1371 164  1471 174  1471 180  1671 185  1771 189  1871 193  1971
 195  1871 195  1871 191  1871 186  1771 179  1771 172  1771 165  1671 159  1671
 153  1671 148  1671 142  1671 136  1671 131  1671 127  1671 128  1571 133  1451
 141  1311 152  1451 164  1451 174  1511 179  1651 181  1851 182  1911
156 154   001 159   001 160   001 165   001 175   001 189   001 195   571
 197   671 198   971 197  1071 197  1171 193  1271 188  1371 180  1271 173  1271
 169  1271 165  1271 162  1271 157  1171 150  1171 144  1071 139  1071 139   971
 144   971 158  1071 176  1171 192  1271 201  1371 206  1471 208  1571 208  1571
 210  1471 210  1471 210  1471 209  1471 204  1471 196  1571 187  1471 179  1471
 175  1471 173  1371 171  1371 166  1271 160  1271 154  1171 150  1071 150  1071
 154   971 164  1071 176  1271 188  1371 196  1471 200  1471 203  1571 204  1671
 204  1571 204  1571 201  1571 197  1671 192  1671 184  1671 176  1571 169  1571
 164  1471 162  1471 158  1371 153  1271 148  1271 144  1171 143  1171 143  1051
 147  1011 154  1251 163  1351 173  1511 182  1551 190  1651 195  1611
168 150   001 156   001 169   001 178   001 192   001 182   001 184   271
 191   971 199  1371 203  1471 201  1371 191  1471 171  1671 149  1671 130  1671
 120  1871 118  1971 118  2171 115  2171 111  2171 109  2171 112  1871 119  1571
 131  1271 148  1271 166  1371 181  1371 192  1371 197  1571 202  1571 207  1771
 211  1871 212  2171 209  2071 201  1971 188  1971 170  1971 149  1971 135  1871
 126  1971 123  2171 122  2271 117  2371 113  2471 110  2571 112  2171 118  1771
 128  1371 141  1371 155  1471 166  1471 172  1471 175  1471 178  1471 181  1671
 186  1971 187  2171 185  2051 179  2051 169  1911 155  1951 140  1851 128  1811
 121  1951 117  2151 115  2211 113  2351 112  2551 112  2611 115  2251 121  1751
 130  1311 143  1451 157  1451 168  1511 174  1551 178  1651 180  1611
180 148   001 157   001 162   001 165   001 177   001 183   001 188   371
 191   471 194   671 195   971 194  1371 188  1271 173  1471 158  1571 145  1671
 136  1471 128  1471 123  1371 116  1471 110  1571 107  1671 110  1571 118  1371
 130  1271 147  1371 165  1371 182  1471 197  1471 209  1571 216  1671 220  1571
 220  1571 218  1571 214  1471 208  1471 199  1471 187  1571 174  1671 164  1671
 157  1571 152  1571 147  1471 138  1671 130  1771 124  1971 123  1771 126  1571
 132  1371 141  1471 149  1571 157  1671 164  1571 169  1471 172  1471 175  1471
 176  1571 175  1571 170  1471 162  1471 154  1371 145  1371 137  1471 131  1571
 128  1571 124  1571 121  1471 114  1671 108  1971 104  2171 105  1851 111  1651
 121  1311 134  1451 147  1551 158  1611 166  1651 171  1751 174  1711
190 162   001 163   001 170   001 169   001 175   001 184   001 191   571
 196   871 202   971 204  1471 202  1471 196  1471 185  1371 170  1271 156  1171
 144  1071 137  1171 129  1171 122  1271 119  1371 118  1471 123  1471 132  1371
 145  1371 159  1471 176  1571 192  1671 210  1871 225  1971 236  1871 240  2071
 240  2371 238  2371 236  2071 231  1871 224  1671 210  1571 194  1271 181  1171
 169  1171 161  1171 152  1171 144  1271 137  1371 134  1471 135  1471 141  1371
 148  1371 156  1471 163  1571 167  1771 167  1571 166  1571 167  1571 172  1771
 178  1971 180  2071 176  1971 168  1671 157  1471 149  1371 141  1371 136  1271
 133  1171 130  1271 126  1171 119  1371 113  1471 110  1671 112  1551 119  1451
 128  1311 138  1451 148  1651 156  1711 162  1851 166  1851 171  1911
222 140   001 154   001 168   001 197   001 200   001 216   001 219   371
 216   671 211  1071 207  1171 200  1171 190  1071 178  1071 163  1071 150  1071
 140  1171 134  1171 129  1271 125  1371 122  1471 120  1571 119  1471 122  1371
 128  1271 138  1171 153  1171 165  1171 176  1271 181  1371 184  1571 184  1671
 183  1771 181  1871 179  1571 175  1371 171  1271 162  1271 154  1171 147  1171
 142  1271 137  1271 133  1371 128  1471 125  1671 123  1771 121  1671 121  1671
 127  1571 138  1571 152  1371 162  1371 167  1371 167  1571 168  1571 173  1671
 178  1571 182  1671 181  1571 177  1371 169  1171 159  1171 150  1271 143  1271
 139  1371 136  1371 134  1471 130  1671 125  1771 120  1971 117  1871 118  1851
 125  1711 138  1651 154  1451 167  1311 174  1351 178  1351 181  1311
240 155   001 156   001 149   001 158   001 162   001 165   001 174   371
 183   671 190   971 194  1071 193  1271 186  1271 172  1271 155  1371 142  1371
 134  1371 130  1271 127  1271 121  1371 114  1371 109  1471 109  1271 113  1171
 122   971 135  1071 149  1271 161  1371 170  1371 174  1571 179  1671 183  1671
 186  1771 186  1771 183  1571 177  1471 168  1471 158  1471 148  1471 139  1471
 135  1371 134  1371 132  1271 129  1371 124  1471 120  1571 118  1471 121  1371
 128  1271 140  1371 153  1471 164  1571 170  1671 172  1771 174  1871 177  1971
 180  1971 181  1971 177  1771 171  1671 162  1571 154  1571 147  1471 141  1471
 136  1471 132  1471 128  1471 124  1571 120  1671 116  1771 114  1671 116  1451
 122  1311 134  1351 148  1451 161  1411 169  1551 173  1551 175  1611
255 138   001 138   001 142   001 138   001 145   001 148   001 163   371
 180   671 193   971 197  1171 193  1471 186  1671 176  1571 163  1471 150  1371
 140  1371 133  1171 129  1171 124  1171 120  1271 118  1271 119  1171 122  1171
 129  1071 139  1071 150  1171 161  1171 170  1371 178  1371 184  1571 188  1671
 190  1671 189  1671 184  1771 176  1871 166  1971 156  1671 147  1471 140  1271
 136  1171 133  1071 130  1071 125  1271 119  1371 115  1571 114  1471 117  1371
 123  1271 132  1371 142  1371 152  1371 158  1471 161  1571 164  1671 168  1671
 171  1671 171  1671 167  1671 159  1871 151  1871 142  1671 136  1371 131  1171
 129  1171 127  1171 123  1171 118  1371 113  1471 109  1671 109  1571 112  1451
 119  1311 129  1351 139  1251 149  1211 156  1351 161  1551 165  1611
260 146   001 161   001 145   001 146   001 160   001 170   001 184   571
 196   971 204  1371 208  1371 206  1371 196  1271 177  1571 155  1671 135  1871
 124  1971 119  2171 117  2271 117  2251 117  2251 119  2211 122  2051 127  1971
 135  1771 146  1671 158  1571 170  1471 178  1571 184  1771 188  1871 191  1971
 193  1871 193  1971 191  1871 186  1571 177  1471 165  1771 151  1871 137  2171
 129  2271 125  2371 120  2571 116  2571 114  2471 113  2471 115  2271 119  2071
 125  1871 133  1871 141  1971 146  1871 148  1871 149  1871 149  1771 152  1971
 155  2071 157  2271 155  2071 151  1871 144  1771 137  1871 128  1971 121  2071
 114  2271 108  2471 105  2671 102  2671 100  2671 100  2671 101  2351 106  2151
 114  1811 127  1751 141  1651 153  1511 160  1651 163  1651 165  1711
280 138   001 146   001 161   001 166   001 192   001 194   001 199   471
 205   871 208  1171 209  1471 206  1471 198  1571 182  1671 164  1671 148  1571
 139  1571 136  1471 133  1471 128  1471 123  1371 120  1371 122  1171 128  1071
 137   871 147   971 159  1271 170  1371 180  1571 191  1871 197  2071 198  2271
 198  2271 197  2371 196  2271 193  2171 187  2071 176  1971 163  1771 152  1671
 145  1571 140  1571 136  1571 130  1571 123  1571 119  1571 119  1371 123  1271
 129  1071 134  1271 139  1271 142  1471 142  1571 142  1671 143  1771 145  1771
 148  1771 150  1871 149  1871 144  1871 138  1771 129  1771 121  1671 115  1671
 112  1671 113  1771 111  1771 107  1771 103  1771 100  1771 101  1571 107  1351
 116  1111 127  1351 139  1451 149  1611 155  1751 158  1951 160  2011
299 157   001 160   001 161   001 170   001 189   001 198   001 202   871
 206  1271 209  1371 212  2471 211  2171 202  2171 183  1871 164  1571 146  1471
 136  1271 128  1271 123  1171 118  1271 113  1271 111  1371 114  1271 123  1171
 137  1071 153  1371 172  1571 188  1771 201  1771 209  1771 217  1871 223  1971
 227  2171 230  2371 230  2371 225  2271 215  2271 199  1971 180  1671 163  1471
 152  1471 143  1471 137  1371 131  1471 125  1471 122  1571 123  1471 128  1271
 133  1171 140  1371 146  1671 151  1871 152  1771 153  1771 153  1771 155  1871
 158  1971 158  2071 155  1971 151  1871 144  1771 136  1671 130  1371 124  1171
 121  1171 119  1371 115  1371 110  1571 103  1771 101  1971 103  1651 110  1451
 119  1111 130  1451 140  1751 148  2011 153  2151 157  2151 160  2211
434 118   001 127   001 142   001 158   001 169   001 174   001 182   271
 189   771 193  1071 194  1071 192  1171 187  1071 179  1171 168  1171 157  1271
 149  1071 144  1071 140   971 136   971 133   871 129   871 126   871 125   971
 126   971 132   971 140  1071 148  1071 154  1071 157  1271 159  1371 161  1571
 160  1571 159  1671 156  1571 152  1571 145  1471 137  1471 129  1271 123  1071
 120  1071 117  1071 113  1071 109  1071 104  1071 100  1071  99  1071 100  1071
 105  1071 111  1271 120  1271 129  1471 136  1671 142  1771 147  1871 149  2071
 151  2271 150  2371 147  2171 142  1971 137  1771 129  1571 123  1471 118  1271
 114  1271 114  1171 112  1171 110  1171 106  1271 104  1271 103  1271 104  1251
 107  1211 111  1351 117  1351 122  1411 127  1651 132  1751 136  1911
460 153   001 168   001 185   001 198   001 210   001 225   001 230   571
 229   971 226  1271 219  1271 209  1271 197  1171 182  1471 169  1471 155  1571
 146  1671 139  1771 133  1871 127  1771 124  1771 123  1671 125  1571 129  1371
 138  1271 149  1371 162  1571 172  1671 178  1771 179  1971 180  2071 179  2071
 177  2071 174  1871 169  1771 162  1571 155  1471 149  1571 143  1671 137  1771
 130  1871 121  1971 114  2071 109  2071 105  1971 101  1971 102  1871 105  1671
 113  1571 124  1671 135  1871 144  1971 148  2071 148  2271 149  2271 153  2171
 157  2171 158  2071 154  1971 146  1771 139  1671 133  1771 129  1971 126  2071
 121  2171 115  2371 109  2471 104  2471 100  2371  99  2371 101  2171 107  2051
 115  1811 125  1951 135  2051 142  2111 146  2251 148  2451 150  2511
481 149   001 156   001 166   001 195   001 209   001 225   001 230   271
 228   671 225  1171 222  1271 218  1371 210  1471 200  1571 186  1471 174  1371
 164  1371 158  1171 153  1171 148  1171 146  1171 145  1171 145  1171 147  1071
 152  1071 158  1171 166  1371 174  1471 179  1571 184  1571 185  1671 187  1771
 188  1771 188  1871 187  1771 184  1771 178  1771 171  1771 162  1571 155  1371
 149  1371 146  1271 141  1171 136  1171 130  1271 126  1271 124  1171 124  1171
 127  1071 132  1271 137  1271 141  1471 144  1571 146  1571 148  1671 152  1771
 155  1971 157  2071 157  2071 154  1871 149  1771 140  1671 133  1571 127  1371
 125  1371 125  1371 125  1371 123  1471 119  1471 117  1571 118  1451 121  1451
 126  1311 132  1451 137  1651 142  1711 146  1951 148  2151 151  2311
497 158   001 176   001 181   001 189   001 199   001 200   001 200   671
 197  1471 191  1971 180  1671 170  1571 162  1671 155  1771 147  1871 142  1871
 137  2071 134  2171 130  2371 127  2471 124  2471 122  2571 120  2571 119  2471
 122  2471 132  2371 145  2171 160  1971 175  2071 187  2071 191  2071 187  2271
 177  2471 165  2471 155  2171 147  1971 140  1771 135  1871 129  1871 126  1971
 122  2071 119  2171 115  2171 112  2271 108  2471 104  2571 101  2471 100  2371
 103  2271 109  2371 116  2271 121  2271 123  2271 120  2271 118  2171 117  2271
 117  2371 116  2571 114  2271 109  2171 104  1971  97  1971  92  1871  89  1871
  90  1971  93  1971  94  2071  93  2171  90  2271  87  2371  85  2271  86  2251
  90  2111  99  2151 109  2151 118  2111 123  2151 126  2251 127  2211
510 153   001 176   001 191   001 202   001 206   001 216   001 220   471
 221  1071 221  1471 220  1471 219  1371 214  1271 202  1171 187  1171 172  1071
 162  1071 158  1071 154  1071 150  1071 145  1171 141  1171 138  1171 138  1171
 140  1171 146  1171 153  1171 160  1171 164  1371 166  1471 167  1671 166  1771
 166  1971 165  2071 165  1871 164  1771 160  1571 153  1471 145  1471 138  1371
 135  1371 134  1371 133  1371 130  1371 126  1471 123  1471 122  1471 125  1371
 130  1371 139  1471 150  1571 159  1671 165  1771 167  1971 169  1971 170  2071
 171  2071 170  2171 168  1971 162  1771 157  1571 149  1571 142  1371 136  1371
 133  1471 131  1471 130  1571 127  1571 124  1671 122  1671 123  1571 126  1551
 130  1411 135  1551 140  1651 144  1711 145  1951 146  2051 147  2211
579 196   001 207   001 213   001 221   001 231   001 244   001 244   371
 237   771 228  1271 220  1471 209  1371 195  1171 180  1271 168  1271 158  1271
 151  1371 143  1571 139  1671 135  1771 132  1971 131  2071 134  1871 139  1771
 147  1571 155  1471 164  1371 171  1271 177  1371 180  1471 182  1571 183  1671
 183  1771 182  1871 179  1771 174  1671 166  1571 156  1571 143  1571 129  1471
 119  1571 114  1771 108  1871 102  1971  97  2071  94  2171  94  2071  97  1871
 108  1771 126  1671 148  1571 168  1471 182  1571 193  1771 199  1871 205  1871
 209  1771 209  1771 203  1671 193  1571 181  1471 168  1571 155  1571 145  1571
 137  1771 130  1871 124  2071 117  2171 111  2271 107  2371 107  2271 111  2051
 121  1911 135  1851 151  1851 164  1711 172  1951 176  2051 180  2211
588 159   001 173   001 189   001 205   001 206   001 219   001 223   271
 222   571 218   971 212  1171 200  1371 184  1471 168  1371 154  1371 142  1271
 135  1371 129  1371 126  1471 122  1671 118  1871 114  2071 112  1871 113  1671
 121  1471 132  1371 147  1471 160  1371 165  1371 167  1371 167  1371 168  1371
 168  1171 168  1171 165  1271 159  1471 151  1571 140  1471 130  1471 119  1371
 111  1471 104  1571  98  1671  92  1871  87  2171  82  2371  78  2171  79  1971
  88  1771 107  1771 130  1671 151  1671 164  1571 169  1471 172  1371 173  1471
 174  1471 173  1571 168  1671 161  1871 151  1971 139  1871 126  1671 115  1571
 108  1671 102  1771  97  1871  91  2071  86  2271  82  2471  81  2251  85  2151
  96  1911 114  1851 136  1751 154  1611 165  1651 169  1751 171  1711
621 114   001 150   001 162   001 192   001 199   001 196   001 199   371
 203   771 205   971 203  1071 196  1171 182  1271 168  1371 153  1371 140  1371
 132  1471 125  1471 120  1471 116  1471 112  1471 108  1471 105  1471 105  1471
 111  1471 123  1471 138  1671 150  1671 153  1871 152  1971 150  2171 152  2071
 154  1971 157  1871 158  1771 156  1571 149  1571 138  1471 123  1371 110  1371
 102  1371  98  1371  94  1371  90  1371  87  1371  83  1371  83  1371  86  1371
  94  1371 108  1471 125  1571 139  1771 149  1971 156  2271 160  2471 163  2471
 164  2471 162  2471 155  2271 146  1971 136  1771 127  1571 120  1571 112  1471
 106  1671 101  1671  97  1771  94  1671  93  1671  93  1571  94  1571  96  1551
  99  1511 102  1651 106  1751 110  1811 114  2151 118  2451 122  2711
630 140   001 158   001 170   001 193   001 198   001 201   001 205   271
 206   771 203  1071 196   871 188   971 180  1071 173  1171 165  1071 158   971
 152   971 146   871 142   871 139   871 138   971 135   971 133   871 133   871
 136   771 144   871 153  1171 159  1271 160  1371 157  1371 154  1371 153  1371
 154  1471 155  1371 154  1371 149  1271 145  1371 139  1171 132  1071 125   871
 118   871 112   871 109   871 105   871 101   971 100   971  97   871  98   871
 104   771 118   971 135  1071 152  1371 166  1471 176  1371 183  1471 187  1671
 188  1671 186  1871 180  1871 173  1671 163  1571 154  1471 147  1271 139  1171
 132  1171 128  1271 124  1271 121  1271 119  1271 117  1271 117  1271 118  1151
 120  1111 123  1351 126  1451 130  1611 134  1751 138  1851 143  1911
643 165   001 161   001 164   001 155   001 162   001 162   001 162   471
 162   671 161   971 159  1071 156  1171 154  1071 150   971 151   871 151   771
 151   871 151   971 151  1071 152  1171 151  1271 152  1371 152  1371 153  1271
 155  1271 161  1171 168   971 172   871 173  1071 171  1171 168  1371 166  1371
 165  1271 164  1271 162  1271 160  1171 157  1171 152  1071 147   971 140   871
 134   971 127  1171 122  1271 118  1371 115  1471 114  1571 113  1471 114  1471
 123  1371 139  1271 158  1271 175  1171 185  1271 190  1471 193  1571 194  1571
 195  1571 193  1671 187  1571 179  1371 171  1271 163  1171 155  1071 150  1071
 145  1171 141  1371 138  1471 135  1571 131  1671 127  1771 124  1651 124  1651
 129  1511 142  1451 158  1251 173  1111 182  1351 187  1551 189  1711
645 175   001 185   001 200   001 190   001 205   001 208   001 208   471
 207  1171 202  1371 196  1471 188  1271 180  1071 169  1171 159  1171 152  1171
 147  1171 144  1171 142  1171 142  1171 143  1271 145  1271 147  1151 151  1171
 155  1071 162  1071 170  1171 177  1171 181  1371 182  1671 181  1871 179  1871
 176  1671 172  1671 169  1471 165  1371 160  1171 151  1171 138  1371 129  1271
 122  1271 116  1271 112  1271 109  1371 109  1371 108  1471 109  1371 113  1271
 122  1171 138  1171 156  1171 175  1171 189  1371 199  1571 207  1771 211  1671
 211  1771 209  1771 203  1571 193  1471 181  1271 167  1271 154  1371 143  1471
 136  1471 131  1471 128  1471 125  1571 122  1571 120  1671 121  1551 125  1451
 132  1311 144  1351 157  1351 169  1311 178  1651 183  1951 187  2211
650 205   001 213   001 220   001 225   001 242   001 244   001 239   471
 230   771 221   871 213   971 204   971 195  1071 186  1071 180  1071 175  1071
 171  1271 167  1371 165  1571 163  1671 162  1871 163  1971 166  1671 170  1471
 176  1171 181  1171 187  1271 193  1271 195  1271 196  1171 196  1171 194  1171
 190  1271 186  1271 181  1271 175  1171 170  1171 163  1271 157  1171 150  1171
 144  1271 139  1471 134  1571 130  1771 126  1871 124  2071 123  1871 124  1671
 133  1471 148  1371 165  1471 181  1471 192  1371 198  1271 201  1171 205  1271
 207  1371 206  1371 201  1371 193  1271 183  1271 173  1371 165  1271 156  1271
 149  1371 142  1471 136  1471 131  1671 127  1871 125  2071 127  1851 131  1751
 139  1511 150  1651 163  1651 175  1711 184  1751 191  1651 195  1611
675 179   001 186   001 195   001 197   001 207   001 214   001 215   271
 213   471 211   671 207   871 200   971 191  1171 181  1271 172  1371 165  1471
 158  1671 152  1871 148  2071 147  2171 146  2371 149  2471 153  2371 159  2171
 165  2071 171  1871 176  1671 179  1471 178  1571 174  1471 171  1471 168  1471
 167  1471 166  1471 166  1471 166  1371 163  1371 155  1571 143  1671 133  1871
 125  2071 120  2171 115  2371 111  2471 107  2671 103  2771 102  2671 107  2471
 120  2371 142  2171 169  1971 191  1771 205  1771 212  1671 214  1671 214  1771
 213  1771 210  1871 206  1771 199  1771 188  1671 173  1771 157  1971 142  2071
 130  2271 121  2471 114  2671 108  2871 105  2971 104  3171 105  3071 112  2851
 124  2711 142  2451 163  2151 182  1811 195  1851 204  1951 208  1911
690 186   001 184   001 193   001 193   001 196   001 194   001 192   171
 190   371 190   671 191   771 191   971 188   971 183   971 178   971 173   971
 171  1071 170  1171 169  1271 168  1271 166  1171 166  1171 168  1071 171  1071
 174   971 180  1071 184  1171 187  1171 186  1371 184  1271 180  1371 176  1271
 173  1371 170  1371 168  1271 167  1171 167  1071 162  1171 159  1271 154  1171
 152  1171 148  1271 145  1271 143  1271 144  1271 143  1271 143  1171 144  1171
 149  1071 157  1171 166  1171 174  1271 179  1271 181  1471 182  1571 184  1471
 185  1371 185  1371 183  1271 178  1171 172  1171 166  1171 160  1371 154  1371
 150  1371 147  1371 144  1371 140  1371 136  1371 135  1371 136  1271 140  1151
 147  1011 157  1151 168  1251 177  1311 183  1451 187  1551 190  1611
747 145   001 163   001 176   001 182   001 191   001 192   001 188   371
 181   671 173  1071 165   971 157  1171 151  1171 146  1171 144  1171 142  1171
 139  1171 137  1271 135  1271 136  1371 137  1371 139  1471 141  1471 144  1371
 149  1371 155  1271 162  1371 168  1271 172  1471 174  1571 177  1771 180  1671
 182  1671 179  1671 170  1571 159  1571 148  1471 141  1371 135  1371 131  1271
 125  1371 117  1471 112  1571 109  1571 105  1671 105  1671 105  1571 108  1571
 117  1471 132  1471 150  1571 166  1571 178  1671 183  1771 186  1871 187  1971
 185  1971 182  1971 176  1871 169  1671 162  1571 156  1471 149  1471 144  1371
 140  1471 137  1671 134  1771 131  1871 128  1871 125  1971 122  1871 122  1851
 127  1711 138  1751 152  1751 166  1711 175  1751 181  1851 184  1811
NT  TEDF  78  35 1
20160510122016051007
20160510122016051008
20160510122016051009
20160510122016051010
20160510122016051011
20160510122016051012
20160510122016051013
20160510122016051014
20160510122016051015
20160510122016051016
20160510122016051017
20160510122016051018
20160510122016051019
20160510122016051020
20160510122016051021
20160510122016051022
20160510122016051023
20160510122016051100
20160510122016051101
20160510122016051102
20160510122016051103
20160510122016051104
20160510122016051105
20160510122016051106
20160510122016051107
20160510122016051108
20160510122016051109
20160510122016051110
20160510122016051111
20160510122016051112
20160510122016051113
20160510122016051114
20160510122016051115
20160510122016051116
20160510122016051117
20160510122016051118
20160510122016051119
20160510122016051120
20160510122016051121
20160510122016051122
20160510122016051123
20160510122016051200
20160510122016051201
20160510122016051202
20160510122016051203
20160510122016051204
20160510122016051205
20160510122016051206
20160510122016051207
20160510122016051208
20160510122016051209
20160510122016051210
20160510122016051211
20160510122016051212
20160510122016051213
20160510122016051214
20160510122016051215
20160510122016051216
20160510122016051217
20160510122016051218
20160510122016051219
20160510122016051220
20160510122016051221
20160510122016051222
20160510122016051223
20160510122016051300
20160510122016051301
20160510122016051302
20160510122016051303
20160510122016051304
20160510122016051305
20160510122016051306
20160510122016051307
20160510122016051308
20160510122016051309
20160510122016051310
20160510122016051311
20160510122016051312
002800180017001700170017001717172717271727173717271735173517311735173517311
73517351731173517351731173517351731173517351731163516351631163516351631173517351
63116351635163116351535153114351435143113351335123112351235123112351235123112351
23512311235133513311435153515311535163516311635163516311635163516311635173516311
005800170017001700180017001717172717271727172717271735173516311635163516311
63517351731173517351731173517351731163516351531153515351631163516351631163515351
53115351535163116351535153115351535153115351435133112351235123112351235123112351
23512311235123513311335133513311435153516311635163516311635163516311635163516311
015800180018001800180017001717172717271727172717271735173516311635173517311
63516351631163516351731173517351731163515351431143515351631163516351631153514351
33113351435143114351435133113351235123112351235113111351135113111351135113112351
23512311235123512311135123512311235133514311435153515311435143514311435153515311
027800180018001800170017001717172717271727172717271635163515311535153516311
63516351731163516351631163517351731173517351631163516351631173517351731163516351
53116351635173117351735173117351735173117351635163116351535153114351335133112351
23512311235123512311235123512311335143515311535163516311635163517311735173517311
070800180018001800180017001717172717271727173717371635163516311535153514311
43514351431143514351531163516351631153514351331133514351531163516351531153515351
43114351435143113351235123113351435153115351535153115351535153116351635163116351
63516311535153515311535163516311635163516311635153515311635163516311635153515311
110800180017001600160017001617152715271427132713371235113511311235133514311
43514351531153516351731173517351731163516351531163516351631163516351631173517351
73117351735173116351635173117351735173117351735173117351735173117351735173116351
63515311535153515311635163516311535143514311335133513311235123512311235133513311
120700170018001700170017001717171717271727172716271635153515311535153515311
53515351531153516351631163517351731173517351731173517351731173517351631173517351
73117351735173117351735173117351735173117351735173117351735173117351735173116351
63515311535143514311435143514311435133513311335133513311435143514311435153515311
130700180018001700170017001617162716271527153715371435143514311435143514311
43514351431153515351531163516351731173517351731173517351731173517351631163516351
53116351635173117351735173117351735173117351735163116351635163116351635163115351
43514311335143514311435143514311435143514311435143513311335133513311335133513311
145800180017001800180018001817172717271627153714371335133513311335133513311
43514351431153515351531153516351631163516351531153515351531153515351531153515351
63116351635163116351535153115351635163115351535143114351435153115351535153116351
63515311535143513311335133513311335143515311535153515311535153514311435143515311
149800180018001800180018001817182717271627142713371335133513311335133513311
33514351431153515351531163516351631163516351631153514351431143515351531163516351
63116351635163116351535153115351635163116351535153115351535153115351635163116351
53515311535153514311435133513311335143515311535153515311535153515311435143515311
156700180017001800180018001817182717271627142713371335133513311335133513311
43514351431153515351531153516351631163516351631153514351431143515351531163516351
63116351635163116351535153115351635163116351535153115351535153115351535153115351
53515311535143514311435133513311435143515311535153515311535153515311535153515311
168800180018001800170017001717172716271527142713371235123512311235133514311
43514351431153516351631163516351631153515351531163516351731163516351531153515351
53116351635163116351635163116351635173117351735173117351735173117351735173117351
73517311635163516311635163517311735173517311735163516311635163516311635163516311
180800180018001800170017001717162716271527143713371235123512311235123512311
33514351431143514351431143515351531153515351431133513351331133515351531153515351
43114351435153115351635173117351735173117351735173117351735173117351735173117351
73517311735173517311735173517311735173517311735173517311735173517311735173517311
190800180018001800180018001817172717271527143712371235123513311335133513311
33512351231123513351331133513351231123512351131113511351231123513351431153515351
53115351535153115351535153116351635173117351735173117351735173117351735173117351
63516311635163517311735173517311735173517311735173517311735173517311735173517311
222800170014001500150016001617151715271527142714271435143514311435143514311
53515351631163516351731173517351731173517351731173517351731173517351731173517351
73117351735173117351735173117351635163116351735173117351735173117351735173116351
63516311635153515311535153515311535153515311435133512311235123513311335143515311
240800180018001800180017001717162716271527143714271435143514311435143514311
43514351531153516351731173517351731173517351631173517351731173517351731173517351
73117351735173117351735173117351735173117351735173117351735173117351735173117351
73517311735173516311635163515311535163516311635163516311635153515311635163517311
255800180018001800180018001717162715271527142714371435143514311535153515311
53515351531163516351631163516351531153515351531153516351631173517351731173516351
63116351735173117351735173117351635163116351735173117351735173117351735173117351
73517311735173517311735163516311635163516311635163516311635163517311735173516311
260800170018001800180018001717172715271437133712371335143515311635153515311
53514351531153516351731163515351431143514351431153516351731173517351731173517351
73117351735173117351735173117351735173117351735173117351735173117351735173117351
73517311735173517311735173517311735173517311735173516311635163516311635163516311
280800180018001700160016001617152714271427142714371435143514311435143514311
53516351731173517351731173517351731163516351631153515351531163516351731173517351
73117351735173117351635163116351735173117351735173117351735173117351735173117351
73517311735173517311735173516311635163516311735173517311735173517311735173517311
299800180018001700140013001317131713271427152715271535143514311335143513311
33512351231133515351631163515351431133513351231133513351431153515351531153515351
53115351535163116351635173117351735173117351735173117351735173117351735173117351
73517311735173517311735163516311635163517311735173516311635163516311635173517311
434800170014001700170012001217132713271327142714371535153515311635163516311
73517351731173517351731173517351731173516351631173517351731173517351731173517351
73117351735173117351735173117351735173117351735173117351735173117351735173117351
73517311735173517311735173517311735173517311735173516311735173517311735173517311
460800170016001400120012001217122712271327133714371435153515311535153516311
63516351731173517351731173517351731173517351731173517351731173517351731173517351
73117351735173117351735173116351635173117351735173117351735173117351735173117351
73517311735173517311735173517311735173517311735173517311735173517311735173517311
481700170016001600130014001417142715271527152716371635163516311635163516311
73517351731173517351631163516351631163517351731173517351731173517351731173517351
73117351735163116351635163117351735173117351735173116351735173117351735173117351
73517311735173517311735173517311735173517311735173517311735173517311735173517311
497500140013001400160016001617162716271627162716371535153515311635163517311
63515351531153516351631163516351631163516351731173517351731173517351731173517351
73117351735173116351535143114351535153116351735173117351735173117351735173117351
73516311635163516311635163516311635163516311635163517311735163516311635163516311
510000100010001100160013001417142715271527153715371535153516311635173517311
73517351731173517351731173517351731173517351731173517351631163516351631163516351
63116351635163115351535153115351635163116351735173117351735163117351735173117351
73517311735173517311635163516311635173517311635153515311635163517311735173517311
579600140016001700170015001517162716271627162716371735173517311735173517311
73517351731173517351731173517351731173517351731173517351731173517351731163516351
73117351735173117351735173117351735173117351735173117351735173117351735173117351
73517311735173517311735173517311735173517311735173517311735173517311735173516311
588200160017001600160013001417142715271527162716271735173517311735173517311
73517351731163516351631163516351731173517351731173517351731173518351731173516351
63116351635173117351735173117351735173117351735173117351735173117351735173117351
73517311735173517311735173517311735173517311735173517311735173517311735173517311
621100130012001500170018001817182718271727172717271635163516311635163516311
53515351531163516351731173517351731173517351731173517351731173517351631163516351
53115351535143114351435143114351435143115351635173117351635163116351635173116351
63516311635163516311535153515311535153516311635163516311635173517311735173517311
630600150014001200160017001717171717271727172716271635163515311535153514311
43515351531163516351631163517351731173517351731173517351731173517351731163516351
53115351535153115351535153115351535153114351435143114351535153115351635163116351
53515311535163516311535153515311535163516311635163516311635173517311735173517311
643700180018001800180017001717172717271727172717271735173517311735173517311
73517351731173517351731173517351731173517351731173517351731173517351731173517351
73117351735173116351535153115351635173117351635163116351635163117351735173116351
63516311635163516311635163515311535153515311535153516311635163516311635163517311
645700170017001800160015001517162716271627172717371735173517311735173517311
73517351731173517351731173517351731173517351731173518351731173517351731173517351
73117351735173117351635163116351635173117351735173117351735173117351635163116351
63516311635163516311735173517311635163516311635163516311635163516311635163516311
650600170016001700160012001317141714271527162716271735173516311735173517311
73517351731173517351731173517351731173517351731173517351731163516351531153515351
53115351635173117351735173116351635163116351635163116351635163116351635163116351
63516311635163517311735173517311735173517311735173517311635163516311635163516311
675800170018001700170016001617162716271627172717371735173517311635153514311
43515351631163516351631173517351731173517351731173517351731173517351731163515351
53115351535163116351635163116351635163116351635163115351535153115351635163116351
63516311635163516311635163515311535153515311535163516311635163516311635163516311
690600180017001500120011001217132714271537153716371635163516311635163516311
63516351631163516351631163517351731173517351731173517351731173517351731173517351
73116351535153115351635163116351635163116351735173117351635163116351635163116351
63515311535153515311535163516311635163516311635163515311535153515311535153515311
747600160015001500140015001617162716271727173717371735173516311635173517311
73517351731173517351731173517351731173517351731173517351731173517351731173517351
73116351635163115351535153115351435153115351535163116351635163117351735173117351
73517311735173517311635163516311635163516311535153515311535163517311735173517311
