20160607161431
T2M TEDF  78  35 1
20160607162016060711
20160607162016060712
20160607162016060713
20160607162016060714
20160607162016060715
20160607162016060716
20160607162016060717
20160607162016060718
20160607162016060719
20160607162016060720
20160607162016060721
20160607162016060722
20160607162016060723
20160607162016060800
20160607162016060801
20160607162016060802
20160607162016060803
20160607162016060804
20160607162016060805
20160607162016060806
20160607162016060807
20160607162016060808
20160607162016060809
20160607162016060810
20160607162016060811
20160607162016060812
20160607162016060813
20160607162016060814
20160607162016060815
20160607162016060816
20160607162016060817
20160607162016060818
20160607162016060819
20160607162016060820
20160607162016060821
20160607162016060822
20160607162016060823
20160607162016060900
20160607162016060901
20160607162016060902
20160607162016060903
20160607162016060904
20160607162016060905
20160607162016060906
20160607162016060907
20160607162016060908
20160607162016060909
20160607162016060910
20160607162016060911
20160607162016060912
20160607162016060913
20160607162016060914
20160607162016060915
20160607162016060916
20160607162016060917
20160607162016060918
20160607162016060919
20160607162016060920
20160607162016060921
20160607162016060922
20160607162016060923
20160607162016061000
20160607162016061001
20160607162016061002
20160607162016061003
20160607162016061004
20160607162016061005
20160607162016061006
20160607162016061007
20160607162016061008
20160607162016061009
20160607162016061010
20160607162016061011
20160607162016061012
20160607162016061013
20160607162016061014
20160607162016061015
20160607162016061016
002 187   001 171   001 183   001 181   001 202   001 187   001 177   371
 169   471 162   671 154   771 147   771 142   871 138   971 134   971 134   971
 133  1071 134  1071 134  1171 135  1171 137  1271 140  1471 145  1571 150  1771
 156  1771 161  1771 165  1771 169  1771 172  1871 172  1871 169  1771 164  1671
 155  1571 145  1471 132  1271 125  1171 120  1171 119  1271 119  1271 120  1271
 119  1171 117  1171 115  1271 114  1371 115  1471 121  1571 130  1771 139  1871
 148  1871 154  1971 158  1971 161  1971 162  2071 163  1971 163  1871 164  1971
 161  1871 155  1771 148  1571 142  1471 140  1471 140  1471 140  1471 141  1471
 141  1371 141  1311 142  1451 144  1551 148  1611 155  1751 163  1851 171  1911
 176  2051 180  2051 182  2111 184  2151 184  2251 184  2211 182  2151
005 196   001 170   001 181   001 188   001 186   001 187   001 180   371
 170   471 160   571 153   871 147   771 142   771 138   871 135   871 133   971
 130   971 131  1071 130   971 131   971 135   871 138  1171 144  1271 153  1471
 162  1671 173  1671 181  1671 186  1771 189  1771 188  1871 184  1871 178  1871
 169  1771 157  1571 145  1271 134  1071 126  1071 122  1071 119  1071 116  1171
 114  1171 114  1271 114  1171 114  1171 118  1071 125  1271 135  1571 146  1671
 156  1871 165  1871 172  1971 179  2071 182  2071 184  2171 183  2071 180  1971
 173  1971 164  1771 154  1571 145  1271 139  1271 134  1271 132  1271 130  1371
 130  1471 130  1571 130  1451 133  1351 140  1211 152  1451 167  1551 182  1711
 194  1851 202  1851 209  1911 214  2051 218  2051 218  2111 215  2151
015 265   001 260   001 261   001 225   001 172   001 168   001 172  1071
 178  1071 182  1071 179  1071 172  1171 166  1171 162  1071 157   971 153   971
 146   971 143   971 141   971 141  1071 143  1071 147  1171 156  1371 165  1471
 174  1571 184  1771 193  1871 201  1871 207  1971 207  1971 201  1871 191  1871
 178  1771 164  1571 153  1471 143  1271 135  1271 129  1171 124  1171 120  1171
 116  1271 114  1271 113  1271 115  1271 121  1271 132  1571 146  1771 161  2071
 172  2071 181  2071 188  2071 193  2071 196  2071 198  2071 197  1971 194  1871
 187  1771 177  1671 164  1371 152  1171 143  1171 137  1271 132  1271 128  1371
 126  1371 125  1471 127  1351 132  1351 140  1211 151  1451 164  1751 178  1911
 191  2051 202  2051 211  2111 218  2251 222  2251 223  2311 219  2251
027 209   001 205   001 220   001 211   001 210   001 211   001 201   371
 186   671 171   671 159   671 149   671 143   871 138  1171 134  1271 129  1271
 126  1371 122  1371 123  1171 127   971 135   771 148  1071 163  1271 177  1571
 186  1571 192  1571 195  1671 196  1671 196  1671 194  1671 189  1571 183  1571
 172  1471 159  1371 145  1271 135  1071 128  1171 124  1171 122  1271 119  1271
 116  1371 114  1371 112  1171 113  1071 120   871 134  1171 151  1571 167  1871
 180  1971 190  1971 196  1971 199  1871 200  1971 198  1911 193  1851 186  1751
 177  1711 168  1551 160  1451 153  1311 148  1351 144  1451 142  1411 140  1551
 139  1551 139  1611 140  1451 145  1251 153  1011 166  1351 181  1551 195  1811
 205  1951 210  1951 211  2011 209  2051 204  2151 196  2111 186  2051
070 241   001 257   001 264   001 225   001 211   001 226   001 227   671
 218   771 205  1071 190  1471 178  1571 174  1671 170  1771 167  1871 163  1871
 160  1971 157  1971 158  1671 160  1371 163  1071 164  1171 168  1371 171  1471
 177  1571 184  1571 189  1771 193  1871 196  1871 198  1971 201  1871 202  1771
 196  1771 184  1671 166  1671 150  1671 139  1771 133  1971 129  1971 122  2071
 117  2171 113  2271 112  1871 115  1571 124  1171 139  1371 158  1671 176  1971
 189  1871 198  1871 206  1871 211  1871 215  1871 217  1871 217  1851 214  1851
 204  1711 187  1651 168  1551 150  1511 139  1751 132  1851 128  2011 124  2151
 121  2251 120  2311 123  1951 129  1551 141  1111 157  1451 175  1651 192  1911
 205  1951 214  1951 221  1911 226  2051 230  2051 231  2111 229  2051
110 214   001 208   001 215   001 219   001 211   001 202   001 193   571
 182   771 167   871 150   871 135   771 126   871 123   971 123  1071 122  1071
 122  1171 121  1171 120  1171 120  1071 127  1071 139  1171 155  1371 174  1571
 189  1571 201  1571 210  1571 214  1571 215  1571 214  1571 211  1471 204  1371
 192  1271 175  1171 158   971 143   871 132   971 126   971 123  1071 121  1071
 119  1171 118  1171 119  1171 123  1171 135  1171 154  1271 177  1471 198  1571
 212  1571 220  1571 225  1471 227  1471 228  1471 227  1471 224  1571 218  1471
 207  1471 193  1271 178  1171 165   971 157  1071 152  1071 150  1171 148  1171
 147  1271 147  1271 148  1251 150  1251 155  1211 162  1351 171  1551 178  1611
 182  1751 184  1751 185  1811 185  1751 184  1751 181  1611 176  1551
120 173   001 185   001 189   001 186   001 199   001 190   001 179   371
 167   571 155   571 144   671 135   771 128   971 120  1071 119  1171 120  1171
 119  1071 120  1071 120   971 121   971 126   871 136  1071 150  1371 163  1571
 177  1571 187  1571 194  1471 194  1371 191  1371 187  1271 183  1271 178  1171
 171  1171 159  1071 146  1171 134  1071 127  1071 122  1171 121  1171 119  1171
 118  1171 117  1171 117  1071 120  1071 128   971 144  1271 162  1571 180  1871
 193  1871 201  1771 207  1771 210  1671 211  1671 209  1571 203  1571 195  1471
 185  1471 176  1371 167  1171 160  1071 155  1071 152  1171 150  1171 148  1171
 147  1271 147  1271 148  1251 150  1151 155  1111 163  1351 173  1651 182  1811
 188  1851 191  1851 191  1811 188  1751 184  1751 177  1611 169  1651
130 213   001 224   001 222   001 229   001 226   001 218   001 213   571
 207   571 197   771 184   971 170   971 156   971 148  1071 140  1071 134  1071
 131  1071 128  1071 127   971 129   971 134   871 145   971 159  1271 173  1371
 188  1471 200  1571 212  1671 218  1671 222  1771 223  1771 221  1671 216  1671
 208  1571 193  1471 179  1171 164  1071 151  1071 141  1171 133  1171 129  1171
 128  1171 127  1171 126  1171 128  1071 136  1071 152  1371 172  1571 192  1971
 208  1971 220  1771 229  1771 236  1971 241  1871 243  1971 243  1971 239  1871
 231  1771 219  1671 204  1371 190  1271 178  1271 171  1271 165  1271 161  1371
 159  1371 158  1471 158  1471 160  1351 167  1311 179  1551 193  1751 207  1911
 217  1951 223  1851 226  1811 226  1951 223  2051 216  2111 206  2051
145 227   001 244   001 246   001 247   001 248   001 232   001 224   471
 217   671 208   971 194  1071 179  1071 169  1071 162   971 155   971 148   971
 141   871 138   871 138   871 141   971 145   971 149  1171 154  1271 161  1471
 170  1471 177  1571 183  1571 187  1571 189  1671 190  1771 191  1671 190  1671
 186  1571 179  1571 169  1371 158  1271 151  1171 145  1171 140  1071 133  1071
 126   971 121   971 120   971 122   971 129   971 140  1271 152  1471 166  1771
 177  1671 187  1671 194  1571 199  1771 203  1971 206  2171 208  2051 208  1951
 204  1811 196  1651 184  1551 173  1311 164  1251 156  1251 150  1111 145  1151
 142  1251 140  1211 141  1151 144  1051 151   911 161  1251 174  1451 185  1711
 194  1751 201  1651 207  1611 213  1851 218  2051 221  2211 221  2151
149 258   001 261   001 272   001 264   001 267   001 269   001 261   371
 247   571 232   771 215   971 201  1471 192  1171 185  1071 176  1071 167  1071
 159  1171 151  1171 150  1071 152   871 156   771 161   971 166  1271 174  1371
 181  1471 186  1471 189  1571 190  1671 190  1771 191  1771 194  1671 196  1671
 195  1571 188  1471 177  1471 167  1471 159  1371 154  1371 148  1271 141  1271
 134  1271 129  1271 127  1151 129  1071 136   971 147  1271 161  1471 174  1671
 186  1771 194  1671 201  1671 205  1871 208  2071 211  2271 213  2171 214  1971
 210  1871 201  1771 188  1571 177  1471 168  1471 160  1371 154  1371 148  1471
 143  1471 140  1571 141  1351 146  1151 154   911 166  1251 179  1551 192  1811
 203  1851 211  1851 218  1811 223  1951 226  2151 227  2211 226  2151
156 257   001 265   001 257   001 268   001 259   001 260   001 254   371
 243   471 230   571 216   771 203   971 193  1071 185  1071 178  1071 170   971
 161   871 154   771 153   771 154   771 156   771 160  1071 165  1371 171  1571
 179  1671 187  1671 193  1771 196  1871 198  1871 199  1971 200  1871 200  1771
 199  1671 193  1571 185  1471 176  1371 167  1371 159  1371 151  1371 145  1171
 140  1071 136   871 132   871 132   871 136   871 147  1271 162  1571 176  1971
 188  1871 197  1771 203  1771 208  2071 211  2271 214  2471 216  2351 217  2151
 214  2011 207  1851 197  1551 187  1311 178  1351 171  1351 165  1311 160  1151
 157  1051 154   811 152   851 153   851 158   811 169  1251 183  1651 196  2011
 206  2051 214  1951 220  1911 225  2151 228  2351 230  2511 230  2351
168 253   001 255   001 263   001 264   001 269   001 268   001 256   571
 238   971 219  1671 202  1571 187  1671 179  1771 174  1871 173  1971 169  1971
 166  2071 164  2071 165  1771 167  1471 170  1171 173  1271 174  1371 177  1471
 179  1671 182  1771 185  1871 187  1871 189  2071 192  1971 194  1971 194  2071
 189  2071 181  1971 167  1871 153  1671 147  1771 143  1971 140  2071 136  2171
 133  2271 131  2371 131  1971 133  1571 140  1171 152  1371 163  1571 177  1771
 187  1771 196  1871 202  1871 208  1971 212  1971 216  2071 218  2071 215  2071
 206  1971 189  1871 169  1771 152  1571 142  1771 138  1871 135  2071 131  2171
 127  2271 125  2371 127  1951 134  1551 145  1111 160  1451 176  1651 191  1911
 203  2051 211  2051 218  2111 223  2151 228  2251 230  2211 230  2251
180 258   001 267   001 220   001 208   001 204   001 203   001 207   671
 209  1071 204  1371 193  1671 183  1771 175  1371 171  1171 167  1071 162  1171
 162  1271 160  1371 161  1271 164  1171 170  1071 177  1171 185  1271 192  1371
 197  1371 199  1271 201  1271 203  1371 204  1371 204  1471 202  1471 197  1571
 191  1671 181  1771 173  1671 166  1571 160  1471 155  1271 150  1171 146  1271
 142  1471 139  1571 138  1371 140  1271 147  1071 160  1271 175  1471 190  1671
 202  1571 210  1471 215  1471 219  1471 221  1471 222  1471 220  1471 215  1471
 204  1471 187  1471 168  1471 151  1571 140  1471 132  1371 127  1271 123  1471
 120  1571 120  1771 124  1551 131  1351 143  1111 159  1351 176  1651 192  1811
 205  1851 214  1851 221  1811 227  1851 230  1851 231  1811 228  1851
190 269   001 280   001 276   001 283   001 275   001 183   001 150   671
 153  1171 169  1171 182  1571 184  1371 181  1171 175  1071 171  1071 166  1171
 163  1271 164  1371 168  1271 174  1271 182  1171 189  1371 197  1371 205  1571
 212  1571 218  1771 222  1671 223  1971 220  2071 215  2271 208  2271 201  2171
 192  2271 185  1971 180  1471 173  1171 170  1171 167  1171 162  1171 160  1271
 157  1271 154  1371 152  1371 153  1271 160  1271 169  1371 182  1471 197  1671
 209  1571 221  1471 228  1571 233  1671 234  1871 233  1971 228  1971 220  1871
 209  1771 197  1571 183  1371 170  1071 160  1071 151  1071 143  1071 137  1171
 133  1371 132  1471 136  1351 145  1351 156  1211 170  1451 184  1551 198  1711
 210  1851 221  2051 229  2111 235  2251 239  2251 238  2311 233  2351
222 239   001 247   001 254   001 244   001 243   001 235   001 224   771
 212   971 200   971 188   971 178  1071 171  1171 167  1271 162  1371 153  1471
 149  1471 143  1571 141  1371 143  1271 151  1071 166  1171 184  1171 202  1371
 216  1471 226  1771 233  1871 238  1871 240  1871 240  1871 237  1571 231  1571
 221  1471 207  1371 191  1371 179  1271 171  1371 166  1371 162  1471 157  1471
 151  1471 146  1471 143  1351 145  1171 154  1071 172  1271 193  1271 214  1471
 227  1571 235  1671 239  1771 244  1871 248  1771 249  1871 247  1871 240  1671
 231  1571 217  1471 204  1371 192  1271 186  1371 182  1371 178  1471 174  1471
 169  1571 165  1571 164  1451 166  1251 174  1111 187  1351 201  1551 215  1711
 224  1851 230  1851 232  1911 232  2051 229  2051 223  2111 212  1951
240 236   001 251   001 254   001 252   001 261   001 258   001 247   971
 233  1071 219  1071 203  1171 189  1171 178  1171 167  1071 161  1071 157  1071
 152  1171 148  1171 147  1071 148   871 154   771 164   971 178  1071 191  1371
 203  1471 212  1671 218  1871 221  1871 223  1771 223  1771 222  1571 220  1371
 213  1371 202  1271 188  1271 174  1171 165  1171 158  1171 154  1171 150  1171
 147  1271 144  1271 141  1171 142  1071 148   971 162  1271 179  1671 196  1971
 208  1971 215  2171 221  2071 226  2071 230  2071 233  1971 234  1771 232  1671
 225  1571 212  1471 196  1271 183  1171 173  1171 166  1171 162  1171 158  1171
 155  1271 152  1271 150  1171 151  1051 157   911 170  1351 186  1651 201  2011
 213  2151 221  2251 226  2311 229  2251 229  2251 227  2111 222  1951
255 246   001 258   001 257   001 241   001 256   001 248   001 239   571
 229   871 216  1171 202  1171 190  1371 181  1171 173  1171 169  1171 163  1171
 159  1071 156  1071 154   971 156   971 160   871 167  1071 175  1271 185  1471
 195  1671 201  1771 207  1971 210  1871 212  1871 211  1771 209  1871 205  1871
 199  1971 189  1771 179  1471 170  1371 162  1271 156  1271 152  1271 148  1271
 144  1271 141  1271 139  1171 139   971 145   871 157  1271 173  1571 188  1971
 199  1971 205  1971 210  2071 214  1971 217  1871 219  1771 220  1771 219  1971
 213  1971 202  1771 188  1571 175  1371 164  1371 156  1271 149  1271 144  1271
 139  1371 136  1371 134  1271 136  1151 143  1011 156  1351 173  1551 190  1811
 204  1951 213  2151 220  2211 224  2251 224  2251 223  2211 220  2251
260 250   001 261   001 267   001 270   001 236   001 225   001 224   871
 222  1071 213  1271 196  1371 178  1671 167  1771 164  1971 158  1971 153  1971
 151  2071 152  2071 157  1671 163  1371 170   971 177  1171 182  1271 189  1571
 197  1671 206  1771 212  1871 214  1971 212  1871 210  1971 208  1871 204  1571
 197  1471 184  1671 169  1871 156  2071 148  1971 143  1971 139  1971 136  2071
 134  2171 133  2271 135  1871 140  1571 149  1171 163  1471 177  1871 190  2071
 203  2071 211  1971 217  1871 220  1871 222  1971 223  1971 224  1871 221  1871
 212  1871 194  1971 172  1971 153  2071 142  2171 135  2171 132  2271 129  2371
 126  2571 125  2671 127  2151 133  1751 144  1211 159  1451 177  1751 194  1911
 207  2051 217  2051 224  2111 228  2251 229  2251 228  2311 225  2251
280 212   001 197   001 209   001 221   001 250   001 235   001 225   571
 217   671 206  1371 193  1471 180  1371 170  1371 164  1271 161  1271 160  1271
 160  1371 159  1371 163  1271 168  1171 174  1071 181  1271 189  1471 196  1571
 201  1671 205  1871 206  1971 205  2171 202  2171 199  2271 197  2171 194  1971
 189  1871 180  1771 170  1571 162  1371 158  1371 157  1371 156  1371 153  1471
 149  1471 146  1571 147  1471 151  1271 159  1171 170  1371 183  1371 196  1571
 208  1571 218  1571 225  1571 229  1571 230  1771 229  1871 227  1871 222  1771
 212  1671 197  1571 179  1471 163  1371 153  1371 148  1371 143  1371 137  1471
 132  1571 130  1671 132  1451 139  1351 150  1111 165  1351 181  1451 197  1611
 210  1751 219  1851 226  1911 231  2151 233  2251 233  2411 230  2351
299 240   001 214   001 204   001 215   001 224   001 224   001 222   971
 217  1471 207  1671 195  1271 182  1071 173  1071 167  1171 166  1271 164  1271
 160  1371 158  1371 159  1271 163  1171 169  1071 176  1071 185  1271 193  1271
 199  1371 204  1471 205  1671 202  1871 198  1971 194  2371 192  2371 191  2171
 190  2071 184  1771 175  1471 169  1171 165  1271 165  1371 166  1371 163  1471
 160  1471 156  1571 153  1371 153  1271 157  1071 167  1171 181  1371 193  1471
 203  1371 211  1471 217  1471 222  1571 225  1771 226  1771 225  1771 220  1771
 211  1771 195  1471 178  1171 162   871 151   971 142  1171 136  1271 130  1471
 126  1571 125  1771 128  1551 135  1351 147  1111 163  1351 180  1451 196  1611
 209  1751 218  1751 225  1811 231  2051 234  2151 235  2311 232  2251
434 222   001 206   001 226   001 237   001 242   001 233   001 221   371
 209   871 198   971 188   871 178   771 171   871 166   771 162   771 158   771
 154   871 149   871 147   871 148   871 154   871 166   971 181  1171 195  1271
 205  1371 213  1271 217  1371 220  1571 222  1671 222  1771 221  1771 217  1771
 210  1771 201  1571 188  1371 178   971 170   971 164   971 157   971 153   971
 151  1071 148  1071 145  1071 145  1071 150  1071 162  1271 178  1471 193  1671
 203  1871 210  1871 215  1971 220  2171 224  2371 226  2571 226  2371 223  2271
 216  2071 204  1771 192  1671 180  1271 173  1271 169  1171 166  1171 163  1171
 159  1171 155  1171 151  1171 149  1151 153  1111 164  1251 180  1451 196  1511
 209  1751 217  1851 220  2011 218  2151 213  2351 207  2411 201  2351
460 182   001 198   001 206   001 225   001 222   001 231   001 227   571
 217   571 204  1071 190  1171 178  1271 169  1471 165  1571 161  1671 158  1671
 156  1671 155  1671 156  1471 160  1271 166  1071 177  1171 187  1271 199  1371
 209  1471 218  1671 222  1771 222  1771 219  1571 216  1471 214  1571 211  1471
 204  1571 192  1471 178  1571 167  1471 160  1571 155  1671 153  1771 150  1771
 147  1871 145  1871 145  1671 148  1371 155  1171 168  1271 181  1271 195  1371
 204  1571 212  1671 216  1771 219  1771 222  1771 223  1771 222  1771 219  1671
 211  1671 198  1571 183  1471 170  1471 161  1571 153  1571 148  1671 143  1771
 138  1971 136  2071 137  1751 141  1551 151  1211 166  1351 184  1451 202  1511
 216  1751 227  2051 234  2211 238  2251 238  2351 236  2311 231  2251
481 256   001 263   001 263   001 256   001 271   001 268   001 255   571
 240   771 226  1171 215  1271 205  1471 197  1471 186  1171 179  1171 175  1171
 171  1071 170  1071 171  1071 174   971 177   971 181  1071 186  1371 194  1471
 202  1571 210  1571 217  1671 219  1771 219  1671 216  1771 212  1671 205  1571
 200  1571 192  1571 184  1471 179  1371 175  1271 170  1271 168  1071 165  1071
 162  1071 160  1071 160  1071 162  1071 168  1071 176  1271 186  1371 195  1571
 204  1571 211  1571 217  1671 224  1671 230  1771 233  1871 232  1771 227  1771
 219  1571 209  1471 197  1271 186  1071 177  1171 170  1171 163  1171 156  1171
 150  1271 146  1271 146  1151 151  1151 159  1011 171  1251 185  1451 200  1611
 213  1651 225  1751 235  1711 243  1851 248  2051 250  2111 248  2151
497 245   001 253   001 254   001 225   001 235   001 211   001 198   371
 191   571 184   771 175   771 164  1071 156  1471 146  1771 138  1971 133  2071
 130  2071 129  2171 132  2171 137  2271 146  2271 159  2171 174  1971 189  1771
 201  1971 209  2071 215  2271 217  2271 216  2271 210  2071 200  1971 189  1871
 176  1771 166  1671 157  1671 151  1571 146  1671 141  1771 138  1771 136  1771
 134  1871 132  1871 131  1871 133  1971 140  1971 155  2071 172  1971 188  1971
 199  1971 205  2171 210  2171 215  2171 218  2171 219  2271 214  1971 206  1871
 194  1671 180  1571 166  1571 152  1471 142  1671 132  1771 126  1971 121  1971
 116  2071 114  2071 115  2051 120  2151 131  2111 150  2051 173  1951 195  1811
 214  1951 228  1951 237  2011 242  2151 242  2251 237  2311 227  2151
510 243   001 249   001 259   001 261   001 254   001 244   001 239   971
 235  1171 227  1071 214   971 200   771 190   871 183   971 176  1071 169  1071
 165  1171 162  1171 162  1071 167   971 177   871 193  1071 211  1171 229  1371
 244  1471 255  1671 263  1771 268  1771 272  1871 273  1871 273  1871 269  1771
 260  1771 247  1471 230  1271 213   971 201  1071 193  1171 186  1271 181  1271
 175  1371 171  1371 169  1271 169  1071 176   971 189  1171 206  1371 224  1571
 237  1671 246  1771 253  1771 259  1871 263  1771 265  1871 265  1771 261  1771
 254  1671 242  1571 228  1271 215  1071 206  1171 199  1271 193  1371 187  1471
 181  1471 177  1571 176  1371 178  1251 184  1011 192  1251 202  1351 213  1511
 223  1651 231  1851 236  1911 237  1951 234  2051 228  2011 219  1951
579 271   001 276   001 266   001 271   001 276   001 288   001 280   371
 263   471 245   671 232   671 221   771 210  1071 202  1171 196  1271 190  1471
 185  1671 185  1871 190  1771 200  1571 214  1471 227  1371 241  1371 255  1271
 267  1371 276  1371 282  1471 285  1371 284  1371 279  1171 271  1171 262  1271
 251  1371 240  1371 229  1271 219  1171 210  1271 201  1271 193  1371 185  1571
 180  1871 178  2071 180  1871 188  1771 200  1571 215  1571 233  1471 249  1471
 260  1471 267  1571 272  1571 276  1571 278  1471 276  1471 270  1471 261  1371
 250  1471 241  1371 233  1371 225  1271 216  1371 206  1371 196  1471 184  1671
 175  1971 170  2171 170  1951 177  1851 189  1611 207  1551 227  1451 246  1311
 260  1351 270  1251 277  1211 282  1251 285  1351 282  1311 273  1451
588 256   001 258   001 204   001 205   001 180   001 179   001 189   471
 200   471 202   471 194   671 182   771 169  1071 162  1371 152  1471 144  1571
 138  1671 138  1771 143  1671 153  1471 168  1371 187  1371 207  1471 223  1471
 234  1471 241  1571 245  1571 248  1471 249  1271 248  1171 244  1271 237  1271
 226  1371 213  1271 199  1271 184  1171 172  1271 162  1471 152  1571 143  1671
 137  1771 135  1871 137  1771 144  1671 158  1571 177  1571 199  1671 219  1671
 232  1671 241  1571 247  1571 252  1571 254  1551 253  1511 247  1551 237  1651
 224  1611 210  1451 197  1351 185  1111 175  1251 167  1451 159  1511 150  1651
 143  1751 139  1811 141  1751 149  1651 163  1511 182  1651 202  1751 220  1811
 233  1851 241  1751 247  1711 253  1751 257  1651 257  1611 253  1651
621 213   001 225   001 232   001 236   001 236   001 241   001 237   271
 227   471 214   771 199   871 187  1171 177  1371 168  1371 161  1371 156  1371
 152  1471 150  1471 150  1371 154  1171 165  1071 184  1171 205  1371 226  1571
 239  1671 248  1771 254  1871 260  1771 265  1571 268  1471 267  1571 261  1571
 248  1771 230  1571 210  1471 195  1371 184  1371 179  1471 175  1471 169  1471
 164  1571 160  1571 158  1471 160  1271 169  1171 186  1371 207  1471 225  1771
 238  1771 244  1771 250  1771 254  1671 258  1671 260  1671 259  1771 255  1771
 244  1871 227  1671 207  1571 190  1471 180  1571 176  1571 172  1571 167  1571
 162  1571 159  1571 160  1471 164  1251 172  1111 182  1451 192  1651 200  1911
 205  1951 208  1951 209  1911 209  1951 206  1951 201  1911 192  2051
630 195   001 209   001 213   001 216   001 228   001 233   001 237   471
 235   971 228  1171 216  1171 205  1171 196  1071 187  1071 178   971 172   971
 165  1071 161  1071 160  1071 164   971 174   971 191  1071 212  1171 229  1271
 241  1371 250  1471 257  1471 266  1471 274  1571 278  1471 277  1471 270  1371
 259  1371 247  1371 232  1171 219  1071 205  1071 195  1071 186  1071 181  1171
 175  1271 171  1371 168  1271 169  1171 177  1071 192  1171 212  1371 229  1471
 240  1571 246  1571 252  1671 260  1771 270  1871 276  1971 277  1871 273  1771
 264  1571 251  1471 236  1271 222  1171 210  1171 200  1271 190  1271 183  1371
 177  1371 174  1471 173  1371 175  1151 182  1011 194  1151 209  1251 223  1311
 235  1551 243  1851 247  2011 247  2051 242  2151 235  2111 226  1951
643 256   001 257   001 264   001 283   001 276   001 259   001 247   671
 237   971 228  1171 218   871 210   871 204   871 201  1071 197  1171 192  1171
 188  1271 185  1271 185  1171 191  1171 202  1071 221  1071 243  1071 260  1071
 268  1171 270  1471 271  1571 272  1571 273  1371 272  1371 268  1471 261  1671
 250  1771 239  1471 227  1171 217   871 208   971 202  1071 197  1171 189  1271
 183  1271 179  1371 178  1371 184  1271 198  1271 220  1271 245  1371 266  1371
 279  1471 284  1471 286  1571 289  1571 290  1571 290  1671 287  1671 280  1771
 271  1871 259  1571 246  1271 233  1071 223  1171 214  1171 207  1271 200  1371
 193  1371 190  1471 189  1351 193  1351 203  1211 219  1251 237  1251 251  1211
 256  1351 254  1351 251  1411 249  1651 248  1751 244  1911 237  2051
645 293   001 284   001 267   001 298   001 269   001 295   001 294   471
 276   971 254  1071 232   971 216   871 206  1071 205  1171 202  1171 196  1271
 188  1271 184  1371 187  1271 197  1171 212  1071 229  1071 247   971 261  1071
 273  1271 282  1571 289  1771 295  1571 298  1371 296  1171 287  1271 273  1471
 256  1571 241  1571 226  1371 214  1171 204  1171 195  1271 188  1271 181  1371
 176  1471 175  1571 179  1471 189  1271 203  1171 222  1071 241  1071 258   971
 271  1171 280  1371 288  1571 294  1471 298  1571 298  1571 292  1571 280  1571
 266  1571 249  1471 232  1371 219  1271 210  1271 204  1271 199  1271 191  1371
 185  1571 181  1671 183  1551 190  1351 203  1211 220  1151 239  1051 255   911
 265  1151 271  1251 275  1411 278  1551 279  1551 276  1611 268  1751
650 272   001 277   001 290   001 265   001 246   001 256   001 253   371
 243   571 230   671 219   671 211   771 207   971 204  1171 201  1271 197  1271
 194  1271 193  1271 196  1071 204   971 216   771 232   871 248  1071 262  1171
 273  1271 279  1271 284  1371 288  1371 289  1371 287  1371 280  1271 270  1171
 258  1071 248  1171 238  1071 229  1071 222  1171 215  1171 208  1271 200  1371
 194  1371 191  1471 192  1271 197   971 206   771 219   971 233  1171 247  1371
 259  1371 268  1371 275  1371 280  1271 283  1371 282  1271 278  1171 270  1171
 260  1171 248  1071 236  1071 226   971 217  1171 210  1271 204  1371 197  1471
 192  1471 190  1571 193  1251 200  1051 212   711 226   951 241  1251 254  1411
 263  1351 267  1351 270  1211 271  1251 270  1351 265  1311 256  1351
675 281   001 291   001 274   001 247   001 217   001 203   001 206   371
 214   671 217   771 211   971 200  1071 193  1371 188  1571 181  1771 172  1971
 165  2171 162  2371 166  2171 176  1971 192  1771 214  1571 238  1471 257  1271
 268  1571 272  1571 271  1771 265  1871 257  2071 250  2171 245  1971 243  1671
 237  1471 228  1471 217  1571 205  1571 196  1671 187  1771 179  1871 173  2071
 168  2171 164  2371 163  2171 166  1971 177  1771 195  1671 218  1671 240  1571
 255  1671 264  1671 268  1771 266  1971 261  2271 255  2471 249  2171 242  1971
 233  1671 221  1671 208  1571 196  1571 185  1671 176  1871 168  1971 160  2171
 154  2271 153  2471 159  2251 172  2151 189  1911 209  1851 230  1751 248  1611
 261  1651 268  1651 271  1611 270  1851 267  2151 261  2311 254  2151
690 225   001 227   001 221   001 220   001 218   001 221   001 219   471
 215   471 211   671 208   671 207   771 204   871 199   871 195   971 190  1071
 187  1071 186  1171 191  1071 199  1071 207   971 215  1271 219  1371 224  1671
 224  1671 224  1771 223  1671 222  1471 220  1571 219  1471 218  1371 216  1271
 214  1271 212  1171 209  1071 207   871 203   971 199   971 195  1071 190  1171
 186  1171 185  1271 188  1171 194  1171 201  1071 208  1271 214  1471 217  1671
 219  1671 219  1771 218  1971 217  1671 217  1671 217  1571 218  1371 218  1371
 217  1271 213  1171 208  1171 203  1071 198  1071 195  1071 191  1171 188  1171
 185  1271 185  1271 188  1151 194  1151 201  1011 209  1251 215  1351 220  1511
 221  1651 221  1651 220  1711 220  1651 221  1551 222  1411 221  1451
747 287   001 296   001 301   001 298   001 277   001 285   001 281   571
 270  1071 258  1071 245  1071 235   971 228  1171 223  1271 217  1271 210  1371
 204  1471 200  1571 200  1371 205  1271 214  1071 229  1171 245  1271 260  1371
 273  1371 280  1471 283  1471 282  1571 278  1671 274  1871 272  1671 271  1571
 265  1371 257  1271 247  1171 236  1071 230  1171 227  1371 223  1471 218  1571
 213  1571 211  1671 211  1471 214  1371 222  1171 236  1271 251  1271 265  1471
 277  1471 284  1371 287  1371 286  1671 283  1971 279  2271 276  1871 274  1671
 268  1371 258  1271 247  1171 237  1071 229  1271 223  1371 218  1571 213  1671
 208  1671 205  1771 205  1551 209  1451 216  1211 227  1251 240  1351 251  1311
 259  1351 263  1351 262  1311 257  1651 250  2051 242  2311 236  2051
NT  TEDF  78  35 1
20160607162016060711
20160607162016060712
20160607162016060713
20160607162016060714
20160607162016060715
20160607162016060716
20160607162016060717
20160607162016060718
20160607162016060719
20160607162016060720
20160607162016060721
20160607162016060722
20160607162016060723
20160607162016060800
20160607162016060801
20160607162016060802
20160607162016060803
20160607162016060804
20160607162016060805
20160607162016060806
20160607162016060807
20160607162016060808
20160607162016060809
20160607162016060810
20160607162016060811
20160607162016060812
20160607162016060813
20160607162016060814
20160607162016060815
20160607162016060816
20160607162016060817
20160607162016060818
20160607162016060819
20160607162016060820
20160607162016060821
20160607162016060822
20160607162016060823
20160607162016060900
20160607162016060901
20160607162016060902
20160607162016060903
20160607162016060904
20160607162016060905
20160607162016060906
20160607162016060907
20160607162016060908
20160607162016060909
20160607162016060910
20160607162016060911
20160607162016060912
20160607162016060913
20160607162016060914
20160607162016060915
20160607162016060916
20160607162016060917
20160607162016060918
20160607162016060919
20160607162016060920
20160607162016060921
20160607162016060922
20160607162016060923
20160607162016061000
20160607162016061001
20160607162016061002
20160607162016061003
20160607162016061004
20160607162016061005
20160607162016061006
20160607162016061007
20160607162016061008
20160607162016061009
20160607162016061010
20160607162016061011
20160607162016061012
20160607162016061013
20160607162016061014
20160607162016061015
20160607162016061016
002500170017001600150017001717172717271727172717271735173117351735173117351
73516311535133511311135123512311235123513311335143515311535153515311535163516311
63515351531153516351631153514351331123512351231123512351231133515351631163515351
43113351235123113351335143114351435143114351435143115351535153115351535163116351
005600150016001500150017001717171717271727172717371735173117351735173117351
73517311635163515311435133512311135123512311335133513311335133513311335143515311
53516351631163516351631153514351431133512351231123513351331143514351531153515351
43114351435143114351435143114351535153115351535143114351435143115351535153115351
015100160017001800180018001817172717271727173717371735173117351735173117351
83517311535143513311335143515311435133512311135113512311335143515311535163516311
53515351531153516351631153513351231123512351231123512351231133514351531153514351
43114351435143114351335133113351235123112351235123113351335143114351435143114351
027400170013001300120012001217121712271227122713271335133114351535153116351
63516311535163516311635173517311635143513311235123512311235123511311135123512311
23511351231133514351531143513351231123513351331133513351331133514351431143514351
43114351435143114351435143114351435153115351435143114351435143115351635163116351
070100120012001600170018001817182717271727162716271635163117351735173117351
73517311735173517311735173517311735173516311635153514311435133513311335133513311
33513351331143515351531153514351331133512351231123512351231123512351231123513351
43114351435143114351435143114351435143115351535153114351435143115351635163116351
110500140012001300120011001217122713271427142715271535153115351535153115351
53515311435133512311235123512311235123512311135113511311135113511311135113512311
23513351331133513351331143514351531143513351231123513351431153516351631163516351
53115351535163116351635163116351635163117351735173116351635163116351635173117351
120600170017001700160016001517141714271327132714271435143115351635163116351
63515311535153515311535153515311435143513311335133513311335143514311535153515311
43514351331133513351331133514351431143514351431143514351431143514351531143514351
43115351535153115351435143115351535163116351535153115351535153115351635163117351
130500150016001600170017001617152714271327132713371335143114351535163116351
63515311535143514311435143514311435133513311235123513311335133513311335133513311
23512351231133513351431143513351331133514351431143514351431143514351431143514351
43115351535153116351635163116351535153115351535153115351535143115351535163116351
145400140015001300110014001417142714271527152715271535153115351535163116351
63516311635163516311635173517311735173517311735173517311635153514311335123512311
23512351331143514351431143514351431133513351331133513351331133514351431143514351
43114351435143114351435153115351535153115351535143114351435153115351635163115351
149500160016001400120012001217132713271427142715271535153115351635163116351
73516311635163516311635173517311735173516311735173517311735163515311435133512311
23513351431143515351531143514351331133513351231123512351331133514351431143514351
43114351435143114351435153115351535153115351535153114351535153115351535153115351
156500160016001500110013001317132714271427152715271535153115351635163116351
73516311635163516311635173517311735173517311735173517311635163515311335123512311
23513351431153515351431143514351331133513351231123512351331133513351431143514351
43114351435153115351435153115351535163115351535153115351535153115351535163115351
168200130012001100130012001317132714271427142715271535163116351635163116351
73517311735173517311735173517311735173517311735173516311635163516311535153515311
43514351431143515351531143513351231123512351231123512351231123512351231123512351
33113351335143114351435153115351435143114351535153114351435143115351635163116351
180300160017001800180018001727162716271527142714371435153116351635173117351
73517311735173517311735173517311735173517311735173517311635163516311635163516311
63515351431133512351231113511351231123513351331133513351331123512351231133513351
43114351435143114351435143114351435143114351435143114351535153115351535163116351
190000120016001600160018001617152714271427142714371435143115351535163116351
73517311735173517311735163516311635173517311635163515311535163516311635163516311
63516351631153514351331133512351231123512351231123512351231123512351231123512351
23112351235123112351235133113351335133113351435143114351435143114351535153115351
222000140014001700160015001517141713271327122711271135113112351235123113351
33514311435153515311535143514311335133512311235113511311135113511311135113511311
13511351231123513351431143514351431133512351231123513351331133513351331133514351
43114351435143114351535153116351635163116351535143114351535153115351535153115351
240400160016001600150016001517152714271327122712271235113111351135123113351
43515311535153515311435143513311435143514311435133512311235123512311335133514311
33512351231113511351231123512351231133514351431143514351431143514351431143513351
33113351335143114351435143114351435143114351435143114351435143114351335133114351
255400160017001600160016001617162715271527152714371435133113351435143115351
63516311635153515311535153515311535153514311435133513311335143515311635163516311
63516351631163515351531143514351431133513351331143514351431143514351431143513351
33113351335143114351335143114351535163115351535143113351335133114351535153115351
260600140014001600170017001617152715271527152715371535153115351635163116351
53515311535153516311635163516311635163516311535143514311435153516311635163516311
63516351731173516351631153515351531143514351331133513351331133514351431143513351
23112351235133113351435143114351435143114351535153115351535143115351535153115351
280800180017001700140015001417142713271327132713371435143115351535163116351
73517311735173516311635163516311635163516311535153514311535153516311635173517311
63516351631163516351531153514351331123512351231133513351331133513351231123512351
33113351435143114351435143114351435143114351535153114351435143114351535153115351
299800180018001800180018001717162715271427142714371535153116351635163116351
63517311635163516311635163517311735173517311735173517311735173517311735173517311
73517351731173517351731173516351531143514351431143514351431133512351231113512351
23113351335133113351335133114351435143114351435133113351435143114351435143114351
434600150014001400150017001617162715271527142713271335123112351335133114351
43514311435133513311335143514311535153514311335123511311135113511311235133514311
43514351431143514351531143514351431143514351531153515351431143514351431133513351
23112351235133113351435143114351435143114351435143114351435143115351535163116351
460700170017001700170015001517151715271427142714271435143114351535153115351
53516311635163516311635153514311535153515311435133513311335133514311435153515311
53515351531153516351731173517351731173517351731173516351631153514351431133513351
33113351435143113351335143114351435153114351435133113351335133114351635173117351
481100120016001700160013001327132713271327133713271435153115351535153116351
63517311635153515311435153515311635163516311535153514311435143515311535153515311
53515351531163516351631163516351631153515351431143514351431143513351331123512351
23113351335143114351435143113351335133113351335133113351335133114351435143115351
497700170017001800180018001717172716271527142714371335133113351435143115351
53515311535153515311535163516311635163516311635163516311635163516311635153515311
53515351531153516351631163516351631153515351531153515351531143513351231123513351
43114351435143114351335133113351335133113351235123112351335143114351535153115351
510500140014001500150016001527152714271427143713371235113111351135113112351
33513311335123511311135113512311235123512311235123512311135113511311135113511311
13511351131123512351331133513351331133514351431153514351431143514351431143514351
43114351435143114351435143115351635163116351735173117351735173116351635163116351
579000150017001700140013001327132713271327132714271435153114351435133113351
33513311235113511311235133514311535153515311435143513311335123511311135113511311
13511351231123512351231123512351231123512351331133513351331133512351231123512351
33113351335133113351335133114351435143114351435143114351535153115351535153115351
588500170018001800180018001717152714271327132713371335143114351435143115351
53514311335123511311235133514311535163516311535143513311235113511311135113511311
13511351131113511351131113511351131123513351431143514351431133513351231123512351
23113351435153114351335123112351335133114351435143115351435143115351535153114351
621600140015001500140013001317142714271427142713271335133112351135113112351
33514311335123511311135123513311335133513311235123512311235123512311235123512311
23512351231123512351231133513351331143514351431153515351431143514351331133513351
33112351235123112351235133114351535163116351735173117351735173117351735173117351
630800180017001700160013001317132713271327132714271435143113351235113111351
13512311235113511311135123512311235123511311135113511311135113511311135123512311
23511351131113511351231123512351231123512351231123513351431143514351331133512351
23112351235123112351235123112351335133114351535153116351635163116351735173117351
643100120013001400140015001517142714271427142714371435143113351335133112351
23511311135113511311135113512311335143514311535153514311335123511311135113511311
13511351131113511351131113512351231113511351131123513351431143514351331133513351
33113351235113111351235123112351235133114351535153115351535153115351635163116351
645100150016001500150014001417132713271227122713271435143114351335133113351
23512311235113511311235133514311435153515311635163516311435123511311135113511311
13511351131113511351131123512351231123511351231123513351331143514351431143514351
33113351335123112351135123112351335143115351535163116351635163116351635163116351
650000100011001600170015001517152714271427142713371435143114351435143113351
33512311235113511311135113512311235123513311335143514311335123512311135113511311
13511351131113511351131113511351131113511351231123512351231133513351331133513351
43114351435143114351435143114351435143114351435143115351535153115351535143114351
675100120014001700180018001817172716271527142713371335143114351535153114351
33513311335133513311335133513311335143515311535153514311435143514311435133513311
33513351331133513351331133513351431143514351431143514351431143514351431143514351
43115351535143114351435143114351435143114351435143114351435153115351535153114351
690200140018001800170018001617152714271327122712371335143114351435153115351
53515311535153515311535153515311535153515311535153515311535153515311535153514311
43514351431143513351331143515351531153515351531153515351531153514351431143514351
43114351435143114351335133114351435153115351535163116351635163116351635163115351
747000100011001300140014001417131713271327132713271335143114351435133113351
23512311135113512311235123512311235123512311235123511311135113511311135113511311
13511351131113511351131113511351131113511351131123512351331133513351431143514351
43113351335123112351335133113351335143114351535153115351435143114351535153116351
