20161222141431
T2M TEDF  78  35 1
20161222142016122209
20161222142016122210
20161222142016122211
20161222142016122212
20161222142016122213
20161222142016122214
20161222142016122215
20161222142016122216
20161222142016122217
20161222142016122218
20161222142016122219
20161222142016122220
20161222142016122221
20161222142016122222
20161222142016122223
20161222142016122300
20161222142016122301
20161222142016122302
20161222142016122303
20161222142016122304
20161222142016122305
20161222142016122306
20161222142016122307
20161222142016122308
20161222142016122309
20161222142016122310
20161222142016122311
20161222142016122312
20161222142016122313
20161222142016122314
20161222142016122315
20161222142016122316
20161222142016122317
20161222142016122318
20161222142016122319
20161222142016122320
20161222142016122321
20161222142016122322
20161222142016122323
20161222142016122400
20161222142016122401
20161222142016122402
20161222142016122403
20161222142016122404
20161222142016122405
20161222142016122406
20161222142016122407
20161222142016122408
20161222142016122409
20161222142016122410
20161222142016122411
20161222142016122412
20161222142016122413
20161222142016122414
20161222142016122415
20161222142016122416
20161222142016122417
20161222142016122418
20161222142016122419
20161222142016122420
20161222142016122421
20161222142016122422
20161222142016122423
20161222142016122500
20161222142016122501
20161222142016122502
20161222142016122503
20161222142016122504
20161222142016122505
20161222142016122506
20161222142016122507
20161222142016122508
20161222142016122509
20161222142016122510
20161222142016122511
20161222142016122512
20161222142016122513
20161222142016122514
002  75   001  77   001  80   001  81   001  80   001  77   001  78   471
  77   671  76   671  74   871  74   971  74   871  74   871  74   971  73  1071
  73  1171  73  1171  74  1271  75  1271  77  1271  80  1171  81  1171  80  1171
  78  1071  78  1071  81  1171  86  1171  89  1271  90  1271  88  1271  85  1271
  82  1271  81  1271  81  1271  83  1171  86  1071  90   971  96  1071 100  1071
 100  1171 100  1271  98  1271  96  1371  95  1371  94  1371  94  1371  94  1271
  94  1271  95  1171  97  1171 101  1271 104  1271 106  1271 106  1271 104  1271
 101  1271  97  1171  94  1171  93  1071  93  1071  93   971  93   971  93  1071
  92  1071  93  1171  94  1171  97  1271 101  1371 106  1371 109  1471 111  1571
 113  1551 114  1611 116  1651 119  1751 121  1711 122  1751 122  1751
005  54   001  61   001  69   001  72   001  72   001  75   001  71   371
  64   571  57   671  50   671  46   671  43   871  40   871  37   871  35   971
  37   971  37   971  39  1071  40  1071  38  1171  38  1171  39  1271  42  1271
  46  1271  53  1171  61  1171  70  1171  76  1171  77  1171  77  1071  74  1071
  69  1071  63   971  62   971  63  1071  69  1071  75  1171  80  1271  83  1271
  87  1371  88  1271  88  1271  87  1171  86  1171  83  1271  81  1271  80  1271
  80  1371  83  1371  87  1271  93  1171  97  1071 100  1071 101  1171  99  1171
  94  1171  89  1071  83  1071  79  1171  77  1171  76  1271  77  1371  78  1571
  80  1671  80  1671  82  1571  85  1571  89  1671  93  1671  97  1771  99  1771
 101  1851 105  1811 111  1751 118  1651 124  1511 127  1551 126  1451
015  59   001  59   001  61   001  61   001  61   001  61   001  61   371
  59   571  52   671  43   671  36   671  32   871  28   971  24   971  20   971
  15   971  12  1071   9  1171   7  1271   6  1271   5  1371   4  1371   5  1371
  10  1371  18  1371  31  1271  45  1271  57  1171  62  1171  63  1271  60  1271
  54  1171  49  1171  45  1071  45  1071  48   971  52   971  57  1071  62  1071
  66  1171  66  1271  64  1371  63  1471  61  1471  60  1471  59  1471  58  1471
  58  1571  62  1571  70  1471  79  1471  88  1271  93  1271  95  1371  93  1371
  90  1271  84  1171  79  1071  76  1071  75  1071  74  1071  74  1171  75  1371
  75  1471  76  1471  78  1571  80  1571  83  1671  85  1771  88  1871  91  1851
  94  1951  99  1911 107  1851 115  1751 122  1611 126  1651 127  1551
027  84   001  91   001  95   001 105   001 110   001 112   001 103   371
  88   671  75   971  63  1171  53  1271  45  1271  38  1571  36  1471  35  1471
  34  1371  37  1371  39  1471  39  1471  37  1471  34  1371  33  1371  34  1371
  39  1271  48  1171  61  1171  73  1271  84  1271  91  1271  92  1271  89  1171
  85  1371  80  1471  78  1571  79  1671  82  1871  86  1971  88  1771  89  1771
  88  1671  85  1671  81  1771  77  1771  72  1671  68  1671  65  1571  64  1571
  67  1571  72  1571  81  1471  90  1371  99  1171 105  1171 106  1271 102  1271
  93  1371  83  1571  76  1771  75  1871  78  1971  80  2071  81  2171  80  2271
  80  2271  81  2271  84  2271  87  2271  90  2171  93  2071  95  1971  96  1871
  97  1851 100  1711 107  1651 115  1551 123  1411 127  1451 128  1451
070  56   001  59   001  56   001  60   001  62   001  68   001  69   571
  66   671  63   971  60  1071  59  1271  57  1871  54  1871  52  1971  48  1971
  44  2071  39  2071  34  2071  28  2071  24  2071  21  2071  21  2071  24  1871
  29  1771  38  1571  48  1571  59  1571  64  1471  65  1571  62  1571  57  1471
  53  1471  51  1671  51  1771  50  1871  51  1971  52  2171  53  2271  54  2371
  53  2271  51  2371  49  2371  49  2371  51  2271  54  2171  57  2071  60  2071
  62  2171  65  2171  70  1871  77  1771  82  1671  85  1571  85  1571  83  1571
  79  1671  73  1771  68  1871  66  1971  65  2071  65  2271  64  2271  62  2471
  62  2571  63  2571  65  2671  67  2671  68  2671  69  2571  71  2571  75  2451
  80  2451  86  2311  92  2251  97  2051 102  1911 106  1851 108  1751
110  60   001  91   001 107   001 120   001 120   001 117   001 111   471
 101   471  88   771  73   771  65   971  62   971  62  1071  61  1071  60  1071
  58  1071  59  1171  61  1171  65  1271  70  1371  76  1371  80  1471  83  1471
  85  1471  90  1571 100  1471 110  1471 121  1371 127  1271 129  1171 130  1071
 129  1171 128  1171 123  1271 119  1271 113  1271 105  1271  96  1371  86  1471
  77  1571  70  1571  67  1571  66  1571  68  1671  71  1671  73  1771  74  1871
  75  1871  81  1971  91  1771 104  1471 116  1171 124  1271 126  1371 124  1471
 117  1471 110  1471 105  1371 105  1471 107  1471 110  1671 111  1571 111  1571
 110  1571 109  1571 108  1671 107  1671 107  1771 108  1971 109  2071 110  2071
 111  2051 115  2011 122  1751 131  1551 138  1211 143  1351 144  1351
120  64   001  83   001  95   001 104   001 115   001 111   001 106   471
  98   471  88   571  76   671  67   771  61   871  56   971  55   971  56  1071
  57  1071  56  1171  57  1271  58  1371  61  1371  63  1471  65  1471  64  1471
  64  1471  67  1471  76  1471  89  1471 100  1371 109  1271 113  1271 113  1171
 112  1071 110  1071 108   971 105   971 102  1171  99  1171  95  1171  90  1271
  85  1271  79  1371  73  1371  69  1471  68  1571  68  1571  68  1671  70  1671
  73  1671  78  1671  86  1571  95  1471 104  1371 111  1371 114  1371 113  1371
 109  1271 104  1271 100  1171  98  1271  98  1271 100  1371 102  1471 104  1471
 106  1571 106  1671 104  1771 104  1871 106  1871 108  1971 108  1971 109  1971
 109  1951 111  1911 115  1751 121  1651 126  1411 130  1451 133  1351
130  86   001  87   001  89   001  92   001  98   001 105   001 103   471
  95   771  86  1071  77   771  70   971  64  1071  60  1171  54  1271  48  1371
  43  1471  42  1571  41  1671  40  1771  38  1671  37  1671  36  1571  39  1571
  44  1571  52  1471  60  1471  69  1571  77  1571  83  1571  89  1571  92  1571
  93  1471  93  1271  94  1171  96  1071  97  1171 100  1171 102  1371 101  1471
 100  1671  98  1771  92  1871  86  1971  78  1871  69  1771  63  1671  61  1671
  63  1671  69  1671  77  1671  88  1571  97  1571 104  1571 106  1671 104  1671
  99  1571  91  1471  86  1171  85  1471  87  1471  90  1671  92  1871  91  1971
  92  2171  93  2271  94  2271  96  2371  99  2271 101  2171 103  2071 103  1951
 102  1951 103  1811 107  1851 112  1751 119  1711 125  1751 130  1751
145  70   001  73   001  77   001  78   001  76   001  78   001  78   871
  77  1071  74  1271  68  1171  58  1271  51  1271  44  1371  39  1371  35  1271
  31  1271  27  1271  24  1371  19  1371  14  1371   9  1271   8  1271  11  1271
  18  1171  28  1171  40  1271  50  1271  60  1371  67  1371  70  1271  71  1271
  67  1171  63  1171  58  1171  56  1271  56  1271  58  1371  62  1271  66  1271
  68  1171  69  1171  69  1271  70  1271  69  1271  69  1271  67  1271  62  1271
  58  1371  59  1371  66  1371  77  1471  87  1471  91  1471  91  1471  88  1471
  83  1371  78  1371  73  1271  71  1371  70  1471  69  1571  68  1571  68  1471
  68  1471  69  1571  70  1671  71  1771  72  1671  73  1671  74  1571  75  1551
  77  1551  82  1511  90  1551 100  1651 108  1611 112  1651 112  1551
149  74   001  76   001  82   001  86   001  84   001  85   001  83   571
  79   671  74   871  70   971  65  1171  59  1271  53  1571  47  1571  41  1571
  34  1571  27  1471  21  1471  17  1371  13  1371  12  1371  12  1371  13  1271
  18  1271  25  1171  35  1171  47  1171  59  1271  68  1271  72  1371  72  1371
  69  1271  65  1271  62  1171  60  1171  59  1371  60  1371  61  1371  61  1471
  62  1471  62  1471  63  1371  64  1371  67  1371  70  1371  70  1371  66  1371
  62  1471  63  1471  71  1471  83  1571  93  1571  98  1571  98  1571  94  1571
  88  1571  82  1571  78  1571  75  1571  75  1671  74  1671  71  1671  68  1671
  66  1671  66  1771  68  1771  70  1871  72  1771  73  1771  75  1671  78  1751
  82  1751  88  1811  97  1851 106  1851 113  1811 116  1751 117  1651
156  77   001  80   001  85   001  87   001  87   001  87   001  85   671
  83   771  81   871  80  1071  74  1171  69  1171  64  1371  60  1371  55  1471
  52  1471  46  1471  43  1471  40  1471  37  1471  34  1471  33  1471  32  1371
  33  1271  38  1171  46  1271  55  1371  64  1471  70  1371  73  1271  74  1171
  75  1171  74  1071  72  1171  69  1171  66  1271  65  1271  67  1371  70  1371
  73  1471  75  1471  77  1471  78  1471  80  1471  81  1571  80  1571  77  1571
  73  1571  73  1571  80  1571  88  1571  96  1571  99  1571  98  1571  96  1471
  93  1471  91  1371  88  1371  84  1371  82  1371  79  1371  76  1471  73  1571
  72  1671  73  1671  74  1771  76  1771  77  1771  78  1771  79  1771  81  1751
  85  1751  92  1711 101  1851 110  1851 117  1911 120  1751 119  1551
168  48   001  54   001  62   001  68   001  74   001  74   001  71   571
  66   871  59   971  54  1171  52  1671  53  1571  54  1771  51  1771  48  1671
  44  1671  40  1671  37  1671  34  1671  32  1671  29  1571  28  1571  28  1471
  31  1471  36  1371  43  1271  51  1371  59  1271  66  1371  68  1471  66  1571
  61  1671  52  1671  47  1771  48  1871  51  1871  55  1871  57  1871  54  1871
  51  1871  48  1871  47  1971  48  1971  52  1871  56  1771  58  1671  57  1771
  56  1771  57  1871  63  1671  74  1571  83  1371  89  1471  90  1471  86  1571
  78  1671  69  1671  63  1771  62  1871  63  1871  64  1971  62  1971  58  2071
  55  2071  56  2071  59  2171  62  2171  65  2171  66  2171  67  2171  68  2151
  69  2151  74  2111  82  2051  92  1951 101  1811 107  1751 110  1751
180  16   001  24   001  31   001  38   001  44   001  43   001  44   871
  46  1171  48  1571  49  1371  51  1471  51  1571  51  1471  49  1471  47  1471
  45  1571  43  1471  41  1471  39  1371  37  1471  35  1571  33  1671  32  1671
  32  1571  34  1671  35  1771  38  1971  41  2271  43  2271  46  2271  47  2271
  46  1971  43  1871  41  1571  41  1571  41  1771  43  1671  44  1671  44  1771
  43  1771  41  1771  40  1871  41  1871  45  1871  50  1871  54  1871  56  1871
  56  1971  57  1971  59  2071  62  2171  66  2271  69  2371  70  2351  69  2411
  67  2151  64  1751  61  1411  60  1451  60  1551  59  1511  57  1751  55  1851
  52  1911  49  1951  48  2051  49  2011  53  2151  59  2151  63  2211  65  2251
  65  2251  66  2211  70  2351  76  2551  82  2611  87  2651  90  2551
190  -4   001  -1   001   7   001  19   001  26   001  32   001  35   771
  34  1471  33  1471  32  1471  31  1471  31  1571  33  1471  33  1571  33  1471
  34  1571  35  1471  35  1471  35  1371  34  1371  33  1371  32  1371  33  1471
  33  1471  34  1571  33  1971  31  2571  31  2771  32  2771  34  2671  35  2571
  33  2171  32  1771  28  1471  28  1571  29  1571  31  1671  34  1771  37  1771
  39  1871  41  1771  42  1771  45  1671  48  1671  52  1671  55  1671  56  1671
  56  1671  57  1771  60  1871  64  2071  67  2371  68  2371  66  2271  64  2271
  62  1971  61  1571  58  1171  57  1271  55  1571  54  1671  54  1771  54  1971
  54  2071  55  1971  55  1971  56  1871  58  1871  61  1971  64  1971  67  1951
  69  1951  72  1911  76  2151  80  2451  84  2611  87  2651  88  2651
222 101   001 109   001 111   001 114   001 115   001 122   001 116   571
 104   871  91   971  79  1071  71  1171  65  1271  62  1371  56  1271  51  1271
  44  1171  39  1171  36  1271  34  1271  35  1271  37  1271  39  1271  41  1271
  44  1171  50  1271  62  1371  76  1671  88  1771  95  1771  99  1671  99  1671
  97  1471  94  1371  93  1371  94  1371  95  1271  98  1271  99  1271 101  1271
 103  1271 104  1271 106  1271 106  1271 104  1271 101  1371  97  1371  93  1371
  91  1371  92  1371  96  1371 101  1471 107  1471 111  1571 112  1471 108  1571
 100  1571  90  1571  84  1471  84  1571  88  1571  92  1671  92  1671  89  1671
  88  1671  89  1571  93  1571  97  1471 101  1571 104  1571 105  1671 103  1551
 101  1451 101  1311 106  1451 114  1651 122  1711 127  1751 128  1751
240  75   001  76   001  79   001  80   001  82   001  84   001  83   571
  78   871  71  1171  62  1171  55  1171  51  1171  47  1171  44  1271  41  1271
  37  1371  33  1371  28  1471  25  1471  23  1371  24  1271  24  1171  25  1271
  28  1371  33  1471  46  1371  56  1371  67  1371  74  1371  77  1371  75  1371
  71  1271  68  1171  64  1271  62  1271  63  1171  64  1171  66  1271  68  1271
  69  1371  68  1471  66  1471  66  1571  70  1571  74  1471  75  1471  72  1571
  69  1671  68  1771  73  1671  83  1571  92  1471  98  1471 101  1251  98  1211
  90  1251  81  1351  73  1411  70  1451  70  1551  70  1511  69  1651  66  1651
  64  1711  63  1851  62  1951  63  2011  64  1951  66  1851  67  1711  68  1851
  69  1951  74  2011  82  1851  93  1651 103  1411 111  1551 115  1551
255  46   001  60   001  71   001  80   001  78   001  81   001  80   871
  76  1071  71   971  63   971  59  1171  53  1271  52  1471  50  1371  48  1271
  46  1171  45  1271  44  1471  44  1571  42  1571  42  1571  40  1571  39  1671
  39  1571  39  1571  43  1771  48  2071  55  2271  63  2171  69  1971  71  1871
  68  1571  62  1371  57  1171  55  1271  55  1371  56  1571  56  1571  57  1371
  55  1371  54  1471  51  1671  52  1771  56  1771  61  1671  63  1671  62  1771
  60  1771  60  1871  64  1971  71  1971  78  2171  83  2071  86  1871  85  1771
  80  1571  74  1571  69  1371  68  1471  67  1471  65  1571  61  1571  57  1671
  55  1671  56  1771  58  1971  59  2071  58  2071  55  2071  53  2071  53  2051
  55  2051  60  2011  67  2151  74  2151  82  2211  88  2151  92  2151
260  36   001  40   001  48   001  60   001  67   001  68   001  68   771
  65  1271  59  1671  54  1771  52  1771  51  1671  51  1871  51  1971  51  2171
  49  2271  45  2271  43  2271  40  2271  39  2271  39  2271  40  2271  42  2171
  45  1871  48  1671  51  1871  55  2071  60  2271  67  2171  73  2071  74  1971
  72  1971  64  1871  59  1871  57  1971  60  2071  61  2271  61  2271  60  2271
  55  2371  51  2471  46  2571  46  2671  52  2671  60  2571  65  2571  65  2571
  63  2271  62  2071  65  2171  72  2271  80  2271  85  2271  89  2151  87  2111
  80  2151  72  2251  65  2311  63  2351  63  2151  63  2111  61  2351  57  2551
  54  2711  52  2851  52  2951  53  3011  54  3051  55  3151  57  3111  59  2851
  61  2451  65  2111  71  2251  78  2351  85  2411  92  2351  96  2351
280  22   001  23   001  24   001  25   001  26   001  28   001  33   771
  39  1171  43  1271  45  1171  45  1671  43  1771  41  1871  40  1971  40  1871
  40  1971  38  1971  35  2071  32  2071  29  2071  27  1971  27  1971  28  1971
  31  1871  33  1871  36  2171  38  2471  40  2771  42  2771  45  2671  46  2671
  45  2571  44  2271  42  2171  43  2271  44  2171  45  2171  45  2171  44  2071
  43  2071  41  2171  39  2171  38  2271  39  2171  41  2071  43  1971  44  1951
  44  1871  45  1871  47  1971  49  2171  53  2371  56  2371  59  2371  60  2471
  59  2271  57  2071  55  1771  55  1971  55  2071  54  2171  51  2371  48  2371
  44  2471  41  2471  40  2571  39  2571  39  2471  40  2471  42  2371  44  2351
  47  2351  51  2311  55  2551  60  2751  65  2911  69  2951  72  3051
299   7   001  23   001  38   001  51   001  61   001  63   001  57   871
  48  2171  40  1771  35  1671  31  1371  30  1471  30  1471  31  1571  34  1471
  34  1571  33  1571  31  1471  28  1471  27  1471  26  1571  27  1571  29  1571
  31  1571  34  1471  37  1671  40  1871  43  2271  45  2271  45  2371  44  2571
  39  2271  35  1971  31  1571  32  1571  32  1571  33  1671  34  1671  34  1671
  32  1671  30  1671  28  1771  28  1771  32  1771  37  1671  41  1671  43  1671
  43  1671  46  1671  51  1771  58  1871  65  1971  69  2071  71  2071  70  2171
  66  1871  60  1771  55  1471  53  1471  53  1471  53  1471  52  1571  50  1771
  48  1871  45  1971  43  2071  42  2171  43  2171  46  2071  49  2071  51  1951
  54  1951  58  1811  65  2051  72  2251  79  2411  83  2551  83  2551
434  24   001  30   001  33   001  37   001  41   001  46   001  52   571
  55   771  54   971  52  1071  52  1171  55  1071  58  1071  60  1171  59  1171
  57  1271  57  1271  54  1371  53  1371  52  1471  51  1471  50  1571  50  1671
  51  1771  55  1871  61  1671  69  1671  76  1471  81  1571  84  1471  83  1471
  78  1371  72  1271  67  1171  65  1271  63  1271  63  1171  63  1271  61  1371
  60  1471  57  1471  54  1471  54  1471  55  1571  57  1771  59  1871  59  1971
  60  2171  63  2171  70  2371  78  2371  88  2271  95  2171  99  2171 100  1971
  97  1771  91  1671  86  1571  82  1471  80  1471  78  1371  75  1471  71  1471
  68  1571  67  1571  67  1671  65  1671  62  1771  57  1871  54  1971  53  2051
  55  2051  61  2111  70  2151  81  2151  90  2111  96  2151  99  2151
460  21   001  40   001  57   001  69   001  72   001  74   001  76   671
  74   871  69   971  63  1171  59  1471  59  1471  60  1471  60  1671  59  1871
  56  2071  53  1971  50  1971  48  1871  48  1871  50  1871  52  1871  54  1871
  55  1871  57  1871  60  2071  64  2171  70  2371  79  2571  84  2571  86  2471
  79  2271  69  1971  59  1771  54  1771  54  1771  53  1771  51  1971  47  2171
  43  2371  38  2271  35  2171  35  2071  38  2071  45  2071  49  2071  51  2071
  53  2171  59  2171  70  2371  84  2471  95  2571 103  2571 104  2571 101  2571
  94  2471  85  2271  79  1971  76  1971  75  1971  74  1871  70  2071  66  2371
  62  2571  59  2571  57  2471  55  2471  53  2471  52  2571  53  2571  56  2451
  62  2451  69  2311  78  2451  86  2451  94  2511  99  2651 101  2651
481   8   001  10   001  16   001  36   001  37   001  46   001  53   471
  56   671  52   971  46  1171  43  1471  41  1571  44  1871  43  1871  42  1871
  42  1871  39  1971  36  1971  36  2071  36  2071  37  2171  37  2171  37  2271
  36  2371  38  2471  40  2471  44  2671  49  2671  55  2571  60  2271  61  2171
  56  2071  49  1871  42  1871  39  2071  38  2171  38  2171  37  2171  34  2171
  33  2171  30  2271  28  2471  27  2571  26  2471  25  2471  25  2371  26  2271
  28  2371  32  2371  39  2271  47  2371  57  2271  67  1971  75  1971  78  1871
  77  1771  72  1771  66  1671  62  1771  59  2071  58  2171  58  2271  57  2371
  56  2471  53  2571  51  2771  48  2871  46  2871  45  2771  46  2771  48  2751
  50  2851  54  2811  59  2751  65  2751  71  2611  77  2551  82  2451
497  -2   001  39   001  75   001  87   001 122   001  93   001  73   671
  59   771  46  1171  33  1271  23  1671  16  1971   9  2171   5  2271   3  2471
   3  2571   2  2671   1  2671   1  2771   2  2771   1  2871  -2  2871  -7  2971
  -7  2971   4  3071  31  2771  62  2671  87  2371  91  2571  81  2471  65  2471
  49  2471  34  2571  24  2771  16  2671  11  2471   8  2371   4  2471   1  2571
  -2  2571  -1  2671  -1  2871   0  2971   1  2971  -2  2971  -6  2971  -8  3171
  -7  3271   4  3371  26  2971  53  2671  73  2271  78  2171  72  2271  62  2271
  54  2371  50  2471  45  2671  40  2671  34  2771  29  2771  24  2771  20  2671
  17  2671  14  2671  12  2771  11  2771  12  2871  13  2871  10  2971   6  3071
   4  3251  14  3311  38  2951  68  2551  88  2111  90  2151  78  2051
510  74   001  84   001  91   001  99   001 110   001 115   001 115   571
 114   771 112  1071 108   971 105   971 100  1071  97  1071  96  1171  95  1171
  93  1271  89  1271  86  1171  83  1171  81  1171  80  1271  79  1271  78  1271
  79  1171  81  1171  86  1371  93  1671 101  1871 108  1671 113  1471 113  1271
 108  1271 102  1171  95  1171  92  1171  91  1171  90  1171  90  1271  90  1271
  89  1371  89  1371  89  1371  89  1371  89  1371  89  1371  88  1371  87  1471
  87  1571  90  1671  97  1871 106  1971 116  2071 124  1971 129  1671 129  1571
 124  1471 114  1371 107  1271 103  1371 101  1371  99  1371  94  1571  88  1571
  84  1671  82  1771  82  1771  83  1871  84  1771  85  1771  85  1671  85  1651
  85  1751  88  1711  94  1851 103  1951 113  2011 122  1951 127  1751
579  33   001  57   001  82   001  97   001 111   001 118   001 116   471
 105   771  86  1071  67  1171  54  1571  47  1871  44  2171  43  2371  45  2671
  48  2871  51  2871  54  2971  56  2971  57  2971  59  3071  62  3071  68  2871
  76  2471  88  2171 100  1871 113  1471 121  1171 126  1171 124  1171 117  1071
 105  1371  90  1671  77  1971  67  2071  60  2271  56  2271  52  2571  50  2871
  47  3171  46  3171  42  3271  41  3271  39  3271  39  3371  42  3371  50  3071
  63  2771  78  2571  93  2071 109  1571 121  1171 129  1171 131  1171 128  1071
 119  1371 109  1571  99  1871  93  2071  91  2271  92  2371  92  2671  91  3071
  90  3371  88  3371  85  3371  82  3371  80  3371  80  3471  81  3471  85  3151
  91  2751  98  2411 106  2051 114  1651 121  1211 127  1351 129  1351
588  58   001  71   001  89   001 108   001 115   001 124   001 116   571
  97   871  73  1271  52  1371  39  1471  33  1771  32  2171  30  2071  29  2071
  27  1971  26  1971  26  1971  26  1971  25  1971  24  1971  25  1971  30  1971
  38  1971  51  1871  70  1871  91  1871 107  1871 118  1871 122  1871 113  1771
  93  1971  66  2071  42  2271  26  2271  17  2371  14  2471  12  2371  11  2271
  10  2271  10  2271  10  2271   9  2271   8  2271   8  2271   9  2271  15  2171
  24  2071  38  1971  57  1971  77  1871  96  1871 109  1871 114  1971 110  1971
  96  1971  79  2071  63  2071  55  2171  53  2371  52  2471  52  2471  51  2471
  50  2471  48  2471  45  2371  44  2371  45  2371  47  2371  51  2311  57  2251
  64  2051  72  1911  82  1951  92  1951 103  1911 114  1951 120  2051
621  58   001  88   001 102   001 111   001  98   001 103   001  98   371
  88   671  77   871  70  1171  70  1371  74  1571  79  1971  79  1871  76  1771
  72  1671  68  1871  66  1971  64  2171  61  2271  58  2371  59  2471  65  2371
  74  2171  87  1971 102  1971 117  2071 128  2071 136  1871 136  1671 127  1471
 104  1571  81  1571  62  1771  57  1771  59  1971  62  2071  59  1971  54  1771
  49  1671  50  1871  54  2071  57  2271  57  2371  56  2371  56  2471  61  2271
  70  2271  81  2071  96  2071 110  2171 123  2171 133  2071 136  1871 129  1771
 112  1771  89  1771  72  1771  65  1771  64  1971  63  2071  58  1971  52  2071
  47  1971  47  2071  50  2271  52  2371  50  2471  47  2671  45  2771  47  2551
  54  2351  68  2111  89  2151 111  2251 130  2211 140  2151 140  2151
630  10   001  33   001  44   001  53   001  63   001  71   001  78   471
  81   471  81   771  79  1071  79  1271  81  1371  83  1671  84  1571  84  1471
  82  1371  81  1471  79  1471  75  1571  71  1671  68  1671  66  1771  67  1871
  69  1871  75  1871  82  2071  89  2071  95  1971 100  1771 101  1571  99  1371
  94  1471  89  1571  85  1671  83  1671  80  1771  78  1771  78  1771  76  1771
  73  1771  70  1771  66  1771  63  1771  59  1771  56  1871  54  1871  55  2071
  58  2171  65  2271  76  2371  89  2171 101  2171 111  2071 117  1771 118  1671
 114  1771 105  1771  98  1771  95  1771  94  1771  94  1771  92  1771  90  1771
  87  1771  83  1971  78  2071  73  2271  68  2271  63  2371  61  2371  61  2451
  65  2451  73  2511  85  2451  98  2351 110  2211 118  2051 122  1951
643  40   001  74   001  99   001 115   001 128   001 119   001 113   471
 106   771  95   971  83   971  72  1171  66  1271  65  1271  67  1271  72  1371
  74  1371  77  1371  78  1271  76  1271  72  1371  68  1371  67  1471  71  1371
  80  1271  93  1171 110  1171 126  1071 141  1071 151  1071 153  1171 146  1171
 129  1171 108  1271  89  1271  74  1371  67  1371  63  1471  60  1471  60  1471
  58  1471  56  1471  52  1371  47  1371  40  1471  36  1671  38  1771  47  1671
  63  1671  83  1571 104  1371 123  1271 138  1071 148  1171 151  1251 147  1311
 137  1351 123  1251 112  1211 106  1351 104  1351 104  1411 104  1551 103  1551
 101  1511  99  1551  95  1451  89  1411  80  1551  73  1751  70  1811  75  1751
  86  1751 100  1611 113  1451 125  1351 135  1111 143  1251 146  1351
645  51   001  81   001 114   001 132   001 138   001 129   001 121   371
 110   671  93   971  78  1171  68  1371  65  1571  65  1571  64  1671  63  1771
  65  1771  68  1671  72  1671  73  1571  72  1571  70  1671  71  1671  79  1571
  89  1271 105  1071 120  1171 133  1271 145  1371 151  1271 150  1171 139  1071
 120  1271  98  1471  80  1671  70  1771  65  1871  65  1771  64  1771  61  1871
  59  1871  57  1771  56  1771  54  1671  50  1671  48  1771  50  1771  58  1571
  71  1371  90  1171 110  1271 130  1271 146  1371 155  1271 156  1171 150  1171
 137  1371 124  1471 114  1571 110  1771 110  1771 111  1871 110  1971 107  1971
 104  1971 102  1871 101  1871  99  1771  97  1871  95  1871  95  1911  99  1651
 106  1451 114  1111 123  1251 132  1451 139  1511 144  1451 145  1451
650  76   001  89   001 101   001 115   001 125   001 132   001 132   471
 125   571 111   771  95   971  83  1071  78  1371  75  1571  73  1771  74  1871
  76  2071  79  2071  82  2171  81  2171  76  2071  71  1971  71  1871  80  1671
  93  1571 107  1371 117  1471 123  1671 128  1771 132  1571 133  1471 130  1271
 121  1371 106  1271  93  1371  84  1571  77  1671  71  1771  64  1871  58  2071
  55  2171  53  2171  54  2271  52  2271  47  2171  45  2171  48  2071  59  1871
  77  1671  94  1571 109  1571 120  1671 130  1771 139  1571 144  1371 144  1071
 139  1071 131  1171 122  1171 115  1371 110  1771 106  1971 101  2071  96  2271
  92  2371  91  2371  91  2371  91  2371  90  2371  89  2371  89  2311  91  2151
  96  1951 104  1711 114  1851 126  2051 135  2111 141  1951 142  1651
675  53   001  89   001 113   001 143   001 171   001 172   001 162   371
 144   571 122   971 100  1271  86  1471  79  1571  73  1871  67  2071  60  2371
  54  2571  51  2571  49  2571  45  2571  39  2671  33  2771  30  2871  33  2771
  42  2771  58  2671  81  2471 105  2371 129  2171 147  1871 156  1571 152  1371
 134  1371 105  1471  80  1471  64  1671  56  1971  51  2171  46  2271  42  2471
  40  2571  37  2571  34  2671  29  2671  23  2771  18  2871  17  2971  22  2871
  35  2671  54  2571  78  2371 105  2271 130  2071 149  1871 157  1771 154  1571
 136  1571 111  1571  86  1571  68  1771  57  1971  49  2171  42  2371  37  2471
  33  2671  30  2771  27  2871  26  2971  26  3071  27  3071  30  3111  37  2851
  48  2651  64  2311  85  2251 109  2151 131  2011 148  1851 157  1751
690 111   001 128   001 143   001 154   001 159   001 157   001 150   271
 139   671 129  1171 119  1471 114  1371 111  1371 108  1171 103  1171  98  1071
  95  1071  94  1171  94  1371  93  1471  90  1371  87  1171  85  1071  85  1171
  90  1271 102  1271 121  1371 139  1271 156  1271 163  1071 162  1071 154  1071
 139  1271 123  1571 110  1771 103  1671 101  1571  99  1371  96  1271  92  1171
  88  1071  87  1171  86  1371  84  1471  81  1371  78  1171  77  1071  80  1171
  89  1271 101  1371 118  1271 135  1371 148  1371 153  1171 152  1171 144  1071
 132  1171 118  1471 106  1771  99  1671  96  1571  94  1471  91  1371  88  1171
  86  1071  85  1271  85  1371  85  1571  83  1471  81  1371  80  1271  81  1251
  86  1351  95  1311 109  1251 124  1251 137  1111 144  1151 145  1051
747  81   001 111   001 130   001 142   001 139   001 146   001 141   471
 130   671 116  1071 103  1571  97  1671  96  1871 100  1871 100  1871 101  1871
 100  1871 102  1971 106  2071 107  2171 105  2171 101  2071  99  2071 101  1871
 107  1671 114  1371 125  1371 137  1471 144  1471 148  1271 147  1171 141  1071
 130  1371 116  1571 104  1871  96  1971  93  2071  87  2071  82  2071  79  2071
  80  2071  83  2171  90  2371  95  2471  96  2471  95  2371  95  2371  99  2271
 107  2071 117  1871 129  1771 142  1771 151  1671 155  1571 156  1271 152  1171
 145  1471 136  1771 129  2071 124  2171 121  2471 119  2471 116  2471 112  2471
 109  2471 107  2571 105  2671 103  2771 100  2771  98  2671  98  2611 103  2351
 112  2151 124  1811 138  1751 152  1651 162  1511 166  1451 164  1351
NT  TEDF  78  35 1
20161222142016122209
20161222142016122210
20161222142016122211
20161222142016122212
20161222142016122213
20161222142016122214
20161222142016122215
20161222142016122216
20161222142016122217
20161222142016122218
20161222142016122219
20161222142016122220
20161222142016122221
20161222142016122222
20161222142016122223
20161222142016122300
20161222142016122301
20161222142016122302
20161222142016122303
20161222142016122304
20161222142016122305
20161222142016122306
20161222142016122307
20161222142016122308
20161222142016122309
20161222142016122310
20161222142016122311
20161222142016122312
20161222142016122313
20161222142016122314
20161222142016122315
20161222142016122316
20161222142016122317
20161222142016122318
20161222142016122319
20161222142016122320
20161222142016122321
20161222142016122322
20161222142016122323
20161222142016122400
20161222142016122401
20161222142016122402
20161222142016122403
20161222142016122404
20161222142016122405
20161222142016122406
20161222142016122407
20161222142016122408
20161222142016122409
20161222142016122410
20161222142016122411
20161222142016122412
20161222142016122413
20161222142016122414
20161222142016122415
20161222142016122416
20161222142016122417
20161222142016122418
20161222142016122419
20161222142016122420
20161222142016122421
20161222142016122422
20161222142016122423
20161222142016122500
20161222142016122501
20161222142016122502
20161222142016122503
20161222142016122504
20161222142016122505
20161222142016122506
20161222142016122507
20161222142016122508
20161222142016122509
20161222142016122510
20161222142016122511
20161222142016122512
20161222142016122513
20161222142016122514
002700160017001800170014001417132713271227122712371231113512351331143514351
53115351535153116351635173116351535143114351435153116351635163117351735173116351
53514311435153515311435133513311335133514311435143514311435153515311535153515311
53515351631153515351531153516351631163516351631163517351731173517351731163516351
005600180018001700180018001617152713271227122712271131113511351131123513351
43115351535153115351535153115351535153114351435153115351535153116351635163116351
53515311535153515311535153515311535153515311535153515311635163516311635153515311
53516351631163515351531153516351631153515351531163516351731173517351731173516351
015700170018001800170017001617162716271527152714371331123512351231133514351
43115351435143114351435153116351635163116351535143114351435153116351635173116351
63515311535163516311635153514311435143515311635163516311635163515311535153515311
53516351631163516351631163516351631153515351531163516351731173517351731163516351
027600180014001300100013001217122712271227122711371131113512351331133513351
33113351335133113351435143114351535153114351435143115351635173117351635163116351
53515311535153514311435143515311535153516311635163516311535153515311535153516311
63516351631163515351531153516351631163516351631163517351731173517351731173517351
070800170017001800180018001817182717271727172716271631153515351431143514351
43115351535143114351435143114351535153114351435133113351435153115351535153115351
63516311735173517311735163516311635173517311735173517311635163515311535153515311
53515351531153515351531153515351631163515351531163516351731173517351731173516351
110300130014001000100014001417132713271327122712371231123513351331143514351
43114351435143115351635163116351635163116351735173117351735163116351535153114351
43513311335143514311435143514311435153515311635163516311735173517311635153515311
43515351531153516351631173516351631153515351531153516351731173517351731173517351
120500160014001100100010001017101710271027112711371131113511351231123513351
33114351435143114351435143115351635163116351635163115351535153115351635163115351
43513311335143515311535153514311435143514311535153515311535153515311435143515311
53516351731173516351631163515351531153515351531153516351631173517351731163516351
130700170017001600170016001517142714271327123712371131113511351231123512351
33113351435143115351535153115351535163116351635163116351635173117351635163116351
63516311635153515311435143514311435153515311535153515311535153516311535153515311
53515351531163516351631163516351531153515351531163516351731163516351631163517351
145400170018001800180018001827182717271727162716351531143513351331133513351
33114351435143114351535153115351535153115351435143114351435143115351635173117351
63516311635163516311635163515311635163517311735163516311535153514311435153515311
63516351631163516351531153515351531153515351531163516351731173518351731163515351
149700170017001700180018001727172717271727162716371531143513351331133513351
43114351435143114351535153116351635163115351535143114351435143115351635163116351
63516311635163516311635163516311635163516311635163516311535153514311435143515311
53516351631163516351631163516351631153515351531163516351731183518351731163515351
156500170017001800180018001817182717271727163716371531143513351331133513351
33114351435143114351535153115351635163115351535143114351435143115351635163116351
63516311635163516311635163515311535163516311635163516311535153514311435143515311
53516351631163516351631163516351631153515351531163516351731173518351731163515351
168800180018001800180018001717172717271727173716371631163516351531153514351
33113351435153115351635163116351535153115351635153115351435143114351535153115351
53515311635163517311735163516311635173517311735173516311535143514311435153515311
63515351531153515351531163516351631163516351631173517351731173517351731163515351
180700180018001800180018001817172717271727172717271731163516351531153515351
53115351535153115351535153115351535153115351435143114351435143114351435143115351
53515311535153515311635163516311735173517311735173517311735163515311435143514311
53515351531163516351531153515351531153515351631163517351731183518351731163515351
190600180017001700170018001817172717271737172717371731173516351631163516351
63115351535143115351635173117351735163115351435143114351435153115351535153115351
43514311435153515311635163517311735173517311735173517311635153515311435143515311
43514351431143515351531153515351531153515351631163517351731173517351731163516351
222700180017001500130012001217122712271227113711371231123512351231123512351
23113351335143115351535153114351335133114351535163116351535143114351535153115351
63516311635173517311735163516311635163516311635163516311635163516311635153514311
43515351531153515351531153515351531153516351631163516351631173517351731173517351
240700170018001800180017001717172717271727172717371631163515351431133513351
33113351435143115351635163116351635163116351635153115351535153115351635163116351
63515311635163516311635163516311735173517311735163515311535153515311535153515311
53516351631163516351531153515351531153515351531163516351731173517351731173517351
255700180017001800180018001817172717271727172717371731173517351631163515351
53115351535153115351535153115351635173117351735163116351535143115351535163115351
53515311535163516311635153515311635173517311835173517311735173516311635153515311
53515351631163515351531153516351631163515351531163516351731183517351731163515351
260700180018001800180018001727172717271727172717371731173517351731163516351
53115351535153115351535163116351635173117351735163116351535143114351435143114351
43514311535163517311735173516311635173517311735173517311735173516311635163516311
63515351531153515351531153516351631163516351631163517351731173517351631163515351
280800180018001800180018001827172717271727172717371731173516351631173517351
73116351535143114351635173117351735173116351535153114351435143114351535153115351
53515311535143514311535163517311735173517311735173517311735163516311535143514311
53515351631163516351531153515351531153515351531163516351731173516351631163517351
299600150014001000100010001017112712271327143715371631173517351731173517351
73116351635163116351635173117351735173117351635153115351535143114351435143114351
43514311435143514311435153515311535163516311735173517311635153515311535153515311
53515351531153515351531153516351631163515351531153516351731173517351731173517351
434500160018001800180018001717172716271627163716371631153515351431153516351
63116351535143115351635173117351735173117351735163115351435143114351435143114351
43514311535153516311635153515311635173517311835183517311735173517311735163516311
53515351531153515351531153515351531153515351531153516351731173517351731163515351
460700170017001600180017001717172717271727172717271731163516351531153515351
53115351535153115351635173117351735173117351635153115351535153115351435143114351
33513311335133514311435153516311635173517311735173517311735173516311535153515311
53515351531153515351531143514351431143514351531153515351531153515351431133513351
481700170015001500160017001717162716271627152715271531163516351731173516351
63116351635163116351635163116351735173116351535153114351435143115351535153115351
53515311535143514311435143514311535153516311635163516311635163516311535153515311
53515351531153515351531153515351531153514351531153516351631163516351631153515351
497000100010001000130015001517142714271327122712271131113511351231123513351
33113351235123111351135113111351135113111351135113111351135113111351135113111351
13512311235123512311335133513311335133512311235123512311235123512311235123512311
23512351331133513351331133512351231123513351331133513351331133512351231123512351
510800180017001800180018001717172716371537153714371431143514351431143514351
43114351435143115351635163116351635153114351335133113351435143115351435143114351
53515311635173517311635163516311635163517311735173517311735173517311635153515311
43515351531153515351531153515351431143515351531153515351631163516351631163515351
579000100010001000100010001117112711271227123713371431143515351531153515351
53114351335123112351235123112351235113111351135113111351135113111351135113111351
13511311135123512311335143514311435143513311235123512311135113511311135113511311
13511351131123512351231123512351231133513351431143514351331123512351131113511351
588000100010001000100010001117112711271127112711271131103511351131133514351
53115351435123112351135113111351135113111351135113111351135113111351135113111351
13511311135113511311135113512311335143514311335123511311035113511311135113511311
13512351331133513351331133513351331133513351331143514351431143512351131113511351
621800170017001700170018001817171717271727172717371631163515351531153515351
53115351535153114351335123112351235123112351235123112351235123112351335133113351
43514311335133513311335143514311535153515311535153515311535153515311435143513311
33513351331133513351231123512351231133514351431143513351231133513351331133512351
630600170018001800180018001817171717271727172717271731173517351631163516351
63116351535153116351635173117351735173116351635163115351435133114351435153115351
53515311435143514311435153515311535153515311635163517311735173517311635163515311
53515351531153515351531153515351531143514351431153515351531153515351431143514351
643000110012001300160017001717162715271527143714371531153515351531153516351
63116351535143113351235113111351235123112351235113111351135113111351135113111351
13511311235123513311335133513311235123512311235123512311235123512311235123512311
23512351231123512351231113511351231123512351231123512351131113511351131113511351
645000100010001100140015001517142714271337133714371431153515351531153515351
53114351335133112351235113111351235123112351235113111351135113111351135113111351
13511311135113512311335133514311435133512311235123512311235113511311135113511311
13511351131113511351131113511351131123512351331133512351231123511351131123512351
650100100010001000100010001017112711271127113711371131113512351231133514351
43114351335133112351235123112351235123112351235113111351135113111351135113112351
23512311235123512311235123512311335133512311235123511311235123512311235123512311
23512351231123512351231113511351131123512351231133514351531143513351331133513351
675000100010001000100010001017111711171127112711271131113511351131113511351
13111351135123112351335133113351235113111351135113111351135113111351135113111351
13511311135113511311135113511311235133513311335123512311135123512311235133513311
33514351331133512351131113512351231133513351431143515351531143513351331133513351
690000100010001000100010001017112711371137112711271131113511351131113511351
13111351135113112351235133113351235123111351135113111351235123112351135113111351
13511311135113511311135113512311335143514311435133512311235123513311435143514311
43513351231123512351231123513351331133514351431153516351631163514351331133513351
747000110012001400120010001127122713271427152716271631163516351631163516351
63116351535153114351335123112351235123113351335133113351235123111351135113111351
13511311135113512311235123512311335133513311235123512311235133513311335143513311
33512351231123512351231123512351231123512351231123512351131113511351131123512351
