20160527141432
T2M TEDF  78  35 1
20160527142016052709
20160527142016052710
20160527142016052711
20160527142016052712
20160527142016052713
20160527142016052714
20160527142016052715
20160527142016052716
20160527142016052717
20160527142016052718
20160527142016052719
20160527142016052720
20160527142016052721
20160527142016052722
20160527142016052723
20160527142016052800
20160527142016052801
20160527142016052802
20160527142016052803
20160527142016052804
20160527142016052805
20160527142016052806
20160527142016052807
20160527142016052808
20160527142016052809
20160527142016052810
20160527142016052811
20160527142016052812
20160527142016052813
20160527142016052814
20160527142016052815
20160527142016052816
20160527142016052817
20160527142016052818
20160527142016052819
20160527142016052820
20160527142016052821
20160527142016052822
20160527142016052823
20160527142016052900
20160527142016052901
20160527142016052902
20160527142016052903
20160527142016052904
20160527142016052905
20160527142016052906
20160527142016052907
20160527142016052908
20160527142016052909
20160527142016052910
20160527142016052911
20160527142016052912
20160527142016052913
20160527142016052914
20160527142016052915
20160527142016052916
20160527142016052917
20160527142016052918
20160527142016052919
20160527142016052920
20160527142016052921
20160527142016052922
20160527142016052923
20160527142016053000
20160527142016053001
20160527142016053002
20160527142016053003
20160527142016053004
20160527142016053005
20160527142016053006
20160527142016053007
20160527142016053008
20160527142016053009
20160527142016053010
20160527142016053011
20160527142016053012
20160527142016053013
20160527142016053014
002 139   001 145   001 151   001 160   001 177   001 176   001 168   371
 158   571 150   771 144   771 141   871 137   971 134   871 133   971 133   971
 133  1071 132  1071 132  1171 131  1171 130  1171 132  1171 133  1171 137  1271
 142  1471 147  1571 151  1571 151  1571 153  1571 154  1571 154  1671 153  1671
 151  1571 150  1571 145  1471 141  1371 136  1271 132  1171 130  1171 128  1271
 129  1271 128  1271 127  1271 126  1271 126  1271 126  1371 128  1371 131  1471
 137  1571 143  1671 148  1671 151  1571 154  1571 155  1671 155  1671 153  1671
 149  1771 145  1671 140  1671 135  1571 132  1471 129  1371 128  1371 127  1371
 126  1371 126  1371 125  1271 124  1271 124  1351 126  1351 128  1411 131  1451
 135  1551 138  1511 141  1651 143  1651 145  1711 148  1751 150  1851
005 162   001 174   001 187   001 202   001 226   001 214   001 201   371
 188   571 175   971 164   971 154   871 146  1071 137   971 134   971 130   871
 126   871 124   971 120   971 120  1071 123   971 128   971 135   871 143   971
 155  1071 163  1171 169  1271 172  1271 176  1371 178  1471 179  1471 179  1571
 176  1571 172  1671 166  1571 156  1471 147  1271 139  1171 134  1171 132  1071
 129  1071 125  1171 122  1271 121  1371 121  1271 124  1071 130   971 139  1071
 148  1271 156  1371 159  1471 162  1571 162  1671 164  1771 164  1771 163  1871
 159  1771 153  1771 146  1771 139  1571 134  1471 129  1271 126  1271 125  1271
 122  1271 119  1371 116  1471 115  1571 116  1471 118  1351 123  1211 129  1251
 135  1251 140  1211 142  1451 143  1551 145  1711 150  1751 155  1751
015 179   001 193   001 204   001 214   001 229   001 225   001 217   571
 209   671 201  1371 195  1271 185  1071 174  1271 163  1271 157  1171 153  1171
 148  1071 145  1071 140   971 138   971 139   871 142   871 150   771 158   871
 168   971 178  1071 189  1171 197  1171 203  1271 207  1271 206  1271 205  1271
 203  1371 199  1371 192  1471 182  1371 171  1371 162  1271 156  1271 152  1171
 149  1171 145  1171 142  1271 139  1271 139  1171 141  1071 146   971 154  1171
 162  1371 169  1571 174  1571 177  1471 180  1371 181  1371 181  1471 178  1471
 170  1471 161  1471 152  1471 145  1371 140  1171 137  1071 137  1171 136  1271
 135  1271 131  1371 127  1371 124  1471 125  1351 128  1151 132  1011 135  1151
 137  1351 139  1411 142  1451 146  1551 151  1511 156  1551 161  1651
027 182   001 199   001 204   001 193   001 199   001 191   001 187   371
 185   571 180   671 171   771 160   771 147   871 135   871 126  1071 121  1271
 117  1371 113  1371 112  1371 111  1371 113  1171 119   971 128   771 140   871
 155  1171 167  1271 178  1371 185  1471 189  1571 191  1471 190  1371 186  1171
 180  1171 172  1171 163  1271 150  1271 140  1271 130  1171 123  1271 120  1271
 119  1371 117  1371 114  1371 113  1371 115  1171 120   971 127   771 138   971
 150  1271 161  1571 169  1571 176  1571 181  1571 184  1471 186  1371 186  1371
 185  1371 181  1371 174  1371 162  1371 150  1371 140  1371 133  1471 129  1471
 127  1571 125  1671 122  1671 120  1771 119  1571 121  1351 126  1111 135  1251
 146  1451 157  1511 165  1551 170  1451 173  1411 175  1451 176  1551
070 215   001 221   001 225   001 224   001 216   001 195   001 194   771
 202   771 207   971 203  1071 190  1271 173  1471 158  1571 147  1671 140  1771
 135  1871 130  1871 128  1971 126  1971 129  1671 137  1371 149  1071 164  1171
 180  1271 193  1371 204  1471 212  1471 216  1471 219  1671 220  1771 218  1971
 214  1771 207  1771 198  1671 187  1671 175  1671 165  1771 158  1871 155  1971
 152  1971 148  2071 145  2071 144  2171 146  1851 151  1451 156  1111 161  1351
 165  1551 169  1711 172  1651 176  1651 180  1611 184  1751 188  1851 188  1911
 184  1851 176  1851 168  1711 160  1651 154  1651 148  1511 144  1751 139  1951
 135  2011 130  2151 125  2251 122  2311 123  1951 126  1651 130  1211 134  1451
 138  1551 141  1711 143  1751 144  1851 146  1911 150  2051 153  2151
110 147   001 162   001 170   001 173   001 178   001 180   001 174   771
 165   671 156   971 147   971 137   971 125   871 113   771 104   871 100   871
  99   971  99  1071 100  1171 100  1271 100  1171 102  1071 108   971 120  1071
 137  1271 155  1471 172  1371 186  1371 193  1271 192  1371 186  1371 179  1471
 174  1371 169  1271 159  1171 145  1071 131   871 118   771 111   871 108   971
 105  1071 104  1171 103  1271 102  1371 102  1271 104  1171 111  1071 123  1171
 138  1371 153  1471 164  1371 172  1371 177  1171 178  1271 176  1471 173  1571
 168  1571 162  1471 154  1371 144  1171 133  1071 124   871 119   971 116  1171
 114  1271 112  1371 111  1471 111  1571 113  1371 116  1251 123  1011 133  1151
 145  1351 156  1411 164  1551 170  1551 173  1611 175  1651 174  1651
120 114   001 127   001 156   001 168   001 157   001 161   001 157   571
 150   571 141   771 133   771 124   871 115   871 108   971 104  1071 102  1271
 101  1371  99  1371  98  1271  96  1271  96  1171  97   971 103   871 115   971
 132  1071 148  1171 162  1271 170  1471 175  1471 175  1471 172  1371 167  1371
 162  1271 154  1271 147  1171 137  1071 128  1171 121  1071 114  1171 111  1171
 109  1271 108  1271 105  1371 105  1371 106  1271 109  1071 116   971 128  1071
 142  1271 155  1371 164  1471 170  1471 174  1571 175  1571 174  1571 172  1571
 169  1471 163  1471 157  1371 148  1271 138  1171 131  1071 125  1171 122  1271
 120  1371 117  1371 114  1471 113  1471 114  1371 117  1151 123  1011 133  1151
 144  1351 155  1411 164  1551 170  1551 173  1611 173  1651 171  1551
130 132   001 143   001 151   001 163   001 177   001 189   001 191   471
 187   871 180  1171 173  1171 164  1171 155  1171 146  1071 138  1071 130  1171
 124  1171 118  1271 114  1271 114  1371 115  1271 120  1271 128  1171 142  1071
 159  1171 175  1071 187  1271 198  1371 204  1571 208  1571 208  1671 207  1671
 203  1671 197  1571 188  1571 175  1471 161  1271 147  1171 138  1171 131  1271
 125  1271 120  1371 118  1471 116  1571 117  1471 120  1371 128  1271 140  1271
 154  1371 168  1371 180  1471 189  1471 195  1571 197  1671 197  1671 194  1771
 190  1771 184  1771 176  1671 167  1571 156  1271 148  1171 140  1171 135  1271
 130  1271 126  1371 123  1571 121  1671 120  1671 122  1551 129  1511 142  1551
 159  1551 174  1511 184  1651 190  1651 193  1711 194  1851 194  1851
145 195   001 202   001 213   001 217   001 218   001 217   001 216   571
 213   871 209  1271 201  1271 191  1171 182   971 170   971 162   971 155   971
 148   971 142   971 137  1071 134  1071 135  1071 139   971 147   971 158  1071
 170  1071 181  1171 189  1371 195  1571 199  1671 201  1571 203  1571 203  1471
 202  1471 200  1471 194  1571 186  1471 176  1271 167  1171 161  1171 156  1071
 151  1071 146  1071 141  1071 138  1071 138   971 140   971 142   871 145  1071
 148  1171 150  1371 152  1471 154  1671 159  1771 164  1771 170  1871 173  1871
 171  1871 167  1771 160  1771 153  1571 147  1371 142  1171 139  1171 136  1171
 133  1171 128  1271 123  1371 120  1471 120  1251 122  1151 126   911 130  1051
 133  1251 136  1311 139  1551 142  1651 146  1811 152  1851 157  1851
149 214   001 223   001 226   001 240   001 244   001 231   001 227   571
 227   771 225   971 218  1071 207  1071 192  1171 179  1271 169  1171 161  1271
 153  1271 145  1271 139  1271 136  1271 139  1171 147   971 158   871 169   971
 181  1171 189  1271 198  1371 205  1571 209  1771 210  1771 209  1671 208  1571
 207  1671 205  1571 200  1571 192  1471 183  1471 174  1471 168  1471 164  1471
 159  1471 153  1471 146  1471 143  1471 144  1271 148  1171 154   971 159  1171
 163  1271 166  1471 168  1571 170  1771 171  1771 175  1971 178  1971 180  2071
 178  1971 173  1871 167  1771 159  1671 153  1571 148  1471 144  1471 141  1571
 137  1571 131  1671 126  1671 122  1771 123  1571 127  1251 133  1011 139  1251
 144  1351 147  1511 149  1651 150  1851 152  1911 156  1951 161  2051
156 214   001 215   001 222   001 227   001 240   001 236   001 232   471
 226   671 220   871 213   971 204  1071 195  1071 185  1171 179  1171 176  1171
 171  1171 164  1071 160   971 156   871 155   871 156   771 162   771 170   971
 181  1171 193  1371 204  1471 211  1571 216  1671 217  1671 216  1771 214  1771
 212  1671 210  1671 204  1571 196  1571 186  1371 179  1271 174  1271 170  1271
 167  1271 162  1171 158  1071 154   971 152   971 153   871 155   871 158  1071
 164  1371 169  1571 173  1571 177  1571 180  1571 183  1871 185  1971 185  2171
 182  2071 179  1971 172  1871 165  1671 157  1571 152  1371 149  1371 147  1271
 145  1271 141  1171 137  1071 135   971 134   971 135   851 137   811 140  1051
 144  1351 148  1511 152  1551 157  1651 161  1611 165  1851 168  1951
168 203   001 220   001 225   001 214   001 205   001 229   001 237   771
 233  1071 224  1171 211  1371 196  1671 180  1671 165  1771 153  1871 145  1971
 140  2071 136  2071 132  2171 133  2171 138  1871 147  1471 159  1171 172  1271
 188  1271 201  1371 208  1571 214  1671 217  1771 219  1871 219  2171 218  2271
 215  2171 210  2071 201  2071 189  1971 175  1971 164  1771 158  1871 155  2071
 152  2171 147  2271 143  2271 141  2371 144  1971 150  1571 158  1171 165  1271
 173  1471 178  1571 180  1671 181  1671 182  1771 185  1971 187  2071 187  2171
 183  2151 177  2151 169  1911 161  1951 153  1751 146  1611 140  1851 134  1951
 129  2111 123  2251 119  2351 117  2411 119  2051 123  1651 129  1211 135  1451
 141  1551 146  1711 149  1851 150  1951 152  2011 154  2151 156  2251
180 171   001 193   001 201   001 206   001 218   001 231   001 232   471
 225   771 217  1271 208  1371 198  1671 184  1671 169  1571 158  1371 151  1271
 144  1171 140  1271 136  1471 137  1571 140  1471 148  1271 159  1171 174  1171
 190  1271 204  1271 213  1271 219  1271 221  1271 222  1271 221  1371 220  1371
 218  1371 215  1471 209  1571 199  1571 188  1671 177  1571 171  1471 167  1371
 163  1271 160  1371 157  1571 155  1671 156  1471 160  1271 167  1071 177  1171
 188  1371 197  1471 200  1371 201  1471 200  1471 200  1471 200  1471 199  1471
 196  1471 190  1471 183  1471 174  1371 166  1471 159  1571 153  1471 147  1471
 142  1371 137  1571 132  1771 130  1971 132  1751 137  1451 143  1211 150  1351
 156  1551 161  1611 164  1751 165  1851 164  1911 162  1951 160  1951
190 202   001 218   001 239   001 239   001 247   001 231   001 227   371
 228  1071 228  1271 223  1571 212  1471 199  1471 184  1271 174  1171 165  1071
 158  1071 153  1171 150  1271 149  1371 153  1271 160  1271 168  1171 174  1271
 182  1371 191  1471 204  1571 216  1671 227  1671 233  1971 235  2071 234  2271
 231  2171 227  2071 220  2071 209  1871 197  1471 187  1271 178  1171 172  1171
 168  1071 165  1171 163  1271 163  1371 165  1371 169  1271 174  1271 183  1371
 192  1471 200  1671 207  1571 212  1571 215  1671 216  1871 215  1971 210  2071
 202  1971 193  1871 185  1671 177  1471 172  1371 167  1171 164  1071 159  1071
 154   971 149  1171 144  1371 141  1571 143  1451 147  1351 154  1211 161  1451
 167  1551 173  1711 177  1951 180  2051 182  2211 182  2351 181  2451
222 186   001 202   001 224   001 225   001 235   001 209   001 201   671
 201   871 202  1071 196  1071 186  1171 173  1071 161  1171 154  1271 149  1371
 146  1471 144  1571 141  1571 139  1671 139  1471 143  1371 151  1171 164  1171
 180  1171 192  1271 201  1371 205  1671 207  1771 208  1771 207  1871 205  1871
 202  1571 197  1471 190  1371 177  1371 164  1271 153  1271 145  1371 141  1471
 137  1571 132  1671 128  1671 126  1771 125  1571 126  1471 133  1271 146  1371
 161  1271 174  1371 181  1471 185  1571 186  1671 188  1771 189  1671 189  1771
 186  1651 181  1551 173  1311 163  1351 153  1351 144  1311 139  1451 136  1451
 134  1511 131  1651 128  1651 126  1711 125  1651 127  1551 134  1411 147  1451
 162  1551 175  1511 182  1551 184  1551 186  1511 189  1651 191  1851
240 190   001 198   001 205   001 206   001 212   001 226   001 228   571
 224   871 217  1271 207  1171 195  1171 180  1171 165  1171 156  1171 150  1171
 146  1171 141  1171 137  1271 135  1271 135  1171 140   971 149   871 164   971
 183  1271 198  1371 207  1471 213  1571 213  1771 211  1771 209  1671 206  1671
 204  1471 200  1271 194  1271 184  1271 173  1171 160  1171 153  1171 148  1271
 144  1271 140  1271 137  1371 135  1371 135  1271 137  1171 142  1071 152  1271
 163  1571 172  1771 178  1871 180  1871 182  1971 184  1971 186  1871 187  1771
 185  1571 180  1371 172  1271 164  1271 154  1271 147  1271 142  1371 139  1271
 136  1371 132  1371 128  1471 124  1471 122  1371 122  1251 127  1111 137  1351
 149  1551 160  1711 167  1851 171  1951 174  2011 177  2051 178  1951
255 196   001 207   001 220   001 227   001 240   001 225   001 219   471
 217   771 213  1171 206  1371 196  1471 185  1371 172  1271 161  1171 152  1071
 145  1071 140  1071 138  1171 138  1171 140  1071 144   971 152   871 165   971
 179  1271 190  1371 198  1571 203  1871 206  2071 208  1971 209  1871 208  1771
 205  1871 199  1771 192  1871 182  1671 173  1471 164  1371 159  1271 155  1171
 151  1171 145  1271 142  1271 139  1371 139  1271 142  1071 147   971 154  1271
 161  1571 166  1871 168  1871 166  1971 167  2071 170  1971 175  1771 177  1671
 176  1671 171  1771 164  1771 155  1571 147  1471 141  1271 137  1271 134  1271
 130  1271 126  1371 121  1371 118  1471 117  1371 118  1151 123  1011 131  1251
 139  1451 146  1611 150  1751 152  1951 154  2011 158  2051 163  1951
260 198   001 215   001 231   001 244   001 256   001 243   001 238   571
 235   971 230  1171 220  1171 203  1471 182  1571 163  2071 152  2071 146  2271
 141  2271 137  2271 133  2271 131  2271 136  1971 146  1571 158  1271 169  1371
 180  1471 192  1571 200  1671 207  1771 210  1871 209  1971 206  1871 202  1971
 199  1771 196  1571 192  1371 184  1671 174  1971 164  2271 156  2271 149  2271
 142  2371 136  2371 134  2371 134  2371 139  1971 147  1671 156  1271 162  1571
 168  1871 171  2071 172  2071 172  1871 173  1771 175  1871 176  1971 177  2071
 176  1871 173  1671 169  1471 164  1771 158  1971 151  2171 143  2271 134  2471
 124  2571 116  2671 110  2671 108  2771 112  2351 119  1851 128  1411 136  1551
 143  1751 147  1811 149  1851 149  1851 150  1811 153  1951 157  2051
280 201   001 224   001 229   001 237   001 238   001 253   001 253   471
 245   871 232  1171 219  1171 204  1571 188  1471 175  1371 168  1471 163  1371
 159  1471 153  1471 148  1371 146  1371 149  1171 157  1071 167   871 178   971
 188  1271 197  1371 205  1671 209  1871 214  2171 218  2171 220  2171 219  2071
 215  2071 207  1871 198  1871 187  1771 177  1571 168  1371 163  1471 160  1471
 156  1571 151  1571 148  1571 145  1571 145  1371 149  1171 156   971 166  1171
 175  1271 182  1471 185  1671 184  1671 183  1871 184  1771 184  1671 184  1771
 181  1751 176  1751 168  1611 159  1651 150  1451 143  1411 140  1551 139  1551
 138  1611 134  1651 130  1751 127  1711 127  1551 131  1351 136  1111 142  1351
 148  1451 152  1611 152  1851 151  2051 149  2211 149  2251 150  2251
299 222   001 238   001 245   001 250   001 259   001 259   001 255   671
 249  2071 241  1871 229  1971 214  1671 197  1471 182  1271 173  1171 167  1271
 164  1271 159  1271 153  1371 152  1371 155  1271 162  1071 171   971 180  1171
 189  1371 199  1571 209  1571 216  1571 223  1671 228  1771 230  1971 231  2171
 230  2271 226  2271 218  2271 205  1871 190  1571 178  1271 171  1371 167  1371
 164  1371 159  1471 154  1571 152  1671 155  1471 162  1271 170  1071 179  1271
 187  1571 194  1771 198  1671 200  1571 201  1571 200  1671 198  1871 194  1871
 188  1871 181  1771 172  1771 165  1571 158  1271 153   971 149  1171 146  1171
 142  1271 136  1471 131  1671 129  1871 132  1651 140  1351 148  1111 155  1351
 161  1651 165  1811 168  1851 171  1951 172  1911 172  2051 170  2251
434 189   001 206   001 207   001 220   001 233   001 241   001 237   671
 226   871 214  1071 204  1371 193  1171 181  1171 171   971 166   971 162   971
 158   971 154   971 151   871 148   871 146   871 146   971 150   971 158   971
 168  1071 179  1071 186  1071 190  1271 193  1371 192  1571 190  1571 187  1671
 184  1671 181  1671 176  1671 168  1571 160  1271 151   971 146   971 142   971
 139   971 136   971 132  1071 130  1071 129  1071 130  1171 132  1171 134  1371
 137  1371 141  1571 145  1671 150  1771 154  1671 157  1971 158  2171 157  2271
 154  2171 148  1971 142  1871 134  1671 127  1471 123  1271 121  1271 121  1171
 119  1171 116  1171 113  1171 110  1171 110  1171 112  1251 115  1211 120  1351
 125  1351 130  1411 135  1651 140  1751 144  1911 147  2151 150  2251
460 216   001 233   001 235   001 252   001 257   001 250   001 245   471
 240   771 230   971 216   971 201  1371 183  1371 169  1471 159  1571 156  1771
 153  1871 149  1871 149  1771 148  1771 150  1571 155  1471 163  1271 173  1371
 185  1371 196  1471 207  1471 214  1571 220  1571 222  1571 221  1371 217  1271
 210  1371 200  1271 191  1371 180  1471 171  1471 161  1471 157  1671 153  1771
 149  1971 143  1971 139  1971 138  1971 140  1771 146  1571 154  1371 162  1371
 170  1471 175  1471 177  1571 178  1671 178  1671 180  1571 183  1471 183  1371
 179  1371 173  1471 165  1471 157  1471 149  1371 144  1471 139  1571 135  1771
 130  1871 124  1971 119  2071 116  2171 117  1971 121  1651 128  1411 137  1451
 147  1551 154  1511 157  1651 158  1751 160  1811 164  1851 168  1951
481 228   001 242   001 251   001 263   001 271   001 283   001 281   371
 271   571 260   871 250   871 237  1171 221  1171 206  1271 195  1171 187  1071
 182   971 174   971 168  1071 165  1071 166  1071 170   971 176   971 186  1071
 196  1371 207  1471 219  1471 230  1471 239  1471 242  1471 241  1471 237  1471
 231  1371 224  1371 216  1371 208  1371 198  1271 188  1171 180  1171 175   971
 170   971 164  1071 158  1071 155  1171 155  1171 158  1071 161  1071 166  1271
 170  1471 175  1671 178  1571 181  1471 183  1471 184  1471 185  1571 185  1671
 184  1671 182  1671 176  1571 169  1371 160  1171 154   971 150  1071 149  1071
 146  1071 142  1171 138  1171 135  1271 135  1251 138  1151 142  1111 147  1351
 152  1451 157  1611 162  1651 167  1751 170  1711 171  1851 169  1951
497 217   001 241   001 250   001 264   001 273   001 274   001 267   671
 255   671 239   971 221   971 202  1071 186  1271 171  1471 160  1671 149  1871
 141  2071 134  2071 128  2171 125  2171 126  2171 132  2271 146  2271 166  2171
 189  1871 212  1671 229  1671 242  1871 251  1871 257  2071 258  2171 254  2071
 243  1971 226  1671 210  1671 194  1671 178  1571 167  1571 158  1671 152  1871
 144  1871 137  1871 131  1971 127  1971 125  1971 127  2071 133  2071 144  2171
 155  2071 163  2071 166  1971 166  2071 165  1871 167  1971 169  1971 169  2071
 164  1871 156  1771 146  1671 136  1571 127  1471 122  1371 120  1571 121  1771
 120  1971 117  2071 112  2071 109  2171 108  2171 111  2151 116  2111 124  2051
 134  2051 142  1911 148  1951 152  1851 155  1811 157  2051 158  2151
510 201   001 220   001 230   001 239   001 245   001 252   001 255   671
 254  1071 251  1171 243  1271 230  1171 213   971 197   871 186   971 179   971
 174  1071 169  1171 165  1171 162  1271 160  1171 161  1071 166   971 175   971
 184  1071 193  1071 199  1271 205  1371 209  1571 213  1571 217  1671 219  1671
 218  1571 214  1571 206  1471 194  1271 181  1171 170   971 164  1071 160  1271
 157  1371 154  1471 152  1471 150  1571 150  1371 151  1271 154  1071 157  1071
 161  1271 164  1271 167  1371 171  1471 174  1571 178  1671 181  1671 182  1771
 181  1671 178  1671 172  1571 164  1471 156  1271 149  1071 145  1171 143  1371
 141  1471 137  1571 134  1571 132  1671 132  1471 134  1351 139  1111 146  1251
 153  1251 159  1311 163  1551 166  1751 169  1911 172  1951 176  1951
579 238   001 247   001 261   001 281   001 286   001 292   001 288   371
 278   571 263   671 245   871 225   871 204   871 190   971 179  1071 172  1271
 164  1371 155  1671 146  1871 141  2171 144  1971 155  1671 171  1471 189  1371
 209  1371 227  1271 241  1371 253  1371 259  1471 260  1371 258  1371 252  1171
 242  1171 230  1171 215  1271 198  1171 183  1171 172   971 166  1171 162  1271
 158  1471 153  1771 148  1971 144  2271 145  2071 150  1871 161  1671 175  1571
 190  1571 203  1471 211  1571 215  1771 218  1871 222  1771 225  1571 225  1471
 221  1371 213  1371 202  1371 189  1271 176  1171 165  1071 156  1271 149  1371
 143  1571 137  1771 132  2071 130  2271 132  2071 139  1951 151  1711 168  1651
 186  1651 201  1511 210  1651 215  1851 217  1911 219  1851 219  1751
588 234   001 248   001 256   001 263   001 275   001 268   001 265   271
 262   471 253   671 239   771 217   771 191   971 169  1171 154  1371 143  1471
 136  1671 130  1771 126  1871 125  1971 129  1771 138  1671 153  1471 173  1471
 196  1571 219  1571 238  1471 253  1371 263  1271 268  1171 269  1071 265   971
 256  1071 244  1071 227  1171 207  1271 185  1271 167  1371 154  1571 147  1671
 141  1871 136  1971 132  2171 129  2271 129  2051 133  1971 140  1771 151  1771
 164  1671 172  1671 175  1571 176  1371 176  1271 179  1271 183  1371 187  1371
 188  1371 187  1371 181  1371 169  1371 155  1371 142  1371 134  1471 130  1671
 125  1771 120  1871 116  1971 114  2071 115  1951 121  1851 132  1711 149  1751
 168  1851 185  1811 196  1651 202  1551 206  1311 208  1451 210  1551
621 175   001 188   001 203   001 222   001 227   001 237   001 239   371
 236   671 231   771 222   971 207  1171 188  1071 175  1371 168  1471 166  1471
 164  1471 157  1471 149  1471 144  1471 142  1371 145  1271 152  1171 160  1271
 170  1371 179  1571 188  1671 194  1871 198  1971 202  1771 203  1571 203  1371
 200  1471 195  1471 186  1671 176  1471 162  1471 152  1371 145  1371 143  1471
 139  1471 134  1471 129  1571 126  1571 125  1471 127  1271 132  1171 138  1371
 144  1571 149  1871 153  1971 156  1971 157  2071 159  1971 161  1871 162  1771
 162  1771 160  1771 156  1771 146  1571 135  1471 126  1371 120  1471 116  1571
 115  1571 113  1571 112  1571 111  1571 112  1471 114  1251 119  1111 125  1451
 132  1851 139  2111 144  2251 147  2251 149  2311 150  2251 151  2151
630 206   001 222   001 233   001 243   001 257   001 263   001 261   471
 254   471 245   671 234  1071 220  1171 205  1171 189  1071 179  1071 171   971
 165   971 160  1071 155  1071 153  1171 153  1171 156  1071 163  1071 174  1071
 186  1171 198  1171 207  1271 214  1471 218  1471 222  1471 223  1571 222  1471
 220  1371 215  1371 207  1371 198  1271 187  1071 179   971 173   971 171  1071
 167  1071 161  1171 154  1271 149  1371 146  1271 147  1171 150  1071 155  1171
 162  1271 166  1371 169  1471 170  1571 171  1671 175  1871 179  1971 182  2171
 182  2071 179  1771 173  1571 165  1371 157  1271 151  1071 146  1171 142  1171
 139  1271 135  1371 132  1471 130  1571 130  1471 133  1251 137  1111 143  1251
 149  1251 155  1311 159  1551 163  1851 166  2011 170  2151 173  2351
643 231   001 235   001 240   001 247   001 234   001 230   001 228   471
 223   871 215  1171 203  1271 192  1271 182  1171 174   971 168   971 165  1071
 159  1071 155  1171 153  1171 151  1271 153  1271 157  1171 168  1171 183  1071
 201  1071 213   971 218  1171 216  1271 213  1571 209  1371 206  1271 203  1171
 199  1271 193  1471 187  1571 183  1371 179  1071 176   871 173   971 170  1071
 166  1171 163  1271 160  1471 158  1571 158  1471 162  1471 170  1371 185  1271
 200  1271 214  1171 220  1371 221  1471 221  1671 222  1571 223  1671 222  1611
 219  1551 212  1751 204  1711 194  1451 184  1251 174  1011 166  1151 160  1251
 155  1311 152  1351 151  1451 150  1411 150  1451 154  1351 162  1311 177  1351
 194  1251 209  1211 218  1451 221  1751 223  1911 225  1951 226  1951
645 243   001 258   001 267   001 272   001 277   001 283   001 277   371
 263   671 245   971 225  1171 206  1171 189  1171 175  1071 169  1071 165  1171
 160  1171 153  1271 147  1271 145  1371 151  1271 163  1171 178  1071 195  1071
 210   971 223  1071 235  1171 244  1371 248  1471 247  1371 242  1171 234  1071
 224  1171 213  1271 201  1371 187  1371 175  1371 166  1171 162  1171 162  1271
 161  1271 156  1371 152  1471 150  1571 155  1471 164  1271 176  1171 188  1071
 200  1071 210   971 217  1171 222  1471 227  1671 231  1571 234  1571 233  1571
 227  1571 218  1471 204  1471 190  1371 176  1271 164  1271 155  1271 150  1271
 145  1271 140  1371 137  1571 137  1671 142  1551 151  1451 163  1311 177  1251
 191  1151 204  1011 214  1451 221  1751 226  2111 230  2051 231  2051
650 236   001 258   001 248   001 247   001 249   001 265   001 262   471
 248   571 230   671 212   771 197   871 185   971 177  1071 173  1171 171  1371
 170  1471 166  1571 162  1571 161  1671 164  1471 173  1171 184   971 199  1071
 214  1171 227  1271 235  1271 240  1171 242  1171 243  1271 241  1271 236  1371
 228  1271 217  1171 207  1071 198  1171 189  1171 185  1171 182  1271 182  1471
 180  1571 176  1671 174  1871 171  1971 171  1771 173  1471 179  1271 188  1371
 199  1271 209  1371 215  1371 218  1271 221  1271 225  1271 229  1451 229  1511
 225  1451 217  1351 207  1211 195  1251 183  1251 173  1111 166  1351 162  1451
 158  1511 154  1651 152  1751 150  1811 151  1651 155  1351 164  1111 178  1251
 194  1351 208  1411 218  1451 225  1451 229  1411 231  1651 231  1751
675 243   001 242   001 250   001 257   001 268   001 269   001 262   571
 252   871 240   971 228  1171 215  1171 198  1371 181  1371 165  1571 152  1771
 142  1971 135  2171 134  2371 134  2571 136  2371 144  2171 162  1971 191  1771
 224  1671 251  1471 265  1571 269  1571 269  1571 269  1671 269  1771 266  1871
 259  1671 247  1571 235  1371 220  1471 206  1671 192  1771 180  1971 169  2071
 160  2271 154  2471 149  2571 146  2771 145  2571 149  2471 158  2271 174  1971
 193  1771 207  1471 213  1571 213  1571 211  1671 210  1871 210  1971 212  2171
 214  1971 214  1671 211  1471 200  1571 185  1671 172  1771 161  1871 153  2071
 146  2171 140  2371 135  2571 132  2771 133  2671 139  2451 153  2311 175  2151
 200  1851 221  1611 234  1651 241  1751 243  1711 243  1951 242  2151
690 220   001 210   001 220   001 215   001 216   001 226   001 224   471
 217   571 208   771 202   871 198   971 195   871 191   871 188   971 185   971
 181  1071 177  1071 174  1171 176  1171 182  1071 191  1071 201   971 207  1271
 210  1371 213  1671 215  1671 216  1671 216  1571 215  1471 212  1471 210  1471
 208  1371 206  1171 204  1071 200  1171 196  1171 193  1071 189  1071 184  1171
 180  1171 177  1171 174  1271 173  1271 175  1171 180  1171 185  1071 190  1271
 193  1371 195  1571 194  1571 192  1571 191  1671 192  1571 194  1571 195  1571
 195  1371 194  1271 192  1171 189  1171 186  1271 184  1271 182  1371 178  1271
 174  1371 169  1371 165  1271 163  1271 165  1171 170  1151 178  1011 187  1251
 196  1351 202  1511 205  1551 207  1551 208  1511 211  1551 213  1451
747 202   001 216   001 227   001 229   001 227   001 226   001 222   671
 216   771 207   971 196   971 184  1071 173  1071 166  1071 161  1171 158  1171
 159  1271 158  1371 158  1571 158  1671 160  1571 163  1371 168  1271 176  1171
 184  1271 191  1171 198  1271 202  1271 205  1371 206  1371 204  1571 201  1671
 195  1471 189  1271 182  1071 176  1071 172   971 169   971 167  1171 166  1271
 165  1471 165  1571 164  1671 165  1771 167  1671 170  1471 176  1371 185  1371
 195  1471 204  1471 212  1471 217  1371 219  1371 219  1671 216  1851 212  2011
 207  1751 201  1551 194  1211 186  1151 179  1151 172  1011 166  1251 162  1451
 158  1611 154  1751 151  1751 149  1811 148  1751 150  1551 157  1411 169  1451
 184  1451 197  1411 205  1451 209  1451 210  1411 211  1651 210  1951
NT  TEDF  78  35 1
20160527142016052709
20160527142016052710
20160527142016052711
20160527142016052712
20160527142016052713
20160527142016052714
20160527142016052715
20160527142016052716
20160527142016052717
20160527142016052718
20160527142016052719
20160527142016052720
20160527142016052721
20160527142016052722
20160527142016052723
20160527142016052800
20160527142016052801
20160527142016052802
20160527142016052803
20160527142016052804
20160527142016052805
20160527142016052806
20160527142016052807
20160527142016052808
20160527142016052809
20160527142016052810
20160527142016052811
20160527142016052812
20160527142016052813
20160527142016052814
20160527142016052815
20160527142016052816
20160527142016052817
20160527142016052818
20160527142016052819
20160527142016052820
20160527142016052821
20160527142016052822
20160527142016052823
20160527142016052900
20160527142016052901
20160527142016052902
20160527142016052903
20160527142016052904
20160527142016052905
20160527142016052906
20160527142016052907
20160527142016052908
20160527142016052909
20160527142016052910
20160527142016052911
20160527142016052912
20160527142016052913
20160527142016052914
20160527142016052915
20160527142016052916
20160527142016052917
20160527142016052918
20160527142016052919
20160527142016052920
20160527142016052921
20160527142016052922
20160527142016052923
20160527142016053000
20160527142016053001
20160527142016053002
20160527142016053003
20160527142016053004
20160527142016053005
20160527142016053006
20160527142016053007
20160527142016053008
20160527142016053009
20160527142016053010
20160527142016053011
20160527142016053012
20160527142016053013
20160527142016053014
002700160016001500150014001417142715271527152715371631163516351631163516351
63116351735173117351735173117351735173117351735173116351635163115351535153115351
53515311635163516311735173517311735173517311735173517311735173517311635163516311
63516351631153515351531153515351631163516351631173517351731173517351731173517351
005600160015001100150017001717172716271627162716271531163516351631163516351
63116351735173117351735173117351735173116351635163116351535153115351535153115351
53515311535163516311735173517311735173517311735173517311735173517311735163516311
63516351631163516351631163516351631163516351631163517351731173517351731173517351
015400150016001500160015001517162715271427142713371331143515351631173517351
63116351635173117351735173117351735163116351535153115351535153115351435143115351
53516311635163516311735173517311735173517311735173517311735173517311735173516311
63517351731173517351731163516351631163516351731173517351731173517351731173517351
027000100014001500140014001517162716271627162716371631163516351631163515351
53116351635173117351735173117351735173117351635163115351535153115351635163116351
63516311635163516311635163516311735173517311635163516311635173517311735163515311
53516351631163516351731173516351631163516351631163516351531153515351531163516351
070100130016001600170017001717172717271627142713271231123512351231123512351
23112351235133113351435143114351335133114351535163116351635163116351635173117351
73517311735173517311735173517311735173517311735173517311735173517311735173517311
73517351731173517351731173517351731173516351631163517351731173517351731173517351
110100140013001400120011001317132714271527162716371631153515351531143514351
43115351535153114351335123112351235123113351335143115351535163116351635163116351
63516311635163516311735173517311735173517311735163516311635163517311735173516311
63516351631163516351631163516351631163516351631173517351731163516351631173517351
120700160012001000100013001317131713271427142714371431143515351631163516351
73117351735173116351535143114351535153114351435133114351535163116351635163116351
63516311635163517311735173517311735173517311635163516311635163516311735173516311
63515351531153516351631163516351631163516351731173517351731163516351631163516351
130800180018001700140013001417152715271527153715371431153515351631173517351
73117351735173117351735163116351535153114351435143115351535153115351535153115351
63516311735173516311635163516311635163516311535153515311535153515311635163516311
63515351531153515351531163516351631163516351631163516351631163516351531153515351
145400120017001600160017001617152715271427142714371431143514351431143514351
43115351635163116351635163115351435143114351435143114351535153116351635163116351
63516311735173517311735173517311735173517311735173517311735173517311735173517311
73517351731173517351731163516351631163516351631163517351731173517351631173517351
149400130015001600170018001727162715271427142713371331133513351331133513351
33114351535163116351635163115351535143114351535153115351535153116351635163116351
73517311735173517311735173517311735173517311735173517311735173517311735173517311
73517351731173517351731163516351631163516351631173517351731173517351731173517351
156400110015001700160017001617162715271427143713371331133513351431143514351
43114351535163117351635163115351535143114351435143115351535153116351635163116351
73517311735173517311735173517311735173517311735173517311735173517311735173517311
73517351731173517351731163516351631163516351631173517351731173517351731173517351
168600170017001500160016001517142715271527153715371431133512351231113511351
23113351435153115351535153115351535163116351735173117351735173117351735173117351
73517311735173517311735173517311735173517311735173517311735173517311735173517311
73517351731173517351631163517351731173517351731173517351731173517351731173517351
180800170018001700140015001517142714271427142714271431143514351431143515351
53115351535153115351435143114351435143115351635173117351735173116351535153115351
63517311735173517311635163515311535163516311735173517311735163516311635173517311
73517351631163516351631163516351631163516351631173517351731173517351731173517351
190300140014001500160014001417142714271437142714371431143514351431153516351
73117351635163116351635163116351635163116351635163115351435133114351535163116351
73516311535143514311435143514311435143514311435153516311635173517311735163516311
63516351631163516351631163516351631163516351731173517351731173517351631173517351
222200130013001200150018001817182718271827173717371731163516351531143513351
33113351435153115351535143114351535153115351535153116351635153115351335133113351
33514311535153516311635163517311735173517311735163516311635163516311635163516311
63515351531153516351631163516351631153515351531153516351731173517351731163516351
240700180018001600170015001517152714271427132712371231113512351231133513351
33114351435143114351435143114351535163116351635163116351735173117351735163116351
63516311635173517311735173517311735173517311735173517311735173517311735173517311
63515351531153515351531163516351631173517351631163516351631163517351731173517351
255500150014001600170016001617162715271527142714371331123512351231133513351
43115351635163116351635163116351735173117351735173117351735173117351735173117351
73517311735173517311735173517311735173517311735173517311735173517311735173517311
63516351631163516351631173517351731173517351731173517351731173517351731173517351
260600140013001400160017001727172716271627162716371631163516351531143514351
43115351635173117351735173117351735173117351735173117351735163116351535153116351
63517311735173517311735173517311735173516311735173517311735173517311735173517311
63516351631163516351731173517351731173517351731173517351731173517351731173517351
280400140014001400140011001227122713271427142715371631163517351731173517351
73117351735173116351535153115351635163116351535153115351635173117351735173117351
73516311535153515311535163517311735173516311635163516311635163516311635163516311
63516351631163516351731173516351631163517351731173517351731173517351731173516351
299300120012001300120013001317132713271427143714371531153516351631173517351
73117351735173117351735173115351435133112351235133114351535163116351735173116351
53514311335133513311435163516311735163516311535153515311535163517311735173516311
63516351531153515351531153515351631163516351731173517351731173517351731173517351
434200150014001400150016001617152715271427143713371231123512351331143516351
73117351735173117351735173117351735173117351735173116351635153114351335143114351
63517311735173517311735173517311735173517311735173517311735173517311735173517311
73517351731173517351731173517351731173517351731173517351731173517351731173517351
460200110012001200120013001417152716271627152714271431153516351631173516351
63115351535153115351535153115351635163116351635163116351535153115351535143114351
33513311335143515311635163516311635163515311635163517311735173517311735173517311
73517351731173517351631163516351631163516351631163516351631163516351631163516351
481000100011001300110012001217112711271227122713271431143515351531153515351
43114351435143114351435133113351235123113351435153114351335133113351535163117351
73517311735173516311635163515311535163516311635163516311635163516311635163516311
63517351731173516351631163517351731173517351731173517351731173516351631163516351
497300120012001300160016001517142713271327122712271231133514351431143513351
33114351635173116351435133112351235133114351535163116351535153114351435133113351
33513311435153515311635163516311735173517311735173517311735173517311735173517311
63516351631163517351731173516351631163517351731173517351731173517351731173517351
510400150012001500140015001517152715371437143715371531163516351731173517351
73117351735173117351735173116351635153115351535143114351335133113351435153115351
63516311635163516311635173517311735173517311735173517311735173517311535143513311
33514351531153515351431143514351431153515351631163516351631163516351631173517351
579100120012001000110011001217132713271327133712371231133514351531153514351
33113351335143114351435143114351535153115351535153115351535153116351635163116351
73517311735173517311735173517311735173517311735163516311635163516311635163515311
53515351531143514351431143513351331133513351331123512351231133514351431143514351
588000110013001000100013001317132714271327132713271231123511351131113511351
13112351335133114351335133114351435153116351635153114351335123113351535163117351
63516311535153515311535163517311735173517311735173517311735173517311635163515311
43514351431143515351631163515351431143513351331133512351231133514351431143514351
621700160014001500160015001517151715271627162716371731173517351731163515351
43114351435153115351535153115351535153115351535163116351635163116351635163116351
63516311635153515311535163517311735173517311735173517311735173517311735163515311
53514351331133513351331133513351331133514351431153516351631173517351731173516351
630300120011001000100010001117111712271227122713271331143514351431143513351
33114351535163117351735173116351635163116351635163116351635163116351635163116351
63517311735173517311735173517311735173517311735173517311735173517311635163516311
63516351531163516351631163516351631163516351631153515351431143514351531153516351
643400130012001400140013001317132713271327133713371331143514351531163516351
63116351535153115351635173117351735173117351735173116351635163116351735173117351
73517311735173517311735173517311735173516311635153515311535153515311435143513311
33513351331143514351431133513351231123512351231123512351231123513351331133512351
645200130012001200120012001317142714271437133713371331133514351531163516351
53115351435143114351535163116351635163116351635163116351635163117351635163116351
63516311735173517311735163516311635163516311535153514311435143514311435133513311
23512351231123513351331133513351331123512351231123512351331133514351431143513351
650600150013001200120013001317132713271427143714371431143514351431143514351
43114351435143115351535163116351535153116351635163116351635163116351635163116351
63516311635153515311635163517311735173517311635163516311635153515311435133512311
23511351231123513351331133513351231123512351231123511351131123512351331133512351
675400140014001400110010001117111712171227132713271331123512351231123512351
23113351335143114351535153115351535153116351635163117351735163115351435143114351
53517311735173517311735163516311735173517311735173517311735163516311535133512311
13511351231123513351331123512351231123512351231123512351231123512351231123512351
690100150014001500130013001317132713371337132713271331133512351131113511351
13111351235123112351335133114351435153115351635153114351335133113351435153116351
63516311635163516311635163517311735173517311735173516311635163516311635153515311
43513351331123512351231123513351331133513351431143515351531153515351431133513351
747300120010001200100011001127122712271227132713271431143514351531153515351
53116351635163116351735173117351735163116351635163116351635153116351635163117351
73517311735173517311735163516311635163516311635163516311635163517311735173516311
63516351631163515351531153515351531153515351631153515351531153515351531163516351
