20160206011508
T2M TEDF  78  35 1
20160206012016020520
20160206012016020521
20160206012016020522
20160206012016020523
20160206012016020600
20160206012016020601
20160206012016020602
20160206012016020603
20160206012016020604
20160206012016020605
20160206012016020606
20160206012016020607
20160206012016020608
20160206012016020609
20160206012016020610
20160206012016020611
20160206012016020612
20160206012016020613
20160206012016020614
20160206012016020615
20160206012016020616
20160206012016020617
20160206012016020618
20160206012016020619
20160206012016020620
20160206012016020621
20160206012016020622
20160206012016020623
20160206012016020700
20160206012016020701
20160206012016020702
20160206012016020703
20160206012016020704
20160206012016020705
20160206012016020706
20160206012016020707
20160206012016020708
20160206012016020709
20160206012016020710
20160206012016020711
20160206012016020712
20160206012016020713
20160206012016020714
20160206012016020715
20160206012016020716
20160206012016020717
20160206012016020718
20160206012016020719
20160206012016020720
20160206012016020721
20160206012016020722
20160206012016020723
20160206012016020800
20160206012016020801
20160206012016020802
20160206012016020803
20160206012016020804
20160206012016020805
20160206012016020806
20160206012016020807
20160206012016020808
20160206012016020809
20160206012016020810
20160206012016020811
20160206012016020812
20160206012016020813
20160206012016020814
20160206012016020815
20160206012016020816
20160206012016020817
20160206012016020818
20160206012016020819
20160206012016020820
20160206012016020821
20160206012016020822
20160206012016020823
20160206012016020900
20160206012016020901
002  96   001  97   001  98   001  97   001  90   001  92   001  92   371
  92   471  91   471  89   671  88   771  87   971  87  1171  90  1171  94  1071
 100  1071 106   971 110   971 112   971 113   971 113   971 110   971 108   971
 107   971 108   871 108   871 108   971 108  1071 104  1171 101  1171  95  1271
  90  1271  84  1271  79  1371  76  1371  75  1371  76  1271  78  1271  80  1171
  82   971  84   871  88   971  90  1071  91  1171  91  1171  89  1171  89  1171
  89  1171  91  1071  93  1071  95  1171  97  1171  97  1271  93  1351  94  1451
  95  1411  97  1451 100  1451 100  1411  98  1451  94  1451  91  1411  90  1351
  90  1151  91  1011  92  1051  93  1151  95  1111  97  1151  98  1251  98  1211
  96  1251  94  1351  92  1361  89  1461  87  1461  84  1561  81  1561
005  97   001  96   001  96   001  96   001  99   001  97   001  95   471
  93   671  91   771  89   771  89   871  89   971  88  1071  92  1071  99  1071
 106   971 112   971 116   971 118   971 118   971 116   971 112   871 110   871
 109   971 110  1071 110  1171 108  1171 106  1171 103  1171 100  1171  98  1271
  94  1271  88  1271  80  1371  75  1371  73  1371  74  1471  77  1471  83  1371
  88  1171  93  1071  97  1071  98  1171  97  1171  94  1071  90  1071  87   971
  86  1171  87  1371  89  1571  90  1471  90  1471  90  1371  90  1451  90  1551
  91  1511  93  1551  96  1551  96  1511  94  1551  90  1551  88  1511  88  1551
  91  1451  94  1411  96  1451  98  1451  98  1411  97  1451  94  1451  91  1411
  87  1651  83  1851  80  2061  78  2061  76  1961  74  1961  73  1961
015  90   001  90   001  90   001  92   001  92   001  94   001  92   271
  88   471  85   571  83   671  83   871  83   871  83   971  87   971  93   971
 100   871 106   871 111   871 114   871 114   871 111   871 109   971 105   971
 103   971 102  1071 101  1071 103  1071 105  1171 105  1171 103  1171  97  1071
  92  1071  86  1071  81  1071  77  1071  74  1071  73  1171  75  1171  80  1171
  88  1171  94  1171  97  1171  96  1271  94  1271  90  1171  88  1171  84  1071
  81  1071  79  1171  78  1171  78  1271  80  1271  82  1371  80  1251  80  1251
  82  1111  86  1151  91  1251  93  1211  91  1251  88  1351  87  1311  91  1351
  97  1351 101  1311 101  1351  99  1251  96  1211  94  1351  93  1351  91  1411
  87  1451  83  1551  79  1561  77  1661  77  1661  76  1761  74  1761
027  96   001  97   001  97   001  95   001  96   001  95   001  94   371
  92   571  92   771  92   871  94   871  97   871 100  1071 105   971 111   971
 117   971 121   971 124  1071 124  1071 123  1171 120  1171 115  1071 110  1071
 106  1071 102  1071  99  1071  96  1171  94  1271  92  1371  90  1371  87  1471
  82  1471  75  1471  68  1371  65  1371  67  1271  73  1271  80  1171  86  1171
  91  1271  95  1271  98  1371  98  1371  95  1471  89  1471  82  1471  79  1471
  83  1471  90  1571  97  1571  99  1671 100  1771  99  1871  96  1651  94  1751
  92  1711  90  1751  89  1751  88  1711  88  1651  89  1651  90  1511  92  1651
  94  1651  97  1711  99  1751 100  1851  99  1811  95  1851  89  1851  84  1811
  80  1851  77  1851  76  1861  75  1961  74  2161  72  2261  70  2261
070  99   001  91   001  80   001  77   001  70   001  67   001  65   371
  65   671  65   871  67  1071  71  1071  77  1171  84  1371  91  1371  96  1371
 102  1371 109  1371 115  1271 120  1271 122  1171 119  1271 112  1371 106  1371
 101  1471 100  1671 100  1771 101  1771 101  1771  99  1771  94  1771  90  1771
  86  1671  85  1671  85  1671  86  1671  87  1571  86  1571  87  1471  88  1471
  90  1471  91  1471  93  1471  95  1471  93  1471  88  1471  80  1471  75  1371
  72  1571  72  1671  72  1871  72  1871  70  1971  69  1971  68  1851  69  1851
  73  1711  79  1851  85  1851  90  1811  91  1751  91  1651  91  1611  93  1651
  97  1651 101  1511 105  1651 107  1651 106  1611 102  1651  96  1551  90  1511
  85  1751  81  1951  77  2161  73  2261  70  2361  66  2361  63  2361
110 108   001 106   001 104   001 100   001 102   001 101   001 103   471
 106   771 109   871 110   971 110  1071 109  1071 107  1271 107  1271 109  1271
 112  1371 114  1371 113  1271 111  1271 107  1171 102  1171  98  1271  93  1271
  87  1371  81  1371  77  1471  74  1471  73  1371  71  1371  71  1371  71  1271
  71  1271  70  1371  69  1571  68  1671  68  1671  69  1671  71  1671  76  1571
  81  1571  86  1471  91  1471  93  1471  95  1471  95  1471  94  1471  94  1471
  95  1571  98  1671 101  1771 105  1771 108  1871 110  1871 107  1451 105  1351
 102  1311  98  1451  95  1451  92  1511  91  1551  92  1551  94  1511  98  1451
 103  1451 106  1311 107  1451 107  1451 104  1511 100  1551  95  1651  90  1611
  86  1751  82  1751  80  1861  79  1861  79  1861  79  1861  80  1761
120 102   001 103   001 100   001 100   001  99   001 100   001 101   371
 102   471 104   571 104   671 105   771 107   971 109  1071 111  1071 113  1071
 116   971 118   971 120  1071 122  1071 121  1171 115  1171 110  1271 101  1271
  93  1371  86  1471  83  1571  79  1571  75  1471  72  1471  68  1371  65  1371
  62  1271  59  1271  58  1271  57  1271  58  1371  61  1371  66  1471  73  1471
  80  1371  87  1371  93  1571  95  1671  95  1871  91  1771  86  1571  83  1471
  85  1571  88  1571  93  1671  97  1671 101  1671 102  1671 100  1451  98  1451
  95  1411  90  1451  85  1351  82  1311  81  1451  83  1451  86  1511  90  1551
  95  1651  99  1611 101  1751 102  1751 100  1811  96  1751  91  1651  86  1511
  81  1651  76  1751  73  1861  71  1861  69  1861  69  1861  69  1761
130  95   001  96   001  96   001  95   001  97   001  96   001  97   471
  98   871  98   771  98   971  97  1071  98  1071  99  1171 104  1071 111  1171
 119  1271 126  1371 129  1271 129  1071 127   971 123   971 116  1071 110  1071
 104  1071  98  1171  92  1171  87  1271  81  1371  77  1471  74  1371  70  1371
  67  1271  63  1271  60  1371  59  1371  61  1371  66  1371  74  1371  84  1371
  94  1471 103  1471 108  1571 109  1571 106  1671 100  1571  92  1571  88  1471
  88  1371  92  1371  97  1271 101  1371 104  1571 104  1671 105  1651 103  1551
 101  1511  98  1651  96  1651  94  1711  93  1751  93  1651  95  1611  99  1651
 105  1751 110  1711 113  1751 114  1851 112  1811 107  1751 100  1651  93  1511
  88  1551  85  1551  82  1561  79  1661  76  1761  74  1861  74  1861
145  84   001  77   001  72   001  73   001  70   001  70   001  71   471
  74   671  76   771  78   971  79   971  81  1071  84  1171  88  1171  95  1171
 103  1271 112  1271 118  1171 122  1071 123   971 122  1071 118  1171 115  1271
 111  1271 106  1371 103  1371 102  1271  99  1271  97  1171  94  1171  88  1271
  83  1271  78  1271  73  1171  69  1171  67  1171  68  1171  72  1171  79  1171
  87  1171  93  1171  95  1171  94  1071  91  1071  88  1171  85  1171  83  1271
  82  1271  81  1371  82  1371  83  1271  84  1271  86  1171  86  1251  88  1351
  91  1311  95  1451  97  1451  98  1511  95  1451  91  1451  88  1311  88  1351
  90  1451  92  1411  92  1351  92  1351  91  1211  91  1351  90  1551  89  1611
  87  1651  84  1751  81  1761  80  1661  78  1561  76  1461  74  1561
149  93   001  83   001  81   001  74   001  71   001  68   001  70   371
  74   571  78   671  81   771  83   771  84  1071  87  1171  91  1271  99  1371
 110  1371 121  1471 128  1371 132  1371 132  1271 129  1371 122  1371 115  1471
 111  1471 106  1471 105  1471 104  1371 104  1371 101  1271  98  1271  94  1271
  90  1271  85  1171  81  1171  77  1071  75  1171  76  1171  78  1271  85  1371
  94  1371 101  1471 103  1471 101  1371  97  1371  92  1371  86  1471  82  1471
  80  1471  80  1471  81  1471  82  1371  83  1371  85  1271  87  1351  90  1451
  94  1411  99  1451 102  1451 103  1411 100  1451  95  1351  93  1311  95  1451
 100  1551 104  1611 106  1551 105  1551 103  1411  99  1551  95  1651  91  1711
  87  1751  84  1851  82  1861  81  1761  81  1661  80  1561  77  1661
156  99   001  90   001  90   001  82   001  78   001  74   001  75   371
  79   671  82   871  85   871  87   871  88  1071  90  1271  94  1271 101  1271
 113  1171 123  1171 130  1171 134  1171 136  1171 135  1271 130  1371 125  1471
 123  1471 120  1371 117  1371 116  1371 115  1371 111  1371 107  1371 101  1371
  96  1371  90  1371  85  1271  82  1271  80  1271  80  1371  84  1371  90  1371
  96  1271 102  1271 105  1271 106  1271 104  1271 101  1371  99  1371  95  1471
  93  1471  90  1371  91  1371  91  1371  92  1471  93  1471  95  1451  98  1451
 102  1411 106  1451 108  1551 108  1511 104  1551 100  1451  97  1411  98  1451
 102  1351 106  1311 108  1351 107  1451 106  1411 104  1551 102  1651  99  1711
  96  1751  94  1651  92  1661  91  1661  89  1661  87  1661  84  1661
168  77   001  54   001  71   001  64   001  62   001  68   001  68   571
  66   771  65   971  66  1171  67  1071  70  1371  75  1571  84  1571  97  1571
 112  1571 127  1571 138  1471 143  1371 141  1271 133  1371 121  1571 112  1671
 107  1771 106  1871 106  1971 103  1971  99  1871  96  1871  95  1971  95  2171
  95  2271  93  2071  89  1971  86  1771  85  1671  86  1671  88  1571  94  1571
 101  1471 105  1471 108  1571 107  1571 103  1671  95  1671  87  1671  80  1671
  76  1771  75  1771  74  1871  71  1971  68  1971  67  2071  70  1851  74  1951
  79  1911  83  1951  85  1851  87  1811  89  1751  91  1751  95  1611 100  1651
 105  1651 110  1611 113  1651 112  1751 109  1711 102  1751  95  1651  88  1611
  84  1851  82  1951  80  2161  78  2261  76  2261  74  2361  72  2461
180  81   001  81   001  57   001  41   001  37   001  30   001  32   371
  38   671  43   871  45   971  47   871  51  1171  61  1471  72  1571  87  1671
 102  1771 116  1871 127  1771 131  1771 129  1671 121  1571 111  1571 101  1471
  98  1571  96  1671  96  1771  95  1771  94  1771  92  1771  89  1771  87  1671
  87  1671  88  1571  89  1571  89  1471  87  1571  84  1771  83  1871  84  1871
  87  1971  91  1971  94  1971  95  1871  93  1871  86  1671  77  1571  70  1371
  66  1471  66  1571  66  1671  67  1771  65  1771  63  1871  61  1851  61  1951
  63  1911  66  1851  70  1851  74  1711  78  1751  83  1851  89  1811  96  1951
 103  2051 108  2111 110  2051 109  2051 104  1911  97  1851  89  1651  82  1511
  78  1651  76  1851  74  1961  73  1961  73  2061  72  2061  71  2161
190  51   001  32   001  24   001  13   001  10   001   1   001   1   471
   5   771  10   971  14  1171  18  1071  26  1371  39  1471  54  1571  75  1671
  99  1771 118  1871 131  1971 135  1971 132  2071 119  1871 102  1571  86  1371
  74  1571  65  1671  59  1871  54  1771  49  1671  47  1571  47  1571  46  1671
  47  1671  45  1571  43  1571  43  1471  46  1571  53  1571  62  1671  73  1771
  83  1771  90  1871  93  1971  92  2071  88  2171  82  1971  74  1671  69  1471
  66  1571  65  1771  65  1871  63  1771  61  1671  58  1571  57  1551  58  1551
  59  1511  61  1551  65  1551  69  1511  74  1651  81  1651  90  1711 102  1951
 113  2051 121  2211 123  2251 119  2351 112  2311 104  2051  96  1851  89  1511
  85  1651  83  1751  80  1861  78  1861  75  1761  73  1761  71  1861
222  91   001  91   001  87   001  77   001  91   001  97   001  98   371
  99   371 100   771 102   871 103   971 104   871 104   971 108   871 112   971
 120  1071 125  1171 128  1271 130  1271 129  1371 126  1371 123  1271 118  1271
 110  1171 104  1171  99  1071  96  1171  92  1371  89  1471  86  1471  82  1371
  79  1371  76  1371  74  1271  73  1271  73  1271  76  1371  80  1371  87  1371
  95  1371 102  1371 107  1571 109  1771 107  1971 102  1871  97  1671  93  1571
  92  1471  95  1371  99  1271 104  1371 108  1571 110  1671 109  1451 109  1451
 109  1411 109  1451 110  1351 109  1311 107  1451 105  1451 104  1511 106  1451
 110  1451 115  1311 119  1551 121  1851 120  2011 115  1951 109  1751 102  1611
  97  1551  94  1351  91  1261  90  1361  89  1561  88  1661  88  1661
240  63   001  58   001  52   001  56   001  53   001  56   001  57   371
  58   571  59   671  61   771  62   771  62   871  64   971  71   971  83  1071
  98  1071 115  1171 127  1271 135  1271 136  1371 131  1271 122  1171 115  1071
 111  1071 109  1071 108  1071 106  1071 103   971 100   971  95  1071  91  1171
  85  1271  78  1271  71  1171  67  1171  67  1171  71  1071  76  1071  85  1171
  93  1171 100  1271 105  1371 107  1571 106  1671 101  1471  94  1371  88  1171
  87  1271  90  1271  92  1371  95  1271  96  1271  96  1171  95  1151  95  1251
  96  1411  98  1451 101  1351 102  1311 101  1251  99  1251  98  1111  99  1251
 102  1351 106  1411 110  1551 112  1551 111  1611 106  1451  99  1351  93  1111
  89  1151  88  1251  87  1261  86  1361  84  1361  82  1461  79  1561
255  66   001  66   001  64   001  53   001  44   001  36   001  37   271
  43   471  50   671  53   771  56   871  60  1171  68  1271  78  1171  93  1271
 110  1271 126  1371 138  1371 143  1471 143  1471 135  1371 126  1171 115  1071
 108  1071 104  1171 101  1171 100  1271  97  1271  95  1371  92  1371  88  1371
  81  1371  76  1471  71  1571  68  1671  67  1671  69  1571  74  1571  81  1571
  91  1471  98  1471 103  1571 105  1671 102  1771  95  1571  88  1371  82  1171
  80  1171  78  1271  78  1271  77  1371  74  1371  73  1471  73  1351  75  1451
  78  1411  83  1551  88  1651  91  1711  91  1751  90  1651  90  1611  93  1651
  98  1551 103  1511 107  1651 108  1751 106  1811 100  1651  93  1451  87  1211
  83  1251  82  1351  80  1361  79  1461  77  1661  76  1761  74  1861
260  63   050  63   030  65   350  68   750  72  1050  75  1450  76  1771
  74  1571  71  1671  69  1671  69  1771  74  1571  82  1471  94  1271 107  1371
 122  1471 135  1571 147  1571 154  1471 153  1471 143  1471 128  1471 115  1471
 111  1571 110  1771 112  1871 112  1971 110  2171 108  2271 106  2071 105  1971
 101  1771  94  1871  86  1871  81  1971  81  1771  84  1471  89  1271  93  1371
  98  1371 102  1471 107  1571 109  1671 107  1771  99  1671  87  1571  79  1471
  74  1571  75  1671  75  1771  73  1971  69  2171  65  2371  69  2051  72  1951
  76  1811  81  1951  86  2051  90  2111  91  1851  91  1651  93  1311  98  1351
 104  1451 110  1411 114  1551 115  1651 111  1711 103  1751  93  1751  86  1711
  84  1851  86  1851  84  1961  82  2161  79  2461  77  2661  76  2461
280  41   001  28   001  20   001  10   001   5   001  22   001  28   471
  27   771  25   871  24  1071  26   971  32  1271  43  1471  58  1471  77  1471
  98  1471 115  1471 127  1471 131  1471 129  1471 123  1471 114  1371 105  1371
  99  1571  95  1671  92  1871  91  1871  89  1871  88  1871  87  1771  86  1771
  86  1671  86  1671  86  1671  84  1671  81  1671  77  1671  76  1671  76  1671
  81  1671  85  1671  90  1671  91  1771  89  1771  83  1671  74  1471  66  1371
  60  1571  55  1771  53  1971  51  1971  50  1971  48  1971  46  1751  48  1651
  51  1611  56  1651  62  1651  68  1611  72  1651  75  1551  78  1511  82  1551
  88  1651  93  1611  98  1651 101  1651 100  1611  95  1551  88  1351  80  1211
  74  1451  70  1751  67  1961  66  2061  65  2061  64  2161  64  2161
299  53   001  68   001  62   001  50   001  49   001  43   001  40   571
  38   971  38   971  39  1171  41  1171  44  1371  48  1471  59  1471  75  1471
  96  1471 114  1471 129  1571 137  1671 135  1771 122  1671 104  1571  85  1471
  73  1471  64  1471  60  1471  55  1571  50  1671  43  1771  41  1871  39  1871
  41  1971  46  1871  52  1871  57  1771  58  1771  57  1871  58  1871  59  1871
  63  1771  69  1771  72  1871  76  1871  75  1971  71  1771  64  1671  59  1471
  56  1471  57  1471  56  1471  55  1571  51  1771  48  1871  46  1851  46  1951
  46  1911  48  1951  52  1851  58  1811  66  1851  77  1851  88  1811 100  1851
 109  1851 116  1811 118  1951 115  1951 108  2011  99  1851  89  1751  82  1511
  79  1551  79  1451  79  1461  77  1561  73  1761  69  1861  66  1961
434 100   001  86   001  84   001  79   001  75   001  77   001  73   271
  68   471  64   571  61   671  59   771  57   971  59  1071  66  1171  81  1271
  98  1271 115  1371 124  1371 127  1371 125  1371 118  1371 111  1271 103  1271
 100  1271  96  1171  95  1171  93  1171  91  1271  86  1271  80  1271  71  1271
  64  1271  57  1171  53  1171  51  1071  51  1171  54  1271  58  1371  63  1371
  71  1471  77  1471  80  1571  81  1671  79  1771  74  1671  67  1471  63  1371
  61  1371  62  1371  64  1371  66  1371  68  1471  69  1471  67  1351  67  1451
  68  1411  71  1351  75  1351  77  1211  77  1351  77  1451  77  1511  80  1551
  84  1651  89  1611  93  1751  96  1751  96  1811  92  1651  86  1551  81  1311
  78  1351  76  1351  75  1361  75  1361  75  1461  74  1461  73  1561
460  49   001  62   001  72   001  79   001  88   001  82   001  77   571
  72   771  68   871  64   971  62   871  63  1171  68  1371  79  1371  97  1471
 118  1571 135  1671 146  1571 151  1571 148  1471 138  1471 127  1471 117  1471
 113  1471 113  1471 114  1471 113  1571 113  1671 112  1771 111  1771 109  1871
 104  1871  97  1771  88  1571  81  1471  77  1571  77  1571  80  1671  86  1671
  92  1571 100  1571 105  1671 106  1771 103  1871  96  1771  87  1771  80  1671
  77  1571  77  1571  78  1471  78  1571  75  1771  74  1871  74  1751  75  1851
  77  1911  80  1851  84  1651  87  1511  90  1651  92  1651  96  1711 102  1751
 108  1751 114  1711 117  1851 117  1851 114  1911 107  1851 100  1851  94  1711
  92  1751  92  1751  91  1761  90  1861  88  1961  87  2061  86  2161
481  51   001  52   001  48   001  52   001  58   001  76   001  79   271
  75   371  69   471  67   671  67   771  69  1171  75  1371  86  1471 101  1471
 118  1471 132  1471 141  1471 144  1371 142  1371 137  1371 129  1271 124  1271
 118  1371 117  1371 117  1471 119  1371 120  1371 121  1271 122  1271 123  1271
 124  1271 123  1271 119  1271 114  1271 106  1371  98  1371  90  1471  86  1471
  86  1571  86  1571  88  1571  90  1671  89  1671  84  1671  77  1571  70  1571
  65  1571  63  1671  61  1671  59  1671  59  1571  58  1571  57  1151  59  1251
  61  1211  64  1251  67  1251  70  1211  73  1351  77  1451  84  1511  96  1551
 109  1651 119  1611 123  1651 122  1651 117  1611 111  1651 105  1651 100  1611
  96  1651  94  1751  92  1761  90  1761  89  1761  89  1761  89  1861
497  13   001  12   001   7   001   2   001   0   001  -2   001   0   471
   3   671   4   771   3   971   1   971  -1  1171   1  1471  14  1471  41  1771
  71  2171  96  2471 104  2371 100  2171  89  2071  75  1871  64  1671  53  1471
  46  1371  43  1271  42  1171  44  1171  45  1271  46  1271  45  1271  43  1171
  42  1171  41  1271  39  1471  35  1571  29  1671  24  1871  22  1971  25  2171
  31  2371  38  2571  40  2471  39  2471  35  2371  29  2071  22  1871  14  1571
   8  1471   3  1371  -1  1271  -3  1271  -5  1371  -7  1371 -10  1251  -9  1251
  -8  1211  -9  1351 -10  1451  -9  1511  -5  1751   3  2051  18  2211  39  2351
  60  2551  74  2611  76  2451  70  2351  61  2111  53  1951  46  1751  40  1511
  35  1451  30  1351  27  1261  26  1361  26  1461  27  1561  28  1661
510  98   001  98   001  90   001  88   001  81   001  75   001  69   371
  64   671  60   771  59   871  58   971  59   871  64   971  74   871  94  1171
 116  1471 137  1771 150  1671 157  1571 158  1471 154  1371 147  1271 139  1171
 133  1271 125  1371 119  1471 113  1471 105  1471 100  1471  96  1471  93  1471
  90  1471  88  1471  86  1371  84  1371  83  1371  84  1271  89  1271  96  1571
 106  1771 113  2071 118  2071 118  1971 115  1971 108  1771 101  1471  96  1271
  95  1371  96  1371  99  1471 100  1571 100  1571 100  1671 101  1451 101  1451
 102  1311 105  1451 108  1451 110  1511 110  1551 109  1551 111  1511 117  1751
 125  2051 133  2211 138  2151 140  2151 139  2011 134  1851 127  1651 121  1411
 117  1551 114  1551 112  1661 110  1661 109  1661 108  1661 108  1661
579  61   001  47   001  43   001  42   001  34   001  29   001  29   571
  32   971  35  1071  38  1271  43  1371  52  1571  68  1671  87  1471 109  1471
 130  1471 147  1471 156  1471 155  1471 149  1471 139  1471 131  1471 122  1471
 120  1571 119  1571 117  1671 116  1771 114  1771 112  1871 110  1971 106  2071
 106  2171 108  2071 111  1971 112  1871 109  1771 104  1671 101  1571  99  1571
 100  1671 103  1671 107  1671 109  1671 107  1671 100  1671  88  1671  78  1671
  72  1771  67  1871  64  1971  61  2071  57  2071  56  2171  52  2151  50  2351
  46  2411  40  2351  36  2251  37  2111  46  1951  61  1851  81  1611 102  1751
 122  1851 137  1911 144  1851 144  1851 139  1711 131  1751 123  1651 116  1611
 111  1751 108  1851 103  1961  99  2061  95  2061  92  2161  90  2461
588  60   001  39   001  31   001  24   001  14   001   2   001  -1   771
   2   971   7  1171  12  1371  17  1471  26  1971  40  2371  56  2371  75  2171
  94  2071 110  1871 120  1971 121  1971 116  2071 107  2071  97  2171  88  2171
  81  2171  78  2071  79  2071  78  2171  76  2171  74  2271  71  2371  69  2371
  68  2471  70  2471  74  2571  75  2571  72  2571  67  2571  62  2571  61  2471
  62  2271  67  2171  72  2171  77  2171  79  2171  77  2171  71  2171  64  2171
  55  2171  47  2171  41  2171  36  2271  34  2271  31  2371  27  2351  28  2451
  25  2411  19  2551  12  2651   9  2711  14  2651  25  2651  41  2511  60  2451
  79  2351  94  2211 103  2351 105  2351 103  2411  97  2451  88  2351  80  2311
  73  2251  68  2251  63  2161  59  2261  56  2461  54  2561  51  2561
621  67   001  65   001  64   001  52   001  41   001  37   001  35   471
  33   671  31   771  30   971  31  1171  35  1471  48  1671  67  1571  94  1571
 122  1471 143  1471 155  1371 155  1371 148  1271 136  1471 119  1671 106  1871
  92  1871  86  1971  83  1971  83  1971  82  2071  83  2071  82  1971  80  1871
  76  1771  71  1971  66  2171  62  2371  60  2171  62  2071  67  1871  74  1871
  81  1771  89  1771  92  1871  91  1971  87  2071  80  2071  72  1971  65  1971
  61  2071  59  2171  58  2271  58  2371  58  2371  58  2471  58  2151  59  2151
  58  2011  56  2251  55  2551  59  2711  71  2551  87  2451 106  2211 123  2151
 137  1951 145  1811 147  1951 142  2051 134  2111 123  2151 110  2151  99  2111
  90  2251  84  2251  81  2361  81  2361  83  2361  85  2361  87  2361
630 116   001 110   001 108   001  97   001  75   001  65   001  63   371
  65   571  67   671  68   771  71   971  75  1171  82  1271  94  1171 109  1271
 125  1371 140  1471 152  1471 158  1471 157  1471 149  1371 134  1271 122  1171
 114  1171 110  1271 106  1271 104  1271 101  1271  99  1271  96  1271  93  1271
  90  1271  84  1371  78  1571  73  1671  72  1571  75  1571  82  1471  91  1471
  99  1571 108  1571 112  1571 112  1571 108  1571 102  1471  95  1371  89  1271
  86  1371  82  1371  81  1471  80  1471  79  1471  78  1471  76  1351  80  1451
  83  1411  84  1551  84  1751  85  1811  89  1751  97  1651 109  1511 125  1551
 141  1651 154  1611 159  1651 159  1751 153  1711 144  1651 135  1551 126  1411
 119  1451 114  1551 110  1561 105  1561 101  1661  97  1661  95  1761
643  82   001  69   001  81   001  87   001  89   001  95   001  96   371
  94   571  94   671  95   971  98   971 102  1171 106  1171 112  1171 123  1171
 134  1171 142  1171 146  1171 146  1271 142  1271 136  1271 131  1171 127  1171
 127  1271 127  1371 129  1471 130  1471 131  1371 131  1371 132  1271 133  1271
 134  1171 136  1271 138  1271 136  1371 130  1371 121  1371 114  1371 112  1371
 115  1271 120  1271 124  1371 126  1371 123  1471 114  1371 104  1371  94  1271
  89  1371  89  1471  89  1571  88  1571  88  1571  86  1571  78  1451  76  1451
  74  1411  71  1551  68  1551  70  1611  78  1551  91  1451 106  1311 122  1351
 137  1351 149  1311 156  1451 158  1551 156  1611 150  1551 142  1451 134  1311
 127  1451 122  1651 117  1761 112  1761 109  1661 106  1661 104  1761
645  70   001  59   001  72   001  69   001  95   001  99   001  98   271
  93   471  87   771  83   871  82  1071  85  1271  93  1271 105  1171 121  1271
 137  1271 148  1371 152  1371 151  1371 145  1371 137  1371 129  1471 122  1471
 116  1571 114  1671 114  1771 116  1671 118  1571 120  1471 120  1471 118  1471
 117  1471 118  1571 120  1571 120  1671 116  1571 111  1471 108  1371 107  1371
 110  1471 114  1471 118  1571 119  1571 116  1671 108  1671  96  1571  86  1571
  79  1771  76  1871  73  2071  71  1971  71  1771  72  1671  70  1651  70  1551
  66  1511  58  1651  52  1751  52  1811  64  1651  83  1551 105  1311 125  1451
 142  1551 154  1611 161  1651 164  1751 160  1711 151  1751 139  1651 127  1611
 118  1751 112  1951 107  2061 103  1961 101  1861 100  1761 100  1961
650 103   001  83   001  97   001 101   001 103   001 105   001 103   271
 100   771  97   671  95  1271  96  1371 100  1471 105  1471 115  1371 127  1371
 141  1471 150  1471 154  1371 153  1171 149  1071 144  1071 137  1071 130  1071
 127  1171 126  1371 125  1471 127  1471 128  1371 129  1371 129  1371 126  1471
 126  1471 127  1571 129  1671 128  1771 124  1771 120  1671 116  1671 115  1671
 116  1571 120  1571 122  1471 123  1371 121  1271 114  1171 106  1171  98  1071
  91  1371  85  1571  81  1871  78  1771  78  1771  77  1671  77  1551  74  1651
  70  1711  65  1951  63  2051  64  2211  71  2151  83  1951  98  1811 114  1751
 129  1651 141  1511 148  1451 150  1251 148  1111 142  1151 133  1151 125  1111
 118  1351 114  1651 110  1861 107  1761 105  1761 104  1661 103  1861
675  85   001  80   001 103   001 106   001 102   001 101   001  98  1171
  95  1471  94  1671  95  1871  97  1871 100  1971 101  2171 104  2171 110  2071
 117  1871 121  1771 125  1671 125  1471 123  1371 119  1271 113  1271 109  1171
 107  1471 107  1671 107  1971 107  1971 105  2071 103  2071 103  2171 104  2271
 105  2371 106  2371 108  2471 107  2471 103  2371 100  2371  98  2271  98  2071
 103  1971 107  1771 112  1771 116  1671 117  1671 111  1571 103  1471  94  1371
  88  1571  84  1771  80  1971  77  2071  71  2071  69  2171  71  2251  70  2251
  68  2311  66  2351  64  2251  63  2211  65  2251  71  2251  83  2211 101  2151
 120  2051 136  1911 145  1951 146  1851 141  1811 131  1651 119  1451 109  1211
 103  1451 101  1751  98  1961  95  2061  93  2161  92  2261  91  2361
690 106   001  93   001  93   001  89   001  88   001  89   001  87   371
  85   471  84   571  86   771  88   771  91  1171  96  1371 103  1471 111  1471
 121  1371 128  1371 132  1371 133  1271 132  1271 131  1371 127  1571 123  1671
 119  1571 115  1571 112  1471 111  1371 112  1371 111  1271 109  1271 107  1371
 105  1371 105  1371 105  1371 104  1371 101  1371  99  1471  99  1471 105  1371
 114  1371 120  1271 124  1271 124  1171 123  1171 122  1271 121  1471 118  1571
 114  1571 109  1471 104  1471 100  1471  96  1371  93  1371  92  1251  88  1351
  84  1311  79  1351  76  1351  75  1311  78  1351  86  1451  96  1411 109  1451
 122  1551 133  1511 141  1451 145  1451 145  1311 140  1451 133  1651 126  1711
 121  1651 118  1651 114  1561 110  1561 107  1461 104  1461 101  1461
747  95   001  98   001 104   001 109   001 107   001  83   001  78   671
  83   871  90   971  94  1471  98  1571 102  1371 109  1471 120  1371 133  1371
 146  1371 156  1371 161  1471 162  1471 158  1571 151  1471 143  1471 136  1371
 133  1571 131  1771 130  1971 128  1871 125  1671 123  1571 122  1771 122  1871
 122  2071 121  1971 119  1971 115  1871 109  1871 105  1871 104  1871 109  1771
 116  1671 124  1571 129  1671 130  1771 128  1871 123  1771 118  1571 113  1471
 108  1571 105  1671 102  1771  98  1771  95  1771  92  1771  87  1851  87  2051
  84  2211  75  2251  68  2251  68  2211  82  2051 105  1951 129  1711 149  1651
 163  1651 171  1511 174  1751 172  1851 167  2011 159  1851 149  1751 139  1511
 129  1651 120  1751 114  1861 108  1861 105  1961 103  1961 102  2161
NT  TEDF  78  35 1
20160206012016020520
20160206012016020521
20160206012016020522
20160206012016020523
20160206012016020600
20160206012016020601
20160206012016020602
20160206012016020603
20160206012016020604
20160206012016020605
20160206012016020606
20160206012016020607
20160206012016020608
20160206012016020609
20160206012016020610
20160206012016020611
20160206012016020612
20160206012016020613
20160206012016020614
20160206012016020615
20160206012016020616
20160206012016020617
20160206012016020618
20160206012016020619
20160206012016020620
20160206012016020621
20160206012016020622
20160206012016020623
20160206012016020700
20160206012016020701
20160206012016020702
20160206012016020703
20160206012016020704
20160206012016020705
20160206012016020706
20160206012016020707
20160206012016020708
20160206012016020709
20160206012016020710
20160206012016020711
20160206012016020712
20160206012016020713
20160206012016020714
20160206012016020715
20160206012016020716
20160206012016020717
20160206012016020718
20160206012016020719
20160206012016020720
20160206012016020721
20160206012016020722
20160206012016020723
20160206012016020800
20160206012016020801
20160206012016020802
20160206012016020803
20160206012016020804
20160206012016020805
20160206012016020806
20160206012016020807
20160206012016020808
20160206012016020809
20160206012016020810
20160206012016020811
20160206012016020812
20160206012016020813
20160206012016020814
20160206012016020815
20160206012016020816
20160206012016020817
20160206012016020818
20160206012016020819
20160206012016020820
20160206012016020821
20160206012016020822
20160206012016020823
20160206012016020900
20160206012016020901
002400160016001800160017001717172717271727172717371735173117351735173116351
63515311535153515311535153516311635163517311635163516311635163516311535143514311
43514351531153515351531153515351631163516351631163516351631163516351631163516351
63116351635163116351635163116351635163116351635153115351435143614361436143614361
005400140014001600140015001517162716271727172717371635163116351535153115351
53515311535153515311535153515311635163516311635163516311635163516311535143514311
43514351531153515351531153516351731173517351731163516351631163516351631163516351
63116351635163116351635163116351635163116351535153114351335133614361436153615361
015300140014001400160014001417152715271627162716371735173117351735163115351
53514311435143514311435143515311535163516311735173517311735173516311535143514311
43515351531153515351531153515351531163516351631163516351631163517351731173517351
73116351635163115351535153116351635163115351535153114351435143614361436143615361
027400150014001400180017001717172717271727172717371735163116351635163116351
63515311535153514311535153516311635163516311635163515311435133512311235123513311
43515351531163516351631163516351631163516351531153515351531153515351531153515351
53115351535153116351635163116351635163115351535153115351435143614361436153615361
070300140014001500140014001517152715271527152715371635163117351735173116351
53514311335123512311335133514311535163516311735173517311735173517311735163515311
63516351631163516351531153515351531153516351631163516351631163517351731173517351
73117351735173117351735173117351735173116351635163115351535153615361536153615361
110700160017001500140014001417142715271527152716371635173117351735173117351
73517311735173517311735163515311435133512311135123512311335143514311435143514311
43514351531153516351631163516351631163517351731173516351631153515351531153514351
43114351435153115351535153115351535153115351635163116351535143614361436143614361
120700170017001700140014001417152715271527162716371635163116351535153115351
53515311635173517311735173516311435133512311235123512311235123512311235133514311
53515351531163517351731163516351531153516351631153515351531153515351531153516351
63115351535153115351535153115351535153115351635163115351435133613361236133614361
130700150014001700180017001717172717271727172717371735173116351635163116351
63516311635163517311735173517311635153514311335123512311135123512311235133513311
43515351631163516351631163516351731163516351531153515351531153515351531153515351
53115351435153115351635173116351635153115351535153115351535153615361536153616361
145400140014001400140014001517161715271527152715371635163116351535153114351
33513311335143514311435143514311535153516311735173517311735173516311635153514311
43514351531153515351531153516351631173517351731163516351531153516351631163517351
73117351735173117351635163116351635163115351535143114351435153615361536153615361
149400140014001400140014001517162715271527152715371635163116351535143113351
33513311335143514311435143514311535163516311735173517311735173517311635153514311
43515351531153515351531153516351631163517351731173516351631163516351631173517351
73117351735173117351635163116351635163116351535153114351435143615361536153615361
156400140014001400140014001517161715271527152715371635163116351535143114351
33513311335143514311435143514311535163516311735173517311735173517311635153514311
43515351531153515351531153516351631173517351731173516351631163516351631173517351
73117351735173117351635163116351635163115351535143114351435143614361436153615361
168400140014001400150015001517152715271527152715371535143114351335123111351
13512311335143514311435143514311335143514311535163517311735173517311735163516311
53515351631163515351531153515351531153516351631173517351731173517351731173516351
63116351735173117351735173117351635163115351535153115351535153615361536153615361
180600110012001400140015001417142714271537153715371535153115351535153114351
33512311235123513311435143514311435143514311435143515311535163517311735173517311
73517351731173517351731163515351531153515351531153515351531153515351531163516351
73117351735173117351735173117351735173117351635163116351635163616361636163616361
190000100010001000120014001517151715271527152715371535153115351435143114351
33513311235123512311235133513311335133513311335133514311535153516311735173517311
73517351731173517351631163516351631163515351431133513351231133514351531163516351
63117351735173117351735173117351735163116351535153115351535163616361636163616361
222400140014001400170014001417151715271527152715371635163115351535143114351
43514311535163517311735173517311635163515311435133513311235123512311235133513311
43515351631163516351631163516351631173517351731173516351631163516351531153515351
63116351635163117351735173116351635163116351535153115351535163616361636163616361
240400140016001400140014001417142714271427152715371635163115351435133113351
33513311335143515311535153515311635163517311735173517311635153514311335123512311
33514351531163515351531153516351631163516351631163516351731173516351631163516351
63116351735173117351735173116351635153115351635163115351535153615361536153615361
255400140014001400140014001417142715271527152715371435133112351235113111351
13512311235133514311435143514311535163517311735173517311735173517311635163515311
63516351631163516351531153515351531153515351631153515351531163516351631163515351
53116351635173117351735173117351735173116351635163116351535153615361536163616361
260400140014001400140014001417151715271627162715371435123111351135113112351
33514311435143514311435133513311435153516311735173517311735173517311735173516311
63516351631153515351531163516351631163516351631163516351731173517351631153515351
53115351635173117351735173117351735163116351535153115351535153615361636163616361
280200140014001400140014001417141714271427142714371535153115351535143114351
53515311535153514311435133512311335153516311635153515311635163517311835173517311
73517351731173517351731163516351531153515351531153515351531143514351431153516351
63117351735173117351735173117351735173116351535153115351535153615361636163616361
299000100010001000140014001517151715271527152714371435143114351435143114351
43514311435143514311435143514311335133513311335133513311435153515311635163516311
73517351731173517351731173516351631153515351531143513351231123513351331143514351
53116351635173117351735173117351635163116351635163115351535153615361536163616361
434400140014001400140014001417142714271427142714371335133113351335133113351
43514311435153514311335123512311335153517311835173517311735173517311635163515311
43514351531153516351631163515351531153516351731173517351731163516351631163516351
63116351735173117351735173117351735173116351635153115351535153615361536153616361
460400140013001400130014001417141714271327132713271335133113351335143114351
53515311535153514311435143515311535153515311535153516311635173517311735173517311
73517351731163516351531153515351531153515351431143513351331133514351431153515351
53115351635163117351735173117351735163116351535153115351535153615361536153615361
481300120011001300130014001417142715271527152715271535143114351435143114351
53515311535153514311435133513311335143514311435143515311535163517311735173517311
73517351731173517351731163515351531143514351431143513351331123512351231133514351
53116351635173117351635163116351735173117351735173116351635163616361636163616361
497000100013001400140014001417142713271327132714371435143114351435133114351
43515311535153515311535143513311335143514311535163516311635173517311735173517311
73517351731173517351731173517351731163516351631153514351331133513351331143514351
43115351535153116351635173117351735173117351735163116351635163616361636163615361
510400140014001400140014001417141714271427142714271335123112351235123112351
23512311335143515311635163517311735173517311735173517311535143512311235123513311
43515351531153516351631163516351631163516351631163516351631163516351631163515351
53115351635163117351735173117351735173116351535153115351635163616361636163616361
579000100010001300140014001417142714271527152715371535163116351735173117351
73517311735173517311735173517311735173517311735173517311735173517311735173517311
73517351731173517351731163515351431143513351331123512351131123513351331143514351
43115351635173117351735173117351635163115351535153115351535153615361536153615361
588000100010001000120014001417142715271527152715371435143114351635173117351
73517311735173517311735173517311735173517311735173517311735173517311735173517311
73517351731173517351731173517351731163515351431123512351131113511351131113512351
23113351435153115351535153115351635173117351635163115351535153615361536153615361
621400150015001500140011001117112711271227122712371235123112351235123112351
33513311435143514311435143514311535153516311635173517311735173517311735163516311
63516351631163516351631163516351531153514351431143514351431143514351431143515351
53116351635163116351535143115351535153115351435133113351335143614361536153615361
630400140014001400140014001417132713271427142714271435143113351235123112351
33514311435143514311335133513311435153516311635173517311735173517311735163516311
53515351431153515351531163516351631153515351531153515351531153515351431143513351
33113351435153116351635173117351735173116351635153115351535153615361536153614361
643300140013001400140014001517152715271527152716371635173117351735173117351
73517311735173517311735173517311735173517311735173517311735173517311735173517311
73517351631153513351231123512351331133513351331123512351231123512351231133513351
43114351435153115351535153115351535153114351435143114351435143614361436143614361
645000120013001400140014001517151715271527152716371635173117351735173117351
73517311735173517311735173517311735173517311735173517311735173517311735173517311
73517351631163515351531143514351331133512351231123512351231123512351231133514351
43115351535153115351635163116351635153115351435143114351435143615361536153615361
650000110014001400140014001417142714271437143715371535153116351635163117351
73517311735173516311635163516311635163517311735173517311735173517311735173517311
73517351731173517351731173516351631143513351231113511351131113511351131113511351
23112351335143114351435143114351435143115351535153115351535153615361536153615361
675300140015001100130014001417152715271627162717371735173117351735173117351
73517311735173517311735173517311735173517311735173517311735173517311735173517311
73517351731173517351731173517351731173516351631163515351531153515351531133512351
13112351335143114351335123113351435153115351535143114351535153615361536143614361
690100110012001200120013001417142714271427142715271535163116351735173117351
73517311735173517311735173517311735173517311735173517311735173517311735173517311
73517351731173517351731173517351731173517351731173517351731173516351531143513351
33113351435143114351335133113351335143114351435143114351435143614361436143614361
747300140014001400140014001517152715271527152716371635163115351435133113351
33514311435153515311535153514311435153515311535163516311635173517311735173517311
73517351731153514351331133513351431143514351431143514351431143514351431143515351
53115351635163116351535153115351535153114351435143113351435143614361436143614361
