20160402231429
T2M TEDF  78  35 1
20160402232016040218
20160402232016040219
20160402232016040220
20160402232016040221
20160402232016040222
20160402232016040223
20160402232016040300
20160402232016040301
20160402232016040302
20160402232016040303
20160402232016040304
20160402232016040305
20160402232016040306
20160402232016040307
20160402232016040308
20160402232016040309
20160402232016040310
20160402232016040311
20160402232016040312
20160402232016040313
20160402232016040314
20160402232016040315
20160402232016040316
20160402232016040317
20160402232016040318
20160402232016040319
20160402232016040320
20160402232016040321
20160402232016040322
20160402232016040323
20160402232016040400
20160402232016040401
20160402232016040402
20160402232016040403
20160402232016040404
20160402232016040405
20160402232016040406
20160402232016040407
20160402232016040408
20160402232016040409
20160402232016040410
20160402232016040411
20160402232016040412
20160402232016040413
20160402232016040414
20160402232016040415
20160402232016040416
20160402232016040417
20160402232016040418
20160402232016040419
20160402232016040420
20160402232016040421
20160402232016040422
20160402232016040423
20160402232016040500
20160402232016040501
20160402232016040502
20160402232016040503
20160402232016040504
20160402232016040505
20160402232016040506
20160402232016040507
20160402232016040508
20160402232016040509
20160402232016040510
20160402232016040511
20160402232016040512
20160402232016040513
20160402232016040514
20160402232016040515
20160402232016040516
20160402232016040517
20160402232016040518
20160402232016040519
20160402232016040520
20160402232016040521
20160402232016040522
20160402232016040523
002  95   001  95   001  97   001  95   001  96   001 100   001 102   371
 101   471  98   671  95   671  92   671  92   771  94   871 100   971 109   971
 122  1071 132  1071 141   971 149   971 156   971 162   971 164   971 162   871
 158   671 152   571 146   671 139   771 133   871 127   871 121   771 116   771
 112   871 108   871 104   971  99   971  95   971  92   971  95   971 100  1071
 106  1071 110  1071 115   971 117   971 120  1071 121  1071 121  1171 120  1071
 117   871 114   771 112   871 108   971 107  1071 105  1071 104  1071 103  1071
  90   851  88   951  87   911  86   951  86   951  87   911  90  1051  93  1151
  98  1211 103  1251 107  1151 110  1111 111  1151 111  1251 108  1211 103  1151
  98   951  93   811  90   851  87   951  85   961  83   961  81  1061
005  96   001  97   001 100   001  99   001  99   001  99   001  98   571
  95   771  92   771  89   771  88   971  87  1071  90  1171  97  1171 108  1071
 121   971 135   971 150  1071 163  1071 174  1071 180   971 181   971 174   871
 165   971 153   971 145   971 137   971 131   971 124  1071 119  1071 114  1171
 111  1171 107  1171 104  1171  97  1271  92  1271  91  1371  95  1271 103  1171
 113  1071 123  1071 128   971 134   971 137  1071 137  1071 135  1171 130  1171
 125  1271 117  1271 112  1171 108  1171 105  1071 100  1171  98  1271  96  1371
  77  1251  75  1151  73  1111  70  1151  67  1251  70  1211  80  1251  94  1151
 109  1111 122  1151 132  1151 137  1111 138  1151 134  1251 128  1211 120  1251
 111  1351 102  1311  94  1251  86  1251  80  1161  74  1261  70  1361
015 106   001 103   001 106   001 107   001 113   001 119   001 121   671
 119   871 116   971 114  1071 111  1071 109  1071 110  1171 115  1071 126   971
 138   871 150   871 164   971 173   971 181  1071 185  1071 184  1171 176  1071
 166   971 156   871 150   971 145  1071 143  1171 141  1171 137  1271 133  1271
 130  1271 126  1371 123  1371 116  1371 111  1471 110  1471 114  1371 121  1371
 128  1271 134  1171 139  1171 143  1071 144  1071 147  1271 146  1371 141  1271
 135  1171 130  1071 124  1171 122  1271 119  1371 118  1371 115  1471 113  1471
  89  1351  86  1351  84  1311  82  1351  81  1351  85  1311  94  1351 106  1251
 119  1211 130  1251 139  1351 146  1311 151  1451 152  1451 150  1511 143  1451
 133  1251 122  1111 112  1251 103  1351  95  1461  87  1461  81  1461
027  70   001  71   001  71   001  66   001  61   001  69   001  69   471
  66   671  64   871  62   971  58  1071  55  1071  57  1171  71  1171  91  1171
 112  1071 131  1071 146  1171 158  1171 164  1171 165  1071 162   971 154   871
 142   871 128   771 115   871 103   871  94   971  86  1071  81  1171  79  1271
  78  1271  77  1371  74  1371  69  1371  65  1271  66  1271  74  1171  87  1071
 100   971 114  1171 126  1171 132  1171 134  1171 131  1071 124  1071 113   971
 103   971  94   871  91   971  89  1071  88  1171  86  1271  83  1271  81  1371
  66  1351  65  1351  63  1311  59  1351  56  1451  59  1411  69  1351  85  1251
 101  1111 114  1151 124  1151 130  1111 131  1151 129  1151 124  1111 117  1151
 108  1051  98  1011  88  1051  79  1051  72  1061  66  1161  62  1361
070 127   001 112   001 108   001 105   001 103   001 107   001 110   771
 111  1171 111  1371 111  1471 111  1571 112  1671 115  1771 122  1571 132  1471
 147  1271 158  1271 168  1371 175  1371 177  1571 177  1671 174  1671 167  1471
 160  1371 153  1271 146  1371 139  1471 135  1671 133  1771 127  1871 125  1871
 119  1871 114  1871 111  1871 105  1771 102  1771 104  1771 109  1571 118  1571
 127  1471 134  1471 141  1471 146  1571 148  1571 150  1671 148  1671 142  1571
 134  1371 128  1271 123  1371 119  1471 118  1671 116  1871 113  1971 109  2071
  86  1851  84  1851  82  1811  81  1851  82  1851  87  1711  97  1651 109  1551
 122  1411 133  1551 141  1751 147  1811 150  1851 151  1951 149  1911 144  1751
 137  1651 128  1411 118  1551 108  1651 100  1761  93  1861  86  1961
110 104   001  91   001  82   001  81   001  84   001  86   001  86   471
  85   771  84   871  84   971  83   971  82  1071  84  1071  92   971 104   971
 115   871 122   871 125   971 125   971 122   971 119   971 115  1071 111   971
 109   871 105   771 100   871  94   871  90   971  89  1071  88  1171  88  1271
  87  1371  84  1371  81  1471  77  1371  76  1371  78  1271  87  1271  98  1171
 110  1171 117  1171 121  1071 123  1071 123   971 123  1071 120  1171 115  1071
 108   971  99   871  92   871  85   971  80   971  76  1071  73  1171  71  1271
  70  1351  67  1351  62  1411  56  1451  52  1551  55  1511  67  1451  83  1351
 100  1211 112  1151 119   951 122   811 122   951 119  1051 115  1111 110  1151
 105  1051  98  1011  91  1151  84  1151  78  1261  74  1361  71  1561
120 105   001  99   001  96   001  91   001  79   001  66   001  63   371
  64   571  65   771  64   871  63   871  63  1071  68  1171  78  1071  91  1071
 106   971 120   971 132  1071 136   971 133   871 127   871 120   871 116   771
 113   771 107   771  99   771  87   871  79   871  75   971  75   971  75  1071
  75  1171  72  1171  70  1271  69  1271  69  1371  72  1371  79  1371  91  1271
 102  1271 112  1271 120  1171 125  1171 126  1171 124  1171 120  1171 114  1171
 105  1071  97  1071  88  1071  82  1071  78  1071  75  1071  71  1171  71  1171
  65  1251  63  1251  60  1311  57  1451  56  1451  59  1511  68  1451  82  1451
  95  1311 106  1351 113  1251 117  1211 118  1251 116  1351 112  1311 106  1351
  99  1251  92  1211  85  1251  79  1151  74  1161  69  1161  66  1261
130  88   001  83   001  82   001  80   001  75   001  62   001  58   771
  58  1071  57  1271  53  1271  51  1371  50  1471  54  1471  66  1271  85  1271
 107  1071 127  1171 143  1171 153  1271 153  1271 148  1171 139  1171 130  1171
 123  1071 113  1071 101  1071  93  1171  86  1271  84  1371  82  1371  82  1471
  81  1571  79  1571  75  1671  72  1671  69  1571  71  1571  77  1471  90  1371
 103  1271 114  1271 124  1271 131  1271 134  1371 134  1371 130  1471 123  1371
 113  1171 104  1071  95  1071  90  1171  85  1171  84  1271  83  1371  82  1471
  69  1751  68  1751  65  1811  61  1851  58  1751  61  1711  73  1651  90  1451
 108  1311 122  1351 132  1351 139  1311 143  1451 144  1551 142  1611 136  1551
 127  1351 115  1211 102  1251  89  1351  79  1361  71  1461  64  1461
145  87   001  94   001  97   001  98   001  99   001  99   001  98   571
  97   771  96   971  95  1071  93   971  90  1071  91   971  99   971 114  1071
 129  1071 144  1171 158  1271 167  1371 172  1471 172  1371 169  1471 162  1371
 154  1171 145  1171 139  1071 133  1071 127   971 121   971 115  1071 111  1071
 106  1071 102  1171  98  1171  94  1171  92  1071  93  1071  97  1071 102  1171
 110  1171 118  1271 124  1371 129  1471 134  1571 134  1571 132  1671 126  1571
 118  1571 111  1471 107  1371 105  1371 105  1271 104  1271 103  1271 101  1271
  85  1251  84  1251  83  1211  81  1251  79  1151  81  1111  87  1151  96  1251
 105  1211 112  1351 118  1551 123  1611 127  1751 130  1751 131  1811 128  1751
 124  1551 118  1411 112  1451 107  1351 100  1361  94  1361  88  1261
149  96   001  95   001  98   001 101   001 104   001 107   001 108   571
 107   871 105  1071 103  1271 101  1271 100  1271 102  1271 109  1171 121  1171
 137  1071 152   971 164  1071 175  1071 179  1171 179  1371 174  1471 166  1371
 156  1271 147  1171 141  1171 136  1171 132  1171 128  1171 123  1171 118  1171
 113  1271 109  1271 106  1371 103  1371 102  1271 104  1271 108  1271 113  1171
 119  1171 126  1271 133  1371 138  1471 141  1571 141  1571 138  1671 131  1571
 124  1571 117  1471 113  1471 112  1371 112  1371 111  1371 112  1271 110  1271
  92  1451  90  1451  88  1511  87  1451  87  1451  90  1311  97  1351 105  1251
 115  1211 124  1351 131  1451 137  1511 140  1651 141  1751 139  1811 135  1751
 130  1651 124  1511 119  1551 114  1451 108  1461 102  1461  96  1361
156 101   001 100   001 103   001 106   001 109   001 107   001 109   471
 112   771 113   871 110  1071 107  1071 104  1171 106  1171 114  1171 125  1071
 142  1071 157  1071 171  1071 180  1171 186  1171 184  1271 179  1371 171  1271
 163  1271 156  1171 151  1171 147  1071 142   971 137   971 131  1071 126  1071
 122  1071 118  1171 115  1171 111  1171 109  1171 109  1171 112  1171 118  1171
 125  1171 133  1271 139  1371 146  1471 147  1571 146  1571 142  1571 136  1571
 130  1471 123  1471 120  1371 116  1271 117  1171 120  1171 121  1171 121  1171
 106  1251 103  1251 100  1311  97  1351  96  1351  98  1311 103  1351 111  1251
 119  1211 127  1451 133  1551 138  1711 141  1751 141  1751 140  1711 138  1651
 135  1651 131  1511 127  1451 123  1351 117  1261 112  1261 107  1161
168 121   001 111   001 116   001 109   001 112   001 119   001 120  1171
 118  1471 116  1671 114  1671 115  1671 115  1671 117  1771 122  1571 132  1271
 141  1071 152  1071 160  1271 166  1271 172  1371 173  1571 171  1671 166  1671
 159  1571 150  1571 141  1671 132  1771 127  1771 123  1871 122  1971 121  2071
 119  2071 115  1971 111  1971 107  1871 105  1871 105  1771 111  1571 120  1471
 127  1271 135  1371 140  1371 145  1471 149  1571 148  1671 146  1771 139  1671
 131  1671 123  1571 119  1671 117  1671 116  1771 114  1871 113  2071 110  2171
  94  1951  92  1851  92  1811  93  1851  96  1751 100  1711 107  1651 114  1451
 122  1311 129  1551 134  1751 140  1911 146  1951 150  1951 151  1911 147  1851
 139  1751 129  1611 120  1751 112  1751 107  1861 102  1961  98  1961
180 119   001 114   001 114   001 106   001 103   001  95   001  93   671
  94   971  97  1271 100  1371 103  1471 104  1471 108  1571 117  1371 127  1271
 137  1071 146  1171 152  1371 156  1571 159  1571 159  1571 157  1671 152  1471
 147  1471 141  1371 137  1471 136  1671 134  1671 131  1671 128  1771 128  1771
 126  1871 126  1971 123  2071 118  1971 113  1771 112  1671 117  1571 125  1471
 132  1371 136  1371 140  1571 143  1671 149  1671 154  1671 155  1671 150  1571
 141  1471 132  1371 125  1371 119  1671 115  1771 111  1871 108  1871 106  1871
  99  1851  98  2051  97  2111  96  2051  96  1851  99  1711 105  1651 115  1651
 126  1511 138  1651 149  1751 158  1811 163  1851 164  1851 161  1811 153  1751
 143  1751 133  1611 126  1751 121  1851 117  1961 113  1961 109  2061
190 122   001 115   001 115   001 105   001 100   001 100   001  97   571
  94   771  91  1071  91  1171  92  1171  95  1371 100  1471 107  1471 117  1371
 130  1271 147  1471 162  1771 179  1771 190  1971 194  1971 192  2071 183  1871
 168  1571 153  1471 144  1371 137  1271 132  1171 130  1271 130  1271 128  1371
 123  1371 117  1471 112  1471 111  1471 112  1571 116  1571 123  1471 132  1471
 141  1371 148  1371 155  1371 162  1471 172  1671 177  1971 177  2071 169  1871
 156  1671 143  1371 135  1271 129  1371 127  1271 125  1371 122  1571 119  1671
 108  1651 105  1751 102  1711 101  1751 101  1751 106  1711 115  1751 127  1651
 140  1611 152  1651 164  1651 174  1611 183  1851 188  2151 186  2311 175  2151
 160  1851 146  1611 137  1551 133  1551 127  1461 121  1561 117  1661
222 119   001  95   001  89   001  84   001  83   001  83   001  80   671
  77   971  75  1171  73  1171  70  1171  67  1171  71  1071  85  1071 106  1071
 125  1171 141  1271 149  1271 151  1471 149  1371 143  1371 135  1171 128   971
 121   871 114   771 105  1071  96  1271  91  1571  87  1571  87  1571  86  1571
  87  1571  88  1471  88  1471  84  1371  81  1271  80  1171  86  1271  95  1171
 104  1271 114  1271 122  1371 130  1371 135  1371 137  1171 136  1271 131  1171
 121   971 112   871 102  1071  93  1371  88  1571  84  1571  83  1571  83  1571
  82  1551  82  1551  81  1511  79  1451  78  1351  81  1211  90  1351 103  1351
 117  1411 129  1451 139  1551 146  1511 150  1451 151  1451 150  1311 146  1251
 139  1051 130   911 118  1151 105  1451  94  1661  86  1761  79  1761
240 108   001  94   001  77   001  76   001  74   001  75   001  79   671
  83   871  84   871  81   971  74   971  69  1071  71  1171  85  1171 106  1071
 128  1171 147  1171 161  1171 169  1271 171  1271 169  1171 161  1171 151  1071
 140  1171 130  1171 122  1171 116  1271 109  1271 104  1271  99  1171  96  1171
  94  1171  92  1171  91  1171  84  1171  79  1071  78  1071  84  1171  94  1171
 106  1371 117  1371 125  1471 131  1471 134  1471 134  1271 131  1271 124  1271
 116  1371 110  1471 106  1471 105  1571 102  1571 101  1471  98  1371  96  1271
  92  1151  91  1251  89  1211  85  1251  82  1251  84  1211  93  1251 105  1351
 118  1311 127  1351 133  1251 138  1211 143  1251 146  1351 147  1311 144  1351
 139  1451 132  1411 124  1451 116  1551 108  1561 101  1461  94  1361
255 103   001 101   001  99   001  99   001 102   001 105   001 105   771
 102   871 100   871  97   971  94   971  92  1071  94  1171 104  1171 118  1171
 137  1171 156  1271 170  1371 182  1471 184  1471 180  1471 172  1371 163  1371
 154  1471 143  1471 131  1471 121  1571 114  1671 108  1571 105  1471 103  1371
 100  1271  97  1271  93  1171  86  1171  81  1271  82  1271  88  1371 100  1371
 112  1371 123  1371 132  1371 137  1371 140  1471 139  1371 134  1471 125  1471
 116  1571 107  1571 101  1571 100  1571 100  1571 101  1571 103  1471 103  1471
  93  1451  90  1351  87  1311  85  1351  86  1351  89  1311  96  1351 105  1251
 115  1211 123  1351 130  1351 135  1411 139  1551 141  1551 141  1611 137  1651
 132  1651 125  1611 119  1651 113  1551 109  1561 104  1561 101  1661
260 113   001 112   001 113   001 109   001 111   001 110   001 108  1271
 106  1871 105  2071 104  2171 101  2071  99  1971 101  1971 111  1771 125  1571
 142  1371 157  1471 169  1571 178  1671 183  1671 183  1471 179  1471 171  1471
 162  1471 150  1471 138  1771 127  1871 120  2171 115  2171 111  2271 109  2371
 105  2371 101  2471  94  2471  89  2271  85  2171  87  1971  96  1871 108  1871
 123  1671 135  1771 142  1871 148  1871 150  1871 145  1771 139  1771 129  1771
 120  1771 113  1871 111  1871 111  1871 111  1871 109  2071 106  2271 102  2471
  93  2451  91  2551  89  2611  88  2451  87  2351  90  2111  96  1851 105  1651
 115  1311 124  1451 132  1551 138  1611 143  1751 146  1751 146  1811 142  1851
 137  1751 130  1711 124  1851 119  1951 113  2061 108  2261 102  2361
280  96   001  91   001  83   001  84   001  89   001  88   001  87   771
  87  1071  88  1171  91  1271  91  1271  91  1271  92  1271  97  1371 108  1271
 119  1271 132  1271 142  1271 151  1271 155  1371 158  1571 157  1671 153  1571
 145  1471 141  1471 132  1471 127  1371 122  1271 117  1371 115  1371 112  1471
 107  1471 102  1571 101  1571  95  1571  92  1471  93  1471 100  1471 111  1271
 121  1271 130  1271 137  1271 143  1271 148  1471 150  1571 150  1771 144  1571
 136  1571 128  1371 121  1371 116  1271 112  1371 109  1471 105  1571 103  1671
  98  1451  96  1451  94  1411  91  1451  90  1351  92  1311 100  1451 112  1451
 124  1511 135  1551 144  1451 151  1411 156  1651 159  1751 158  1911 153  1751
 146  1551 137  1311 129  1351 122  1451 115  1461 110  1561 105  1661
299 116   001 106   001 102   001  96   001  91   001  87   001  90   871
  95  1271 100  1471 101  1571 102  1671 101  1771 104  1871 114  1771 130  1671
 147  1471 162  1471 176  1571 185  1671 188  1771 186  1771 179  1971 169  2071
 158  1971 145  1871 136  1871 128  1871 124  1871 119  1871 116  1871 113  1871
 111  1871 107  1971 106  1971 104  1971 104  1871 108  1871 117  1771 129  1671
 141  1571 147  1571 153  1571 157  1671 164  1771 169  1771 170  1771 165  1771
 154  1771 142  1771 132  1871 122  1771 117  1771 114  1871 112  2071 110  2171
 105  1951 103  2051 100  2011  97  2051  95  1951  99  1911 110  1851 126  1651
 142  1511 156  1651 167  1651 175  1711 179  1851 180  1951 176  2011 168  2051
 157  2151 145  2111 135  2051 126  1851 120  1761 114  1861 110  1961
434 116   001 111   001 110   001 109   001 114   001 117   001 114   371
 108   671 102   871  99   871  98   971  98  1071 102  1071 111  1071 125  1071
 139  1071 154   971 164  1071 170  1071 172  1371 168  1371 160  1571 148  1471
 136  1271 121  1171 113  1271 105  1271  99  1171  92  1071  87  1071  83   971
  80   971  79  1071  74  1071  72  1071  71  1071  73  1071  79  1271  87  1271
  97  1471 108  1471 118  1471 124  1471 130  1771 128  1971 124  2071 116  1771
 108  1671 100  1471  95  1471  92  1471  90  1471  89  1371  87  1171  86  1071
  92   951  90  1051  88  1011  88  1051  89  1151  91  1111  94  1151  97  1151
 103  1111 111  1151 119  1251 126  1211 131  1451 133  1751 133  1911 130  1751
 126  1651 120  1411 114  1451 109  1451 105  1461 102  1361 100  1261
460 147   001 132   001 126   001 126   001 124   001 126   001 123   871
 117  1171 113  1571 111  1671 109  1771 109  1771 111  1971 117  1971 128  1871
 141  1871 156  1971 169  2071 178  2171 183  2171 181  2071 176  1871 169  1771
 160  1471 150  1371 140  1471 127  1671 119  1771 110  1871 107  2071 104  2171
 100  2171  96  2271  91  2271  88  2271  88  2271  92  2271  99  2271 108  2171
 119  2171 131  2171 141  2271 150  2171 152  2071 150  2071 143  1971 132  1871
 122  1671 112  1571 110  1671 112  1871 113  1971 111  2071 108  2271 104  2371
  97  2251  93  2351  91  2311  91  2351  94  2251  99  2211 106  2251 115  2151
 123  2111 130  2151 136  2251 143  2211 150  2151 156  2151 157  2011 151  1951
 142  1951 133  1811 127  1951 124  2051 122  2161 119  2161 116  2261
481 134   001 126   001 134   001 137   001 135   001 139   001 137   471
 133   571 130   771 127   871 125   971 122  1071 121  1271 125  1271 132  1471
 140  1471 149  1771 157  1871 161  2171 159  1971 153  1771 149  1571 148  1571
 148  1671 148  1771 146  1871 139  1671 136  1571 131  1471 129  1371 127  1171
 125  1271 125  1371 120  1471 116  1471 113  1571 112  1571 117  1571 123  1571
 130  1571 136  1671 140  1971 145  2071 148  1971 150  1971 152  1871 152  1871
 150  1871 148  1871 144  1671 140  1671 135  1471 131  1371 129  1371 128  1271
 118  1351 115  1351 113  1411 112  1451 113  1551 116  1511 121  1651 128  1751
 135  1811 143  2051 150  2151 156  2311 161  2151 164  2051 164  1811 162  1751
 157  1751 151  1611 144  1651 138  1551 133  1561 130  1561 126  1461
497 166   001 169   001 166   001 165   001 157   001 154   001 143   771
 129  1271 116  1671 105  1971  97  1971  93  1971  96  1971 108  2171 128  2171
 148  2271 161  2471 168  2571 173  2671 172  2771 168  2871 160  2671 152  2271
 141  2071 131  1771 121  1771 111  1871 106  1871 102  1871 100  1971  99  1871
  95  2071  89  2171  84  2371  78  2271  76  2171  82  2071  97  2271 117  2471
 136  2671 148  2771 153  2871 157  2971 161  2971 163  3171 158  3171 146  2671
 130  2371 115  1971 106  1971 100  1871  98  1871  95  1871  94  1871  92  1871
  83  2151  81  2351  78  2411  75  2351  76  2351  83  2211  99  2251 121  2351
 141  2311 156  2451 166  2551 174  2611 180  2851 183  2951 178  3111 165  2751
 147  2251 129  1811 115  1751 105  1651  95  1561  88  1561  84  1661
510 170   001 157   001 148   001 142   001 141   001 126   001 119   571
 116   771 113   971 110  1171 103  1171  98  1371 101  1371 116  1271 135  1171
 157  1071 175  1171 187  1171 193  1271 192  1271 185  1271 175  1271 165  1271
 155  1171 143  1171 133  1171 124  1071 114  1071 107  1071 101  1171  97  1171
  93  1171  89  1271  86  1271  84  1371  85  1371  88  1471  96  1471 106  1471
 116  1471 128  1471 137  1271 145  1271 153  1371 156  1371 156  1371 151  1271
 142  1271 133  1171 125  1171 118  1171 113  1071 107  1171 104  1171 101  1271
 103  1151 100  1251  98  1211  96  1251  96  1351  98  1311 103  1351 111  1351
 120  1311 129  1351 138  1351 146  1311 152  1351 156  1451 157  1411 154  1451
 149  1351 142  1311 136  1351 130  1251 124  1261 119  1361 115  1361
579 131   001 126   001 126   001 123   001 120   001 119   001 117   571
 116   871 115  1171 115  1271 116  1271 118  1471 120  1571 127  1471 134  1571
 144  1471 152  1571 158  1571 161  1671 161  1671 158  1771 155  1771 152  1771
 150  1671 142  1671 133  1771 125  1771 115  1771 112  1771 111  1671 110  1671
 108  1671 102  1571 101  1571 101  1571 103  1671 109  1671 118  1671 131  1671
 141  1671 149  1671 156  1771 161  1771 165  1871 166  1771 164  1871 158  1771
 150  1571 142  1471 136  1671 131  1871 129  1971 127  1971 125  1871 123  1871
 121  1751 119  1751 117  1711 116  1751 118  1751 122  1711 129  1751 139  1651
 148  1611 156  1651 164  1751 170  1711 175  1751 178  1851 178  1811 173  1751
 166  1651 157  1511 149  1651 143  1851 137  1961 133  1961 128  1861
588 163   001 159   001 160   001 147   001 139   001 129   001 121  1071
 114  1271 109  1371 105  1471 103  1471 104  1571 107  1771 113  1771 123  1671
 136  1571 149  1471 162  1471 171  1371 171  1471 166  1571 159  1571 152  1471
 146  1271 140  1171 135  1271 130  1371 126  1471 121  1571 114  1671 110  1771
 104  1771 100  1671  97  1671  95  1671  96  1771 101  1771 109  1771 121  1671
 132  1671 146  1571 156  1471 165  1371 170  1571 171  1671 167  1871 160  1671
 150  1571 140  1371 132  1471 126  1471 120  1571 117  1671 114  1871 110  1971
 104  1751 100  1651  98  1611  99  1751 102  1751 109  1811 118  1751 130  1751
 142  1611 154  1551 165  1551 174  1411 180  1651 183  1851 181  2011 175  1851
 165  1751 154  1511 143  1651 132  1651 124  1761 118  1861 114  2061
621 133   001 132   001 104   001 104   001 107   001  98   001  89   571
  81   871  74  1071  68  1171  63  1371  62  1471  71  1571  95  1571 126  1671
 155  1671 175  1671 184  1571 186  1571 184  1671 179  1571 171  1671 162  1571
 149  1471 136  1471 121  1371 106  1471  92  1471  84  1471  78  1371  75  1371
  74  1471  72  1571  72  1671  70  1671  72  1571  78  1571  90  1571 106  1571
 124  1671 136  1671 146  1771 152  1771 153  1771 154  1871 150  1971 144  1871
 135  1771 123  1671 112  1471 100  1471  91  1371  83  1471  78  1571  76  1571
  84  1751  81  1751  79  1811  78  1751  78  1751  80  1611  84  1751  90  1751
  95  1811  99  1851 102  1951 107  1911 113  1951 119  2051 122  2011 120  1951
 115  1951 108  1811 101  1751  96  1751  92  1661  90  1661  89  1761
630 147   001 141   001 135   001 129   001 122   001 125   001 123   871
 120  1071 117  1071 114  1071 110  1071 108  1171 110  1271 122  1271 140  1371
 158  1371 173  1471 186  1471 192  1471 195  1471 193  1371 188  1271 180  1271
 170  1171 159  1271 147  1271 136  1171 129  1171 122  1171 116  1271 114  1271
 112  1271 112  1271 109  1271 104  1271 102  1371 103  1371 111  1371 122  1571
 133  1571 146  1671 156  1571 163  1671 168  1671 168  1671 165  1671 157  1671
 147  1571 138  1471 131  1371 125  1371 120  1271 115  1271 110  1271 107  1271
 120  1351 119  1251 118  1211 117  1251 117  1351 116  1311 115  1351 115  1351
 116  1311 119  1451 123  1551 129  1611 135  1651 140  1751 142  1711 140  1751
 134  1651 128  1611 123  1551 119  1451 117  1361 117  1461 117  1461
643 139   001 142   001 137   001 139   001 136   001 136   001 133  1371
 131  1371 130  1471 131  1471 131  1471 132  1571 133  1571 135  1471 139  1271
 142  1171 145  1271 146  1271 146  1371 146  1371 146  1371 144  1371 139  1271
 135  1271 131  1171 127  1171 124  1271 124  1271 122  1371 120  1371 118  1471
 116  1471 117  1371 114  1371 112  1471 113  1571 118  1671 125  1571 133  1471
 141  1371 144  1471 144  1471 145  1571 145  1571 145  1571 143  1671 140  1571
 138  1371 135  1271 136  1271 139  1371 139  1371 140  1571 137  1671 135  1771
 134  1551 132  1451 131  1411 130  1551 130  1551 133  1611 138  1451 144  1351
 149  1111 151  1151 150  1251 149  1211 149  1451 150  1551 150  1711 150  1651
 149  1551 147  1411 145  1451 142  1551 139  1561 136  1661 132  1761
645 143   001 140   001 135   001 132   001 130   001 132   001 132   771
 131  1071 131  1171 131  1271 132  1371 132  1271 134  1371 138  1371 142  1571
 148  1571 152  1671 155  1971 158  1971 158  1971 156  1971 153  1971 148  1771
 142  1671 137  1471 127  1671 118  1671 111  1671 110  1671 109  1671 110  1671
 111  1671 110  1671 112  1671 113  1571 116  1571 120  1471 128  1571 137  1671
 145  1771 152  1871 156  1971 160  2071 160  2071 159  2071 155  2171 150  1971
 143  1571 137  1471 134  1571 130  1671 129  1771 128  1871 126  1871 126  1871
 123  1651 123  1651 123  1511 125  1551 127  1551 132  1511 138  1651 144  1751
 150  1811 154  1951 156  1951 159  2011 162  2151 165  2151 166  2211 163  2051
 158  1751 151  1511 144  1651 138  1851 133  1961 130  1961 128  1961
650 161   001 160   001 166   001 165   001 167   001 168   001 164   571
 159   771 155  1071 154  1271 155  1371 157  1471 159  1671 164  1571 168  1371
 173  1271 176  1271 174  1271 173  1271 170  1271 166  1371 161  1371 156  1271
 150  1171 147  1071 143  1271 143  1271 141  1371 136  1371 132  1371 129  1371
 127  1371 127  1471 124  1471 123  1571 124  1671 129  1771 141  1471 152  1371
 164  1171 171  1271 172  1271 174  1371 173  1271 171  1471 167  1371 161  1271
 155  1071 151  1071 150  1171 151  1171 152  1271 151  1371 148  1471 146  1471
 140  1551 139  1551 140  1611 142  1651 145  1751 151  1711 159  1651 167  1451
 175  1311 181  1451 184  1451 187  1511 189  1551 190  1651 188  1611 183  1451
 177  1351 170  1111 165  1351 160  1451 156  1661 151  1661 146  1661
675 187   001 171   001 164   001 173   001 167   001 172   001 166   971
 156  1471 146  1771 140  1771 137  1771 136  1671 138  1771 146  1871 156  1971
 169  2171 179  1971 189  1571 192  1371 189  1471 183  1471 176  1571 169  1371
 166  1171 161   971 157  1071 151  1071 146  1171 141  1371 135  1671 130  1871
 126  1971 124  2071 122  2171 117  2071 118  2071 124  1971 137  1871 152  1871
 167  1771 174  1671 176  1571 177  1471 178  1671 178  1771 176  1971 170  1771
 163  1471 154  1271 147  1271 143  1371 139  1371 135  1571 131  1771 127  1971
 125  2051 121  2151 118  2211 116  2251 118  2251 125  2211 138  2151 153  1951
 167  1811 177  1751 182  1751 186  1611 188  1751 189  1851 186  1911 180  1751
 171  1551 163  1311 156  1351 151  1451 147  1461 143  1761 139  2061
690 184   001 170   001 169   001 156   001 161   001 154   001 151   671
 150   871 148  1071 146  1071 145   971 145  1071 148  1071 156  1371 165  1571
 173  1871 177  1571 176  1271 174   871 172   971 170   971 168  1171 165  1071
 162   971 158   971 156  1071 154  1171 153  1071 151  1071 149  1171 146  1171
 143  1271 140  1271 137  1371 136  1371 137  1271 141  1271 148  1471 155  1571
 161  1771 161  1471 158  1371 155  1071 154  1171 154  1171 154  1271 152  1171
 150  1171 147  1171 146  1171 144  1271 144  1271 143  1271 144  1171 143  1171
 139  1351 137  1251 136  1211 137  1251 140  1251 145  1211 152  1351 160  1451
 166  1511 169  1451 171  1251 171  1111 172  1251 172  1251 171  1311 169  1351
 166  1251 162  1211 159  1251 156  1351 154  1361 153  1461 152  1661
747 129   001 126   001 125   001 115   001 115   001 108   001 105   771
 104  1071 103  1371 103  1571 106  1471 111  1571 116  1571 121  1571 125  1571
 129  1471 135  1571 140  1571 149  1671 159  1471 168  1371 172  1271 169  1171
 160  1071 151   971 142  1171 134  1371 129  1571 128  1571 125  1571 124  1571
 120  1671 114  1771 109  1871 106  1771 106  1771 111  1671 120  1571 132  1671
 143  1571 152  1671 156  1771 160  1871 164  1871 167  1771 167  1671 163  1471
 157  1371 148  1171 140  1371 134  1471 129  1671 127  1671 128  1571 126  1571
 124  1651 121  1751 121  1811 124  1651 128  1551 131  1311 132  1451 131  1451
 130  1511 131  1651 133  1851 138  1911 144  1851 150  1851 153  1711 150  1551
 145  1451 138  1211 133  1351 130  1351 127  1461 125  1461 123  1561
NT  TEDF  78  35 1
20160402232016040218
20160402232016040219
20160402232016040220
20160402232016040221
20160402232016040222
20160402232016040223
20160402232016040300
20160402232016040301
20160402232016040302
20160402232016040303
20160402232016040304
20160402232016040305
20160402232016040306
20160402232016040307
20160402232016040308
20160402232016040309
20160402232016040310
20160402232016040311
20160402232016040312
20160402232016040313
20160402232016040314
20160402232016040315
20160402232016040316
20160402232016040317
20160402232016040318
20160402232016040319
20160402232016040320
20160402232016040321
20160402232016040322
20160402232016040323
20160402232016040400
20160402232016040401
20160402232016040402
20160402232016040403
20160402232016040404
20160402232016040405
20160402232016040406
20160402232016040407
20160402232016040408
20160402232016040409
20160402232016040410
20160402232016040411
20160402232016040412
20160402232016040413
20160402232016040414
20160402232016040415
20160402232016040416
20160402232016040417
20160402232016040418
20160402232016040419
20160402232016040420
20160402232016040421
20160402232016040422
20160402232016040423
20160402232016040500
20160402232016040501
20160402232016040502
20160402232016040503
20160402232016040504
20160402232016040505
20160402232016040506
20160402232016040507
20160402232016040508
20160402232016040509
20160402232016040510
20160402232016040511
20160402232016040512
20160402232016040513
20160402232016040514
20160402232016040515
20160402232016040516
20160402232016040517
20160402232016040518
20160402232016040519
20160402232016040520
20160402232016040521
20160402232016040522
20160402232016040523
002800180018001800170018001817172717271627152715271431143513351331133512351
23113351435153116351735173116351535143114351535163116351735173117351735173117351
73517311635153514311435143514311435153515311535153515311535153515311635163516311
73517351731173517351631163515351431153515351631163516351531143514351336133613361
005800180018001800170015001517162716271627172716271631153515351431133513351
33114351535163116351735173116351635153115351635173117351735173117351735173117351
63515311535143514311535153516311635163515311535153515311535153516311635163516311
73517351731173517351631163515351531153515351531153514351431143515351536153615361
015600170018001800170018001817171717271727172717271731173517351731153514351
23112351235133114351535163116351635163116351635173117351735173117351735173117351
73517311635163515311535153515311535153515311535153514311535163516311635163516311
63516351731173517351731163516351631153515351531143513351231123513351336133614361
027800150015001300170017001717161715271427142714271431153516351631163516351
63116351735173117351735173117351635163115351635163116351635153114351335133113351
43514311535153516311635163517311635163516311535153515311535163516311635163516311
63517351731163516351531153516351631163516351531153514351431153516351636163616361
070700180018001800170018001817181718271727172717371731173517351731173517351
73117351735173117351735173117351735173116351635163116351635173117351735173117351
63515311535153516311635153515311435133513311335143515311635163516311635163516311
63516351731173517351731173517351731173517351731173517351731163515351536153615361
110800180018001700140017001717161717271727172717271731173517351631163515351
53115351635163115351435133112351235123113351535153115351435133113351435143115351
53515311535153515311535153516311635173517311735173517311635163515311535143513311
33512351231133513351431153516351631163515351531143514351431133513351236133613361
120700180018001700130010001117121713271427162717271731173516351631163516351
63116351635163117351735173115351335123112351235133113351335143114351535153116351
63516311535143514311435153516311635173517311735173516311635163516311635163516311
63516351631153515351531163516351631163516351531153514351431143515351536153615361
130700150018001800140011001127122713271337143715371631163516351631163516351
53115351635163117351735173116351535143113351335133114351435143113351335143114351
53516311535153514311535153516311635163516311635163516311635163516311635163516311
63517351731163515351531153514351431143514351431133513351331143515351536153615361
145800180017001800170015001517161716271627162716271631173516351631143512351
23113351535163116351535153114351535153116351735173117351735173117351735173116351
53514311435153515311535163516311635153515311535143514311535153516311635173517311
73517351731173517351731173517351731173517351731163516351531153515351536153615361
149800180018001800180016001617161716271727162716271631163515351431133512351
23113351535163116351535153115351535163117351735173117351735173117351735173116351
63515311535153516311635163515311535153515311535143514311535153516311635173517311
73517351731173517351731173517351731173517351731163515351531143515351536153615361
156800180017001800180016001617171717271627162716271631163516351531143512351
23113351435163116351535153115351535163117351735173117351735173117351735173116351
63515311535153515311635163516311535153515311435143514311535153516311635173517311
73517351731173517351731173517351731173517351731163515351531153515351536153615361
168800170018001800180018001817181717271727172717371731173517351731173517351
73117351735173117351735173117351635153114351335123113351535163117351735173116351
53515311435153515311535163516311535153515311535153515311635163517311735173517311
73517351731173517351731173517351731173517351731173517351731163516351636163616361
180800180018001800180018001717171717271727172717371731173516351631163516351
73117351735173117351735173117351735173116351535143113351235123113351535163117351
73516311635163516311635173517311735173517311735163516311635163515311635163517311
73517351731173517351731173516351631163517351731173517351731173517351636163616361
190700170018001800180018001717171716171627162717271731173517351631153515351
53115351635173117351735173117351735173117351735173117351735163116351635163116351
63516311635163516311635173517311735173517311735173516311635163516311735173517311
73516351631163517351731163516351631163517351731173517351731173517351736173617361
222500160017001700170015001517151715271527152716271731173516351631163516351
63117351735173117351635163116351635153114351335133114351535153114351335133113351
43515311635163516311635153516311635163517311735173517311735173517311735173517311
73517351731163516351531153515351431133513351331133514351431143513351236123612361
240300130010001600180018001827182717371737163716371531153514351331133514351
53116351635163116351735173117351735163116351735173117351735163115351335123113351
43515311535153515311535153515311535153516311535153515311535163516311635173517311
73516351631163517351731173516351631163516351631163515351531143513351336133614361
255800180018001800180017001717171717271727162716271531143513351231113512351
23113351435153116351735173116351535153115351635173118351835173115351335123113351
43516311635153515311535153515311435143513311335143515311635163517311735173516311
63517351731173517351731173517351731173517351731173517351731173516351636163616361
260800180018001800180018001817171717271727182718271731163514351431143516351
73117351635163116351635153114351335123112351435163117351735173116351635163115351
53515311535153515311535153515311535143514311535163516311635163516311735173517311
73517351731173517351731173517351731173517351731173517351731173517351736163616361
280800170016001700160017001717171717271727172717271731173517351731173517351
73117351735173117351735173117351735163115351435143114351535163116351735173117351
73517311635163516311635173517311735173517311735173517311735163516311735173517311
73517351731173517351731163516351631163517351731173517351731173517351736173617361
299800180018001800180018001717171717171627152714271431143514351531153515351
53116351635173117351735173117351735173117351735173117351635163116351635163117351
73517311735173517311735173517311735173517311735173517311735173516311635163516311
63517351731163516351631163516351631163517351731173517351731173517351736173616361
434700150013001600180018001727162715271427132712371231113511351131133514351
63116351735163116351635163116351635173117351735173117351735163115351535153115351
63516311635163515311435143514311435153516311735173517311735173517311735173517311
73517351731173517351731173517351731173517351731173517351731173517351736173616361
460700170017001700160017001717171717171727172717271731173517351731173516351
63116351635163116351635153113351235123112351335143115351635173116351535143114351
53515311535143514311535163517311635163515311535163516311735173517311735173517311
73517351731173517351731173517351731173517351731173517351731173517351736173616361
481600160016001400160014001417152715271527162716271631173517351731173517351
73117351735173117351635163116351535153114351335123112351335143115351635173117351
73517311735173517311735173517311735173517311735163516311635163516311635163515311
63516351631173517351731173517351731173517351731173517351731173517351736173617361
497700170016001500160017001717172717271727172717271731173517351731173517351
73117351735173117351635163117351735173116351535133112351235123114351635173117351
63515311635163517311735183517311735163516311635163517311635163516311635163516311
73517351731173517351731173517351731173517351731173517351731173517351636163616361
510400180017001800150013001317132713271327142714371531153515351431143513351
33114351535163117351735173117351635163116351635153115351435143114351535153115351
53514311435143515311635163517311735173517311735173517311735173517311735173517311
73517351731173517351631163516351631163517351731173517351631153514351436143614361
579800180018001700180018001817182718271827182717271731173517351731173517351
73117351735173117351735173117351635163116351635163116351635163116351735173117351
73517311735173517311735173517311735173517311735173517311735173517311735173517311
73517351731173517351731173517351731173517351731173517351731173517351736163616361
588800180017001700170017001717171717271727172717371731173517351731173517351
73117351735173117351735173117351635153114351335123112351335143114351535163116351
73517311735173517311735173517311735173517311735173517311735173517311735173517311
73517351731173517351731173517351731173517351731173517351731173517351736173616361
621300150018001800170016001617152714271327122712271231123512351331143514351
53114351335123112351235133115351635173118351835173115351335123112351335143114351
33513311435153515311535143513311335153516311735173517311735173517311735173517311
73517351731173517351731173517351731173517351731173517351731173517351736163616361
630000130012001200130017001717162716271527152715371431143513351231123513351
33114351435143114351335133114351535163116351735173117351735163115351435143114351
43515311535153515311535153515311535153515311535153516311635163516311635173517311
73517351731173517351731173517351731173517351731173517351731173516351636163616361
643800180018001800180018001817172717271727172717271731173517351731173516351
63117351735173116351535133113351335133114351535153116351735173117351735173117351
73517311735173517311735173517311735173517311735173517311735173517311735173517311
73517351731173517351731173517351731173517351731173517351731173516351636163616361
645800180018001800180018001817181717271727172717271731173517351731173517351
73117351735173117351635153115351535153115351535153115351635173117351735173117351
73517311735173517311735173517311735173517311735173517311735173517311735173517311
73517351731173517351731173517351731173517351731173517351731173517351636163616361
650800180016001500160016001617161716271627172717371731173517351731173517351
73117351735173117351735173116351635163115351535153114351435143115351635173117351
73517311735173517311735173517311735173517311635163516311635163516311635173517311
73517351731173517351731173517351731173517351731173517351731173517351736173617361
675700170018001800170018001817171717271727172717371731173517351731173516351
63116351735173117351735173117351635153115351535153115351535163116351635163116351
73517311735173517311735173517311735173517311735173517311735173517311735173517311
73517351731173517351731173517351731173517351731173517351731173517351736163616361
690800170018001800180017001727172717271727172717371731173517351731163516351
63117351735173117351735173117351735173116351635153115351535163116351635163116351
63516311635163517311735173517311735173517311735173517311735173517311735173517311
73517351731173517351731173517351731173517351731173517351731163517351636163616361
747700170015001300140013001317141714271527152716271631163517351731173516351
63116351635163115351435123112351235123113351435153116351635173117351735173117351
73516311635163517311635163516311635163516311635163516311635173517311735173517311
73517351731173517351731173517351731173517351731173517351631163516351636163616361
