20161027231729
T2M TEDF  78  35 1
20161027232016102718
20161027232016102719
20161027232016102720
20161027232016102721
20161027232016102722
20161027232016102723
20161027232016102800
20161027232016102801
20161027232016102802
20161027232016102803
20161027232016102804
20161027232016102805
20161027232016102806
20161027232016102807
20161027232016102808
20161027232016102809
20161027232016102810
20161027232016102811
20161027232016102812
20161027232016102813
20161027232016102814
20161027232016102815
20161027232016102816
20161027232016102817
20161027232016102818
20161027232016102819
20161027232016102820
20161027232016102821
20161027232016102822
20161027232016102823
20161027232016102900
20161027232016102901
20161027232016102902
20161027232016102903
20161027232016102904
20161027232016102905
20161027232016102906
20161027232016102907
20161027232016102908
20161027232016102909
20161027232016102910
20161027232016102911
20161027232016102912
20161027232016102913
20161027232016102914
20161027232016102915
20161027232016102916
20161027232016102917
20161027232016102918
20161027232016102919
20161027232016102920
20161027232016102921
20161027232016102922
20161027232016102923
20161027232016103000
20161027232016103001
20161027232016103002
20161027232016103003
20161027232016103004
20161027232016103005
20161027232016103006
20161027232016103007
20161027232016103008
20161027232016103009
20161027232016103010
20161027232016103011
20161027232016103012
20161027232016103013
20161027232016103014
20161027232016103015
20161027232016103016
20161027232016103017
20161027232016103018
20161027232016103019
20161027232016103020
20161027232016103021
20161027232016103022
20161027232016103023
002 141   001 142   001 141   001 141   001 143   001 141   001 135   471
 128   671 123   771 120   971 118   971 116  1071 116  1171 118  1171 119  1271
 122  1271 126  1171 128  1071 129   971 129   971 127  1071 127  1071 127  1071
 128  1071 127  1071 127   971 126   971 123   871 123   871 121   971 121   971
 120   971 120  1071 118  1071 119  1171 121  1271 122  1371 122  1371 125  1271
 127  1271 131  1271 135  1171 139  1171 141  1171 141  1271 140  1271 136  1271
 131  1171 128  1171 126  1071 124  1071 123   971 122  1071 120  1071 119  1171
 115  1151 114  1151 112  1211 110  1351 109  1351 109  1411 112  1351 117  1351
 123  1211 129  1251 135  1151 139  1111 141  1251 141  1251 140  1311 137  1351
 134  1251 130  1211 127  1151 125  1151 120  1061 116  1061 112  1161
005 133   001 131   001 122   001 121   001 119   001 119   001 114   471
 108   671 103   871 101   871 100   971 100  1071 102  1071 107  1171 114  1271
 119  1271 124  1371 128  1471 133  1571 136  1471 137  1471 136  1371 131  1271
 125  1071 120   971 118   971 115  1071 114  1071 114  1071 112   971 109   971
 107   971 106  1071 107  1071 107  1071 108  1071 110  1071 113  1171 117  1371
 122  1471 128  1571 134  1571 139  1671 144  1571 147  1571 147  1471 142  1271
 135  1171 128  1071 124  1071 122  1171 121  1171 119  1171 117  1071 113  1071
 103  1151 100  1151  97  1211  95  1251  94  1351  95  1311 100  1351 107  1251
 116  1211 126  1351 135  1451 143  1511 148  1551 150  1451 147  1411 140  1351
 132  1251 124  1111 120  1151 118  1151 114  1161 109  1161 104  1161
015 131   001 132   001 131   001 124   001 124   001 128   001 123   871
 115  1071 107  1071 102  1071  99  1171  98  1171  98  1371 102  1271 109  1171
 114  1071 120  1171 123  1371 127  1471 133  1471 134  1371 134  1371 127  1371
 119  1271 113  1271 109  1271 107  1371 105  1371 104  1471 104  1471 103  1571
 103  1471 103  1471 103  1371 105  1471 105  1471 107  1571 110  1571 114  1471
 119  1471 125  1471 131  1571 137  1471 142  1471 146  1471 145  1471 139  1471
 130  1371 123  1371 120  1371 118  1271 116  1271 113  1371 108  1571 105  1671
 100  1651  97  1551  95  1511  93  1651  92  1651  94  1711 100  1651 109  1451
 118  1311 127  1451 135  1551 141  1611 146  1651 148  1551 146  1511 140  1451
 131  1451 123  1311 117  1351 114  1351 107  1361 100  1461  94  1661
027 134   001 125   001 121   001 117   001 112   001 100   001  95   671
  93   971  92  1271  91  1471  88  1571  86  1771  88  1871  95  1771 105  1571
 117  1371 127  1371 134  1371 142  1371 147  1471 150  1471 148  1571 140  1471
 129  1371 119  1271 116  1271 114  1271 113  1171 112  1271 111  1471 106  1571
 102  1671  97  1671  95  1771  94  1871  97  1871 101  1971 106  1771 111  1671
 120  1471 129  1471 140  1571 146  1571 149  1571 148  1571 144  1671 136  1571
 126  1371 119  1271 113  1271 108  1371 104  1371  99  1471  96  1671  92  1771
  87  1951  84  1951  81  2011  79  2051  78  2051  82  2011  90  1851 102  1651
 115  1411 127  1451 137  1551 145  1511 150  1651 151  1651 148  1711 142  1551
 133  1451 125  1211 118  1351 113  1351 107  1461 101  1561  95  1661
070 116   001 111   001 109   001 111   001 103   001 107   001 100   871
  88  1271  76  1571  69  1771  66  1871  65  1871  68  1971  73  1771  82  1671
  91  1471 100  1371 108  1271 116  1171 123  1271 126  1371 125  1371 120  1371
 112  1371 105  1471 100  1571  96  1571  94  1771  90  1871  91  1971  88  2071
  85  2071  82  2171  81  2271  81  2271  83  2271  88  2171  95  1971 105  1771
 114  1571 123  1371 132  1371 137  1271 143  1271 145  1371 144  1471 140  1471
 133  1471 125  1571 118  1571 111  1671 104  1771  99  1971  96  2071  93  2171
  84  2251  79  2351  74  2311  71  2351  72  2351  78  2311  90  2051 106  1751
 122  1411 135  1451 146  1451 154  1411 160  1451 162  1451 160  1411 152  1551
 141  1651 129  1711 119  1851 112  1851 104  1861  97  2061  90  2161
110 104   001  97   001  92   001  92   001  93   001  92   001  92   871
  94  1271  95  1471  96  1571  95  1571  93  1471  93  1571  95  1471 100  1371
 105  1371 113  1371 121  1371 131  1371 141  1271 149  1071 148   971 135   971
 116   971  98   971  88  1171  83  1271  81  1471  78  1671  74  1771  70  1971
  67  1971  61  1871  58  1871  53  1871  50  1871  53  1871  66  1671  84  1571
 104  1371 123  1371 139  1371 152  1271 162  1171 164  1171 160  1171 148  1071
 133  1071 116   971 105  1171  98  1371  93  1671  89  1671  85  1871  82  1971
  79  1951  76  1851  73  1811  71  1851  71  1851  75  1811  83  1651  95  1551
 108  1311 121  1351 133  1351 143  1311 150  1351 152  1251 150  1211 142  1151
 131  1151 120  1011 111  1151 105  1351  99  1461  94  1661  90  1761
120  97   001  89   001  87   001  86   001  77   001  62   001  62   471
  69   671  78   871  83   971  85   971  88  1171  93  1271  98  1371 106  1371
 114  1471 122  1471 129  1471 136  1371 141  1271 142  1271 138  1171 127  1071
 113  1071 100   971  93   971  90  1071  90  1071  87  1171  84  1171  81  1271
  78  1271  73  1371  69  1371  66  1371  65  1471  67  1471  76  1571  87  1571
 101  1671 114  1671 127  1571 136  1571 142  1571 141  1671 136  1671 127  1471
 115  1371 106  1171 101  1171  98  1271  97  1271  96  1271  93  1371  90  1371
  87  1351  84  1351  81  1311  79  1451  80  1451  83  1511  90  1651  99  1651
 110  1711 121  1651 132  1551 141  1411 147  1451 150  1451 149  1411 143  1351
 134  1251 125  1111 118  1151 113  1251 108  1261 104  1261  99  1261
130 103   001 103   001 100   001  99   001  98   001  97   001  91  1071
  84  1471  78  1671  74  1771  72  1771  72  1671  73  1771  79  1771  88  1571
 100  1471 111  1571 122  1571 134  1671 143  1671 149  1671 148  1671 137  1571
 122  1571 108  1471  97  1471  91  1371  86  1371  79  1471  73  1671  66  1771
  61  1871  56  1971  52  2071  47  1971  46  1971  48  1871  57  1671  72  1571
  89  1371 107  1471 125  1571 138  1671 147  1671 150  1671 147  1671 139  1771
 128  1771 117  1771 109  1771 102  1571  97  1571  93  1671  88  1771  82  1871
  73  1851  66  1951  60  1911  56  1951  57  1851  62  1811  73  1651  89  1551
 105  1311 120  1451 132  1651 142  1711 149  1751 153  1651 151  1611 144  1651
 133  1651 123  1611 116  1651 111  1551 105  1561  99  1661  93  1761
145 122   001 114   001 108   001 102   001  99   001 100   001  97   771
  92  1071  88  1271  84  1371  82  1371  80  1471  82  1471  90  1371  99  1171
 110  1071 119  1071 126  1071 132  1071 138  1171 142  1071 141  1171 134  1071
 123  1071 113  1071 105  1171 102  1371 100  1471  97  1471  96  1571  95  1571
  95  1571  93  1671  91  1671  89  1671  88  1671  89  1671  93  1571 100  1371
 110  1271 121  1271 132  1371 143  1371 149  1471 151  1471 150  1571 144  1471
 137  1271 128  1171 120  1271 115  1371 111  1471 107  1471 105  1571 104  1571
  95  1551  93  1651  90  1611  86  1651  83  1751  84  1711  90  1551 101  1451
 113  1211 126  1251 137  1251 147  1211 154  1351 157  1351 155  1411 148  1351
 137  1351 127  1211 120  1351 115  1451 108  1561 102  1661  96  1661
149 103   001 104   001  97   001  79   001  71   001  74   001  76   671
  77  1071  76  1171  75  1371  74  1471  75  1371  78  1471  83  1271  92  1171
 103   971 115   971 126  1071 137  1171 145  1171 147  1171 144  1171 137  1071
 126  1071 115   971 110  1171 109  1171 106  1271 104  1371 103  1371 101  1471
  99  1571  96  1671  94  1771  95  1771  96  1771  99  1771 103  1571 110  1271
 118  1071 129  1171 141  1371 150  1471 156  1471 158  1571 156  1571 150  1471
 142  1371 133  1271 127  1271 121  1271 116  1271 111  1371 105  1571 101  1671
  93  1651  92  1751  90  1811  87  1851  86  1851  87  1811  93  1551 103  1251
 116   911 130  1051 143  1251 153  1311 159  1351 161  1451 158  1411 150  1351
 140  1251 130  1111 122  1151 116  1251 109  1261 102  1361  96  1561
156 115   001 115   001 111   001 101   001  95   001 101   001 103   471
 101   671  98   871  96   971  93  1071  93  1171  96  1271 100  1171 108  1171
 118  1071 129  1071 138  1071 146  1171 149  1071 148  1071 144  1071 139   971
 133   971 128   971 124   971 118   871 115   871 112   971 110   971 109  1071
 108  1071 108  1171 108  1171 108  1271 107  1271 107  1371 108  1371 112  1271
 120  1271 132  1271 143  1371 153  1371 158  1371 157  1371 154  1371 150  1271
 146  1171 141  1071 136  1071 131   971 126   971 123   971 119  1071 116  1071
 111  1151 108  1151 104  1211 100  1351  98  1451  98  1511 103  1451 111  1251
 123  1111 137  1251 150  1251 159  1311 163  1351 162  1351 158  1311 152  1251
 146  1151 140  1011 135  1051 131   951 124   961 118  1061 112  1061
168  66   001  65   001  52   001  51   001  48   001  55   001  58  1271
  57  1471  55  1671  52  1771  50  1771  48  1871  51  1971  60  1771  73  1671
  88  1471 104  1271 115  1271 126  1071 135  1171 140  1171 137  1271 129  1371
 118  1571 106  1671 100  1671  97  1671  95  1571  95  1671  93  1871  91  1971
  88  2071  87  2071  85  2171  83  2171  81  2171  83  2171  91  1971 103  1771
 117  1571 131  1471 142  1271 152  1171 158  1271 160  1471 157  1571 147  1571
 133  1671 121  1671 112  1671 105  1771 101  1771  96  1871  91  2071  86  2171
  83  2151  80  2251  76  2211  71  2251  68  2251  70  2211  80  2051  95  1751
 113  1511 130  1451 144  1451 156  1311 164  1351 167  1351 162  1311 148  1551
 130  1651 115  1811 107  1851 103  1851  96  1861  89  2061  83  2161
180  66   001  67   001  65   001  64   001  65   001  62   001  60   771
  58  1171  57  1471  57  1571  57  1771  57  1671  58  1871  65  1771  72  1671
  81  1671  89  1471  98  1471 105  1471 112  1271 114  1171 112  1071 106  1171
  99  1371  89  1471  83  1771  79  1871  77  2071  76  1971  74  2071  72  2071
  72  2071  70  2071  69  2071  69  2071  70  1971  74  1971  81  1871  90  1771
  98  1671 105  1571 110  1471 114  1471 117  1471 119  1371 118  1371 114  1471
 109  1471 103  1571  97  1671  92  1871  88  2071  85  2071  83  2171  82  2171
  81  2051  80  2051  78  2011  73  2051  69  2051  69  2011  77  1951  90  1951
 106  1811 122  1751 135  1651 146  1511 152  1551 153  1551 149  1511 140  1651
 128  1751 117  1811 109  1851 103  1951  96  1961  90  2061  84  2061
190  86   001  78   001  69   001  64   001  52   001  48   001  49   871
  52  1171  54  1371  54  1471  52  1571  52  1571  55  1671  63  1671  75  1671
  86  1671  98  1671 110  1971 117  1771 123  1871 126  1771 123  1671 114  1471
 103  1471  91  1371  82  1571  77  1671  74  1871  72  1971  70  1971  69  2071
  66  1971  64  1971  62  1871  61  1771  62  1771  65  1671  74  1671  85  1671
  99  1771 114  1571 129  1471 140  1471 148  1471 151  1471 149  1471 140  1371
 128  1271 116  1171 107  1371 100  1671  95  1871  91  1971  88  2071  86  2171
  77  2051  77  2051  76  1911  73  1851  70  1851  72  1711  82  1751  96  1651
 112  1611 126  1651 137  1651 146  1611 152  1651 153  1551 150  1511 142  1551
 131  1551 120  1511 112  1751 105  1851  98  2061  90  2161  83  2161
222 117   001 110   001 105   001  88   001  90   001  91   001  87   771
  81  1171  77  1471  73  1571  69  1671  65  1571  65  1671  72  1571  83  1471
  96  1371 113  1371 129  1471 142  1571 153  1671 159  1671 157  1771 148  1471
 133  1271 122  1171 116  1271 114  1471 112  1571 106  1671 100  1671  95  1771
  93  1771  91  1771  87  1771  82  1771  76  1771  75  1771  82  1571  96  1371
 111  1171 125  1271 137  1471 147  1571 153  1571 156  1471 153  1471 144  1471
 131  1271 120  1171 113  1271 109  1471 105  1571  98  1671  91  1671  85  1771
  83  1751  81  1751  78  1711  72  1751  68  1751  69  1711  79  1551  94  1451
 111  1211 125  1351 137  1551 146  1611 153  1651 157  1651 154  1611 144  1451
 131  1351 119  1111 111  1251 107  1451 101  1561  96  1661  91  1761
240 102   001 102   001  94   001  85   001  79   001  68   001  66   771
  67  1071  67  1171  68  1371  68  1371  70  1371  74  1471  81  1371  93  1371
 104  1271 114  1271 124  1471 133  1571 142  1571 147  1471 147  1471 141  1371
 132  1371 122  1471 114  1471 108  1371 103  1371  99  1371  94  1471  90  1471
  88  1571  82  1571  78  1671  77  1671  77  1671  81  1671  89  1571  99  1571
 112  1471 123  1571 133  1771 144  1871 150  1871 154  1971 153  1871 145  1771
 136  1771 125  1771 116  1671 110  1671 105  1571  98  1571  93  1471  88  1471
  87  1551  85  1551  83  1511  80  1651  78  1651  80  1711  88  1651  99  1451
 113  1311 127  1551 139  1651 150  1811 158  1851 162  1851 161  1811 154  1751
 143  1651 132  1511 122  1451 115  1351 106  1261  99  1261  92  1361
255 103   001  95   001  89   001  85   001  76   001  79   001  77   671
  73   771  68   871  62   971  58  1171  54  1271  55  1571  61  1571  75  1471
  88  1371 101  1471 112  1371 124  1471 134  1471 142  1471 144  1371 140  1171
 131  1071 120   871 112   971 106  1071 102  1271  97  1171  92  1271  86  1271
  81  1271  75  1271  68  1271  62  1371  57  1571  58  1671  67  1671  81  1671
  98  1571 114  1571 128  1571 138  1571 147  1671 152  1571 152  1611 146  1451
 136  1351 125  1111 117  1151 110  1251 103  1211  96  1351  88  1351  82  1411
  82  1351  78  1351  74  1311  69  1451  65  1651  67  1711  77  1651  92  1451
 109  1311 124  1451 137  1551 149  1611 159  1651 166  1651 166  1611 159  1451
 147  1351 135  1111 125  1151 118  1251 108  1261  99  1361  90  1361
260  97   001  74   001  64   001  48   001  41   001  38   001  40  1471
  44  2271  47  2571  47  2771  45  2571  45  2471  48  2371  58  2171  72  1871
  87  1571 102  1571 116  1471 130  1371 142  1271 149  1171 148  1071 136  1271
 117  1371  99  1571  85  1771  78  2171  72  2471  68  2571  63  2471  61  2571
  59  2671  57  2771  53  2871  49  2771  45  2571  49  2471  62  2271  81  2071
 101  1771 118  1771 131  1671 143  1571 153  1471 157  1471 155  1371 143  1471
 125  1671 107  1871  95  2071  87  2171  80  2371  73  2471  66  2671  61  2771
  63  2851  63  2951  62  3011  58  2851  56  2751  60  2511  74  2251  95  1851
 115  1511 131  1551 143  1451 154  1411 164  1451 169  1351 166  1311 151  1451
 131  1551 110  1611  95  1951  86  2151  77  2461  69  2561  63  2561
280 112   001 104   001  97   001  90   001  86   001  84   001  80   771
  76  1071  73  1171  68  1271  61  1371  54  1371  53  1471  59  1471  72  1471
  86  1371  96  1371 105  1271 112  1271 118  1271 121  1271 120  1271 112  1271
 101  1171  90  1271  84  1271  79  1371  75  1271  70  1371  65  1471  62  1571
  59  1571  58  1571  57  1571  54  1571  53  1671  56  1671  67  1571  83  1271
 100  1171 116  1171 129  1071 140  1171 145  1071 147  1171 143  1171 134  1271
 125  1171 115  1171 109  1171 104  1171 101  1271  97  1371  92  1471  89  1571
  86  1551  85  1651  82  1611  76  1651  71  1751  71  1711  80  1551  95  1451
 111  1211 123  1251 133  1251 140  1211 146  1251 150  1351 149  1311 142  1351
 131  1251 120  1211 112  1351 107  1451 100  1561  93  1661  86  1661
299  73   001  59   001  51   001  43   001  36   001  34   001  38   971
  45  1471  49  1671  50  1871  47  1871  44  1971  46  1971  55  1871  66  1671
  80  1471  90  1571 100  1671 109  1871 117  1771 122  1671 120  1571 110  1671
  95  1471  83  1471  77  1771  76  1971  76  2271  75  2271  71  2171  68  2071
  67  2071  66  2171  65  2171  63  2171  60  2071  61  2071  66  1871  75  1671
  85  1471  96  1471 108  1671 116  1771 122  1671 123  1571 121  1471 113  1471
 104  1371  94  1371  88  1571  85  1871  83  2071  81  2071  78  2171  78  2171
  78  2051  78  2051  77  2111  73  2051  70  2051  70  1911  76  1751  87  1651
  99  1411 111  1651 121  1751 131  1911 139  1851 144  1651 143  1511 134  1651
 121  1651 107  1711  96  1951  89  2051  82  2261  76  2261  71  2161
434 104   001  96   001  98   001  96   001  97   001  96   001  92   471
  88   771  85   871  82  1071  79  1171  76  1271  76  1371  80  1471  89  1371
 102  1371 116  1271 129  1171 145  1071 156  1271 164  1171 162  1271 150  1171
 131  1071 114   971 105  1171 100  1171  97  1171  92  1171  86  1271  84  1271
  85  1371  86  1371  86  1471  83  1471  79  1571  77  1571  83  1671  96  1671
 113  1771 134  1771 156  1771 177  1571 190  1771 196  1771 193  1871 179  1571
 161  1471 144  1271 137  1271 133  1371 131  1371 126  1471 119  1371 113  1471
 107  1351 108  1451 109  1411 108  1551 106  1651 105  1711 107  1751 113  1651
 123  1611 136  1551 152  1551 166  1411 177  1551 184  1651 183  1711 174  1651
 160  1451 147  1311 137  1351 131  1351 123  1361 115  1361 107  1361
460  81   001  67   001  68   001  70   001  62   001  63   001  63   871
  62  1271  60  1671  56  1871  52  1871  48  2071  50  2271  60  1871  76  1471
  96  1071 112  1171 127  1171 141  1271 149  1371 153  1371 151  1371 141  1271
 126  1271 110  1171  95  1471  85  1771  77  2071  73  2071  70  2071  67  2071
  61  2171  54  2171  48  2271  41  2271  38  2371  41  2371  52  1971  69  1471
  91  1071 112  1271 131  1371 147  1471 157  1471 162  1571 159  1571 149  1471
 135  1471 121  1371 108  1571  98  1871  91  2071  86  2071  81  2071  77  2071
  76  2151  71  2151  65  2211  59  2351  56  2451  59  2511  69  2151  85  1651
 104  1211 125  1351 144  1551 162  1611 175  1651 182  1751 181  1711 170  1651
 154  1551 135  1411 118  1651 104  1951  92  2161  83  2161  75  2261
481 112   001 114   001 104   001  95   001  86   001  80   001  77   471
  77   671  77   771  77   971  79   971  81  1071  82  1171  84  1271  84  1471
  86  1571  91  1671  97  1571 105  1671 112  1571 116  1471 117  1371 111  1271
 102  1171  93  1071  87  1171  83  1271  81  1271  79  1371  74  1371  72  1371
  71  1371  69  1471  69  1471  67  1471  67  1471  67  1471  70  1471  75  1471
  84  1471  95  1571 107  1571 117  1671 124  1471 128  1471 129  1371 124  1371
 118  1271 110  1171 104  1171 101  1271  97  1271  92  1371  88  1571  86  1671
  85  1551  86  1551  87  1511  86  1551  83  1551  82  1511  83  1551  88  1651
  96  1611 108  1751 121  1751 133  1811 141  1751 144  1751 143  1611 138  1551
 131  1351 123  1211 116  1251 110  1351 103  1361  98  1461  92  1661
497  80   001  73   001  69   001  62   001  57   001  55   001  57   771
  61  1271  64  1571  63  1771  60  1871  59  1971  61  2071  68  1971  82  1871
 101  1671 126  2071 153  2371 170  2671 176  2671 170  2671 156  2371 133  2071
 111  1871  91  1671  80  1671  74  1671  70  1671  65  1771  59  1871  53  1871
  51  1871  50  1971  50  1971  48  2071  48  2071  52  2171  63  2071  81  1971
 104  1771 133  2071 159  2571 179  2871 186  2671 182  2471 168  2371 146  2071
 124  1771 105  1571  93  1671  87  1671  82  1771  77  1871  72  1871  67  1971
  59  1851  57  1851  56  1911  55  2051  56  2051  62  2111  74  1951  93  1851
 116  1611 143  1951 168  2251 186  2511 193  2551 188  2451 174  2411 152  2251
 128  1951 107  1711  94  1751  88  1751  80  1761  73  1861  68  1861
510 123   001 119   001 113   001 101   001  84   001  77   001  70   771
  64  1071  57  1171  49  1371  41  1371  35  1471  37  1471  47  1371  65  1271
  87  1171 109  1271 132  1271 151  1371 166  1371 176  1271 175  1271 163  1171
 145  1171 126  1071 111  1171  97  1371  88  1471  79  1571  73  1571  66  1671
  60  1671  52  1571  43  1571  33  1571  28  1571  32  1571  49  1471  74  1571
 105  1471 133  1471 158  1371 179  1371 194  1371 200  1371 198  1271 188  1171
 172  1071 155   971 139  1271 126  1271 116  1471 109  1671 103  1671  99  1771
  92  1751  87  1851  81  1811  74  1851  69  1951  71  1911  84  1851 104  1651
 127  1511 150  1551 170  1651 187  1611 198  1651 203  1551 200  1511 189  1451
 173  1351 156  1211 142  1351 132  1551 121  1661 111  1761 102  1761
579 141   001 136   001 128   001 128   001 123   001 127   001 124   671
 119  1071 114  1371 109  1671 106  1771 103  2071 104  2371 111  2071 122  1771
 136  1371 154  1471 166  1471 178  1571 186  1571 190  1671 186  1671 175  1471
 159  1271 146  1271 138  1371 134  1471 133  1471 129  1571 123  1671 119  1771
 114  1871 108  1871 102  1971  96  2171  91  2271  93  2471 102  2071 115  1671
 132  1271 149  1371 162  1471 175  1571 184  1671 188  1571 184  1671 170  1471
 153  1371 136  1271 125  1371 119  1471 115  1571 112  1671 108  1771 105  1871
  98  1751  92  1851  87  1911  83  2151  81  2351  87  2511 101  2151 121  1751
 142  1311 162  1451 180  1451 195  1511 208  1651 214  1651 209  1711 191  1551
 167  1451 144  1211 130  1351 122  1551 115  1661 110  1761 106  1961
588 132   001 128   001 129   001 117   001 118   001 119   001 112   971
 102  1171  93  1271  86  1271  82  1271  80  1271  81  1371  90  1371 104  1471
 122  1471 140  1671 157  1871 173  2071 185  2271 190  2171 188  2271 174  1971
 156  1871 137  1671 118  1671 105  1571  95  1571  88  1571  84  1471  80  1471
  79  1471  78  1571  74  1571  69  1471  66  1471  68  1371  79  1371  95  1271
 116  1271 138  1571 160  1771 179  2071 193  2171 200  2271 197  2371 181  2171
 158  1971 136  1771 120  1771 109  1671 101  1671  93  1571  86  1571  81  1471
  79  1451  77  1451  74  1411  71  1451  70  1451  75  1411  89  1351 109  1351
 132  1211 155  1551 177  1751 195  2011 208  2251 213  2351 207  2511 189  2251
 165  2051 141  1711 122  1751 108  1751  96  1761  87  1761  80  1661
621 117   001 115   001 118   001 121   001 116   001 115   001 112   871
 107  1271 100  1671  93  1671  84  1971  77  1971  77  2271  85  2271 100  2071
 118  1971 135  1871 148  1671 165  1571 179  1571 185  1371 182  1371 168  1371
 146  1371 126  1471 116  1471 110  1671 107  1771 105  1871 102  2071 101  2171
 100  2171  99  2271  96  2271  90  2271  87  2371  91  2371 107  2371 133  2371
 158  2371 180  2071 198  1871 212  1571 224  1571 229  1571 222  1671 202  1571
 175  1571 150  1471 136  1471 128  1671 123  1771 118  1971 113  2171 109  2371
 105  2451  99  2451  93  2411  87  2451  86  2451  92  2411 109  2451 132  2351
 157  2311 179  2151 197  1951 212  1711 222  1751 225  1651 218  1611 198  1651
 173  1551 149  1511 133  1651 124  1851 114  1961 105  2161  98  2361
630 118   001 102   001 100   001  87   001  85   001  74   001  70   771
  69   971  68  1171  65  1171  62  1171  58  1271  59  1371  68  1271  84  1271
 105  1171 126  1171 149  1271 169  1171 186  1271 195  1271 195  1271 186  1171
 168  1071 151   971 142   971 132  1071 125  1071 115  1171 103  1171  92  1271
  82  1271  74  1371  66  1371  59  1371  56  1371  60  1371  74  1271  96  1271
 122  1171 150  1171 175  1171 195  1171 210  1271 215  1271 211  1271 200  1271
 183  1271 167  1171 156  1171 147  1171 139  1171 129  1271 119  1371 109  1471
  98  1351  91  1451  85  1411  78  1451  74  1551  76  1511  88  1451 107  1351
 132  1211 160  1351 187  1351 208  1411 221  1551 224  1551 219  1611 206  1551
 189  1451 172  1311 159  1451 149  1451 138  1561 128  1561 118  1661
643 160   001 142   001 142   001 137   001 144   001 143   001 135   771
 124  1071 114  1271 107  1271 101  1271  98  1371 102  1471 115  1271 135  1171
 157   971 173  1071 185  1271 196  1371 204  1371 209  1471 206  1471 193  1371
 172  1271 155  1171 141  1171 132  1171 124  1171 115  1271 105  1271  98  1371
  95  1371  91  1471  87  1471  80  1471  75  1371  79  1371  97  1271 122  1071
 151   971 170  1171 187  1371 196  1571 203  1571 205  1571 200  1671 187  1571
 170  1371 154  1271 141  1271 134  1171 128  1271 122  1371 117  1371 111  1471
 102  1451  97  1551  90  1511  81  1551  76  1651  80  1611  98  1351 125  1151
 151   811 171  1051 184  1151 193  1311 199  1451 200  1551 195  1611 182  1551
 164  1451 148  1311 137  1351 130  1251 123  1261 117  1361 112  1461
645 154   001 147   001 143   001 138   001 137   001 136   001 133   571
 129   871 125   971 121  1071 114  1071 108  1071 108  1171 118  1171 134  1171
 152  1171 164  1271 176  1471 188  1571 198  1671 205  1571 203  1671 186  1471
 164  1271 141  1071 127  1071 120  1071 115  1071 112  1071 110  1171 109  1171
 106  1271 103  1371  97  1471  89  1471  83  1371  86  1371 102  1271 125  1271
 148  1171 164  1371 177  1471 188  1671 198  1671 204  1671 201  1771 188  1571
 167  1471 148  1271 134  1171 126  1171 122  1171 120  1171 118  1271 117  1271
 114  1351 108  1451 101  1511  93  1551  88  1551  93  1511 111  1351 135  1251
 160  1011 178  1251 191  1351 200  1511 207  1551 210  1551 204  1511 188  1451
 167  1451 147  1311 134  1351 127  1351 121  1361 117  1461 114  1461
650 152   001 144   001 136   001 132   001 116   001 110   001 111   671
 116   971 119  1171 119  1571 115  1471 111  1471 112  1471 123  1471 142  1571
 161  1571 173  1571 184  1471 192  1471 199  1471 203  1371 201  1371 190  1271
 175  1171 159  1071 146  1171 137  1171 130  1171 122  1271 117  1371 113  1471
 111  1571 109  1671 106  1771 102  1671 100  1671 103  1571 116  1571 133  1571
 153  1671 172  1571 187  1571 199  1471 208  1371 210  1471 206  1471 195  1371
 179  1271 164  1171 151  1271 142  1271 134  1271 127  1371 120  1471 116  1571
 112  1551 111  1651 107  1711 100  1751  96  1851  99  1811 114  1851 137  1751
 160  1711 179  1651 194  1651 205  1511 213  1551 215  1551 211  1511 199  1451
 182  1451 165  1311 151  1351 140  1351 130  1361 122  1461 116  1661
675 171   001 156   001 140   001 122   001 122   001 109   001 106   971
 107  1571 108  1971 105  2071  98  2171  92  2171  93  2371 107  2071 132  1871
 158  1571 182  1471 200  1271 213  1071 221  1171 222  1171 216  1271 201  1171
 182  1071 163   971 148  1071 136  1171 126  1271 117  1471 109  1671 105  1871
 104  2071 103  2171  99  2371  89  2371  82  2371  83  2371  98  2071 124  1871
 154  1571 183  1471 208  1371 227  1271 237  1371 238  1471 229  1571 212  1471
 190  1271 169  1171 152  1271 138  1271 126  1371 115  1571 106  1771 100  1971
  97  2051  96  2151  92  2311  85  2351  79  2251  82  2211  98  1951 123  1651
 153  1311 182  1351 208  1251 227  1211 238  1251 240  1251 231  1211 212  1151
 188  1151 165  1011 147  1151 135  1251 122  1361 112  1561 103  1761
690 179   001 169   001 167   001 167   001 161   001 157   001 155   571
 153   671 151   671 147   771 141   871 139   871 141  1071 151  1171 166  1071
 179  1071 188  1071 194  1171 196  1171 196  1071 195  1071 192  1171 187  1071
 183  1071 174  1071 166  1071 155  1071 148   871 146   871 146   971 146   971
 145   971 142   971 137   971 133  1071 131  1071 135  1171 147  1171 163  1171
 179  1171 191  1171 199  1371 204  1471 206  1371 206  1371 202  1371 195  1271
 186  1171 175  1171 167  1071 157  1071 152   971 150   871 151   971 152   971
 150   951 147   951 142   911 136  1051 134  1051 137  1111 149  1151 167  1151
 184  1111 197  1151 205  1251 209  1211 210  1251 207  1251 203  1211 197  1251
 189  1151 180  1111 170  1051 162   951 155   861 149   861 144   961
747 187   001 175   001 165   001 151   001 129   001 121   001 119   771
 119  1071 119  1371 117  1571 112  1571 108  1571 112  1671 126  1571 146  1471
 168  1271 185  1271 196  1271 202  1271 207  1271 206  1271 201  1371 190  1271
 177  1171 165  1071 158  1171 152  1271 148  1371 145  1471 143  1571 142  1671
 140  1671 139  1771 134  1771 126  1671 119  1671 120  1571 131  1471 149  1571
 167  1471 183  1471 195  1471 202  1471 206  1571 205  1771 198  1771 187  1671
 174  1471 162  1371 156  1471 151  1471 147  1571 143  1671 139  1771 136  1871
 135  1751 133  1851 129  1811 122  1751 117  1751 118  1611 130  1551 149  1351
 169  1211 186  1251 200  1251 208  1211 211  1451 210  1551 202  1711 189  1651
 175  1451 162  1311 154  1451 150  1451 145  1561 139  1661 134  1761
NT  TEDF  78  35 1
20161027232016102718
20161027232016102719
20161027232016102720
20161027232016102721
20161027232016102722
20161027232016102723
20161027232016102800
20161027232016102801
20161027232016102802
20161027232016102803
20161027232016102804
20161027232016102805
20161027232016102806
20161027232016102807
20161027232016102808
20161027232016102809
20161027232016102810
20161027232016102811
20161027232016102812
20161027232016102813
20161027232016102814
20161027232016102815
20161027232016102816
20161027232016102817
20161027232016102818
20161027232016102819
20161027232016102820
20161027232016102821
20161027232016102822
20161027232016102823
20161027232016102900
20161027232016102901
20161027232016102902
20161027232016102903
20161027232016102904
20161027232016102905
20161027232016102906
20161027232016102907
20161027232016102908
20161027232016102909
20161027232016102910
20161027232016102911
20161027232016102912
20161027232016102913
20161027232016102914
20161027232016102915
20161027232016102916
20161027232016102917
20161027232016102918
20161027232016102919
20161027232016102920
20161027232016102921
20161027232016102922
20161027232016102923
20161027232016103000
20161027232016103001
20161027232016103002
20161027232016103003
20161027232016103004
20161027232016103005
20161027232016103006
20161027232016103007
20161027232016103008
20161027232016103009
20161027232016103010
20161027232016103011
20161027232016103012
20161027232016103013
20161027232016103014
20161027232016103015
20161027232016103016
20161027232016103017
20161027232016103018
20161027232016103019
20161027232016103020
20161027232016103021
20161027232016103022
20161027232016103023
002400140015001500140014001417142714271427142714271431153516351631173517351
73117351735173117351735173117351735163116351635163116351635163117351735173117351
73517311735173517311735173516311635163516311535153514311535153515311435143513311
33513351331143514351431143514351431143515351531153515351531153516351536153615361
005400140014001400140012001217122713271327132714271431143515351631163517351
73117351635163116351635163116351635163116351635163115351535163116351735173117351
73517311735173517311735173516311535143513311335143515311535153515311535143514311
43515351531153514351331133512351231123512351331133513351331133513351436143614361
015400150014001400150014001417141714271427142714271431153516351631173517351
73117351635163116351635163116351635163116351635153116351635173117351635163116351
73517311735173517311735173516311635153514311335133513311335133513311335133513311
33513351331153516351631163515351431133513351331133514351531153516351636163616361
027500150014001500150014001417151715271527142714271431153516351731173516351
53114351435133114351435133113351235123112351335133113351335133113351435163117351
73517311535133511311135113512311235123512311235123512311235123512311235123512311
33515351531153513351231113511351131113511351131113512351231123512351236133613361
070600140015001400140014001417141714271427142714371431153516351731163516351
53114351435143114351435143115351535153114351435133114351435153115351635153114351
43513311335133513311335123512311235123512311235123512311235123512311135113511311
23512351231123511351131113511351131123512351231123512351231123512351336133613361
110700170018001800180018001717171716271627152715271531153515351531143513351
23112351235123112351235113111351235123112351235123112351235123111351135113111351
13511311135113511311135113511311135113512311235113511311235123512311235123512311
23511351231133514351431143513351231123512351331133514351431143513351236123612361
120100130014001400160015001617161716271527152714271431143515351631163516351
63115351335123112351235123112351235123112351235123112351235123112351235123112351
23512311235113511311135113511311135113511311235123512311235123512311335143515311
53515351531143513351231123512351231123512351231123512351231123512351336133614361
130400140016001600160017001627152714271437133713371331133513351331123512351
23111351135113111351135113111351235123112351235123112351235123112351335143114351
43513311335123512311135113511311135113511311235123512311235123512311235123512311
23513351331133513351231123512351231113511351131123512351231123512351236123612361
145600160013001500160014001417141714271427142714271431143514351431143513351
23112351135113112351235123112351235123113351435153115351535153115351535153115351
53514311435143513311335123512311135123512311235123512311235123512311335133514311
43515351431133512351231113511351131113511351131123512351231123512351136113611361
149300130014001400130011001217121713271327132714271431143515351531143514351
33112351235113112351235123112351235133113351435153115351535153115351535143114351
43514311435133512311235123512311235123512311235123512311235123512311235133513311
33514351331133512351131113511351131113511351131123512351231123512351236133613361
156400160014001500150014001417141714271427142714271431143515351531143513351
23112351235123112351235123112351235133114351435153115351535153115351535153115351
53515311435133513311235123512311235123512311235123512311235123512311235133513311
43514351431133512351131113511351131113511351131123512351331123512351236133613361
168400120014001400110012001217131713271427142714371431143515351631163515351
43113351235113111351135123112351235123112351235123112351235133114351435153115351
53514311335123512311235123512311235123511311135113511311235123512311235123513311
33513351331133512351231113511351231123512351231123512351231123512351236123613361
180300160015001200150013001317131713271427142714371431153516351631163515351
43113351235123112351335133114351435143114351435143114351435143114351435153115351
53515311435133512311235123512311235123512311135113512311235123513311335133513311
43514351431143513351331133512351231123512351231123512351231123512351236123613361
190000140015001500130014001417141713171327132712271231123513351331133513351
33113351235123112351235133113351435143113351335133114351535163115351435133114351
53516311535143513311235123512311235123512311335143514311535153515311535153514311
43514351431143514351431143514351431143514351331133512351231123512351236133614361
222000100010001200170018001817171717271627162715271431133512351231113511351
13111351135113111351135113111351235123112351235123112351335143115351535163115351
53514311335123511311135113511311135113511311135113511311135123512311235123513311
43515351631153515351331133512351231113511351131113511351231123512351236123611361
240400130011001000100013001227122712371237133714371431133512351231113511351
13111351135113111351235123113351435143115351535153115351535163115351535143113351
23512311135113511311135113511311135113511311135113511311235123512311235123513311
33514351431133512351231113511351131113511351131113511351131123512351236123612361
255100140010001100130013001317131713271327142714271431143514351431133512351
23112351135113111351235123111351135123112351335143114351435143114351435133114351
43514311335123511311135113511311135113511311135113511311135113511311135113511311
23512351231123512351131113511351131113511351131113511351131113511351236123613361
260000140012001100130013001317131714271427142714271431133513351231123512351
23111351135113111351135113111351135123112351335143115351535153114351435143114351
43513311335123511311135113511311135113511311135113511311135113511311135123512311
33513351431133512351231113511351131113511351131113511351131113511351236123613361
280000100014001400130013001317141714271427132713271331133514351431143513351
23111351135113111351135113112351335133113351335133114351535153115351535143115351
53515311535143513311235123512311235123512311135123512311235133513311435143514311
43514351431143514351431133513351231113511351231123512351231123512351236123612361
299000100013001300120012001217121712171227122712271231123513351331143514351
33112351235113111351235133113351435143114351435143114351435143114351435143114351
53515311535153515311435133512311235123513311435153515311535153514311435143513311
33513351331133514351531153515351431143513351231123512351231123512351236123612361
434000100010001000100010001027112711271127112711371131113511351131113511351
13111351135113112351235133113351335133113351235113111351135113111351135113111351
13511311135113511311135113511311135113511311135113511311135113511311135113511311
13511351131113511351131113511351131113511351131113511351131113511351236123613361
460000100010001300130014001417141713171327132712271231123511351131113511351
13111351135113111351135113111351135113111351135113111351135113111351135123111351
13511311135113511311135113511311135113511311135113511311135113511311135113511311
13511351131113511351131113511351131113511351131113511351131113511351236123612361
481700170015001200110011001117122713271427142714271431143515351431143513351
23111351135113111351135123113351435153115351535153115351535153115351435143115351
53515311435143513311335133513311335123511311135123512311235133513311335143514311
33513351331133513351431143514351331123512351231123513351331133513351336133614361
497000100010001000120012001217122712271227112711271131113511351131113511351
13111351135113111351135113111351135113111351135123112351135113111351135113111351
13511311135113511311135113511311135113511311135113511311135113511311135113511311
13511351131113511351131113511351131113511351131113511351131113511351136113611361
510000100010001000100010001017112711271227122712371231123512351131113511351
13111351135113111351135113111351135113111351135113111351135113111351135113111351
13511311135113511311135113511311135113511311135113511311135113511311135113511311
13511351131113511351131113511351131113511351131113511351131113511351136113612361
579000100010001000100010001017102711271127112711271131113511351131113511351
13111351135113111351135113111351135113111351135113111351135113111351135113111351
13511311135113511311135113511311135113511311135113511311135113511311135113511311
13511351131113511351131113511351131113511351131113511351131113511351136113612361
588000100010001000100010001017101711271127112711371131113511351131113511351
13111351135113111351135113111351135113111351135113111351135113111351135113111351
13511311135113511311135113511311135113511311135113511311135113511311135113511311
13511351131113511351131113511351131113511351131113511351131113511351136113611361
621500150014001200120011001117112711271127122712271231123511351131113511351
13111351135113111351135113111351135113111351135113111351135113111351135113111351
13511311135113511311135113511311135113511311135113511311135113511311135113511311
13511351131113511351131113511351131113511351131113511351131113511351136113611361
630000100010001000100010001127112711271127122713371331133513351331133512351
23111351135113111351135113111351135113111351135113111351135113111351135113111351
13511311135113511311135113511311135113511311135113511311135113511311135113511311
13511351131113511351131113511351131113511351131113511351131113511351136113611361
643000100010001000100010001017102711271127112711271131113511351131113511351
13111351135113111351135113111351135113111351135113111351135113111351135113111351
13511311135113511311135113511311135113511311135113511311135113511311135113511311
13511351131113511351131113511351131113511351131113511351131113511351136113611361
645000100010001000100010001017101711271127112711271131113511351131113511351
13111351135113111351135113111351135113111351135113111351135113111351135113111351
13511311135113511311135113511311135113511311135113511311135113511311135113511311
13511351131113511351131113511351131113511351131113511351131113511351136113611361
650000100010001000100010001017101711271127112711371131113511351131113511351
13111351135113111351135113111351135113111351135113111351135113111351135113111351
13511311135113511311135113511311135113511311135113511311135113511311135113511311
13511351131113511351131113511351131113511351131113511351131113511351136113612361
675000100010001000100010001017111711271127112711371131113511351131113511351
13111351135113111351135113111351135113111351135113111351135113111351135113111351
13511311135113511311135113511311135113511311135113511311135113511311135113511311
13511351131113511351131113511351131113511351131113511351131113511351136113611361
690000100010001000100010001127112711271127122711371131113512351231123512351
23112351135113111351135113111351135113111351135113111351135113111351135113111351
13511311135113511311135113511311135113511311135113511311135113511311135113511311
13511351131113511351131113511351131113511351131113511351131113511351136113611361
747000100010001000100010001017101710271027112711271131113511351131113511351
13111351135113111351135113111351135113111351135113111351135113111351135113111351
13511311135113511311135113511311135113511311135113511311135113511311135113511311
13511351131113511351131113511351131113511351131113511351131113511351136113611361
