20160907051428
T2M TEDF  78  35 1
20160907052016090700
20160907052016090701
20160907052016090702
20160907052016090703
20160907052016090704
20160907052016090705
20160907052016090706
20160907052016090707
20160907052016090708
20160907052016090709
20160907052016090710
20160907052016090711
20160907052016090712
20160907052016090713
20160907052016090714
20160907052016090715
20160907052016090716
20160907052016090717
20160907052016090718
20160907052016090719
20160907052016090720
20160907052016090721
20160907052016090722
20160907052016090723
20160907052016090800
20160907052016090801
20160907052016090802
20160907052016090803
20160907052016090804
20160907052016090805
20160907052016090806
20160907052016090807
20160907052016090808
20160907052016090809
20160907052016090810
20160907052016090811
20160907052016090812
20160907052016090813
20160907052016090814
20160907052016090815
20160907052016090816
20160907052016090817
20160907052016090818
20160907052016090819
20160907052016090820
20160907052016090821
20160907052016090822
20160907052016090823
20160907052016090900
20160907052016090901
20160907052016090902
20160907052016090903
20160907052016090904
20160907052016090905
20160907052016090906
20160907052016090907
20160907052016090908
20160907052016090909
20160907052016090910
20160907052016090911
20160907052016090912
20160907052016090913
20160907052016090914
20160907052016090915
20160907052016090916
20160907052016090917
20160907052016090918
20160907052016090919
20160907052016090920
20160907052016090921
20160907052016090922
20160907052016090923
20160907052016091000
20160907052016091001
20160907052016091002
20160907052016091003
20160907052016091004
20160907052016091005
002 204   001 198   001 195   001 191   001 189   001 186   001 188   271
 193   571 201   871 212  1071 222  1171 232  1371 239  1471 244  1271 244  1171
 244   971 241   971 238  1071 232  1011 225  1051 217   951 210   911 206   851
 203   851 201   711 199   751 196   751 193   711 191   751 189   751 191   711
 196   951 201  1051 206  1211 207  1351 206  1551 203  1611 199  1551 195  1351
 191  1211 187  1251 183  1251 179  1211 176  1151 173  1151 170  1011 168  1051
 166   951 165   911 165   951 164   951 163   911 161   951 160   951 162   911
 168  1051 178  1051 187  1111 195  1351 201  1651 204  1811 205  1651 205  1551
 203  1311 200  1351 198  1351 195  1311 193  1251 191  1151 189  1011 187  1051
 185  1051 183  1011 181  1051 180   951 178   911 175   951 174  1051
005 187   001 178   001 170   001 167   001 161   001 159   001 163   371
 173   671 189   871 209  1071 227  1071 242  1071 254  1071 264  1171 269  1171
 268  1271 260  1271 246  1171 231  1111 217  1151 204  1151 194  1111 186  1051
 180  1051 175   911 170   951 165   951 160   911 155   951 153   951 159   911
 176  1051 197  1051 216  1111 226  1151 229  1251 228  1211 224  1351 219  1451
 211  1511 201  1451 189  1451 178  1311 168  1351 158  1251 151  1211 145  1151
 141  1151 139  1011 138  1051 138  1151 137  1111 136  1151 136  1151 141  1111
 153  1151 170  1151 188  1111 205  1151 220  1151 231  1111 236  1251 237  1451
 233  1511 225  1551 215  1451 204  1411 193  1451 183  1451 175  1411 169  1351
 165  1351 162  1211 160  1351 158  1351 156  1411 153  1451 151  1351
015 177   001 170   001 159   001 154   001 154   001 149   001 157   271
 174   671 198   971 222  1171 241  1071 254   971 262   871 268  1071 271  1171
 270  1371 264  1271 254  1171 241  1011 227  1051 212   951 200   911 191   951
 184   851 178   811 172   951 165   951 159  1011 154   951 153   951 161   811
 180  1051 206  1251 230  1411 247  1351 257  1251 261  1111 260  1151 254  1151
 244  1111 231  1151 217  1151 202  1111 189  1151 177  1051 167  1011 159  1051
 153   951 148   911 145  1051 142  1051 139  1111 135  1051 134  1051 139   911
 154  1151 174  1351 195  1511 212  1451 224  1351 233  1211 239  1351 242  1551
 241  1611 236  1551 227  1551 216  1411 205  1451 193  1351 183  1311 174  1251
 167  1251 162  1111 158  1251 154  1251 151  1311 148  1351 148  1251
027 160   001 147   001 150   001 150   001 147   001 146   001 153   471
 165   871 183  1271 205  1671 227  1471 247  1371 263  1171 272  1171 276  1171
 275  1171 271  1171 264  1171 251  1111 234  1151 215  1251 199  1211 188  1251
 180  1251 176  1211 173  1251 170  1251 167  1211 163  1251 160  1251 162  1211
 172  1351 185  1551 199  1611 209  1551 215  1451 219  1311 220  1451 220  1451
 217  1511 213  1451 206  1451 196  1311 183  1351 169  1451 157  1411 148  1451
 143  1351 141  1311 142  1351 143  1451 143  1411 140  1451 139  1451 143  1411
 157  1651 177  1751 197  1911 213  1851 226  1651 234  1511 239  1651 242  1651
 242  1711 239  1751 233  1651 223  1611 208  1751 192  1751 179  1811 172  1751
 168  1751 166  1611 163  1751 159  1751 154  1811 149  1851 147  1851
070 120   001 108   001 100   001  97   001 107   001  95   001 104   571
 128   971 157  1071 187  1171 213  1171 233  1171 248  1271 261  1171 270  1171
 274  1071 270  1171 259  1171 241  1111 221  1351 203  1451 187  1611 176  1651
 169  1651 163  1711 157  1751 152  1851 146  1811 141  1751 142  1651 152  1511
 175  1451 205  1351 234  1211 255  1351 269  1451 277  1511 281  1451 280  1451
 274  1311 262  1351 246  1351 228  1311 209  1451 192  1651 177  1711 166  1751
 159  1851 152  1811 145  1951 138  1951 132  2011 127  1951 127  1751 135  1611
 153  1651 176  1551 198  1511 214  1551 225  1651 233  1711 240  1751 245  1651
 246  1611 241  1651 232  1551 218  1511 201  1651 185  1651 171  1711 162  1751
 157  1851 153  1911 147  2051 141  2051 137  2111 136  2051 140  1951
110 159   001 158   001 155   001 172   001 189   001 191   001 198   571
 209   771 224   871 240   971 254  1071 266  1071 274  1171 280  1171 282  1071
 279  1071 273   971 260   971 244   811 223   851 202   951 184   911 174  1051
 169  1051 167  1111 165  1151 161  1251 157  1211 152  1251 148  1251 149  1211
 157  1151 169  1151 182  1011 193  1151 201  1251 206  1311 207  1351 204  1251
 200  1211 195  1251 189  1151 182  1111 175  1151 168  1051 163  1011 161  1151
 161  1251 162  1311 162  1351 162  1451 161  1411 159  1451 158  1351 160  1311
 166  1251 175  1251 185  1111 193  1251 199  1251 203  1311 204  1451 204  1451
 201  1511 196  1451 191  1351 184  1211 177  1251 171  1251 166  1211 163  1251
 162  1351 162  1311 163  1451 164  1451 164  1511 164  1551 163  1651
120 171   001 169   001 174   001 169   001 171   001 174   001 181   371
 193   571 210   771 228   871 245  1071 257  1271 264  1371 268  1471 269  1671
 269  1771 267  1671 263  1471 254  1311 241  1251 225  1151 211  1011 200  1051
 191  1151 185  1111 180  1151 176  1151 170  1111 163  1151 158  1051 157  1011
 164  1051 176  1051 189  1011 201  1251 211  1351 218  1511 222  1651 222  1751
 220  1811 215  1651 207  1551 197  1311 184  1351 172  1251 163  1211 159  1351
 159  1351 160  1411 161  1451 161  1451 159  1411 156  1451 155  1351 158  1311
 167  1251 181  1251 197  1111 212  1451 225  1651 233  1911 235  2051 233  2151
 228  2211 223  2051 216  1851 207  1611 195  1551 181  1551 171  1411 166  1551
 164  1651 164  1711 164  1751 164  1751 163  1711 162  1751 161  1651
130 205   001 203   001 195   001 178   001 173   001 171   001 179   471
 196   871 218  1071 242  1171 263  1171 280  1171 293  1171 304  1171 311  1271
 313  1271 311  1271 303  1171 289  1111 269  1151 247  1151 226  1111 209  1251
 197  1451 189  1511 184  1551 180  1551 176  1511 171  1551 168  1651 170  1611
 178  1451 191  1351 205  1111 218  1251 229  1251 238  1311 244  1451 247  1451
 246  1511 240  1451 230  1451 216  1311 200  1351 184  1351 170  1311 160  1451
 155  1651 152  1711 152  1751 152  1851 151  1811 148  1851 147  1851 151  1811
 163  1751 181  1651 200  1511 218  1651 233  1651 245  1711 252  1851 255  1851
 254  1911 248  1851 238  1651 225  1511 209  1551 193  1451 179  1411 168  1551
 160  1751 156  1811 154  1951 154  2051 154  2111 153  2151 153  2251
145 173   001 165   001 158   001 152   001 144   001 142   001 147   471
 160   671 178   871 200   971 220  1071 236  1071 249  1171 259  1171 267  1171
 272  1171 272  1171 267  1171 256  1111 240  1151 223  1151 206  1111 193  1151
 184  1051 178  1011 174  1051 170   951 165   911 159   951 156   951 160   911
 175   951 196  1051 216  1011 229  1151 236  1251 239  1311 241  1351 242  1251
 240  1211 235  1251 227  1251 216  1211 202  1251 187  1151 173  1111 161  1151
 153  1151 146  1111 141  1051 137  1051 133   911 128   951 125  1051 130  1011
 145  1151 166  1151 188  1211 206  1251 220  1351 230  1311 237  1451 242  1451
 244  1511 244  1551 240  1651 232  1611 219  1451 204  1351 191  1111 182  1151
 177  1251 172  1211 166  1251 160  1251 153  1211 147  1251 144  1351
149 173   001 170   001 166   001 156   001 147   001 145   001 153   471
 169   871 192   971 217   971 237  1071 252  1271 264  1371 274  1371 280  1371
 282  1371 277  1371 267  1271 254  1211 239  1251 223  1251 208  1211 196  1251
 186  1351 178  1311 173  1351 168  1351 163  1311 157  1251 155  1151 162  1011
 181  1051 206  1051 230  1011 245  1151 254  1351 258  1411 260  1451 260  1551
 256  1511 248  1451 237  1451 223  1311 208  1251 194  1251 181  1111 170  1251
 161  1251 154  1311 147  1351 141  1451 135  1411 129  1351 127  1251 132  1111
 148  1251 170  1251 194  1311 214  1451 230  1551 242  1611 250  1751 255  1851
 255  1911 251  1851 244  1751 233  1611 219  1451 205  1351 193  1111 186  1251
 181  1351 176  1411 169  1451 161  1551 153  1511 148  1451 147  1451
156 183   001 178   001 173   001 165   001 161   001 158   001 162   371
 174   671 191   971 212  1171 232  1171 248  1271 261  1271 271  1271 279  1271
 282  1271 280  1271 274  1171 264  1111 252  1151 240  1051 229  1011 221  1051
 214  1151 210  1111 206  1051 202  1051 196   911 187   851 181   851 182   711
 194   851 213  1051 231  1111 244  1251 252  1251 256  1311 258  1351 258  1351
 255  1311 248  1351 238  1351 226  1311 214  1251 203  1151 193  1011 184  1051
 177  1151 172  1111 168  1051 164   951 158   811 151   851 146   851 148   811
 160  1051 179  1151 200  1311 218  1451 232  1451 243  1511 251  1651 256  1651
 257  1711 254  1651 247  1651 238  1511 227  1451 217  1251 209  1111 205  1151
 203  1251 200  1211 195  1251 187  1151 179  1111 171  1151 167  1151
168 125   001 109   001 109   001 106   001  90   001 115   001 136   471
 156   871 178  1071 203   971 225  1071 241  1071 253  1171 263  1171 272  1071
 277  1071 275  1071 266  1171 247  1111 220  1351 192  1451 169  1611 157  1651
 153  1551 152  1511 149  1651 145  1651 140  1711 137  1651 140  1651 154  1511
 181  1451 214  1351 243  1211 261  1351 271  1551 276  1611 280  1551 282  1551
 280  1411 273  1451 260  1451 242  1411 220  1551 197  1651 178  1711 166  1751
 160  1751 156  1711 152  1851 146  1851 138  1911 129  1851 123  1751 129  1611
 149  1551 178  1551 205  1411 224  1551 236  1751 244  1811 251  1851 256  1751
 258  1711 255  1751 246  1651 231  1611 210  1651 188  1651 170  1611 160  1651
 155  1751 151  1711 145  1851 138  1851 133  1911 131  1951 136  1851
180 137   001 136   001 133   001 136   001 125   001 119   001 131   471
 153   871 179   971 204   971 225  1071 240  1271 251  1371 259  1271 263  1271
 263  1171 258  1171 248  1271 233  1211 213  1251 191  1351 173  1311 162  1351
 155  1451 150  1411 143  1451 137  1451 133  1411 134  1351 141  1251 156  1111
 179  1051 205  1051 232   911 255  1151 273  1251 286  1411 294  1351 297  1351
 293  1211 283  1351 268  1351 250  1411 230  1451 212  1451 196  1411 185  1551
 177  1551 171  1611 164  1751 157  1751 150  1811 144  1651 143  1551 150  1311
 167  1351 189  1251 210  1211 226  1551 237  1851 244  2111 248  2051 250  2051
 248  1911 243  1851 234  1751 222  1611 207  1651 191  1551 178  1511 169  1551
 164  1651 159  1611 154  1751 149  1751 145  1811 143  1751 147  1551
190 149   001 142   001 141   001 141   001 135   001 133   001 144   371
 164   771 185  1171 206  1271 223  1271 237  1171 249  1171 259  1271 267  1471
 268  1571 258  1571 242  1571 222  1511 202  1451 183  1251 169  1111 160  1151
 156  1251 152  1211 147  1251 142  1251 138  1211 136  1151 139  1051 152   911
 176  1151 205  1251 234  1411 257  1451 274  1351 288  1311 300  1451 307  1551
 305  1611 291  1651 270  1551 246  1511 225  1451 207  1251 194  1111 185  1251
 178  1351 173  1411 168  1451 163  1351 158  1311 155  1251 155  1251 163  1111
 180  1251 202  1451 223  1511 240  1551 252  1651 262  1611 270  1951 275  2251
 273  2511 264  2351 249  2251 231  2011 213  1851 197  1651 185  1411 178  1451
 173  1551 169  1511 163  1551 156  1551 151  1511 150  1451 156  1251
222 213   001 205   001 202   001 195   001 189   001 184   001 190   671
 205   871 226  1071 250  1171 271  1171 288  1271 303  1271 314  1271 323  1371
 325  1371 321  1371 309  1271 292  1211 269  1251 244  1251 222  1211 206  1351
 196  1351 190  1411 185  1451 181  1351 177  1311 172  1351 168  1251 170  1211
 179  1351 194  1351 209  1411 222  1451 232  1551 240  1511 245  1651 246  1651
 243  1711 234  1751 222  1651 207  1611 192  1551 178  1551 166  1411 157  1451
 151  1551 147  1511 144  1551 142  1551 139  1511 135  1551 132  1551 137  1511
 151  1551 172  1551 194  1511 214  1551 231  1651 244  1611 252  1751 255  1851
 252  1911 244  1951 233  1851 218  1811 202  1751 186  1651 172  1511 162  1651
 155  1651 150  1711 147  1751 145  1651 143  1611 140  1651 139  1751
240 187   001 180   001 172   001 167   001 161   001 157   001 164   471
 181   571 205   871 232   871 253   971 268   971 280   971 292  1071 301  1271
 304  1371 301  1371 291  1271 277  1211 259  1151 240  1151 222  1011 208  1051
 199  1151 192  1111 187  1251 184  1251 180  1311 176  1351 174  1351 178  1311
 190  1251 207  1051 224   911 237  1051 247  1251 253  1311 257  1351 259  1451
 258  1411 253  1451 245  1451 233  1411 217  1351 200  1151 185  1011 174  1151
 165  1151 159  1211 153  1351 147  1451 141  1511 135  1551 134  1451 139  1411
 154  1351 176  1351 198  1211 217  1351 233  1451 245  1511 255  1651 261  1651
 264  1711 263  1651 257  1551 246  1411 230  1351 213  1251 198  1111 188  1251
 181  1351 175  1411 168  1551 161  1651 154  1711 148  1751 146  1851
255 169   001 166   001 151   001 150   001 150   001 158   001 168   371
 181   671 199   671 222   871 243   971 259   971 271   971 281  1071 288  1071
 290  1171 286  1071 277  1071 265   911 249  1051 232  1051 215  1111 199  1251
 187  1351 178  1411 174  1451 172  1551 170  1511 166  1451 164  1451 170  1311
 187  1251 209  1251 231  1111 246  1151 255  1051 261  1011 266  1051 269  1151
 268  1111 263  1051 255  1051 243   911 230  1051 215  1051 201  1111 188  1251
 177  1451 169  1511 164  1651 159  1651 153  1711 144  1651 138  1551 140  1411
 155  1451 177  1451 201  1411 220  1451 234  1451 245  1411 253  1451 258  1551
 260  1511 260  1451 255  1351 246  1211 231  1251 214  1351 198  1311 187  1551
 179  1651 174  1811 170  1851 165  1951 159  1911 152  1851 148  1851
260 114   001  97   001  98   001  92   001 104   001  88   001  99   671
 128  1071 164  1171 199  1071 225   971 241   971 253   871 264   971 275   971
 280  1071 279  1071 269  1171 248  1111 219  1551 189  1851 165  2211 153  2251
 150  2151 150  2111 148  2151 145  2251 142  2211 141  2151 146  2051 159  1911
 183  1651 211  1351 237  1011 254  1051 264  1151 270  1111 275  1251 278  1251
 278  1311 273  1351 262  1351 246  1311 224  1651 201  1851 181  2111 168  2151
 160  2151 155  2111 151  2251 146  2451 140  2511 132  2351 129  2251 135  2011
 155  1851 183  1551 210  1311 229  1451 241  1451 250  1511 258  1551 265  1651
 267  1611 263  1551 253  1551 236  1411 213  1751 189  1951 169  2211 156  2251
 149  2351 145  2311 141  2451 137  2651 134  2711 133  2651 138  2451
280 171   001 161   001 147   001 160   001 151   001 151   001 158   471
 171   571 189   771 208   871 226  1071 241  1071 254  1171 265  1171 272  1171
 273  1171 269  1171 258  1171 243  1111 225  1151 207  1251 191  1211 179  1251
 171  1251 166  1211 163  1351 160  1351 158  1411 155  1351 156  1351 165  1211
 184  1151 209  1151 234  1011 254  1151 269  1351 280  1411 288  1451 292  1451
 291  1411 283  1451 270  1351 255  1311 239  1251 224  1251 211  1111 202  1151
 195  1251 189  1211 183  1351 176  1351 170  1411 165  1451 164  1351 170  1311
 184  1351 202  1451 220  1411 234  1551 243  1551 250  1611 254  1751 256  1851
 255  1911 251  1751 244  1651 234  1411 221  1451 208  1351 196  1311 187  1351
 180  1451 174  1411 168  1451 163  1551 159  1511 158  1551 160  1551
299 125   001 118   001 117   001 110   001 104   001  97   001 106   471
 125   771 149   971 175   971 197  1071 216  1171 230  1171 242  1271 250  1471
 251  1571 244  1571 231  1671 211  1611 190  1451 170  1351 154  1111 145  1251
 141  1451 139  1511 138  1551 137  1551 136  1511 135  1451 139  1351 151  1211
 174  1251 203  1151 232  1111 256  1151 274  1151 288  1111 298  1251 301  1451
 297  1511 283  1651 263  1651 239  1711 216  1551 195  1451 180  1211 172  1451
 168  1551 166  1711 163  1751 159  1751 156  1711 155  1651 157  1451 165  1311
 180  1351 200  1251 220  1211 237  1351 251  1551 261  1611 267  1851 268  1951
 265  2111 258  2151 246  2251 230  2211 211  1951 192  1551 176  1211 166  1451
 161  1651 158  1811 154  1851 150  1951 147  1911 146  1851 149  1651
434 183   001 177   001 169   001 166   001 163   001 150   001 154   571
 170   971 192  1171 216  1371 237  1271 254  1171 267  1071 279  1171 287  1171
 292  1271 291  1271 286  1171 276  1111 263  1051 249  1051 234   911 221  1051
 209  1051 200  1111 193  1151 187  1251 182  1211 177  1251 173  1351 173  1311
 178  1451 187  1451 197  1511 206  1451 215  1451 224  1311 232  1351 238  1451
 240  1411 235  1351 226  1351 215  1211 204  1151 194  1151 185  1011 177  1151
 171  1151 165  1211 160  1251 156  1351 151  1311 145  1351 142  1451 145  1411
 157  1551 174  1551 192  1611 207  1651 218  1551 227  1511 234  1551 238  1651
 240  1611 238  1551 233  1451 225  1311 214  1251 203  1251 192  1111 183  1251
 176  1351 171  1411 166  1551 161  1551 156  1611 150  1651 146  1751
460 138   001 129   001 123   001 122   001 115   001 121   001 131   371
 146   671 167   971 194  1171 221  1271 246  1371 267  1371 285  1471 298  1471
 303  1571 299  1371 286  1271 266  1011 244  1151 223  1351 206  1411 197  1451
 193  1451 193  1411 194  1351 193  1351 189  1211 180  1251 172  1151 174  1111
 190  1151 215  1251 240  1211 259  1351 271  1351 279  1411 284  1551 286  1551
 284  1611 277  1451 266  1351 252  1111 237  1251 223  1451 210  1511 200  1551
 192  1551 186  1511 182  1451 179  1451 174  1311 167  1251 162  1251 164  1111
 175  1251 192  1251 211  1311 227  1551 240  1751 250  1911 257  2051 261  2051
 262  2111 259  1851 251  1651 241  1311 228  1351 214  1351 201  1311 191  1351
 184  1351 180  1311 178  1351 177  1451 174  1411 168  1351 163  1351
481 166   001 162   001 155   001 156   001 153   001 151   001 158   371
 173   571 195   871 219   971 241  1271 259  1371 274  1471 286  1271 294  1171
 297   971 293  1071 284  1171 271  1211 256  1151 242   951 229   811 219   951
 213   951 208  1011 204  1051 201   951 196   911 191   951 188  1051 191  1011
 204  1151 222  1151 242  1211 259  1251 273  1251 284  1211 292  1251 297  1251
 298  1211 293  1251 285  1251 273  1211 260  1151 247  1151 236  1011 227  1051
 219   951 213   911 207   951 202   851 196   811 190   851 186   951 189   911
 200  1151 216  1351 233  1511 246  1551 256  1551 263  1511 268  1551 270  1451
 269  1411 265  1451 259  1451 250  1411 239  1351 227  1151 217  1011 210  1051
 205   951 201   911 197   951 193   851 188   811 184   951 183  1051
497 130   001 126   001 127   001 122   001 117   001 112   001 122   471
 143   871 172  1071 203  1271 231  1571 254  1671 270  1871 280  1871 283  1871
 276  1871 259  1671 237  1471 214  1211 195  1251 179  1151 167  1111 158  1151
 150  1051 145  1011 141  1151 137  1251 131  1311 124  1351 120  1351 128  1311
 151  1351 183  1451 215  1411 241  1551 260  1751 274  1811 284  1851 288  1851
 281  1811 263  1651 238  1551 215  1311 198  1251 187  1251 178  1111 170  1051
 163  1051 157   911 152  1051 146  1151 140  1211 133  1251 129  1351 135  1311
 153  1351 180  1251 209  1211 235  1451 256  1551 272  1711 282  1851 284  2051
 277  2111 259  1851 236  1551 214  1211 197  1251 185  1151 176  1111 167  1151
 160  1051 153  1011 148  1051 143  1151 138  1111 133  1151 131  1251
510 237   001 225   001 214   001 205   001 197   001 200   001 208   771
 222   971 241   971 264  1071 287  1171 308  1171 325  1271 340  1271 350  1371
 354  1371 350  1271 338  1171 319  1011 294  1051 268   951 245   911 230   951
 221   951 215   911 210  1051 206  1051 202  1111 199  1151 197  1051 198  1011
 203  1051 211  1051 220  1011 228  1151 234  1151 240  1211 245  1251 248  1351
 248  1311 244  1251 237  1251 226  1111 212  1051 198  1051 185   911 175   951
 169  1051 165  1011 163  1151 161  1151 158  1211 154  1251 153  1251 157  1211
 170  1351 188  1351 206  1411 219  1451 229  1551 238  1511 247  1751 254  1851
 258  2011 257  1951 250  1951 238  1811 221  1651 203  1551 186  1311 174  1251
 167  1251 162  1111 159  1251 155  1451 151  1511 145  1551 143  1551
579 215   001 208   001 200   001 182   001 155   001 148   001 159   371
 180   671 207   771 233   871 255  1071 271  1171 283  1271 292  1371 298  1371
 298  1471 290  1271 277  1171 260   911 243  1051 227  1151 212  1211 199  1351
 188  1451 179  1511 172  1651 166  1851 160  1911 155  1751 156  1551 167  1311
 191  1251 222  1051 253   911 276  1051 293  1151 305  1211 314  1351 319  1351
 318  1411 311  1251 298  1151 282   911 265   951 249  1051 236  1011 228  1151
 222  1251 218  1311 213  1551 207  1651 202  1811 199  1651 200  1551 209  1311
 228  1351 252  1251 275  1211 292  1351 303  1351 311  1411 317  1451 320  1451
 318  1411 310  1351 298  1151 283  1011 267  1051 251   951 236   911 223  1151
 213  1351 205  1511 199  1651 194  1851 190  1911 187  1851 187  1651
588 166   001 154   001 144   001 135   001 133   001 130   001 140   571
 159   771 184   771 211   871 235   971 255  1071 270  1171 280  1471 285  1671
 283  1971 275  1871 262  1871 246  1711 230  1751 215  1651 201  1611 188  1651
 176  1651 166  1611 159  1751 153  1751 149  1811 145  1651 146  1451 157  1211
 180  1151 210  1151 241  1011 266  1051 285  1151 297  1111 302  1451 302  1751
 297  2011 289  2051 278  1951 263  1911 246  1851 227  1751 211  1611 199  1651
 189  1651 182  1611 176  1651 170  1751 166  1711 163  1551 166  1451 177  1211
 199  1151 227  1151 255  1011 276  1051 292  1151 302  1111 308  1651 310  2151
 306  2611 297  2351 283  2151 267  1811 250  1751 233  1751 218  1611 205  1651
 194  1751 185  1711 177  1751 171  1751 167  1711 165  1551 167  1451
621 187   001 178   001 174   001 168   001 182   001 169   001 177   571
 200   871 229  1271 259  1471 283  1371 300  1371 314  1271 328  1271 339  1271
 342  1271 333  1271 314  1171 287  1111 255  1151 225  1151 202  1111 192  1251
 191  1251 191  1311 188  1451 184  1651 178  1711 174  1551 173  1451 176  1211
 185  1351 196  1451 205  1511 210  1551 212  1451 213  1411 214  1451 215  1451
 215  1411 212  1451 207  1451 200  1411 193  1351 186  1251 180  1111 176  1251
 174  1251 171  1311 167  1451 163  1551 158  1611 154  1551 151  1351 153  1211
 160  1451 170  1551 182  1711 194  1751 205  1651 215  1611 224  1651 230  1751
 232  1711 229  1651 221  1651 210  1511 196  1451 183  1351 172  1211 166  1251
 163  1351 160  1311 156  1451 151  1451 145  1511 140  1451 138  1351
630 232   001 221   001 207   001 208   001 189   001 183   001 194   371
 215   471 241   571 265   571 284   771 297   971 307  1071 315  1171 320  1171
 319  1271 310  1171 296  1171 280  1011 265   951 251   951 237   811 224   851
 213   951 204   911 198   951 195   951 193   911 192   951 193  1051 197  1011
 205   951 216   851 227   711 237   851 245  1051 251  1111 255  1151 257  1151
 257  1111 254  1151 249  1151 243  1111 236  1051 227   951 219   811 211   951
 203   951 197  1011 193  1051 189  1051 185  1011 179  1051 175  1051 176  1011
 186  1151 201  1151 217  1211 230  1351 240  1451 249  1511 257  1451 263  1451
 266  1311 264  1351 258  1351 248  1311 236  1251 224  1051 213   911 204  1051
 196  1051 190  1111 184  1151 179  1251 173  1211 167  1251 165  1151
643 232   001 228   001 223   001 206   001 213   001 208   001 215   371
 229   771 247  1171 262  1371 272  1371 275  1271 275  1271 273  1371 271  1571
 266  1671 259  1471 249  1171 239   911 230   951 222  1051 214  1011 206  1151
 198  1251 192  1311 188  1351 186  1251 181  1211 174  1151 170  1151 177  1011
 199  1051 229  1151 255  1111 270  1251 277  1251 281  1311 286  1451 290  1451
 292  1511 289  1451 281  1251 272  1111 262  1151 253  1251 244  1211 236  1351
 230  1351 225  1411 221  1451 218  1451 213  1411 207  1351 205  1351 212  1211
 232  1251 258  1151 281  1111 294  1151 299  1151 300  1111 301  1451 301  1651
 297  1911 288  1751 277  1451 265  1211 255  1251 246  1251 239  1211 232  1351
 226  1451 221  1511 217  1551 213  1451 209  1411 204  1351 202  1351
645 230   001 225   001 207   001 189   001 176   001 181   001 193   371
 210   771 231  1271 253  1471 271  1471 282  1371 289  1271 292  1371 291  1471
 286  1571 277  1471 264  1271 249  1111 236  1251 224  1251 212  1311 201  1351
 191  1351 184  1311 182  1351 181  1351 179  1311 174  1251 173  1151 182  1011
 206  1051 239  1151 270  1111 291  1151 304  1251 311  1211 316  1351 318  1551
 315  1611 307  1551 295  1351 280  1211 264  1251 248  1251 236  1211 228  1351
 224  1351 222  1411 220  1351 219  1351 216  1211 213  1151 213  1051 222   911
 242  1051 268  1251 292  1311 309  1351 319  1251 325  1211 329  1351 331  1551
 326  1611 314  1551 298  1351 279  1211 261  1251 246  1351 233  1311 224  1351
 217  1451 213  1411 210  1451 209  1451 207  1411 205  1351 206  1251
650 234   001 209   001 213   001 221   001 214   001 204   001 211   371
 227   571 247   771 265   971 279   971 288   871 293   771 293   871 290  1071
 283  1171 273  1071 262   871 251   711 242   751 233   751 226   711 219   851
 213   951 207  1011 201  1151 196  1251 191  1311 187  1151 188   951 197   711
 216   851 241  1051 265  1111 282  1051 294   851 301   711 305   851 306   951
 301  1011 290   951 276   851 262   711 251   751 243   851 236   811 229   951
 223   951 217  1011 212  1151 207  1351 203  1411 200  1251 201   951 209   711
 227   851 250  1051 273  1111 291  1051 304   951 312   811 316   951 315  1051
 308  1111 296  1051 281   851 267   711 256   751 249   851 242   811 236   951
 229   951 223  1011 217  1151 212  1351 208  1411 207  1251 209  1051
675 222   001 219   001 217   001 202   001 195   001 187   001 196   571
 217   771 243  1071 269   871 290   971 302  1071 308  1171 310  1171 306  1271
 299  1271 286  1371 271  1371 256  1411 242  1351 229  1251 219  1111 212  1251
 207  1451 202  1511 196  1651 188  1751 179  1811 169  1751 165  1551 176  1411
 206  1251 246  1051 284   811 309  1051 322  1351 327  1511 327  1551 322  1451
 312  1411 298  1551 282  1551 264  1611 246  1551 230  1351 217  1211 208  1351
 201  1551 196  1611 190  1751 184  1851 177  1911 171  1751 171  1651 182  1411
 208  1451 243  1351 277  1311 303  1451 321  1551 330  1611 332  1651 329  1751
 320  1711 307  1751 292  1751 275  1711 257  1551 241  1351 227  1111 217  1351
 211  1451 204  1611 196  1751 188  1951 181  2011 176  1951 178  1851
690 239   001 237   001 235   001 233   001 222   001 212   001 217   271
 231   571 247   871 261   871 270   871 275   871 278   871 280   871 280   871
 279   871 274   771 266   671 259   511 253   551 247   551 243   511 240   651
 237   651 234   711 230   751 226   751 221   711 217   751 217   751 223   711
 238   751 257   851 272   811 279   851 280   851 278   811 276   851 274   851
 271   811 267   751 262   651 256   511 250   551 245   651 241   611 239   651
 238   751 237   711 235   751 232   751 228   711 224   751 224   851 229   811
 242   951 258   951 271  1011 278  1051 279   951 279   911 279   951 278   951
 276   911 272   851 267   751 261   611 256   651 252   651 249   611 247   651
 246   751 244   711 240   751 236   751 232   711 229   751 229   851
747 227   001 219   001 213   001 207   001 201   001 198   001 204   471
 216   971 232  1371 249  1371 263  1271 274  1271 280  1171 283  1471 282  1871
 278  2171 271  1971 262  1671 252  1411 243  1351 236  1151 230  1011 225  1151
 221  1251 218  1311 215  1451 211  1451 208  1511 205  1551 205  1551 212  1511
 228  1351 249  1251 269  1011 284  1051 295  1151 303  1111 309  1451 312  1851
 310  2111 301  1951 287  1751 274  1511 263  1451 256  1251 251  1111 248  1251
 245  1251 242  1311 237  1451 232  1551 226  1611 222  1651 222  1651 228  1611
 243  1551 261  1451 279  1311 291  1351 299  1351 303  1311 305  1651 304  1851
 299  2111 290  1951 278  1751 267  1511 258  1451 252  1251 248  1111 245  1251
 243  1451 240  1511 236  1651 231  1751 226  1811 222  1851 221  1751
NT  TEDF  78  35 1
20160907052016090700
20160907052016090701
20160907052016090702
20160907052016090703
20160907052016090704
20160907052016090705
20160907052016090706
20160907052016090707
20160907052016090708
20160907052016090709
20160907052016090710
20160907052016090711
20160907052016090712
20160907052016090713
20160907052016090714
20160907052016090715
20160907052016090716
20160907052016090717
20160907052016090718
20160907052016090719
20160907052016090720
20160907052016090721
20160907052016090722
20160907052016090723
20160907052016090800
20160907052016090801
20160907052016090802
20160907052016090803
20160907052016090804
20160907052016090805
20160907052016090806
20160907052016090807
20160907052016090808
20160907052016090809
20160907052016090810
20160907052016090811
20160907052016090812
20160907052016090813
20160907052016090814
20160907052016090815
20160907052016090816
20160907052016090817
20160907052016090818
20160907052016090819
20160907052016090820
20160907052016090821
20160907052016090822
20160907052016090823
20160907052016090900
20160907052016090901
20160907052016090902
20160907052016090903
20160907052016090904
20160907052016090905
20160907052016090906
20160907052016090907
20160907052016090908
20160907052016090909
20160907052016090910
20160907052016090911
20160907052016090912
20160907052016090913
20160907052016090914
20160907052016090915
20160907052016090916
20160907052016090917
20160907052016090918
20160907052016090919
20160907052016090920
20160907052016090921
20160907052016090922
20160907052016090923
20160907052016091000
20160907052016091001
20160907052016091002
20160907052016091003
20160907052016091004
20160907052016091005
002300100010001000100010001027102711271127112711271231123512351231113511351
13111351135113111351135113111351135113111351135113113351435153115351435133112351
23512311235133513311335123512311135123512311335133513311335133512311235123512311
33513351331133512351231123512351231123512351131113511351131123512351231123512351
005000110012001100100010001017102711271127112711271131113511351131113511351
13111351135113111351135113111351135113111351035113113351535173116351535133112351
23512311235123511311135113511311135113512311235123512311235123512311235123512311
23512351231123512351231123512351231113511351131113511351131113511351131113511351
015000100010001100100010001027102711271127112711371131113511351131113511351
13111351135113111351135113111351135113111351135113111351135113112351335143114351
33512311235113511311135113511311235123512311235123512311235123512311235123512311
23511351131113511351231123512351231123512351131113511351131113511351131113511351
027000100010001000110012001227122712271227112711271131113511351131113511351
23111351135113111351135113111351135113113351535163116351535133113351235133113351
23513311335133513311235123511311135113512311235133513311335133513311335143514311
43514351431143514351431143514351331123512351131113511351231123512351331133514351
070000100010001000100010001017102711271127112711271131113511351131113511351
13111351135113111351135113111351135113111351135113111351135113111351135123113351
43514311435133512311135113511311135113511311135113511311135113511311135113511311
13511351231123511351131113512351231113511351131113511351131113511351131113511351
110000100012001200120012001227122713271327122712271131113511351131113511351
23113351435153116351635163117351635163114351335123112351235123112351235123111351
13512311335143515311635153515311535163516311635153515311635163516311735173517311
73517351731173517351731173516351631153514351431143514351531153516351631173517351
120100140014001100130014001427132713271227122712371131113511351131113511351
13111351135113111351135123114351535153115351335123111351135123112351235123112351
13511311235123512311235123513311335143514311435143515311535153516311535143513311
23512351231133514351431153515351531143513351231133514351531153515351531153514351
130300140010001000100011001127113711371127112711271131113511351131113511351
13111351135113111351135123112351335133113351335123112351235123112351235123112351
23512311235123512311135113511311235123512311335133514311535163516311535143513311
33514351431153515351531143513351331123512351231123513351331143514351431153516351
145000100010001000100010001027102711271127112711271131113511351131113511351
13111351135113111351135113111351135113111351135113111351235123112351335133113351
23512311135113512311135113511311135113511311135113511311135113511311135113511311
13511351231123512351231123512351231123511351131113511351131113511351131113511351
149000100010001000100010001017102711271127112711271131113511351131113511351
13111351135113111351135113111351135113111351135113111351135123112351335133113351
23512311135113512311135113511311135113511311135113511311135113511311135113511311
13511351231123512351231123512351231123511351131113511351131113511351131113511351
156000100010001000100010001027102711271127112711271131113511351131113511351
13111351135113111351135113111351135113111351135113111351135123112351335133113351
23512311135113512311135113511311135113511311135113511311135113511311135113511311
13511351231123512351231123512351231123511351131113511351131113511351131113511351
168000100010001000100010001017102711271127112711271131113511351131113511351
13111351135113111351135113111351135113111351135113111351135113111351135113111351
23512311235123512311235113511311135113511311135113511311135113511311135113511311
13511351131113511351231133514351431143513351231123511351131113511351131113512351
180000100010001000100010001027102711271137112711371131113511351131113511351
13111351135113111351135113111351135113111351135113111351135113111351135123112351
23512311235123512311135113511311235123512311235123512311235123511311135113511311
13511351131113512351231123512351231123512351131123512351231123512351231123512351
190000100010001000100010001017112711271127112711271131113511351131113511351
13111351135113111351135113111351135113111351135113111351135113111351135113112351
33513311335123512311135113512311235133514311435153515311535153515311435133512311
23512351231123512351231123512351231123512351231123512351231123512351231123512351
222000100010001000100012001227122712271227112711371131113511351131113511351
13111351135113111351135123113351435153115351535143113351235123112351235133113351
33512311235123511311135113511311135123512311235123512311235133513311335133512311
23512351331133513351331133512351231123511351131113512351231133513351431143515351
240000100010001000100010001017102711271127112711271131113511351131113511351
13111351135113111351135113111351135113111351235123113351435143114351335123113351
43514311435133511311135113511311135113511311135113511311135113512311235123511311
13511351131123512351231123512351231113511351131113511351231123512351231123513351
255000100010001000100010001027102710271127112711271131113511351131113511351
13111351135113111351135113111351135113111351235123111351135113112351335143115351
53515311535143513311235123511311135123512311235123512311235123512311235123511311
13511351131113512351231123512351231123512351131113511351131113511351131113511351
260000100010001000100010001017102710271127112711271131113511351131113511351
13111351135113111351135113111351135113111351135113111351235123112351235123112351
23512311235123512311235123512311235123512311135113511311135123512311235123512311
23512351331133513351331133512351231123512351231113511351131113511351131113511351
280000100010001000100010001027102711271127112711271131113511351131113511351
13111351135113111351135113111351135113111351135113111351135113111351135123112351
23512311335133513311435143514311435143514311435143514311435133513311235123512311
23512351231133513351331133514351431143513351231123512351231123511351131113512351
299000100010001000100010001027112711371137113711371131113511351131113511351
13111351135113111351135113111351135113111351135113111351135113111351135113111351
13511311135113511311235123512311235123512311335133514311435133512311235113511311
13512351231123512351231123512351231123511351131123512351231123511351231123512351
434000100010001000100010001027102711271127112711271131113511351131113511351
13111351135113111351135113111351235133113351435153116351635163116351635153114351
33513311335133513311335133512311335133513311335133512311235123512311235113511311
13511351131123512351231123512351231113511351131113511351131113511351131123512351
460000100010001000100010001017102711271127112711271131113511351131113511351
13111351135113111351135113111351135113111351135113112351235123113351335143115351
53515311535143514311335133513311335123512311235123512311335143515311635163516311
53515351531153516351631163515351431133512351231123513351331133513351231123512351
481000100010001000100010001027102711271127112711371131113511351131113511351
13111351135113111351135113111351135113111351135113111351135113111351135113111351
13511311235123512311235113511311135123512311235123512311335143514311335133512311
23512351231123512351231133513351331133512351231123512351231123512351231123513351
497000100011001100110011001127112711271127112711271131113511351131113511351
13111351135113111351135113111351135113111351135113111351135113111351135123112351
23512311235123511311135123512311235123512311235113511311135113512311235113511311
13511351131123513351431143514351431143514351431143514351431133513351331133513351
510000100010001000100010001017102711371137113711371131113511351131123512351
23112351235123113351435153115351435133113351435143114351435143115351535153115351
53515311535143514311335133512311235133513311435143514311435143513311335123512311
23512351231123513351331143514351431143513351331133512351231123512351231123512351
579000100010001000100010001017112711271137123712371231123512351231113511351
13111351135113111351135113111351135113111351135113111351135113111351135113111351
13511311135113511311135113511311135113511311135113511311135113511311135113511311
13511351131123512351231123512351231133513351431143514351431143514351431153515351
588000100010001000100010001017102711271127112711271131113511351131113511351
13111351135113111351135113111351135113111351135113111351135113111351135113111351
13511311135113511311135113511311135113511311135113511311135113511311135113511311
13511351131113511351231123512351231123512351231123512351231123512351231123512351
621000100010001000100010001027102711271127112711271131113511351131113511351
13112351235133113351335133113351335143114351535153116351635173117351735173117351
63516311635163517311735163516311635163516311535143514311435153516311635163516311
63516351631163516351531143513351331123512351231123512351231123512351331133514351
630000100010001000100010001027102710371137113711371131113511351131113511351
13112351235123112351235133114351535163117351735163116351535153114351535153115351
43514311335133512311235133514311535163516311635153514311335133512311235123512311
13512351231123513351431143515351531143514351331123512351231123512351331133513351
643000100010001000120010001027113711271127113711371131113511351131113511351
13111351135113111351135113111351135113111351135113111351235123112351235123111351
13511311135113512311235123511311135113511311135113511311135113511311135113511311
23512351231123512351231133514351531153515351431143514351431143514351431143514351
645000100010001000100010001127112712271227133713371331133512351131113511351
13111351135113111351135113111351135113111351135113111351135113111351135113111351
13511311135113511311135113511311135113511311135113511311135113511311135113511311
13511351131113511351231123513351331143514351431143514351431143514351431143514351
650000100010001000100010001017102711271127112711271131113511351131113511351
13111351135113111351135113111351135113111351135113111351135113111351135113111351
13511311135113511311135113511311135113511311135113511311135113511311135113511311
13512351231123512351231123512351231123513351331133514351431143514351431143514351
675000120010001000100010001017112711271127112711271131113511351131113511351
13111351135113111351135113111351135113111351135113111351135113111351135113111351
13511311135113511311135113511311135113511311135113511311135113511311135113511311
13511351231123512351231123512351231123512351231123513351331133512351231123512351
690200110010001000100010001037112711271137113711271131113511351131113511351
13111351135113111351135113111351135113111351135113111351135113111351135113111351
13511311135113511311135113511311135113511311135113511311135123512311235123512311
23512351231123512351231123512351231123512351231123512351131113511351131113512351
747100110013001000120010001027112711271127112711271131113511351131113511351
13111351135113111351135123112351235133113351335133112351235123112351335143114351
53515311435143513311335133513311335123512311335133513311335143513311335133513311
33513351431143514351431143514351431153515351631153515351431133513351331133512351
