20160120211430
T2M TEDF  78  35 1
20160120212016012016
20160120212016012017
20160120212016012018
20160120212016012019
20160120212016012020
20160120212016012021
20160120212016012022
20160120212016012023
20160120212016012100
20160120212016012101
20160120212016012102
20160120212016012103
20160120212016012104
20160120212016012105
20160120212016012106
20160120212016012107
20160120212016012108
20160120212016012109
20160120212016012110
20160120212016012111
20160120212016012112
20160120212016012113
20160120212016012114
20160120212016012115
20160120212016012116
20160120212016012117
20160120212016012118
20160120212016012119
20160120212016012120
20160120212016012121
20160120212016012122
20160120212016012123
20160120212016012200
20160120212016012201
20160120212016012202
20160120212016012203
20160120212016012204
20160120212016012205
20160120212016012206
20160120212016012207
20160120212016012208
20160120212016012209
20160120212016012210
20160120212016012211
20160120212016012212
20160120212016012213
20160120212016012214
20160120212016012215
20160120212016012216
20160120212016012217
20160120212016012218
20160120212016012219
20160120212016012220
20160120212016012221
20160120212016012222
20160120212016012223
20160120212016012300
20160120212016012301
20160120212016012302
20160120212016012303
20160120212016012304
20160120212016012305
20160120212016012306
20160120212016012307
20160120212016012308
20160120212016012309
20160120212016012310
20160120212016012311
20160120212016012312
20160120212016012313
20160120212016012314
20160120212016012315
20160120212016012316
20160120212016012317
20160120212016012318
20160120212016012319
20160120212016012320
20160120212016012321
002  38   001  22   001  18   001  14   001   7   001   7   001   7   371
   7   571   5   671   2   771   0   871   0   971  -1  1071  -2  1071  -2  1071
  -2  1171  -2  1171   0  1271   6  1171  17   971  26   871  33   871  37   971
  37   971  34   971  29   971  24   971  21   971  18   871  16   871  15   871
  12   971  10   971   9  1071   8  1171   8  1271   9  1271  10  1271  11  1271
  11  1271  11  1271  15  1271  23  1171  34  1071  44   971  51  1071  56  1071
  60  1171  63  1171  67  1171  70  1171  71  1071  73  1071  74   971  76  1071
  77  1171  77  1271  79  1251  77  1351  76  1311  76  1351  75  1351  74  1311
  72  1351  69  1451  69  1411  72  1351  77  1151  80  1011  80  1051  77  1151
  72  1111  67  1251  62  1251  60  1311  60  1351  62  1251  62  1261
005  16   001   3   001  -2   001  -4   001  -9   001 -14   001 -18   371
 -21   571 -23   571 -24   771 -25   871 -26   971 -26   971 -26   971 -27   971
 -27   971 -26  1071 -19  1071  -6  1071   9  1071  24  1071  32  1071  35   971
  33   971  28   871  21   871  15   871  10   871   7   971   5   971   4   971
   4   971   4   971   2  1071   1  1071   0  1171   0  1171   1  1171   1  1171
   0  1071  -1  1071   3   971  13   971  26  1071  37  1071  44  1071  47  1171
  49  1171  52  1071  55  1071  58   971  59  1071  58  1171  58  1271  58  1271
  59  1171  59  1171  60  1351  59  1351  59  1411  58  1451  57  1551  54  1511
  51  1551  48  1451  50  1411  57  1451  66  1351  73  1311  76  1351  75  1251
  71  1211  65  1251  59  1351  56  1311  56  1451  58  1651  61  1761
015  21   001  15   001   7   001   6   001   8   001   5   001   0   471
  -6   671 -11   671 -16   771 -18   771 -21   771 -21   871 -19   971 -18   971
 -17   871 -16   871 -11   771   0   771  15   771  27   771  34   771  37   671
  33   671  26   771  15   771   7   871   2   871   1   971   2   971   1   971
  -1  1071  -3  1071  -5  1071  -6   971  -5   971  -5   971  -4  1071  -5  1071
  -7  1071  -7   971  -5   971   4   971  14  1071  23  1071  28   971  31   871
  32   871  33   871  34   971  36   971  37   971  40  1071  44  1071  48  1171
  52  1271  53  1271  55  1151  54  1151  53  1011  53  1151  52  1151  51  1211
  48  1251  46  1151  48  1111  56  1151  66  1051  75  1011  80  1051  80   951
  75   911  67  1051  58  1151  52  1211  51  1251  53  1351  53  1361
027   4   001  -5   001 -12   001 -15   001 -20   001 -23   001 -22   571
 -19   771 -16   871 -15   971 -13  1071 -13  1071 -15  1171 -16  1271 -16  1371
 -12  1371  -7  1271   2  1171  15  1171  27  1171  39  1171  47  1171  51  1171
  49  1071  42  1071  30  1071  23  1171  19  1271  19  1271  19  1271  18  1271
  16  1371  17  1371  17  1371  18  1271  21  1271  25  1271  30  1371  34  1371
  36  1371  38  1271  43  1371  51  1371  62  1371  71  1371  78  1371  82  1371
  83  1471  83  1471  80  1471  74  1471  67  1471  59  1571  52  1571  47  1571
  43  1671  42  1671  60  1551  58  1551  56  1511  53  1551  51  1551  49  1511
  49  1551  51  1551  55  1511  61  1551  68  1651  75  1611  80  1651  82  1751
  81  1711  77  1751  72  1851  69  1811  70  1851  73  1851  76  1861
070 -26   001 -32   001 -34   001 -41   001 -43   001 -34   001 -34   771
 -38  1071 -41  1271 -42  1471 -42  1471 -45  1471 -52  1571 -59  1571 -61  1571
 -56  1471 -46  1371 -32  1271 -16  1271  -1  1171  12  1171  21  1171  23  1071
  20   871  12  1071   0  1271  -8  1371 -13  1571 -14  1671 -15  1971 -17  1971
 -21  1971 -23  1771 -24  1771 -25  1871 -27  1871 -31  1771 -35  1771 -36  1771
 -32  1671 -24  1571 -15  1471  -3  1371   7  1371  15  1371  20  1271  24  1051
  24   911  22  1151  21  1351  22  1411  27  1651  34  1851  40  1911  42  2051
  40  2051  38  2011  40  2051  38  2051  38  2011  38  2051  39  2051  40  2011
  41  1951  42  1751  45  1611  50  1551  56  1551  61  1511  64  1451  64  1351
  62  1211  58  1351  52  1551  47  1611  43  1851  40  1951  37  2161
110  68   001  67   001  65   001  63   001  63   001  63   001  63   971
  61   971  60   871  60   871  62   971  61   971  60  1071  58  1071  58  1171
  59  1171  63  1071  66  1071  70  1171  73  1271  77  1271  82  1171  85  1071
  87   971  86  1071  83  1071  81  1171  80  1271  81  1271  82  1371  84  1271
  85  1271  88  1171  91  1171  95  1171  99  1171 102  1271 104  1371 105  1471
 106  1471 107  1371 108  1371 111  1371 114  1371 117  1271 118  1271 117  1171
 113  1271 104  1271  93  1371  85  1371  80  1471  76  1471  74  1671  72  1571
  71  1571  70  1571  87  1251  88  1251  89  1211  90  1351  91  1451  91  1511
  90  1551  90  1451  91  1411  95  1351 100  1251 106  1111 111  1251 115  1251
 119  1311 122  1451 124  1451 124  1511 122  1651 120  1651 119  1761
120  55   001  50   001  48   001  44   001  43   001  44   001  40   471
  35   771  31   971  28  1071  28   971  27   971  24  1071  21   971  18   971
  17   971  18   871  23   871  33   871  46   971  56   971  62   871  65   971
  64   971  58   971  52   971  46   971  43  1071  42  1271  41  1371  39  1371
  39  1471  40  1471  43  1471  47  1371  52  1371  56  1371  59  1271  61  1271
  62  1271  64  1371  69  1371  79  1371  90  1371  99  1371 103  1471 103  1571
 101  1671  96  1571  91  1471  84  1371  77  1371  70  1471  65  1471  60  1471
  57  1571  56  1571  73  1351  73  1451  73  1411  74  1451  75  1351  74  1311
  71  1351  67  1451  66  1411  69  1451  76  1451  83  1411  90  1451  95  1551
  98  1511  99  1551  99  1451  99  1411 100  1551 102  1551 102  1661
130  40   001  38   001  24   001  21   001  25   001  20   001  18   371
  17   871  14   971  11  1071   7  1071   4  1071   2  1171   0  1271  -2  1271
  -2  1171   0  1071   6   971  14  1071  26  1171  35  1271  45  1171  49  1171
  49  1071  45  1071  40  1171  35  1171  34  1071  35  1071  38  1071  38  1071
  38  1171  37  1171  34  1171  32  1071  32  1071  34  1071  37  1171  40  1171
  42  1171  45  1171  51  1171  61  1171  74  1271  85  1271  91  1271  92  1371
  92  1371  91  1371  89  1471  84  1471  79  1471  73  1271  67  1271  63  1371
  58  1471  54  1571  62  1451  61  1351  59  1311  56  1451  54  1451  52  1511
  52  1451  54  1451  58  1311  65  1351  73  1351  82  1311  90  1351  97  1351
 100  1311 100  1351  97  1451  96  1411  97  1451 100  1351 102  1361
145  -3   001 -14   001 -23   001 -30   001 -37   001 -39   001 -39   571
 -39   671 -40   771 -41   771 -43   971 -43   971 -44   871 -42   871 -42   771
 -42   871 -39   871 -31   971 -17  1071   0  1071  16  1171  26  1071  30   971
  28   771  21   871  12   971   4  1071   1  1071  -3  1071  -5  1071  -7  1071
  -9   971 -11   971 -12   971 -13  1071 -13  1071 -14  1071 -14   971 -15   971
 -15   951 -14  1071  -8  1071   1  1071  13  1071  24  1071  30  1071  34   971
  37   971  41  1071  43  1171  44  1271  45  1271  44  1271  45  1271  49  1271
  53  1171  55  1171  55  1151  51  1151  47  1211  45  1251  43  1351  41  1311
  37  1351  33  1251  34  1211  41  1251  51  1251  60  1211  64  1251  65  1151
  64  1111  63  1251  61  1451  59  1511  56  1551  54  1651  55  1661
149 -26   001 -36   001 -37   001 -38   001 -41   001 -50   001 -51   471
 -49   471 -47   571 -46   671 -45   771 -47   871 -47   871 -46   771 -47   771
 -45   871 -39   871 -30   971 -12   971   6   971  22   971  32   971  35   871
  32   871  24   871  16   971   7   971   3  1071  -1  1171  -4  1171  -8  1071
 -10   971 -13   871 -15   871 -16   971 -17   971 -18   871 -19   871 -19   771
 -18   871 -14   971  -6  1071   5  1071  17  1071  29  1071  36  1071  41  1171
  44  1171  46  1171  47  1271  47  1271  46  1371  45  1371  46  1471  49  1371
  54  1271  55  1171  51  1151  48  1151  44  1211  42  1251  40  1151  38  1111
  36  1151  34  1151  36  1111  42  1151  51  1251  60  1211  66  1251  69  1251
  70  1211  69  1351  66  1351  63  1411  60  1551  57  1551  57  1661
156 -16   001 -19   001 -21   001 -19   001 -22   001 -25   001 -25   371
 -24   571 -23   671 -25   771 -27   771 -27   871 -28   871 -26   871 -25   871
 -26   871 -24   971 -17   971  -3   971  16  1071  30  1071  38   971  41   971
  38   771  33   871  26   971  21  1171  17  1171  14  1171  10  1171   5  1171
  -1  1171  -5  1171  -6  1171  -6  1171  -5  1171  -5  1171  -5  1071  -5  1071
  -5  1071  -2  1071   3  1071  14  1071  25  1071  35  1071  41  1071  45  1071
  48  1071  51  1171  53  1171  54  1271  52  1271  51  1371  51  1371  55  1371
  61  1471  64  1471  64  1251  61  1151  57  1111  55  1251  54  1251  52  1311
  47  1351  42  1351  42  1311  49  1251  59  1251  68  1111  72  1151  73  1151
  72  1111  72  1251  71  1451  70  1511  67  1551  63  1551  62  1561
168   0   001  -7   001 -39   001 -43   001 -50   001 -53   001 -53   771
 -52   971 -52  1071 -52  1271 -54  1471 -55  1671 -59  1871 -63  1871 -64  1971
 -60  1771 -52  1671 -37  1471 -18  1371   4  1471  22  1371  33  1271  36  1271
  31  1171  18  1371   1  1571 -10  1771 -17  1871 -19  2071 -19  2071 -20  1971
 -23  1871 -25  1771 -26  1971 -27  2071 -29  2271 -32  2271 -35  2171 -35  2171
 -31  1971 -24  1671 -11  1471   4  1471  21  1371  34  1371  43  1371  45  1271
  43  1271  38  1471  33  1571  30  1771  33  1871  39  2071  45  2171  47  2071
  47  2071  45  1971  43  1951  40  2151  38  2211  38  2251  39  2251  39  2211
  37  1951  36  1751  38  1411  45  1551  55  1551  63  1611  67  1551  67  1551
  64  1411  59  1551  54  1651  49  1711  46  1851  45  1951  44  2061
180 -37   001 -49   001 -52   001 -55   001 -59   001 -53   001 -54   771
 -57  1071 -59  1371 -59  1471 -59  1571 -62  1471 -65  1571 -66  1571 -66  1571
 -62  1671 -54  1771 -41  1971 -27  1771 -12  1571   1  1571  10  1471  13  1371
  10  1371   0  1371 -11  1371 -23  1371 -30  1571 -35  1871 -38  2071 -41  1971
 -44  2071 -46  2071 -46  1971 -46  1871 -47  1771 -50  1771 -53  1771 -55  1771
 -53  1871 -48  1971 -39  2071 -27  1771 -13  1671   0  1471  10  1471  16  1371
  18  1371  16  1371  12  1271  10  1271  12  1371  18  1671  23  1871  26  1971
  28  2071  29  2071  35  1951  35  1851  35  1811  35  1851  36  1851  36  1811
  36  1951  37  1951  40  2011  45  1951  51  1751  55  1611  57  1651  56  1551
  52  1511  46  1551  39  1451  33  1411  28  1651  24  1851  21  2061
190 -48   001 -47   001 -50   001 -47   001 -47   001 -48   001 -48   771
 -47  1071 -44  1371 -43  1571 -43  1571 -44  1571 -47  1671 -48  1571 -49  1571
 -47  1671 -40  1571 -31  1671 -19  1871  -6  1971   4  1871  12  1971  14  1871
  11  1771   2  1671  -9  1571 -18  1571 -23  1671 -24  1671 -25  1771 -29  1871
 -32  1871 -36  1971 -40  1971 -42  2071 -45  2071 -48  1971 -51  1871 -52  1771
 -51  1871 -48  1871 -41  2071 -29  1871 -18  1771  -7  1771  -1  1671   0  1671
   0  1571  -1  1471  -2  1471  -1  1371   1  1471   6  1571  10  1671  14  1771
  18  1871  22  1971  26  1851  28  1851  31  1911  34  1951  36  1951  38  1911
  40  1951  42  2051  46  2011  53  2051  59  1951  64  1911  64  1851  61  1851
  55  1711  49  1751  43  1651  37  1611  32  1751  29  1751  25  1861
222  61   001  50   001  42   001  33   001  20   001  13   001  12   471
  13   771  14   971  14   971  14  1071  13   971  11  1071   7  1171   3  1171
   2  1071   5  1071   9  1071  18  1171  29  1271  41  1471  53  1471  62  1371
  65  1371  58  1171  47  1271  36  1271  34  1271  35  1171  36  1171  35  1271
  33  1371  31  1471  30  1371  29  1371  30  1271  31  1271  32  1371  35  1371
  38  1371  44  1371  52  1371  64  1371  78  1571  89  1571  96  1671 100  1651
 101  1711 100  1751  97  1751  94  1611  90  1551  86  1451  81  1311  76  1451
  72  1451  68  1511  63  1451  64  1351  65  1211  65  1351  64  1351  63  1411
  63  1451  64  1451  68  1411  75  1451  83  1451  92  1411  99  1551 103  1751
 105  1811 104  1851 101  1751  98  1711  98  1651  99  1451 100  1361
240  12   001   7   001   3   001   0   001  -1   001  -5   001  -5   571
  -4   771  -4   771  -4   871  -3   971  -4   971  -5   971  -8  1071 -10  1071
 -10  1071 -10   971  -6  1071   3  1071  15  1071  28  1171  38  1171  43  1071
  44  1071  39   971  29  1071  21  1071  15  1071  12   971   9   971   6   971
   3   871   0   871  -2   971  -3  1171  -3  1271  -3  1171  -2  1171  -1  1071
   0  1071   2  1171   8  1271  21  1371  35  1371  49  1471  60  1471  65  1471
  68  1471  68  1371  67  1271  65  1271  62  1271  61  1371  60  1371  60  1371
  60  1171  59  1171  63  1051  58  1251  53  1311  50  1251  50  1151  49  1011
  48  1051  48  1151  51  1111  57  1251  66  1451  75  1511  83  1551  88  1551
  90  1511  88  1451  84  1351  80  1211  79  1351  79  1351  80  1461
255  17   001  15   001  13   001  11   001   8   001   5   001   2   771
  -2   871  -5   971  -6  1171  -5  1271  -4  1271  -4  1371  -4  1371  -6  1371
 -10  1471 -13  1571 -11  1571  -4  1571  10  1371  24  1371  35  1271  42  1371
  42  1171  33  1171  22  1271   9  1271   2  1271  -1  1371  -4  1471  -7  1571
 -10  1471 -14  1571 -16  1571 -18  1471 -20  1471 -21  1571 -22  1571 -21  1671
 -18  1871 -12  1871  -1  2071  15  1871  33  1571  48  1471  57  1471  60  1271
  60  1271  58  1271  55  1271  53  1271  51  1371  52  1371  53  1471  54  1571
  54  1571  53  1671  55  1651  52  1551  49  1511  47  1551  46  1651  45  1611
  43  1751  42  1751  45  1811  53  1751  64  1751  74  1611  82  1651  86  1551
  86  1511  83  1451  77  1351  72  1211  68  1251  66  1351  65  1361
260  19   001  15   001  15   001  15   001  15   001  12   001   8   671
   4  1271   1  1671   0  1871  -1  1771  -3  1771  -7  1671 -10  1571 -12  1471
 -12  1371 -11  1171  -5  1171   4  1171  14  1471  27  1571  37  1371  43  1371
  41  1271  32  1371  17  1471   4  1571  -6  1671 -11  1671 -15  1671 -18  1871
 -21  1971 -22  2171 -21  1971 -20  1771 -21  1571 -23  1571 -24  1471 -22  1471
 -16  1471  -7  1371   6  1271  21  1471  37  1471  49  1471  56  1471  60  1371
  59  1371  55  1471  52  1471  49  1671  50  1771  53  1671  57  1771  57  1971
  56  2171  55  2371  55  2051  52  1951  50  1711  49  1751  48  1651  48  1611
  48  1551  50  1351  54  1211  61  1351  69  1451  77  1511  84  1551  87  1451
  88  1411  85  1451  79  1551  72  1511  65  1651  59  1751  54  1861
280  18   001  17   001  17   001  17   001  16   001  15   001   8   971
  -2  1171 -10  1571 -16  1771 -20  2071 -25  2171 -29  2071 -29  1871 -29  1671
 -27  1771 -22  1771 -16  1871  -9  1671   1  1671   9  1571  18  1571  23  1571
  21  1571  10  1671  -4  1571 -17  1771 -22  1871 -21  1971 -21  2071 -24  1971
 -28  2071 -32  2071 -34  2171 -35  2171 -36  2271 -36  2171 -36  1971 -36  1871
 -34  1871 -31  1771 -24  1771 -13  1771   1  1571  14  1571  25  1571  31  1471
  33  1471  31  1471  26  1671  24  1571  27  1771  31  1871  35  1971  37  2171
  36  2171  35  2271  44  2251  41  2351  39  2411  39  2351  40  2151  41  2011
  41  1951  40  1951  41  1811  45  1851  50  1751  56  1711  61  1751  64  1651
  64  1611  61  1651  56  1651  51  1611  47  1651  44  1751  40  1761
299 -20   001 -23   001 -26   001 -27   001 -29   001 -31   001 -31   471
 -32   871 -35  1171 -39  1371 -44  1371 -49  1471 -54  1571 -58  1571 -58  1671
 -53  1771 -42  1671 -30  1671 -16  1671  -5  1671   4  1771   8  1771   7  1671
   3  1771  -4  1771 -12  1571 -18  1571 -20  1571 -20  1471 -20  1471 -23  1471
 -27  1571 -32  1471 -36  1471 -40  1571 -45  1571 -53  1671 -60  1671 -63  1771
 -60  1871 -50  1971 -36  2071 -20  1871  -3  1671   9  1571  15  1571  16  1671
  13  1671   9  1571   6  1371   5  1271  10  1271  17  1371  23  1371  26  1471
  27  1571  28  1671  31  1651  32  1751  33  1711  35  1851  38  1851  40  1911
  41  1951  43  2051  46  2011  52  1951  59  1851  64  1711  65  1751  63  1651
  57  1611  49  1551  41  1451  34  1311  29  1351  27  1351  23  1361
434  48   001  23   001  10   001  10   001  11   001   8   001   7   371
   7   671   6   671   5   771   4   871   2   971  -1   971  -3   871  -5   871
  -6   871  -4  1071   3  1071  15  1071  31  1071  47  1171  59  1271  65  1171
  64  1171  57  1171  46  1071  37  1071  33  1071  31   971  29   871  24   871
  18   971  13   971  12   971  13  1071  14  1071  14   971  14   971  14   871
  16  1071  20  1071  28  1171  40  1371  54  1471  65  1571  73  1571  76  1671
  75  1671  71  1471  65  1471  62  1371  63  1371  66  1271  68  1271  68  1271
  67  1171  64  1171  67  1151  66  1251  65  1211  64  1151  63  1151  63  1011
  64  1151  65  1251  69  1311  74  1451  81  1551  88  1611  94  1651  99  1551
 100  1511  98  1451  93  1451  89  1311  87  1351  86  1251  85  1261
460  45   001  42   001  39   001  34   001  31   001  25   001  24   571
  24   771  22  1071  18  1471  13  1571   9  1771   8  1671   8  1671   9  1571
  11  1571  13  1571  17  1571  21  1571  28  1671  35  1671  45  1571  53  1371
  55  1171  47  1271  36  1271  23  1371  12  1471   5  1371   1  1371   0  1471
  -2  1571  -4  1671  -8  1771 -12  1971 -15  2071 -17  1871 -16  1771 -13  1571
  -7  1571   3  1671  19  1671  40  1671  63  1571  83  1471  96  1471 102  1351
 101  1311  93  1351  82  1451  73  1411  69  1451  68  1351  69  1411  70  1551
  69  1651  68  1711  76  1851  73  1951  71  2011  69  1851  67  1751  67  1511
  69  1551  72  1551  77  1511  84  1551  92  1651 101  1611 110  1651 117  1551
 118  1511 112  1551 101  1651  91  1611  84  1651  81  1651  76  1661
481  57   001  52   001  41   001  40   001  37   001  35   001  30   671
  25   871  22  1171  20  1371  20  1571  17  1671  14  1671  11  1571   8  1571
   6  1571   4  1471   6  1371  11  1371  15  1371  21  1371  27  1371  30  1271
  31  1271  25  1171  18  1171  10  1171   4  1371   0  1471  -4  1571  -6  1571
  -6  1571  -5  1471  -4  1571  -1  1571  -3  1671  -6  1671  -9  1571 -10  1571
  -7  1471   1  1271  13  1171  30  1271  46  1271  60  1271  68  1271  72  1271
  72  1271  69  1371  66  1271  62  1271  59  1471  57  1571  56  1771  56  1771
  57  1871  58  1871  71  1651  71  1751  71  1811  70  1851  68  1851  67  1811
  67  1751  68  1651  71  1511  76  1651  82  1651  88  1711  92  1651  94  1651
  93  1511  89  1451  84  1451  79  1311  75  1551  71  1651  66  1861
497  27   001  17   001   5   001  -2   001 -10   001 -14   001 -19   471
 -24   871 -28   971 -31  1171 -34  1371 -36  1371 -40  1371 -42  1471 -44  1471
 -45  1471 -39  1571 -28  1571 -13  1871   5  1971  18  2271  25  2271  25  2171
  18  1971   5  1871 -10  1571 -22  1571 -30  1571 -35  1471 -38  1471 -41  1471
 -44  1371 -45  1371 -47  1371 -48  1471 -49  1471 -50  1471 -51  1471 -51  1471
 -50  1771 -44  2071 -31  2271  -9  2371  15  2271  34  2271  41  2171  38  2171
  27  2171  13  1871  -3  1671 -14  1471 -17  1471 -14  1371 -10  1371  -6  1371
  -5  1271  -5  1271   1  1251   2  1351   3  1311   6  1351   9  1451  11  1411
  10  1751  11  2051  18  2311  35  2251  56  2251  72  2111  77  2051  72  2051
  61  1911  46  1751  31  1651  19  1411  13  1451  11  1351   7  1361
510  99   001  94   001  93   001  85   001  73   001  70   001  63   771
  55   771  47   871  40   871  35  1071  31  1071  29  1071  28  1171  28  1171
  27  1071  27  1071  33   971  45  1171  62  1371  76  1571  87  1571  92  1471
  92  1471  87  1371  78  1171  68  1071  62  1171  59  1171  54  1271  52  1271
  48  1171  45  1171  42  1171  40  1271  39  1271  39  1271  38  1271  39  1271
  39  1251  42  1371  50  1371  64  1571  82  1671  98  1771 107  1871 112  1871
 111  1971 107  1671 103  1271  98   971  97  1171  96  1171  96  1271  95  1271
  93  1371  91  1371  93  1451  89  1451  86  1411  84  1451  83  1551  82  1511
  82  1551  85  1551  91  1511 102  1751 116  1851 128  2011 136  2151 140  2151
 140  2211 136  1951 130  1651 123  1311 115  1451 109  1451 103  1561
579  94   001  65   001  61   001  57   001  48   001  52   001  48   571
  40   971  34  1271  31  1471  30  1671  29  1771  26  1871  23  1971  22  2071
  24  1871  29  1671  37  1371  46  1371  57  1471  66  1471  74  1471  77  1471
  73  1471  61  1371  46  1571  32  1571  24  1571  21  1571  18  1471  14  1571
  10  1571   6  1671   4  1771   4  1771   3  1871   1  1871  -1  1871   0  1871
   6  1671  14  1571  27  1371  42  1371  57  1471  68  1471  74  1471  75  1471
  73  1471  68  1371  62  1371  55  1371  51  1471  50  1571  48  1671  47  1771
  45  1771  45  1871  52  1851  52  1951  51  2011  47  2051  43  1951  43  1911
  50  1851  63  1651  77  1511  91  1651 104  1651 116  1711 126  1651 132  1651
 131  1511 122  1451 108  1451  94  1311  83  1451  76  1551  69  1661
588  63   001  32   001  17   001   1   001  -8   001  -9   001  -8   771
  -7  1271  -5  1471  -2  1871   1  2071   2  2271   0  2271  -5  2271  -7  2271
  -4  2271   5  2271  17  2171  32  2171  49  1971  64  1871  76  1871  81  1871
  78  1771  66  1871  47  1871  30  1971  16  1871   6  1871   0  1771  -1  1971
  -2  2071  -1  2271   0  2371   0  2471  -1  2571  -4  2571  -7  2471  -8  2471
  -5  2471   3  2471  16  2471  33  2371  52  2171  68  2071  79  1971  83  1971
  79  1871  67  1971  52  1971  40  2071  33  1971  31  1971  30  1871  28  2071
  26  2171  24  2371  20  2451  21  2551  21  2611  18  2651  16  2651  17  2611
  25  2551  38  2451  54  2311  71  2351  88  2251 102  2211 113  2251 118  2151
 115  2111 103  2151  86  2251  69  2211  55  2151  45  2051  37  1961
621 104   001  84   001  43   001  45   001  29   001  30   001  28   771
  24  1271  19  1371  15  1471  13  1471  12  1271  12  1471  12  1771  14  1971
  18  1871  27  1971  42  1871  65  1971  93  2071 115  2171 127  1971 129  1571
 119  1371 101  1571  78  1771  59  2071  46  1871  40  1871  38  1771  36  1871
  33  1871  31  1971  28  1871  25  1671  23  1571  21  1771  21  2071  24  2271
  31  2171  44  2271  63  2171  88  2271 112  2271 131  2371 139  2271 136  1971
 126  1871 111  1971  96  1971  84  2071  79  1971  79  1971  81  1971  82  2071
  81  2271  80  2371  77  2051  76  1851  74  1611  71  1851  68  2051  68  2211
  72  2251  82  2251  97  2211 118  2251 140  2351 156  2311 162  2251 158  2151
 148  2011 134  2151 119  2251 105  2311  95  2251  88  2151  81  2061
630 115   001 103   001  97   001  82   001  78   001  64   001  53   371
  44  1071  36   871  31  1171  27  1371  24  1471  20  1671  18  1771  15  1871
  14  1871  17  1771  25  1671  41  1571  58  1571  73  1371  79  1371  78  1271
  75  1171  71  1071  65   971  61   771  57   871  53   971  48  1071  43  1171
  38  1271  34  1371  33  1471  33  1571  33  1671  31  1771  30  1971  31  2071
  36  2071  45  1971  58  1871  75  1771  93  1571 106  1471 112  1471 113  1371
 109  1371 103  1271  97  1171  92   971  90  1071  88  1171  87  1271  86  1371
  85  1571  83  1671  83  1551  80  1551  77  1611  74  1751  71  1851  70  1911
  72  1851  79  1851  90  1711 107  1751 125  1751 140  1711 149  1651 152  1651
 150  1511 144  1451 136  1251 128  1111 121  1251 115  1351 108  1461
643  86   001  68   001  67   001  68   001  75   001  73   001  67   571
  59   971  53  1071  49  1071  44  1071  39  1071  33  1071  29   971  27   971
  29   971  35  1071  45  1071  60  1071  75   971  89   971  97  1071  99  1071
  95  1171  85  1171  72  1171  58  1171  48  1271  40  1271  34  1371  30  1371
  26  1371  24  1371  23  1271  24  1171  23  1071  21  1171  20  1271  21  1371
  26  1371  33  1271  45  1271  59  1171  73  1171  83  1071  87  1171  86  1171
  83  1271  80  1271  76  1271  73  1271  71  1271  70  1271  70  1371  70  1371
  72  1371  72  1371  75  1251  75  1251  74  1111  72  1251  71  1251  71  1311
  74  1351  80  1251  90  1211 102  1251 115  1151 125  1111 130  1251 130  1351
 126  1411 119  1451 110  1351 102  1311  95  1351  90  1451  85  1461
645  81   001  71   001  69   001  66   001  64   001  55   001  49   671
  45   771  43   971  41  1171  38  1171  34  1171  28  1171  24  1271  25  1271
  31  1171  41  1271  53  1171  67  1271  78  1271  89  1371  98  1371 102  1171
  97  1171  82  1271  62  1271  44  1371  32  1471  26  1471  23  1371  21  1371
  20  1271  20  1271  20  1271  19  1371  16  1371  11  1371   7  1371   8  1371
  16  1371  30  1271  46  1271  61  1271  73  1371  82  1371  85  1271  84  1371
  81  1371  75  1371  70  1271  64  1271  62  1271  60  1371  59  1471  59  1371
  61  1371  62  1271  65  1251  64  1251  61  1111  57  1251  54  1351  56  1411
  66  1351  81  1351  97  1211 111  1351 122  1451 131  1511 138  1551 141  1451
 138  1411 129  1451 115  1351 101  1311  90  1451  82  1451  75  1561
650  86   001  68   001  71   001  66   001  58   001  39   001  34   471
  35   771  36   871  34  1071  30  1271  26  1371  22  1471  20  1571  21  1571
  26  1471  35  1271  46  1171  59  1271  73  1271  85  1371  93  1271  97  1171
  94  1071  85  1071  71  1071  58  1071  46  1171  39  1171  34  1171  33  1171
  33  1171  35  1171  39  1271  43  1371  45  1471  45  1571  44  1571  46  1671
  51  1571  58  1471  66  1471  73  1471  79  1371  82  1371  81  1271  78  1271
  76  1071  75  1071  76  1071  77   971  79  1071  79  1071  80  1171  80  1171
  81  1171  79  1071  75  1251  76  1351  76  1411  75  1551  75  1751  77  1811
  83  1751  91  1651 100  1511 109  1551 117  1451 124  1411 131  1351 134  1351
 133  1211 125  1251 114  1151 103  1111  95  1251  89  1351  83  1461
675 125   001  91   001  77   001  65   001  50   001  28   001  22   871
  24  1171  27  1471  27  1671  24  1871  21  1771  21  1871  21  1771  22  1771
  23  1771  27  1871  37  1971  55  2071  77  2171  97  2271 110  1971 114  1871
 109  1671  95  1571  77  1571  60  1471  51  1571  46  1771  46  1871  46  1871
  44  1971  43  1971  42  1971  39  2071  37  2071  34  2171  33  2171  33  2271
  36  2171  41  2171  48  2071  56  2171  65  2171  72  2271  75  2171  75  1971
  74  1871  70  1771  65  1671  62  1571  61  1671  62  1771  61  1871  60  1871
  57  1971  56  1971  47  1851  46  1851  46  1811  45  1851  45  1751  44  1711
  44  1851  48  2051  59  2111  78  2251 101  2451 121  2511 134  2351 139  2251
 134  2011 120  1851 103  1651  87  1411  78  1551  74  1751  67  1861
690  89   001  87   001  85   001  82   001  81   001  81   001  75   571
  67   671  60   871  55   971  53  1171  51  1171  47  1171  46  1171  44  1171
  45  1371  49  1471  58  1671  73  1571  89  1471 104  1371 112  1171 115  1271
 112  1171 104  1371  94  1471  85  1671  77  1571  74  1371  70  1171  66  1171
  63  1071  60  1071  57  1171  55  1171  53  1271  50  1271  47  1271  46  1271
  48  1371  54  1371  64  1471  77  1371  92  1471 104  1471 110  1271 112  1171
 108  1071 101  1171  92  1271  85  1471  80  1471  78  1371  76  1271  73  1271
  70  1071  68  1071  70  1151  69  1251  69  1311  68  1351  67  1251  66  1211
  66  1351  69  1351  76  1411  88  1451 102  1451 114  1411 121  1351 122  1251
 118  1111 111  1251 102  1451  95  1511  91  1451  89  1351  86  1261
747 125   001 107   001  94   001  84   001  77   001  75   001  68   971
  60  1371  56  1571  56  1671  59  1871  59  1871  56  1971  52  1971  50  2071
  51  1871  55  1571  65  1271  79  1271  94  1371 108  1371 117  1271 121  1371
 118  1371 107  1471  92  1471  79  1571  68  1771  62  1971  58  2071  56  1971
  56  1971  56  1871  57  1971  57  2171  56  2271  55  2271  55  2271  57  2271
  61  2271  66  2171  73  2071  81  1871  90  1771  97  1571 101  1571 103  1671
 102  1571 100  1671  94  1671  89  1771  84  1971  81  2071  79  2271  77  2171
  76  2171  75  2071  80  2051  80  2251  80  2311  78  2351  75  2451  76  2411
  82  2251  92  2051 105  1811 119  1751 132  1651 142  1511 147  1651 147  1651
 143  1711 135  1751 124  1651 114  1611 106  1851 100  1951  95  2161
NT  TEDF  78  35 1
20160120212016012016
20160120212016012017
20160120212016012018
20160120212016012019
20160120212016012020
20160120212016012021
20160120212016012022
20160120212016012023
20160120212016012100
20160120212016012101
20160120212016012102
20160120212016012103
20160120212016012104
20160120212016012105
20160120212016012106
20160120212016012107
20160120212016012108
20160120212016012109
20160120212016012110
20160120212016012111
20160120212016012112
20160120212016012113
20160120212016012114
20160120212016012115
20160120212016012116
20160120212016012117
20160120212016012118
20160120212016012119
20160120212016012120
20160120212016012121
20160120212016012122
20160120212016012123
20160120212016012200
20160120212016012201
20160120212016012202
20160120212016012203
20160120212016012204
20160120212016012205
20160120212016012206
20160120212016012207
20160120212016012208
20160120212016012209
20160120212016012210
20160120212016012211
20160120212016012212
20160120212016012213
20160120212016012214
20160120212016012215
20160120212016012216
20160120212016012217
20160120212016012218
20160120212016012219
20160120212016012220
20160120212016012221
20160120212016012222
20160120212016012223
20160120212016012300
20160120212016012301
20160120212016012302
20160120212016012303
20160120212016012304
20160120212016012305
20160120212016012306
20160120212016012307
20160120212016012308
20160120212016012309
20160120212016012310
20160120212016012311
20160120212016012312
20160120212016012313
20160120212016012314
20160120212016012315
20160120212016012316
20160120212016012317
20160120212016012318
20160120212016012319
20160120212016012320
20160120212016012321
002000100010001000100010001017111711271127112711271135113512311235123512311
23512351231133513351431143514351431153515351531153515351531153516351631163517351
73116351535153115351635173118351835173117351635163116351635163116351635163116351
53515311535153515311635163516311635163516311635163516311635163516311635153515361
005000100010001000100010001017112711271127112711271135123512311235123512311
13512351231123512351331133512351331133514351531153515351531153515351531163516351
53114351335133114351535173118351835173117351635163116351735173116351535153114351
43515311535153515311535153515311535153515311535153515311535163516311635163516361
015600160016001700170018001717152714271327122711371135113512311235133514311
43515351431143513351331143515351631163516351531153515351531163516351631173516351
63116351535143113351235123113351535173117351735173117351735173116351635153115351
53515311535143514311535163517311735173516311635153514311435143515311535153516361
027400130014001400150015001417131712271227122712271235113511311135113512311
23511351131113511351231123513351431153516351631173517351631163516351631163516351
63117351735173117351735183118351835173116351535143115351535163116351535153115351
53515311535153515311535153515311435143514311435143515311535153516311635173517361
070300150015001400170018001717162715271427132712271135113511311135123512311
23512351231133513351331133513351331143515351531163516351631163515351531153514351
43114351335133112351235123112351335143115351635173117351735163115351535153115351
53515311535143514311535163517311735173516311535143513311335133514311535153515361
110500170015001700110014001417151715271527162716271735163516311735173517311
83518351831183517351731173517351631163515351531163516351731173517351731173517351
73117351735173117351635163116351735173116351435133113351435143115351535153115351
53515311435143515311535163517311735173517311735173517311735173516311635163516361
120700160015001500160017001717171717271727172716271635153515311535153515311
53514351331123513351331143515351631163517351731173517351731173517351731173517351
73117351735173118351835173117351635153114351435143114351435153114351435143114351
43515311535143514311435143514311435133513311335143515311635163517311735173516361
130700170015001200140016001617161717271727173717371735173516311535153514311
33513351231113511351131133515351731173517351731173517351731173517351731173517351
73117351735173117351735183117351735173116351535143114351435153115351535153115351
53515311535153515311535163516311635153514311335133513311435163517311735173516361
145000100010001000100010001117111711271127122712271235123512311235113511311
13512351231123512351231123512351131113511351231133515351631163515351431143515351
53115351435143114351535163116351735173117351735173117351735173116351535143114351
53515311535153515311535163516311535143513311335133513311435143514311535153515361
149000100010001000100010001117111711271127112712271235123512311235113511311
13512351231123512351231123512351131113511351231133514351531153515351531153515351
53114351435133113351435153116351735173117351735173117351735173116351535143114351
53515311535143514311535163516311535143513311235123513311335143514311535153515361
156000100010001000100010001117111711271127112712271235123512311235113511311
13512351231123512351231123512351131113511351231133514351531153515351531153515351
53114351435133113351435153116351735173117351735173117351735173116351535143114351
53515311535153515311535153516311535143513311235123513311335143514311535153516361
168000100010001000100010001117111712271227132713271335133513311335133512311
23512351231113511351231123512351231123512351231113511351231123513351431143514351
43113351335123112351135113112351335153116351635173116351635153115351535153115351
53515311535143514311535163516311535143513311235123513311335133513311335143515361
180000110011001200130014001427132712271227122711371135113512311335143514311
43514351331133512351231123512351331143515351531153514351431143515351531153515351
53114351335123112351235123111351135113112351435153115351535153116351635163116351
53515311535143514311535163516311635153514311335123512311235123513311435143514361
190700170017001700170017001627152714271327132713271335123512311335133513311
33514351431133513351231123512351231133513351331143514351431143514351431133513351
23113351335133113351235123112351235123113351435153116351635173117351635163116351
63515311535153514311535153515311635163515311435133513311335143515311535153515361
222000100010001000120013001417151716271727172717271735163515311535143514311
33513351231123512351131123512351331143515351631163517351731173517351731173517351
73117351735173117351735173118351835173116351535143114351435143114351435143115351
53516311635153515311535153515311635163516311735173517311735173516311635163516361
240800180018001800180018001717161715271527143714371435143515311535153515311
43513351231113511351131113511351231133515351631163515351431143515351531163516351
63116351635173117351735173117351735173117351735163116351635163116351635153115351
63516311535153515311535163516311635153514311335133513311435153516311735173517361
255700180018001800180018001717161715271427142714271435143514311535153515311
43513351231113511351131113511351131113511351131113512351231133513351431143515351
53115351435143113351435143115351635173118351735173117351735163116351535153115351
53515311535153515311535163516311635163515311435123512311235133514311535153516361
260800180018001800180018001717171716271627162715271535143514311435153515311
43513351231113511351131113511351131113511351131123512351331133513351331133514351
43114351435133112351235123113351435153116351735173117351735173116351535153114351
43514311435153515311535153515311535153515311435133512311335143515311535163516361
280500180018001800180017001617161715271427142713271235123512311235123512311
23512351131113511351131113512351231123512351231133513351331143515351531153515351
53115351435143115351535143114351335133114351535163117351735173117351735173117351
63516311535153515311635163517311735163516311535143513311335133513311335143514361
299700180018001800170017001617142713271327122712271235113511311235123513311
33512351231123512351331133513351331133512351231123512351231123512351231123512351
23112351335143114351435133113351235123111351235123113351435153116351635163116351
73517311735173516311635163516311635163516311635143513311335143514311435143514361
434000100010001000100010001117121712271227132713271335133513311335133512311
23511351131113511351131113511351131113511351131113512351231123512351331123512351
33113351435143115351535163117351735173117351735173117351735173116351535143114351
53515311535143515311535163517311735173517311735173517311635153515311535153515361
460400170017001800180018001717161715171527142714271335123512311235123512311
23511351131113511351131113511351131113511351131123512351231123512351131113512351
23112351235123111351135113113351435153116351635163116351635163116351635163116351
63516311535153515311535163516311635163515311435133513311335143514311435143514361
481700170018001700180018001817171716271627152715271535143514311535153516311
73517351631153513351231113511351231123512351231123512351231123512351231123512351
23113351435153116351635163115351435133113351435153116351635173117351735173117351
73517311635153515311535163516311635153514311335123512311235133514311435143514361
497400120010001000100010001017112711271127112711271135113511311135113511311
13511351131113511351131113511351131113511351131113511351131113511351131113511351
13111351135113111351135113111351135113111351135123112351335143115351535163116351
63516311635163516311535143513311235113511311135113511311135113511311235123512361
510300140013001300130011001217121713271327132713271335133514311435153516311
63515351431133512351231123512351331143515351531153515351431143514351531153516351
73117351735173117351735173117351735173117351735173116351635163116351635163116351
63516311635173517311735173517311735173517311735173517311735173516311635163516361
579000100012001300110010001117121712271227122712271135113512311235123511311
13511351131113511351131113511351131113511351131113511351131123512351231133513351
43115351535163116351735173116351635163115351635163116351635173117351735173117351
73517311735173516311635163515311435133512311235123512311335143514311335133512361
588000100010001000100010001017111711271127112711271135113511311135113511311
13511351131113511351131113511351131113511351131113511351131123512351331133512351
23112351335143115351535153115351535143113351335133113351535153116351535153115351
63517311735163516311535153515311435133512311135113511311235133514311435143513361
621000100011001100110010001017111711271127112711271235123512311235123512311
23511351131113511351131113511351131113511351131113512351231123512351231133514351
43114351435143114351535163117351735173116351635163116351635173116351635163116351
63516311635163516311735173517311735173516311635163516311535153515311535163516361
630300120013001100130013001317122712271227122711271135113512311335133514311
43513351331123512351231123512351231113511351131113511351231123513351431143514351
43114351535153115351535153116351735173117351635163116351635163116351635163116351
63516311635153515311635163516311635163516311735173517311735173516311635163516361
643300150015001300130015001517151715271427132712271135113511311135113511311
13511351131113511351131113511351131113511351131113511351131123513351431143514351
43115351635163117351635163116351635163117351735173117351735163116351735173117351
73517311735173517311735163516311635163516311635153515311435143514311435143514361
645200130013001300110011001217131713271227122711271135113511311135113511311
13511351131113511351131113511351131113511351131113511351131113512351231133513351
43115351635173117351635163116351635173116351635163116351635163116351735173117351
73517311735173517311735163516311635153515311535153515311535143514311435133513361
650000100012001400120011001217121712271327132713271335123512311135113511311
13511351131113511351131113511351131113511351131113511351231123513351331133513351
33114351435153115351635153115351535153115351535153115351635163117351735163116351
63516311635163516311535153515311435143513311335133513311335133514311435133514361
675300110011001000120011001217121712271227122712271235123512311235123512311
23512351131113511351131113511351131113512351231123512351231133513351431143513351
33114351535153116351635163116351635153115351435143114351435153115351535163116351
63516311635153515311535153515311535143514311435143514311435133513311435153515361
690700180018001800170016001517142713271327122712271235123512311235123512311
23512351231123512351231123513351331133513351331123512351231123512351231123512351
33113351435143114351335133113351435143115351535143115351535153115351535153115351
53515311535153516311635163516311535143513311335133514311435143514311435143514361
747300110012001300140014001517161715271427122711271135123512311235123512311
23512351231113511351131113511351131113511351131123513351431143514351431143514351
43114351535153116351635163117351735173116351635163116351635163116351635163116351
63516311635163516311635163516311635163516311635163516311535153515311535153515361
