20160214161540
T2M TEDF  78  35 1
20160214162016021411
20160214162016021412
20160214162016021413
20160214162016021414
20160214162016021415
20160214162016021416
20160214162016021417
20160214162016021418
20160214162016021419
20160214162016021420
20160214162016021421
20160214162016021422
20160214162016021423
20160214162016021500
20160214162016021501
20160214162016021502
20160214162016021503
20160214162016021504
20160214162016021505
20160214162016021506
20160214162016021507
20160214162016021508
20160214162016021509
20160214162016021510
20160214162016021511
20160214162016021512
20160214162016021513
20160214162016021514
20160214162016021515
20160214162016021516
20160214162016021517
20160214162016021518
20160214162016021519
20160214162016021520
20160214162016021521
20160214162016021522
20160214162016021523
20160214162016021600
20160214162016021601
20160214162016021602
20160214162016021603
20160214162016021604
20160214162016021605
20160214162016021606
20160214162016021607
20160214162016021608
20160214162016021609
20160214162016021610
20160214162016021611
20160214162016021612
20160214162016021613
20160214162016021614
20160214162016021615
20160214162016021616
20160214162016021617
20160214162016021618
20160214162016021619
20160214162016021620
20160214162016021621
20160214162016021622
20160214162016021623
20160214162016021700
20160214162016021701
20160214162016021702
20160214162016021703
20160214162016021704
20160214162016021705
20160214162016021706
20160214162016021707
20160214162016021708
20160214162016021709
20160214162016021710
20160214162016021711
20160214162016021712
20160214162016021713
20160214162016021714
20160214162016021715
20160214162016021716
002  53   001  42   001  32   001  34   001  42   001  50   001  50   271
  47   371  45   471  43   571  41   771  41   871  40   871  41   971  40   971
  39   971  37   971  36   971  34  1071  33  1071  32  1071  32  1171  33  1171
  35  1171  38  1071  42  1071  47  1071  50   971  51   971  49   971  45   871
  41   871  39   871  37   971  37   971  37  1071  37  1071  35  1171  33  1171
  30  1271  27  1271  24  1271  23  1271  22  1271  23  1271  25  1171  29  1171
  34  1071  39  1071  43   971  45   971  45  1071  44  1071  42  1071  37  1071
  33  1071  29  1071  24  1171  20  1171  16  1171  14  1271  10  1271   8  1271
   6  1371   3  1371   0  1371  -3  1371  -4  1311  -3  1351   1  1451   7  1411
  14  1451  21  1351  27  1311  31  1251  34  1251  35  1111  35  1251
005  53   001  57   001  60   001  61   001  48   001  47   001  44   271
  40   271  37   371  35   571  34   771  34   771  35   871  34   871  32   971
  30   971  28  1071  28  1071  27  1071  27  1071  28  1271  29  1271  32  1371
  37  1271  41  1171  47  1071  52  1071  54  1171  53  1171  48  1171  41   971
  34   971  28  1071  25  1171  22  1271  19  1271  17  1271  15  1271  12  1271
   9  1271   5  1271   1  1271  -2  1371  -3  1371   0  1371   6  1471  16  1471
  28  1371  39  1171  47  1071  49  1071  45  1171  39  1171  32  1071  25  1071
  18   971  13  1171   8  1371   3  1571  -2  1471  -7  1471 -11  1371 -14  1371
 -16  1471 -17  1471 -18  1471 -19  1571 -18  1571 -15  1551 -10  1551  -2  1511
  10  1551  22  1451  31  1411  35  1451  35  1351  32  1311  29  1451
015  39   001  42   001  46   001  49   001  49   001  45   001  39   371
  33   371  30   471  28   671  24   871  25   871  25   971  26   971  26   971
  24   971  23   971  22   971  23   871  23   871  24   871  27   971  31   971
  37   971  45   971  51   971  54   971  54   971  50   971  43   971  33   971
  25   971  20   971  18  1071  15  1071  11  1071   6  1171   2  1171  -1  1171
  -3  1071  -6  1071 -10  1071 -13   971 -13   971  -9  1071  -2  1071   9  1171
  21  1171  33  1171  43  1171  47  1171  45  1171  40  1271  31  1171  21  1071
  11   971   4   971   0  1071  -5  1071  -8  1171 -11  1271 -14  1371 -18  1371
 -23  1471 -27  1471 -31  1371 -33  1271 -32  1111 -27  1151 -18  1051  -5  1011
  10  1151  24  1351  34  1411  37  1451  35  1351  30  1311  25  1451
027  58   001  56   001  64   001  68   001  61   001  57   001  52   271
  48   571  47   671  46   671  43   671  39   971  35  1071  34  1071  32  1071
  32  1171  31  1171  30  1171  29  1071  29  1071  30  1171  32  1071  35  1071
  39  1071  45  1171  49  1171  52  1271  54  1271  53  1371  49  1171  42  1171
  37  1171  33  1171  32  1271  32  1171  30  1271  29  1271  28  1371  27  1371
  25  1371  22  1371  17  1371  13  1371  11  1371  14  1371  20  1271  29  1371
  39  1371  49  1371  56  1371  59  1371  57  1371  53  1471  47  1471  41  1471
  32  1471  23  1471  12  1571   4  1571  -2  1671  -6  1671  -8  1771  -9  1771
  -8  1771  -8  1771  -8  1671  -8  1571  -7  1471  -3  1551   3  1551  12  1611
  22  1651  32  1751  39  1711  42  1851  42  1851  39  1911  34  1951
070  57   001  57   001  52   001  56   001  59   001  58   001  50   471
  39   671  32   771  28  1271  26  1471  22  1471  19  1471  18  1471  16  1471
  16  1471  17  1371  17  1371  16  1471  17  1471  19  1371  23  1371  28  1371
  34  1371  40  1371  46  1371  50  1471  51  1371  49  1371  42  1271  34  1271
  24  1271  17  1471  11  1571   5  1771   0  1771  -3  1771  -6  1671  -9  1671
 -12  1571 -17  1571 -24  1571 -29  1571 -29  1471 -21  1471  -8  1571   7  1571
  21  1471  30  1471  37  1471  39  1371  37  1371  32  1471  23  1371  13  1271
   3  1271  -5  1371 -11  1571 -17  1671 -21  1871 -25  1971 -27  1971 -28  1971
 -31  1871 -35  1871 -41  1871 -47  1871 -46  1711 -37  1751 -21  1651  -5  1611
   9  1651  20  1651  28  1611  33  1651  35  1751  33  1711  28  1751
110  86   001  62   001  75   001  69   001  80   001  84   001  76   371
  64   571  54   671  49   971  47   971  47   971  46   871  45   871  43   871
  38   971  35   971  33  1071  32  1271  32  1371  33  1271  35  1271  39  1171
  47  1271  56  1371  62  1371  66  1271  67  1171  64  1071  59  1071  53  1071
  46  1071  38  1071  31  1171  25  1171  21  1171  19  1171  18  1171  18  1271
  19  1271  20  1371  20  1571  20  1671  21  1871  25  1771  31  1771  40  1671
  50  1571  61  1371  69  1171  72  1171  71  1271  67  1371  60  1371  53  1271
  45  1271  40  1371  37  1371  35  1571  34  1571  34  1571  36  1671  40  1671
  44  1671  49  1671  53  1771  56  1871  57  1971  56  1951  55  1951  57  1911
  63  1851  70  1651  76  1511  78  1451  77  1451  73  1311  68  1451
120  82   001  55   001  74   001  53   001  61   001  68   001  65   271
  57   571  52   571  49   771  47   871  46   971  41  1071  38  1071  35  1071
  32   971  29   971  26  1071  23  1071  22  1171  23  1171  27  1171  32  1171
  39  1171  46  1171  51  1071  53  1071  51  1071  48  1071  44  1071  39  1171
  35  1171  32  1271  31  1371  29  1471  27  1471  24  1371  21  1371  19  1371
  16  1271  14  1271  12  1271  10  1371  12  1371  18  1471  26  1471  37  1571
  47  1471  55  1471  60  1371  61  1471  58  1671  54  1771  49  1671  44  1471
  40  1371  34  1471  28  1471  23  1571  21  1571  21  1471  21  1471  20  1471
  21  1571  22  1571  24  1571  26  1671  28  1671  30  1751  33  1751  37  1811
  44  1851  52  1951  58  1911  61  1951  61  2051  58  2011  53  1851
130  90   001  92   001  83   001  77   001  76   001  83   001  77   471
  65   371  54   471  48   871  46   971  44  1071  42  1171  39  1271  37  1271
  36  1271  33  1271  31  1271  29  1371  28  1371  28  1271  31  1371  37  1271
  46  1371  57  1471  65  1571  69  1471  69  1371  65  1271  57  1271  47  1171
  39  1171  33  1071  28  1171  24  1171  20  1271  17  1371  14  1471  13  1471
  12  1371  10  1371   5  1471   0  1571  -1  1671   3  1571  13  1571  27  1471
  43  1471  59  1471  70  1471  73  1571  69  1571  63  1671  56  1671  48  1571
  41  1471  32  1471  23  1371  15  1371   7  1371   2  1471  -3  1471  -4  1471
  -3  1571  -1  1571   0  1771   0  1871   1  2071   3  2051   7  1951  15  1911
  28  1951  42  1851  53  1811  58  1951  58  1951  54  2011  49  1951
145  76   001  73   001  57   001  52   001  54   001  53   001  50   371
  47   571  42   871  38   971  36  1071  33  1071  29   971  26   971  23   971
  21  1071  20  1071  19  1071  18  1171  18  1171  20  1171  23  1271  28  1271
  36  1271  43  1171  50  1171  53  1171  53  1071  50  1071  44  1171  36  1271
  30  1471  27  1471  24  1371  21  1371  16  1271  11  1271   7  1171   4  1171
   3  1171   1  1171  -3  1171  -7  1071  -8  1011  -4  1151   5  1151  16  1211
  28  1251  38  1151  44  1111  43  1151  38  1151  31  1111  24  1251  18  1251
  12  1311   7  1351   3  1351  -3  1311 -10  1251 -17  1151 -23  1011 -26  1051
 -27  1151 -29  1111 -32  1251 -33  1251 -32  1311 -26  1451 -16  1451  -3  1511
  10  1551  22  1451  30  1411  32  1451  31  1551  27  1511  23  1651
149  74   001  77   001  79   001  52   001  57   001  58   001  54   271
  48   471  43   671  40   871  37  1471  35  1171  31  1071  27  1071  25  1071
  26  1171  25  1171  24  1171  23  1171  23  1171  25  1171  28  1271  34  1271
  42  1271  51  1271  58  1371  61  1371  60  1271  56  1271  49  1271  41  1371
  34  1371  30  1371  25  1471  22  1571  17  1471  12  1371   7  1271   5  1271
   3  1271   1  1271  -3  1171  -7  1071  -8   971  -5  1071   3  1171  14  1271
  29  1371  41  1371  49  1471  50  1471  45  1371  37  1371  29  1471  22  1471
  16  1571  12  1571   8  1571   3  1571  -5  1471 -14  1371 -21  1271 -24  1271
 -25  1371 -27  1371 -31  1371 -34  1471 -34  1471 -28  1451 -17  1551  -2  1511
  14  1651  28  1651  38  1711  40  1751  38  1851  33  1811  29  1851
156  72   001  81   001  68   001  60   001  60   001  61   001  58   371
  53   571  49   771  46   871  45   971  42  1071  39  1171  38  1171  36  1171
  36  1171  34  1171  32  1171  31  1271  30  1271  31  1271  34  1271  40  1271
  48  1271  57  1071  64  1171  67  1071  66  1171  62  1171  55  1271  45  1271
  39  1371  36  1471  36  1371  33  1371  29  1371  25  1371  20  1371  17  1371
  14  1371  12  1371   9  1371   6  1271   5  1271   8  1271  14  1371  23  1371
  34  1271  46  1271  53  1171  54  1271  49  1271  42  1311  34  1351  28  1451
  23  1411  21  1451  20  1351  17  1311  11  1351   3  1351  -4  1311  -8  1351
 -11  1451 -13  1411 -16  1451 -18  1551 -18  1511 -13  1551  -4  1651   8  1611
  22  1551  35  1551  44  1411  45  1551  42  1651  37  1711  33  1751
168  77   001  78   001  62   001  61   001  58   001  56   001  50   571
  44   771  40  1571  41  1371  41  1571  38  1571  35  1571  31  1571  29  1671
  28  1671  26  1771  24  1671  22  1571  21  1471  23  1471  27  1471  33  1471
  39  1571  44  1571  49  1571  52  1571  51  1471  47  1471  39  1571  30  1671
  22  1771  16  1871  14  1871  12  1871   8  1871   4  1771   1  1771   0  1871
  -1  1871  -4  1971 -11  1771 -19  1671 -23  1471 -19  1471 -10  1571   3  1571
  15  1471  26  1471  34  1371  36  1471  34  1671  29  1771  22  1771  13  1671
   6  1671  -1  1771  -5  1771  -7  1871  -8  1971  -9  1971 -10  2071 -11  2071
 -13  2071 -17  2071 -23  1971 -29  1871 -31  1711 -27  1751 -18  1751  -5  1711
   9  1751  23  1651  33  1611  37  1751  37  1851  33  1911  27  1951
180  71   001  68   001  64   001  72   001  73   001  67   001  57   671
  49   971  44  1371  43  1671  43  1771  39  1771  34  1671  32  1771  29  1671
  27  1671  25  1571  21  1471  18  1371  16  1271  17  1371  20  1471  26  1671
  31  1671  37  1771  41  1971  44  1771  44  1771  41  1671  34  1471  27  1571
  20  1471  16  1571  13  1671  11  1671   8  1771   6  1871   3  1971   2  1871
   1  1771  -1  1671  -6  1671 -12  1571 -16  1571 -16  1571 -10  1671  -3  1671
   7  1671  17  1671  24  1671  26  1771  24  1671  20  1671  16  1571  12  1371
   9  1271   5  1371   3  1371   1  1571  -1  1671  -3  1871  -4  1971  -3  1971
  -1  1971  -2  1971  -6  1971 -11  1871 -15  1811 -15  1751 -10  1651  -2  1511
  10  1751  22  1851  32  2011  37  2051  38  1951  36  1911  31  1951
190  73   001  83   001  84   001  84   001  78   001  73   001  67  1271
  60  1271  53  1471  47  1771  43  1871  41  1771  39  1551  38  1411  37  1451
  36  1351  35  1311  33  1351  32  1351  32  1371  33  1471  36  1571  40  1671
  44  1871  47  2171  52  2171  57  2271  60  2371  58  2371  50  2071  40  1671
  31  1471  28  1671  26  1671  26  1871  24  1871  21  1771  17  1771  13  1671
  11  1671  10  1571   9  1471   8  1471   8  1311   8  1451   9  1451  12  1611
  18  1551  25  1651  31  1711  34  1851  34  1951  32  1911  28  1751  24  1551
  20  1211  17  1351  14  1651  12  1711  10  1651   9  1751   8  1611   7  1751
   5  1751   3  1811   0  1851  -2  1751  -3  1711  -1  1751   4  1751  11  1711
  19  1851  27  2051  34  2111  40  2251  43  2251  43  2311  40  2151
222  99   001  97   001 105   001  93   001 106   001  99   001  87   271
  73   471  63   471  56   671  52   971  49  1071  44  1171  44  1271  43  1271
  42  1171  41  1171  40  1171  39  1171  38  1111  38  1051  40  1051  44  1011
  51  1251  59  1351  66  1611  71  1551  74  1551  72  1471  66  1171  55  1171
  46  1071  38  1071  33   971  28   971  23  1071  20  1071  17  1171  15  1271
  14  1271  13  1371  12  1371  11  1371  13  1371  18  1371  26  1271  37  1271
  49  1271  61  1471  69  1471  72  1571  70  1671  64  1771  55  1671  46  1571
  36  1371  28  1271  19  1271  13  1171   8  1271   3  1371   0  1471  -4  1471
  -5  1571  -6  1571  -6  1671  -5  1671  -2  1711   2  1751   9  1651  18  1611
  29  1651  41  1551  50  1511  55  1651  57  1851  55  1911  51  1851
240  82   001  82   001  92   001  90   001  98   001  64   001  50   571
  47   771  48   771  48   971  45  1071  40  1071  34   971  31   971  29   971
  29   971  28   971  26   971  23  1071  22  1071  23  1071  27  1071  33  1171
  39  1071  45  1171  52  1171  57  1271  60  1271  59  1371  53  1171  45  1171
  37  1171  32  1171  29  1171  26  1171  21  1171  17  1071  13  1071  12  1071
  11  1171   9  1171   5  1171   1  1171   0  1171   5  1171  13  1371  23  1371
  32  1371  40  1471  45  1471  48  1571  48  1471  46  1571  41  1471  34  1371
  26  1371  18  1471   9  1471   2  1571  -4  1571  -9  1471 -13  1471 -15  1471
 -17  1571 -19  1571 -22  1471 -24  1471 -24  1371 -20  1351 -13  1451  -3  1411
   9  1451  21  1451  31  1411  36  1551  38  1651  36  1711  33  1651
255  72   001  77   001  83   001  87   001  52   001  74   001  76   371
  67   471  57   771  48   771  43  1171  41  1071  40  1071  36  1171  33  1171
  29  1271  26  1271  23  1271  21  1271  20  1271  21  1171  23  1271  27  1171
  32  1371  38  1371  43  1571  48  1671  50  1671  49  1671  43  1371  35  1271
  27  1071  23  1071  19  1171  17  1271  13  1271   9  1271   6  1371   4  1371
   3  1371   1  1371  -4  1471  -9  1471 -12  1511 -10  1571  -5  1571   3  1471
  11  1571  19  1571  25  1671  29  1771  30  1671  29  1771  25  1571  19  1571
  14  1371   9  1371   3  1471  -2  1471  -8  1571 -14  1671 -18  1771 -20  1771
 -21  1771 -22  1771 -25  1771 -29  1871 -30  1811 -27  1751 -20  1751 -11  1611
   0  1751  11  1751  20  1811  26  1951  29  1951  29  2011  26  1851
260  81   001  74   001  84   001  92   001  92   001  69   001  57   371
  51   671  47   871  44  1171  42  1171  39  1571  37  1871  34  2071  33  1871
  31  1771  29  1571  26  1671  23  1671  22  1771  22  1671  24  1571  28  1471
  33  1571  39  1571  45  1671  49  1671  52  1571  50  1571  44  1571  36  1471
  28  1471  20  1671  16  1771  13  1971  10  2071   8  2171   7  2371   7  2171
   7  2071   5  1871   0  1971  -6  1971 -10  2071 -10  1971  -4  1671   3  1571
  13  1671  23  1671  31  1671  36  1771  36  1871  34  1971  29  1871  22  1771
  15  1771   9  1771   3  1771   0  1771  -2  2071  -2  2271  -2  2571  -4  2471
  -6  2271 -10  2171 -17  2271 -23  2271 -26  2311 -23  2151 -16  1951  -6  1711
   5  1751  15  1851  23  1811  29  1951  32  1951  32  2011  29  2051
280  65   001  64   001  65   001  70   001  78   001  60   001  50   471
  45   571  40   971  36  1471  33  1671  29  1671  28  1671  27  1671  28  1571
  28  1571  28  1471  24  1371  20  1371  18  1271  19  1371  23  1371  29  1371
  34  1471  39  1471  43  1571  46  1571  47  1471  44  1471  38  1471  30  1271
  24  1371  20  1571  18  1671  16  1871  13  1871   9  1871   6  1971   4  1871
   2  1871   1  1771  -1  1771  -3  1671  -4  1671  -4  1671  -2  1471   3  1471
  11  1471  20  1471  28  1471  33  1471  34  1471  32  1471  28  1371  22  1271
  17  1071  14  1371  11  1571   7  1971   3  2071  -1  2071  -4  2171  -4  2171
  -4  2171  -5  2171  -8  2171 -12  2071 -15  2071 -14  1951 -10  1951  -3  1811
   6  1851  15  1751  23  1711  28  1751  31  1751  31  1711  30  1651
299  39   001  42   001  53   001  59   001  57   001  57   001  54   971
  50   971  47  1171  45  1371  43  1471  42  1571  41  1471  40  1471  37  1571
  33  1571  31  1671  30  1571  30  1571  31  1471  32  1571  34  1671  36  1671
  40  1671  45  1671  48  1771  51  1871  52  1851  49  2071  42  2071  35  1671
  29  1571  27  1671  27  1571  27  1771  27  1771  24  1771  20  1771  16  1771
  12  1871  10  1871  10  1771  10  1771  11  1671  11  1671  11  1771  12  1771
  17  1671  23  1671  27  1671  29  1771  29  1751  27  1711  25  1651  24  1351
  22  1111  20  1251  18  1251  15  1311  12  1451   9  1551   6  1611   4  1751
   3  1851   0  1911  -4  1851  -8  1851  -9  1711  -6  1751   0  1851   8  1811
  17  1851  25  1951  31  1911  34  2051  35  2051  35  2111  34  2051
434  56   001  62   001  68   001  69   001  67   001  63   001  60   271
  56   671  51   871  46   971  41  1271  38  1071  36  1071  32   971  29   971
  27  1071  24  1071  21  1071  18   951  15   911  12   971  11  1171  12  1171
  17  1271  24  1271  29  1371  33  1471  34  1371  32  1371  28  1271  24  1171
  16  1071  11  1271   7  1271   5  1271   2  1271  -3  1271  -4  1271  -6  1271
  -6  1171  -9  1171 -10  1171 -13  1071 -15  1071 -15  1271 -14  1371  -8  1571
  -1  1671   9  1771  16  1671  20  1871  19  1771  18  1871  16  1571  15  1471
  11  1271   7  1371   3  1471  -2  1571  -7  1571 -12  1471 -15  1471 -18  1471
 -20  1471 -23  1471 -27  1471 -30  1371 -30  1371 -26  1451 -19  1451 -10  1511
   1  1551  11  1651  20  1611  26  1751  29  1751  29  1811  25  1651
460  88   001  97   001  88   001  83   001  79   001  82   001  76   571
  66   571  56   971  48  1071  45  1271  42  1371  41  1471  41  1371  41  1471
  39  1471  35  1571  30  1471  25  1471  21  1371  21  1371  22  1471  23  1471
  25  1571  26  1571  26  1671  26  1671  27  1471  25  1371  23  1371  20  1271
  16  1371  16  1371  15  1471  14  1471  12  1571  11  1571  11  1671  11  1771
   9  1771   6  1871   3  1771  -3  1571  -7  1471  -7  1471  -3  1571   1  1571
   6  1571  10  1671  14  1571  15  1671  16  1771  15  1871  15  1771  13  1671
  11  1571   8  1571   5  1571   3  1571   3  1771   4  1771   5  1871   4  1971
   1  2071  -3  2171  -7  2071 -11  1971 -13  1811 -11  1851  -5  1751   3  1711
  14  1751  25  1851  34  1811  41  1951  44  2051  44  2111  41  2051
481  79   001  72   001  82   001  92   001  91   001  88   001  79   271
  69   471  62   871  56   971  49  1271  42  1371  38  1171  34  1171  32  1171
  33  1271  33  1271  33  1271  31  1171  29  1171  26  1271  24  1571  25  1671
  29  1671  35  1471  40  1471  43  1471  44  1271  41  1271  36  1271  27  1271
  23  1371  21  1471  19  1471  19  1471  18  1471  15  1371  12  1271   9  1271
   9  1271   8  1271   5  1271   2  1271   0  1271  -2  1371  -2  1471   0  1571
   6  1571  13  1471  20  1371  22  1371  23  1471  21  1471  20  1571  20  1571
  19  1571  20  1671  21  1671  20  1771  16  1671  13  1771  12  1671  12  1671
  14  1671  14  1671  10  1671   6  1771   1  1711  -2  1751  -1  1851   3  1811
  11  1851  22  1851  31  1811  38  1851  41  1751  42  1711  41  1751
497  30   001  48   001  63   001  54   001  57   001  48   001  32   371
  16   471   4   671  -3   671  -7   871 -10  1171 -16  1571 -20  1671 -23  1671
 -24  1571 -25  1571 -27  1571 -28  1571 -28  1571 -26  1571 -21  1771 -13  1771
   0  2171  13  2571  22  2871  26  2671  23  2371  15  1871   3  1771  -8  1571
 -18  1571 -25  1471 -27  1471 -28  1371 -29  1371 -30  1371 -33  1371 -36  1371
 -38  1371 -39  1371 -40  1471 -42  1471 -43  1571 -44  1771 -43  1971 -35  2071
 -21  2371  -5  2671   7  2871  11  2571   8  2371   2  2171  -2  1871  -7  1771
 -11  1571 -13  1471 -17  1371 -19  1271 -22  1371 -24  1471 -26  1571 -28  1571
 -29  1571 -31  1571 -32  1571 -32  1671 -32  1671 -31  1851 -28  2051 -19  2211
  -4  2451  12  2651  23  2811  26  2651  22  2351  15  2111   8  1951
510  64   001  63   001  58   001  61   001  64   001  66   001  66   871
  65   771  63   871  61  1071  57  1171  51  1171  49  1071  48  1071  48  1071
  49  1071  49  1071  47  1071  45  1071  43  1071  43  1071  46  1071  49  1071
  55  1371  60  1571  66  1871  70  1771  73  1571  72  1471  67  1371  59  1171
  53  1071  46  1171  41  1271  37  1371  35  1371  35  1471  33  1471  30  1471
  26  1571  22  1571  19  1571  16  1471  15  1471  15  1471  19  1471  24  1471
  34  1671  44  1871  52  1971  55  1971  55  1771  52  1771  49  1571  46  1271
  41  1071  34  1271  24  1271  16  1371  10  1471   5  1571   1  1571  -2  1571
  -5  1471  -8  1471 -10  1471 -10  1571  -9  1511  -5  1551   2  1551  12  1511
  25  1751  39  1951  50  2111  57  2151  60  2051  60  2011  57  1851
579 137   001 147   001 143   001 151   001 142   001 131   001 114   371
  97   571  83   771  74   971  68  1171  63  1371  57  1671  54  1771  52  1871
  51  2071  51  2171  51  2171  51  2071  53  2071  57  2071  62  1871  68  1771
  73  1771  77  1771  80  1771  81  1671  82  1571  79  1471  73  1471  66  1571
  60  1671  58  1671  55  1671  52  1571  49  1671  46  1771  42  1871  39  2071
  36  2171  33  2371  31  2271  30  2171  30  2071  32  1971  35  1771  41  1671
  48  1771  57  1771  63  1871  66  1771  67  1671  65  1571  62  1571  57  1571
  54  1571  52  1771  51  1771  48  1871  44  1971  37  2071  33  2171  30  2371
  28  2471  24  2671  18  2671  12  2671  10  2611  14  2451  22  2351  34  2111
  47  2251  59  2351  70  2411  78  2251  81  2151  80  1911  73  1951
588  74   001  84   001  98   001 113   001 106   001 103   001  90   671
  74   671  60   771  48   971  40  1171  32  1571  26  1771  21  1871  17  1971
  15  2071  13  2171  13  2271  15  2371  19  2471  25  2571  34  2471  46  2571
  61  2371  76  2171  88  1971  94  2171  93  2171  86  2271  75  2171  60  2171
  49  2171  40  2071  35  2071  32  1971  28  2071  22  2071  17  2171  13  2271
  10  2371   9  2471  11  2571  14  2571  17  2671  20  2671  25  2571  35  2571
  50  2371  67  2271  82  2071  92  2171  94  2171  90  2271  80  2171  66  2171
  53  2071  44  2071  37  2071  29  2071  22  2171  14  2271   8  2371   4  2471
   3  2571   2  2671   2  2771   2  2971   4  3011   8  2951  15  2951  25  2811
  39  2751  55  2651  68  2511  76  2651  77  2651  74  2711  66  2651
621 118   001 117   001 114   001  66   001  62   001  52   001  46   271
  42   571  40   871  40  1071  42  1471  45  1771  43  1771  43  1671  42  1671
  41  1671  40  1671  37  1871  36  1971  36  2171  39  1971  42  1971  47  1771
  50  1771  53  1671  55  1671  56  1571  56  1471  51  1371  42  1471  31  1571
  23  1771  20  1871  20  1971  20  2171  17  2071  13  1971   8  1871   4  1871
   1  1971  -1  1971  -2  2171  -2  2271  -2  2471  -2  2271   0  2171   5  1971
  14  1971  25  1971  34  1971  38  1971  36  1971  31  1971  25  1871  18  1671
  12  1571   7  1771   4  1971   1  2271  -2  2171  -7  2071 -11  1971 -15  1971
 -19  2071 -24  2071 -30  2271 -34  2471 -32  2611 -23  2451  -8  2151   9  1911
  26  1951  41  2051  52  2011  58  2151  58  2251  54  2311  46  2251
630 117   001 127   001 127   001 130   001  58   001  79   001  85   471
  83   971  78  1071  73  1071  68  1171  65  1171  65  1271  61  1271  56  1371
  52  1371  46  1471  42  1471  41  1571  41  1571  45  1571  50  1571  58  1471
  66  1571  74  1571  79  1571  81  1571  81  1571  77  1471  70  1371  63  1271
  54  1271  48  1271  42  1371  37  1371  32  1371  26  1371  22  1371  20  1371
  19  1471  18  1471  15  1571  12  1671  11  1771  12  1771  17  1671  24  1571
  32  1571  41  1571  46  1571  49  1571  47  1571  45  1571  43  1571  40  1471
  36  1371  31  1471  24  1471  18  1571  13  1571   8  1571   3  1571  -2  1671
  -6  1671 -11  1771 -15  1771 -18  1871 -17  1811 -12  1751  -4  1651   9  1511
  25  1651  40  1851  53  1911  60  1951  61  2051  60  2011  57  1951
643 135   001 142   001 144   001 149   001 151   001 143   001 129   671
 114   771 102  1171  95  1271  90  1471  85  1371  82  1471  79  1371  77  1371
  75  1471  73  1471  69  1471  66  1571  67  1571  73  1471  84  1271  95  1171
 105  1171 112  1271 118  1271 121  1271 123  1351 119  1371 110  1371  99  1271
  88  1271  81  1471  76  1571  72  1771  67  1671  63  1571  59  1471  57  1471
  56  1471  55  1471  53  1471  52  1571  52  1571  54  1471  59  1371  66  1271
  75  1271  87  1371  97  1371 105  1371 108  1351 107  1411 100  1351  90  1351
  79  1211  70  1351  62  1551  56  1611  51  1751  46  1751  42  1711  39  1751
  35  1751  31  1711  25  1751  20  1851  19  1811  23  1751  33  1651  46  1511
  61  1651  76  1751  89  1811  97  1851 100  1851  99  1811  94  1751
645 129   001 144   001 151   001 156   001 151   001 139   001 122   471
 106   871  93  1071  84  1271  78  1271  73  1471  67  1571  64  1371  62  1471
  58  1471  56  1571  54  1571  54  1571  59  1571  69  1571  80  1471  90  1371
  97  1471 101  1471 103  1571 103  1571 102  1351  97  1371  87  1471  76  1471
  67  1571  62  1871  61  1971  60  2071  58  1971  55  1771  51  1671  48  1671
  45  1771  43  1771  41  1771  41  1671  42  1671  45  1571  51  1471  58  1371
  68  1471  77  1471  85  1571  88  1471  88  1571  83  1571  75  1571  65  1571
  57  1571  53  1771  50  1871  49  2071  46  2071  43  2071  41  1971  39  2071
  37  2071  33  2171  27  2171  21  2171  19  2111  24  2051  35  1851  50  1711
  66  1951  80  2051  92  2211  99  2151 100  2151  95  2011  85  1951
650 112   001 134   001 141   001 143   001 138   001 133   001 122   471
 109   671  97   771  88  1071  82  1171  77  1271  72  1371  68  1271  64  1371
  60  1471  56  1571  53  1571  51  1671  54  1671  61  1571  71  1371  82  1271
  90  1271  98  1371 102  1371 105  1271 105  1071 102   971  95   971  86   971
  78  1071  72  1271  66  1371  63  1571  60  1571  56  1471  51  1471  47  1571
  43  1571  38  1671  33  1671  31  1671  32  1671  38  1571  49  1471  60  1471
  71  1471  80  1471  86  1471  92  1271  94  1171  92   971  86   971  77   871
  68   871  61  1171  55  1571  50  1871  45  1771  40  1771  37  1671  35  1771
  34  1971  32  2071  29  2071  26  2071  26  2011  30  1951  38  1951  49  1811
  61  1851  73  1851  84  1811  93  1651  99  1451 100  1211  96  1251
675 109   001 128   001 143   001 146   001 145   001 142   001 129   271
 112   571  96   871  84  1071  75  1371  67  1671  61  1871  58  1871  57  1971
  55  2071  51  2171  43  2171  34  2071  32  2071  40  2071  55  2071  76  2171
  96  1971 114  1771 130  1471 139  1471 142  1371 137  1371 124  1371 106  1271
  88  1271  73  1471  62  1771  55  1971  50  1971  47  2071  44  2071  42  2171
  39  2171  36  2271  31  2271  30  2271  32  2271  40  2171  54  2171  72  2071
  91  1871 110  1771 125  1571 135  1571 137  1671 133  1671 121  1571 107  1471
  91  1371  79  1571  68  1871  60  2071  53  2071  49  2171  47  2171  47  2171
  47  2271  47  2271  45  2371  44  2371  45  2411  50  2451  59  2351  70  2311
  82  2251  95  2051 105  1911 112  1951 115  1951 112  1911 104  1851
690 124   001 133   001 144   001 142   001 139   001 128   001 120   571
 112   671 104  1071  95  1471  89  1571  85  1571  83  1571  81  1471  77  1471
  73  1471  66  1471  58  1371  53  1351  53  1271  62  1471  77  1471  93  1671
 109  1671 123  1471 132  1471 138  1371 139  1471 135  1471 128  1571 118  1671
 108  1771 101  1771  95  1771  90  1771  87  1571  86  1571  83  1471  79  1471
  76  1471  72  1471  69  1471  69  1371  71  1371  77  1371  85  1371  96  1371
 108  1371 120  1471 129  1571 134  1471 136  1471 133  1471 126  1471 119  1471
 110  1571 103  1671  98  1771  94  1771  90  1771  85  1671  81  1671  77  1671
  73  1671  69  1671  65  1671  64  1571  65  1511  71  1451  80  1351  90  1211
  99  1351 108  1451 114  1511 118  1651 120  1651 118  1711 113  1751
747 150   001 164   001 154   001 158   001 137   001 130   001 123   471
 115   771 108   971 100  1171  95  1071  89  1471  88  1571  87  1671  85  1771
  83  1771  81  1871  77  1771  74  1771  73  1671  76  1671  84  1571  94  1471
 105  1471 115  1571 122  1571 123  1471 118  1571 111  1571 103  1471  94  1371
  87  1271  81  1471  76  1571  72  1771  67  1771  62  1671  58  1671  55  1771
  53  1871  51  1971  48  1871  45  1771  43  1671  43  1671  45  1771  53  1771
  64  1771  76  1871  87  1871  91  1971  90  1971  86  1971  79  1771  71  1471
  65  1271  62  1371  60  1471  58  1571  55  1671  51  1871  49  1971  48  2071
  47  2271  42  2371  33  2271  23  2271  19  2111  25  2051  38  1851  56  1711
  74  1851  90  1951 102  2011 107  2151 107  2251 102  2311  95  2051
NT  TEDF  78  35 1
20160214162016021411
20160214162016021412
20160214162016021413
20160214162016021414
20160214162016021415
20160214162016021416
20160214162016021417
20160214162016021418
20160214162016021419
20160214162016021420
20160214162016021421
20160214162016021422
20160214162016021423
20160214162016021500
20160214162016021501
20160214162016021502
20160214162016021503
20160214162016021504
20160214162016021505
20160214162016021506
20160214162016021507
20160214162016021508
20160214162016021509
20160214162016021510
20160214162016021511
20160214162016021512
20160214162016021513
20160214162016021514
20160214162016021515
20160214162016021516
20160214162016021517
20160214162016021518
20160214162016021519
20160214162016021520
20160214162016021521
20160214162016021522
20160214162016021523
20160214162016021600
20160214162016021601
20160214162016021602
20160214162016021603
20160214162016021604
20160214162016021605
20160214162016021606
20160214162016021607
20160214162016021608
20160214162016021609
20160214162016021610
20160214162016021611
20160214162016021612
20160214162016021613
20160214162016021614
20160214162016021615
20160214162016021616
20160214162016021617
20160214162016021618
20160214162016021619
20160214162016021620
20160214162016021621
20160214162016021622
20160214162016021623
20160214162016021700
20160214162016021701
20160214162016021702
20160214162016021703
20160214162016021704
20160214162016021705
20160214162016021706
20160214162016021707
20160214162016021708
20160214162016021709
20160214162016021710
20160214162016021711
20160214162016021712
20160214162016021713
20160214162016021714
20160214162016021715
20160214162016021716
002700170017001700170015001517152715271527152715271535163116351635153114351
33512311235133514311535153515311435143513311435143514311435133512311235123511311
13511351231123512351231113511351231123513351331133512351231113511351131113511351
13112351235123112351135113112351235123112351235123112351235123112351235123112351
005700170017001700170015001517151714271427152715371535163117351735173116351
43513311335123513311435153516311635173516311535143512311135113511311235133513311
33512351231123512351231113511351131123512351231123512351131113511351131113511351
13111351135113111351135113112351235123112351235123111351235123112351235123112351
015700170017001800180017001717172717271727173717371735173116351635163116351
63516311535143512311235123513311335133513311335123512311135113511311135123512311
23512351231123511351131113511351131113511351131113511351131113511351131113511351
13111351135113111351135113112351235123112351235123112351235123113351335133113351
027800180017001600150014001417151715271527142714271335133112351235123113351
33513311335123512311235123513311335143513311235113511311235143514311435133512311
13511351131123512351231123512351231123513351331133512351231113511351131113511351
13111351135113111351135123112351335133113351235123112351135113112351235123112351
070800170018001600180017001617162715271527152715271635173117351735173117351
73517311735173517311735173517311635143513311335123512311235123512311135113511311
13511351131113511351131113511351131113511351131113511351131113511351131113511351
13111351135113111351135113112351235123111351135123113351435153114351435133113351
110500170017001700150012001317142714271527162716271635153114351335123111351
13511311135113511311235123512311235123512311235113511311135113511311135113511311
13511351131113511351131113511351131123512351231123512351131113511351231123513351
43114351535153115351535153115351535153116351635163116351635163116351635173117351
120600170017001600150016001617161716271627162716271535153114351435133112351
23512311135113512311235123513311335143514311335123511311135113511311235123512311
23512351231123512351231123512351231123512351231123512351231123512351231123512351
23113351335133113351335143114351435143114351435143114351535163116351635163117351
130400150016001700170016001617152715271627162717371735173115351335123111351
13512311235123512311235133514311335133512311235123511311135113511311135113511311
13511351131113511351131113511351131123512351231123511351131113511351131113512351
23112351235123112351235123113351335133113351235123112351335133113351235123112351
145700170017001700170016001517152714271427142714271435143114351335133114351
53516311635163515311535153515311535153515311435133512311235123512311235123511311
13511351131113511351131113511351131113512351231123511351131113511351131113511351
13111351135113111351135113111351135113111351135113111351235123112351235123112351
149700180017001800170016001617152714271427142714271435143114351335133114351
53516311635163515311535153515311535153514311335133512311235123512311235113511311
13511351131113511351131113511351131113512351231123511351131113511351131113511351
13111351135113111351135113111351135113111351135113112351235123112351235123112351
156700180017001800170015001517142714271427142714271435143114351335143114351
53516311635163516311535153515311535153514311335133512311235123512311235113511311
13511351131113511351131113511351131113512351231123511351131113511351131113511351
13111351135113111351135113111351135113111351135113112351235123112351235123112351
168700180018001800180017001717172717271627162715271435143115351535163117351
73517311735173517311735173517311735173516311535133512311135113512311235123512311
23512351231123512351231123512351231123512351231123512351231123512351231123512351
13111351135113111351135123112351235133113351435153116351635163116351535143113351
180800180018001800170018001827182717271727172717371735173117351735173117351
73517311735173517311735173517311735173517311735173517311735173517311735163516311
53514351431133513351331133514351431153516351631163515351531143513351231123512351
23112351235123112351235123113351435143115351535153116351635163115351435133112351
190800180018001800180018001817172717271727172717371735173117351735173117351
73517311735173517311735173517311735173517311735173517311735173517311735173517311
73517351731173517351731173517351731173516351631163516351631153513351231123513351
33113351335133113351335143114351335133113351435153115351635163115351435133113351
222000150015001500140012001317131712271127112711271235133114351535163115351
33512311135113511311235133513311335133513311235113511311135113511311135113511311
23513351331133512351131113511351131113512351231123512351231123511351131113511351
13111351135113111351235123112351235133114351435143113351335123111351135123112351
240500160017001600150016001517152716271627162716271635163116351635153114351
23512311335153517311735163515311435153515311535153515311435133512311235123512311
13511351131113512351231123512351131123512351231123512351131113511351131113511351
13111351135113111351135113112351235123111351135123112351235123112351235123112351
255700170017001400160013001317142714271527152716371635163116351635153116351
63517311735163516311535153515311535153514311335123512311235123513311335123512311
23513351331143514351431133513351231123511351131113511351131113511351131113511351
13111351135113111351135113111351135123113351435153115351635163115351335123112351
260600170017001700160015001517152715271527152715371535153115351535153116351
63516311635163516311635163517311735173516311535133512311235123512311335133514311
43513351331133512351231123512351231113511351131113512351231123512351231123512351
13111351135113112351235123113351335143113351335133113351435143114351335123112351
280800180018001700160015001517152715271627162716371635163116351635163115351
43514311435163517311735173516311635173517311635163515311435133513311335133513311
33513351331143515351631163516351631163515351531153515351431143513351231113511351
13111351135113112351235123113351435153116351635163116351535153114351435143114351
299800180018001800180017001717172717271727172717371635163116351635163117351
73517311735163516311635163517311735173517311735173517311735173517311735173517311
73517351731173517351731173517351731173517351731173517351631153515351431143514351
43114351435143114351435143114351435143114351435143115351535153115351435143114351
434800180018001800180017001717172716271727172717271735173117351635163116351
63516311635163517311635163515311635163516311535133512311135113512311335143515311
43514351331133513351331133513351231123512351231123512351231123511351131113511351
13112351235123112351235123112351335133113351235123111351235123112351235123112351
460400160017001700180018001717171717271727162716271635153116351635173117351
73517311735173517311735173517311735173517311735163516311635163516311635163515311
53515351531153515351531153515351631163517351731173517351631153514351431143515351
53115351535143114351335133113351335133113351335133112351235123112351235123112351
481300180016001700150013001427142713271227123713271335143115351635163116351
63516311635163516311635163516311635163516311635163515311535143514311435153515311
53515351631163516351731173517351731173517351731163516351531143514351331133513351
33114351535163116351635163115351535153115351435143114351435133113351235123112351
497800180018001800170017001617152714271427132713371335123112351335133113351
43514311535153515311535153515311635163517311635163515311535153515311535153515311
43514351431143514351431133513351231123512351231123512351231123512351231123512351
23113351335133113351335133113351335133113351335133113351335133113351335133113351
510800180018001800180018001627142712271227123712371135123112351335143114351
43514311535153515311535153515311435133513311235123512311235123511311135113511311
13511351231123513351331133513351331123512351231123512351231113511351131113511351
13111351135113111351135113111351135113111351135113111351235123112351235113111351
579000150015001100120010001027112711271127112712271235133113351335133113351
43514311435143514311335133513311335133513311235123512311135113511311135113511311
13511351231113511351131113512351231123512351231123511351131113511351131113511351
13111351235123112351135113112351235123112351235123111351135113112351235123112351
588700170016001700170013001217122711271127112710371035113113351435163116351
53514311335133512311235123512311235123512311235123512311135113511311135113512311
23512351231123512351131113511351231123512351231123512351231123512351231123512351
23112351135123113351435153115351435143114351435153115351635163117351735163116351
621200170017001700180018001717172717271627162716271635163116351635153115351
53515311535163517311735173517311735173517311735163516311535153515311535153515311
53515351531153515351431153515351531153516351631153515351531153514351431133513351
23112351235123112351235123112351335133112351235123112351235123112351235113111351
630200140015001500180016001717172717271727162716271635153115351635163116351
63516311735173517311635153515311435143514311435133513311235123512311235123513311
43514351531153515351531143514351431143514351531153515351531153515351531143513351
23111351135123112351135113111351235123112351235123112351235123112351235113111351
643100100010001000110014001417152715271627162716371635163115351535153116351
63516311535133512311335133513311335123512311135113511311135113511311135113511311
13511351131113511351131113511351131113511351131113511351131113511351131113511351
13111351135113111351135113111351135113111351135113111351135113111351135113111351
645400110010001000110013001317132713271327142714271535153114351435133113351
43514311435133513311335133513311335123512311135113511311135113511311135113511311
13511351131113511351131113511351131113511351131113511351131113511351131113511351
13111351135113111351135113111351135113111351135113111351135113111351135113111351
650500110010001000100010001027102710271127112712351235123113351335143114351
43514311435143514311435133513311335133513311235123511311135113511311135123512311
23511351131113512351231113511351131113511351131113511351131123512351331133513351
33113351335133113351335133114351435143114351435143114351435143114351435133113351
675800120010001000100010001017102710271127112711351135113112351335133114351
43514311335133513311435143514311435143514311435143514311335123512311135113511311
13511351131113511351131113511351131113512351231123513351331143514351531153516351
63116351635153116351635163116351635163116351635163116351635163116351635163115351
690800170011001000100010001017102710271027112711371235123113351335133113351
33513311335133513311335143514311535153515311535143513311235123511311135113511311
13511351131113511351231123512351231123512351231123512351231123513351331143515351
63116351635163116351635163116351635163116351635163116351635163117351735163115351
747200140016001700170018001817181718271727172717271735173117351735173117351
73517311635153515311535153515311535143514311335133512311235123512311235123512311
23512351231123512351231123512351231123512351331133512351231123512351231113511351
23112351235123112351235113111351235123112351235113111351135113111351135113111351
