20161016121433
T2M TEDF  78  35 1
20161016122016101607
20161016122016101608
20161016122016101609
20161016122016101610
20161016122016101611
20161016122016101612
20161016122016101613
20161016122016101614
20161016122016101615
20161016122016101616
20161016122016101617
20161016122016101618
20161016122016101619
20161016122016101620
20161016122016101621
20161016122016101622
20161016122016101623
20161016122016101700
20161016122016101701
20161016122016101702
20161016122016101703
20161016122016101704
20161016122016101705
20161016122016101706
20161016122016101707
20161016122016101708
20161016122016101709
20161016122016101710
20161016122016101711
20161016122016101712
20161016122016101713
20161016122016101714
20161016122016101715
20161016122016101716
20161016122016101717
20161016122016101718
20161016122016101719
20161016122016101720
20161016122016101721
20161016122016101722
20161016122016101723
20161016122016101800
20161016122016101801
20161016122016101802
20161016122016101803
20161016122016101804
20161016122016101805
20161016122016101806
20161016122016101807
20161016122016101808
20161016122016101809
20161016122016101810
20161016122016101811
20161016122016101812
20161016122016101813
20161016122016101814
20161016122016101815
20161016122016101816
20161016122016101817
20161016122016101818
20161016122016101819
20161016122016101820
20161016122016101821
20161016122016101822
20161016122016101823
20161016122016101900
20161016122016101901
20161016122016101902
20161016122016101903
20161016122016101904
20161016122016101905
20161016122016101906
20161016122016101907
20161016122016101908
20161016122016101909
20161016122016101910
20161016122016101911
20161016122016101912
002 115   001 137   001 137   001 150   001 167   001 146   001 142   271
 146   571 151   671 152   771 150   771 146   771 142   871 139   771 138   771
 137   771 135   871 134   871 133   871 131   971 129   971 126   971 125  1071
 126  1071 130  1171 135  1371 141  1471 146  1471 148  1371 148  1371 146  1371
 143  1471 141  1471 139  1471 137  1371 137  1371 136  1271 137  1171 136  1071
 135  1071 133  1071 132  1071 130  1071 128  1071 126  1071 125  1071 124  1171
 122  1171 122  1271 121  1271 121  1371 121  1371 121  1371 123  1371 125  1471
 126  1571 125  1571 121  1571 113  1571 108  1471 104  1371 103  1171 103  1071
 104  1071 104  1171 104  1171 103  1171 101  1171 100  1171  99  1171  99  1151
 100  1111 102  1251 104  1451 107  1511 111  1551 114  1551 117  1511
005 102   001 113   001 141   001 166   001 172   001 174   001 174   271
 172   471 169   671 162   771 151   971 141   871 137   971 134  1071 132  1071
 130  1071 127   971 123   971 121   971 118  1071 115  1071 110  1071 107  1071
 107  1071 111  1271 120  1471 131  1571 144  1771 154  1771 163  1771 168  1771
 167  1671 162  1671 150  1571 138  1371 128  1171 123  1171 123  1171 121  1171
 120  1171 116  1171 113  1171 112  1171 110  1271 108  1271 108  1271 106  1271
 106  1271 107  1371 110  1471 113  1571 116  1571 120  1671 125  1671 131  1671
 134  1671 132  1671 123  1371 111  1371 101  1171  97  1171  97  1271  98  1271
  97  1271  94  1271  92  1271  91  1271  91  1371  91  1371  91  1371  91  1371
  92  1311  94  1451  98  1651 103  1711 109  1751 114  1851 120  1811
015  94   001 116   001 139   001 159   001 183   001 196   001 199   371
 195   471 188   671 177   771 163  1171 150   971 140  1071 135  1171 132  1171
 128  1171 121  1271 117  1271 113  1271 112  1271 110  1271 108  1371 107  1371
 108  1471 113  1371 121  1171 130  1071 140  1071 149  1171 155  1171 161  1271
 162  1471 159  1571 150  1571 139  1471 128  1471 122  1471 118  1371 114  1371
 108  1371 103  1471  99  1471  98  1471  99  1371 100  1371  99  1471  98  1471
  98  1571 100  1371 102  1271 107  1071 111  1071 116  1071 119  1071 122  1071
 121  1151 116  1211 105  1151  92  1151  82  1011  78  1151  77  1151  78  1211
  77  1251  76  1451  75  1411  76  1451  78  1351  80  1311  82  1451  85  1551
  88  1611  93  1451  99  1351 105  1111 112  1151 118  1251 123  1211
027 135   001 142   001 144   001 152   001 162   001 161   001 163   671
 165   971 163  1271 155  1371 144  1271 133  1271 124  1271 119  1271 116  1271
 116  1371 116  1471 114  1571 110  1671 105  1771 100  1871  97  1871  97  1871
 101  1871 109  1871 119  1671 131  1671 142  1471 152  1471 160  1371 165  1471
 166  1571 162  1671 152  1571 139  1571 126  1471 117  1471 111  1371 107  1271
 104  1371 103  1371 101  1471  97  1571  92  1671  90  1771  92  1771  96  1771
 100  1771 103  1671 106  1671 110  1571 115  1571 122  1671 127  1671 132  1771
 134  1871 132  2071 125  1871 116  1771 106  1671  98  1571  92  1571  90  1571
  90  1571  92  1671  92  1671  89  1771  84  1971  80  2071  78  2071  79  2071
  83  2011  90  1951  99  1751 109  1611 118  1751 127  1851 133  1911
070  71   001  98   001 134   001 156   001 172   001 180   001 188   371
 192   571 186   871 171   971 150  1171 133  1371 121  1571 112  1571 104  1671
  98  1771  92  1871  88  1971  87  2071  87  2071  87  2171  87  2171  88  2171
  91  2171  99  1871 110  1671 122  1471 134  1471 144  1371 152  1371 159  1471
 162  1571 158  1571 146  1571 132  1571 115  1671 102  1671  93  1771  87  1871
  82  1971  77  2171  74  2171  72  2271  69  2371  64  2371  61  2371  59  2371
  62  2271  70  1971  82  1771  96  1471 109  1371 120  1371 129  1371 133  1371
 132  1471 126  1571 117  1571 106  1571  96  1571  91  1671  86  1771  83  1871
  79  2071  75  2171  73  2271  73  2371  75  2371  77  2471  79  2471  82  2471
  85  2511  90  2251  96  1951 103  1611 110  1651 117  1651 122  1611
110 129   001 139   001 154   001 157   001 167   001 167   001 167   371
 165   671 158   571 148   671 137   771 126   771 117   971 113  1171 111  1371
 108  1471 105  1471 103  1571 103  1571 104  1471 103  1471 101  1571  99  1571
 101  1671 109  1471 121  1371 133  1171 143  1371 151  1371 158  1471 162  1371
 162  1071 156   971 144   971 131   971 117   971 108  1171 104  1371  99  1571
  93  1671  88  1871  87  1971  90  1871  96  1871 101  1771 104  1771 106  1771
 108  1771 110  1571 114  1471 119  1271 125  1271 132  1271 137  1171 140  1171
 140  1071 136  1171 128  1071 117  1071 107   971  99  1171  91  1371  86  1671
  82  1771  78  1971  76  2171  75  2071  75  2071  75  1971  74  1971  74  2051
  77  2011  85  1851  96  1551 108  1311 120  1351 130  1251 138  1211
120 128   001 135   001 137   001 145   001 164   001 173   001 175   571
 171   771 164   871 153   871 140  1071 127  1171 119  1171 116  1071 113  1071
 110  1071 106  1171 104  1171 102  1171 100  1171  96  1171  92  1171  89  1271
  91  1271 102  1271 115  1371 130  1371 141  1371 148  1371 155  1271 158  1171
 159  1071 154   971 142  1071 128  1071 115  1171 108  1171 104  1171 102  1171
  99  1171  95  1271  93  1271  92  1271  92  1271  92  1271  92  1271  92  1371
  94  1371  99  1471 106  1671 113  1771 120  1671 124  1671 128  1571 131  1571
 132  1451 130  1411 123  1451 114  1351 105  1311  99  1351  95  1351  92  1311
  89  1351  87  1451  85  1411  84  1451  82  1451  80  1411  77  1451  75  1551
  78  1511  87  1651  99  1751 112  1811 122  1851 129  1851 133  1811
130 128   001 140   001 161   001 157   001 172   001 183   001 183   371
 177   671 168   871 157  1071 145  1171 136  1171 127  1271 122  1271 118  1471
 115  1471 113  1671 111  1771 110  1771 108  1871 105  1871 100  1771  96  1771
  97  1671 106  1571 119  1371 135  1171 149  1271 161  1471 169  1571 174  1571
 173  1471 167  1471 154  1471 139  1371 124  1371 113  1371 105  1271  99  1271
  93  1371  87  1571  84  1671  84  1771  85  1771  85  1871  84  1771  83  1771
  85  1671  92  1571 102  1371 115  1271 126  1371 136  1571 144  1671 147  1571
 145  1571 139  1471 129  1571 116  1671 105  1671  98  1671  93  1571  90  1571
  86  1671  82  1771  79  1871  78  1871  78  1971  77  1971  75  1871  74  1871
  76  1711  84  1651  96  1651 110  1511 125  1751 139  1851 149  2011
145  94   001 107   001 135   001 160   001 163   001 181   001 188   471
 188   471 183   871 174   971 160  1071 147   971 138  1071 132  1171 128  1271
 125  1371 122  1471 120  1571 118  1571 115  1571 112  1571 109  1571 107  1571
 108  1571 112  1471 119  1271 127  1171 136  1171 144  1271 151  1271 156  1371
 158  1271 155  1371 148  1271 136  1171 125  1171 115  1171 107  1271 100  1271
  94  1371  91  1371  89  1471  88  1471  86  1571  84  1571  81  1571  78  1671
  78  1671  82  1571  90  1571  99  1471 107  1471 114  1371 121  1371 125  1471
 127  1451 123  1511 114  1351 102  1251  91  1011  85  1151  82  1151  81  1211
  80  1351  79  1451  79  1511  80  1551  81  1551  80  1511  78  1651  75  1651
  75  1711  79  1751  86  1751  94  1711 102  1651 110  1551 116  1411
149  91   001 113   001 140   001 166   001 187   001 197   001 202   371
 201   471 195   671 184   871 169   771 155   871 144   871 139   871 134   871
 131  1071 129  1271 127  1471 125  1571 121  1571 118  1671 114  1571 112  1571
 112  1471 116  1371 124  1271 133  1171 143  1071 152  1071 160  1071 165  1071
 166  1171 162  1171 153  1071 142   971 130   871 121   971 114  1071 108  1071
 103  1171  98  1271  95  1371  93  1471  91  1671  88  1771  83  1771  79  1671
  78  1671  83  1571  92  1371 104  1271 115  1371 125  1471 133  1571 136  1571
 135  1471 130  1471 120  1271 109  1171  99   971  93   971  89  1071  87  1071
  85  1271  82  1371  81  1571  81  1671  82  1771  81  1871  79  1871  77  1771
  77  1711  82  1651  90  1451 100  1311 110  1451 118  1451 125  1511
156  93   001 104   001 139   001 157   001 182   001 198   001 204   371
 202   471 197   571 187   671 175   771 165   971 155   871 147   871 142   771
 138   871 135  1071 132  1171 130  1171 128  1171 126  1171 123  1171 121  1271
 121  1271 124  1271 129  1171 138  1171 147  1271 157  1171 164  1271 167  1271
 166  1171 162  1171 155  1071 146  1071 139  1071 133   971 128   971 124   871
 121   971 117  1071 113  1171 110  1171 107  1271 103  1271  98  1271  95  1371
  93  1371  95  1371 101  1471 109  1471 119  1571 129  1471 135  1571 138  1571
 136  1371 131  1271 123  1171 113  1171 105  1071 100   971  96   971  95   871
  94  1071  93  1171  93  1371  93  1371  93  1271  93  1271  91  1371  89  1371
  89  1411  92  1551  97  1651 105  1711 114  1751 122  1651 129  1611
168  77   001 103   001 135   001 158   001 188   001 198   001 203   171
 203   771 194   971 179  1171 158  1471 139  1671 126  1871 121  1671 117  1571
 110  1671 103  1771  98  1871  98  1971 100  1971 101  2071  99  1971  98  1971
 100  1871 109  1671 121  1571 133  1371 142  1271 148  1371 153  1271 159  1371
 163  1371 161  1471 149  1671 132  1771 117  1971 106  1871 100  1771  96  1571
  92  1771  88  1871  84  2071  82  2171  80  2171  77  2271  75  2171  73  2071
  76  1971  84  1771  95  1671 108  1471 119  1371 130  1371 138  1271 143  1371
 143  1471 137  1571 125  1671 110  1771  98  1871  91  1871  88  1771  85  1771
  79  1871  71  2071  66  2171  65  2171  65  2171  66  2171  65  2171  63  2171
  65  2111  72  2051  83  1851  94  1711 104  1751 112  1651 119  1611
180  37   001  54   001  76   001 128   001 165   001 183   001 188   371
 185   471 176   671 163   871 145  1371 124  1471 112  1671 106  1671 101  1771
  98  1871  97  1771  97  1871  99  1871 101  1871 102  1871 101  1771 101  1771
 104  1671 112  1571 123  1471 134  1371 141  1471 146  1571 149  1771 149  1571
 147  1551 142  1471 133  1371 123  1571 114  1571 107  1771 104  1871 102  1971
 100  1871  98  1971  96  1971  94  1971  93  2071  91  2071  90  1971  90  1971
  92  1871  98  1771 107  1571 116  1471 125  1471 133  1471 137  1571 140  1571
 138  1471 132  1471 122  1571 110  1471  99  1571  91  1571  85  1771  81  1771
  76  1871  72  1871  67  1871  65  1871  65  1971  66  1971  67  1971  69  1971
  71  1911  74  1751  78  1651  83  1411  90  1551  97  1751 103  1811
190  55   001  65   001  76   001  88   001 111   001 144   001 164   371
 174   571 173   671 164  1071 149  1171 134  1171 120  1371 109  1471 103  1671
  98  1671  97  1671  97  1671  98  1671  99  1571  98  1571  95  1571  94  1671
  97  1671 106  1671 120  1571 134  1571 147  1671 156  1971 159  1871 159  1871
 155  1771 147  1571 138  1471 129  1371 120  1371 113  1571 108  1571 103  1771
  99  1771  97  1771  96  1771  98  1771  99  1671  99  1671  97  1671  95  1651
  97  1671 105  1571 118  1571 130  1471 140  1371 147  1371 152  1371 154  1471
 154  1471 149  1471 140  1371 127  1171 115  1071 104  1271  96  1471  89  1671
  83  1671  78  1771  74  1771  72  1671  70  1671  69  1571  68  1671  68  1651
  70  1711  76  1651  84  1451  92  1311  98  1451 103  1651 107  1711
222 142   001 142   001 141   001 143   001 152   001 146   001 149   371
 153   971 155  1171 151  1271 144  1271 136  1171 128  1271 124  1371 120  1471
 116  1571 114  1771 114  1871 115  1771 116  1671 115  1571 111  1571 107  1571
 107  1571 115  1471 127  1471 141  1371 154  1371 163  1471 169  1571 175  1671
 177  1751 172  1811 160  1451 143  1351 127  1111 116  1251 108  1451 102  1511
  95  1651  89  1651  85  1711  83  1651  83  1651  82  1511  80  1551  79  1551
  81  1571  89  1471 100  1371 114  1271 129  1371 140  1471 149  1571 153  1671
 152  1571 147  1671 137  1671 125  1471 114  1371 105  1471  99  1471  94  1571
  89  1571  84  1671  81  1671  79  1671  77  1671  74  1671  68  1671  64  1671
  65  1611  75  1651  90  1551 108  1511 124  1551 138  1651 148  1611
240  93   001 122   001 148   001 171   001 190   001 193   001 196   371
 197   571 193   871 182   971 167  1171 153  1171 144  1271 139  1271 137  1371
 133  1371 127  1371 122  1371 117  1371 113  1471 109  1471 105  1471 103  1371
 104  1371 110  1371 119  1571 130  1571 141  1471 150  1471 159  1471 166  1471
 169  1471 166  1471 156  1271 143  1271 130  1271 124  1271 119  1371 115  1371
 110  1371 105  1371  99  1371  93  1471  88  1471  84  1571  81  1571  80  1571
  82  1571  88  1571  98  1571 110  1571 123  1671 136  1771 145  1871 150  1871
 150  1971 144  1871 134  1771 122  1771 112  1771 106  1671 103  1671 100  1571
  95  1571  89  1571  83  1571  79  1671  76  1671  72  1771  67  1771  62  1771
  63  1711  71  1751  84  1751  99  1711 113  1851 126  1951 136  2011
255  77   001  99   001 134   001 162   001 173   001 194   001 203   371
 204   571 199   871 189  1071 177   871 164   871 151   971 140  1071 133  1271
 125  1171 119  1271 115  1271 113  1271 112  1271 108  1271 104  1371 101  1371
 101  1471 108  1471 117  1471 129  1371 141  1371 152  1371 160  1371 164  1471
 164  1571 160  1671 152  1371 141  1171 132   971 122  1071 115  1171 108  1371
 102  1271  97  1271  93  1271  89  1271  87  1271  85  1271  81  1371  77  1371
  78  1471  86  1571  98  1571 113  1571 125  1671 133  1571 140  1671 142  1671
 142  1671 138  1671 132  1471 124  1371 116  1171 110  1171 104  1271  98  1271
  92  1371  87  1371  82  1471  78  1371  74  1371  69  1271  62  1371  55  1471
  55  1511  63  1551  77  1451  93  1411 107  1551 118  1751 126  1811
260  86   001 116   001 133   001 156   001 161   001 170   001 181   371
 187   471 183   671 171   971 153  1371 134  1571 122  1871 111  1971 105  2171
 103  2271 104  2571 103  2671 100  2771  96  2771  93  2871  92  2771  95  2771
 102  2671 113  2371 126  1871 138  1471 145  1471 152  1471 157  1371 163  1371
 166  1271 162  1271 149  1471 131  1571 113  1771 100  1971  92  2271  87  2571
  85  2671  85  2771  84  2871  81  2971  77  2971  74  3071  72  2971  74  2871
  81  2771  93  2571 108  2071 122  1671 132  1671 139  1571 144  1471 146  1471
 146  1371 142  1371 133  1571 121  1671 107  1971  94  2171  84  2271  77  2471
  72  2671  69  2771  67  2971  64  2971  59  3071  55  3071  51  2971  50  2851
  54  2711  65  2351  79  1951  94  1511 106  1551 116  1651 124  1611
280  69   001  77   001  84   001  98   001 131   001 140   001 152   271
 161   471 164   671 158   771 148   971 136  1071 126  1171 120  1271 118  1371
 115  1471 114  1371 112  1471 111  1471 110  1571 107  1571 102  1471  99  1471
  99  1371 106  1271 115  1171 126   971 135   971 142   971 147   971 151  1071
 152  1171 149  1271 140  1271 129  1171 118  1271 112  1371 107  1371 104  1371
 101  1371  99  1471  97  1471  95  1471  94  1571  91  1571  88  1571  86  1471
  88  1471  94  1371 103  1171 113   971 123   971 130   971 136   971 141   971
 143   971 141  1071 133  1171 121  1171 111  1171 103  1171  98  1171  94  1271
  91  1371  88  1471  86  1571  85  1571  82  1571  79  1571  73  1571  67  1571
  66  1511  72  1351  82  1251  93  1011 102  1051 110  1051 116  1011
299  64   050  88   050 116   050 142   001 164   001 182   001 191   471
 193   471 187   571 170  1071 145  1071 117  1271 100  1471  93  1671  90  1871
  91  1871  93  1771  95  1771  95  1871  94  1871  93  1971  93  1971  94  1971
  99  1971 108  1871 121  1571 134  1371 144  1471 152  1571 158  1771 161  1671
 160  1671 155  1571 145  1571 133  1471 121  1271 111  1571 105  1871 102  2071
 100  1971 100  1971  98  1871  97  1971  95  1971  93  2071  92  2071  92  2071
  95  2071 101  1871 109  1571 118  1371 125  1371 133  1471 139  1571 145  1571
 148  1451 145  1411 134  1351 119  1251 105  1111  95  1351  89  1651  85  1811
  81  1851  77  1851  74  1811  71  1851  69  1951  67  1911  65  1951  64  1951
  64  1911  67  1751  71  1551  77  1311  83  1451  91  1651  98  1711
434 103   001 114   001 122   001 133   001 147   001 159   001 168   171
 173   671 171   871 165   971 156   971 148   871 143  1071 139  1171 136  1471
 132  1371 129  1271 126  1271 123  1271 121  1171 119  1171 117  1271 114  1271
 114  1371 116  1471 120  1571 127  1571 133  1571 138  1671 146  1671 151  1671
 153  1471 152  1471 146  1371 136  1171 127  1071 119  1371 114  1471 109  1671
 105  1471  99  1471  96  1371  93  1371  91  1371  88  1371  85  1471  82  1471
  81  1571  84  1671  89  1571  99  1671 110  1871 120  1871 130  1971 135  2071
 135  2071 132  2071 125  1771 116  1571 108  1371 102  1571  98  1771  94  1871
  90  1771  85  1671  81  1571  78  1571  75  1571  71  1571  66  1671  62  1671
  61  1711  65  1751  74  1651  84  1611  95  1651 105  1551 113  1511
460  78   001 107   001 119   001 129   001 150   001 164   001 178   471
 187   971 188  1371 181  1271 170  1271 159  1071 148  1471 140  1571 134  1771
 130  1771 129  1771 127  1771 126  1771 122  1771 115  1771 109  1771 103  1771
 102  1771 108  1671 118  1471 130  1371 139  1471 146  1471 152  1571 158  1671
 163  1671 162  1671 155  1471 143  1271 131  1171 121  1471 113  1671 107  1971
 102  1971  99  1971  97  1971  96  1971  95  1971  93  1971  87  1971  82  1971
  83  1971  91  1771 105  1571 118  1371 128  1571 136  1671 141  1771 145  1771
 147  1771 144  1771 136  1571 124  1471 113  1271 104  1471  99  1571  95  1771
  92  1871  88  1771  84  1771  79  1871  74  1971  67  2071  60  2071  53  2171
  53  2111  61  1951  75  1751  90  1511 102  1751 110  1851 117  2011
481 111   001 124   001 150   001 166   001 177   001 194   001 197   271
 193   671 185   871 176   871 167   871 160   771 156   971 153  1071 151  1071
 149  1071 148  1071 146  1071 144  1071 143  1071 141  1071 138  1071 136  1171
 135  1171 134  1171 138  1371 141  1371 145  1471 149  1471 152  1571 152  1471
 151  1371 147  1271 143  1171 137  1171 131  1171 125  1271 122  1271 119  1271
 117  1371 115  1371 113  1371 111  1371 108  1371 108  1371 106  1371 104  1371
 104  1371 107  1371 111  1271 117  1271 125  1371 133  1371 139  1371 144  1371
 147  1371 145  1371 138  1371 130  1271 121  1171 115  1171 111  1171 108  1171
 105  1271 102  1471  99  1571  95  1571  92  1571  87  1571  82  1571  79  1571
  79  1511  83  1551  89  1551  97  1511 105  1651 113  1651 120  1711
497  25   001  61   001 108   001 139   001 169   001 176   001 182   671
 183  1271 174  1571 157  1271 137  1471 121  1371 108  1471 102  1371  98  1371
  93  1471  91  1671  88  1771  86  1871  85  2071  82  2171  80  2171  78  2071
  80  2071  87  1971  96  1771 110  1571 123  1871 135  2071 144  2371 147  2271
 144  2271 137  1971 124  1871 111  1671 102  1671  96  1671  93  1571  89  1571
  87  1671  85  1871  83  1871  81  1971  79  2171  76  2271  71  2271  68  2171
  69  2171  77  2071  92  1771 108  1571 124  1771 137  2171 147  2371 152  2171
 151  2071 143  1971 128  1771 110  1771  93  1671  82  1671  76  1671  73  1671
  72  1771  71  1871  70  1971  70  2071  69  2271  66  2371  61  2371  57  2271
  57  2211  63  2051  74  1751  87  1511 100  1851 111  2051 118  2311
510 131   001 139   001 147   001 163   001 186   001 198   001 200   371
 196   971 190  1071 180  1271 168  1371 155  1471 148  1371 145  1371 143  1271
 140  1371 134  1371 131  1471 128  1471 127  1371 126  1371 124  1371 123  1371
 124  1371 129  1271 136  1071 147   971 161  1171 174  1271 186  1471 195  1471
 199  1371 196  1371 186  1371 171  1371 156  1371 145  1371 139  1371 133  1371
 127  1471 122  1471 117  1571 113  1571 110  1471 106  1471 101  1471  99  1471
 101  1471 111  1371 126  1271 143  1171 157  1371 167  1471 176  1671 181  1671
 182  1571 178  1471 168  1571 156  1771 144  1871 137  1871 131  1771 126  1671
 120  1771 114  1771 108  1771 104  1771 101  1671  98  1671  94  1671  92  1671
  95  1611 104  1551 118  1351 132  1211 145  1451 155  1651 163  1811
579  93   001 110   001 131   001 156   001 180   001 209   001 218   371
 213   671 204  1171 192  1271 181  1171 170   971 161  1071 157  1071 154  1171
 154  1271 154  1471 154  1571 151  1671 145  1771 140  1871 137  1971 136  2171
 137  2271 141  1971 147  1571 153  1171 158  1271 162  1371 165  1471 167  1571
 167  1571 165  1671 161  1471 153  1271 147  1271 143  1371 138  1371 133  1371
 129  1471 124  1671 119  1771 114  1871 109  1871 104  1971  99  2171  96  2271
 100  2471 112  2071 131  1571 149  1171 164  1271 177  1371 185  1471 190  1571
 191  1571 186  1671 174  1471 158  1371 144  1271 133  1271 126  1371 121  1371
 118  1471 114  1671 111  1771 107  1871 101  1971  95  2071  89  2171  87  2371
  90  2411 101  2051 115  1551 130  1111 141  1251 149  1351 155  1411
588  70   001  83   001 103   001 129   001 150   001 171   001 182   371
 186   771 182  1371 171  1571 155  1671 140  1571 128  1571 119  1471 113  1471
 110  1471 107  1471 104  1471 102  1471  99  1571  97  1571  96  1571  96  1471
  98  1471 103  1471 110  1671 121  1671 134  1671 146  1671 154  1671 156  1871
 152  2071 145  2271 139  2071 130  1971 122  1871 116  1771 111  1771 104  1671
  98  1671  91  1571  86  1571  83  1571  80  1671  77  1671  71  1571  69  1571
  72  1471  85  1471 103  1371 123  1371 141  1471 156  1571 168  1671 178  1871
 181  2071 176  2271 161  2171 141  2071 123  1971 112  1871 105  1771 101  1671
  96  1671  92  1571  88  1571  85  1671  83  1671  80  1771  77  1671  76  1651
  79  1511  89  1551 103  1451 118  1411 132  1451 145  1551 155  1511
621  63   001  98   001 133   001 160   001 185   001 202   001 214   371
 219   571 213   771 196   971 174  1171 153  1471 137  1571 127  1371 121  1371
 117  1571 114  1771 113  1871 114  1871 114  1871 114  1871 112  1971 110  2171
 112  2271 120  1971 132  1771 146  1471 160  1471 174  1471 184  1471 190  1471
 192  1471 186  1471 173  1571 157  1571 143  1771 135  1671 129  1571 125  1571
 119  1771 114  1871 110  2071 109  2071 109  1971 107  1971 103  2071 100  2171
 103  2271 114  2071 131  1871 148  1771 160  1671 168  1571 172  1371 175  1471
 175  1571 170  1671 160  1771 147  1771 133  1871 122  1671 113  1671 106  1571
 101  1871  97  1971  94  2171  92  2171  89  2071  85  2071  79  2171  75  2151
  78  2211  91  2251 109  2151 127  2111 141  2051 150  2051 157  1911
630 116   001 126   001 147   001 162   001 179   001 188   001 200   271
 210   671 211   871 203   571 191   871 179  1071 169  1071 162   971 156   971
 150   971 145   971 142   971 140  1071 140  1071 140  1171 140  1171 140  1171
 140  1171 141  1171 145  1171 152  1171 162  1271 173  1271 182  1271 190  1271
 195  1371 195  1271 191  1171 183  1171 175  1171 168  1171 160  1071 153  1071
 147  1071 142  1171 138  1171 135  1271 132  1271 128  1371 123  1371 120  1271
 120  1271 126  1171 134  1271 145  1171 157  1271 167  1271 176  1371 182  1471
 185  1371 184  1471 179  1471 169  1371 159  1271 149  1271 141  1271 134  1271
 127  1371 121  1371 115  1471 110  1471 107  1571 103  1571  99  1571  97  1571
  98  1511 105  1551 115  1551 129  1511 144  1651 158  1651 168  1711
643 138   001 147   001 160   001 174   001 189   001 199   001 202   471
 200   571 195   871 188   971 181   971 173   871 168   971 166  1071 165  1171
 163  1271 161  1371 159  1471 158  1471 158  1471 157  1471 155  1471 153  1471
 154  1471 157  1271 164  1071 168   871 172  1071 175  1171 177  1371 180  1371
 181  1371 179  1371 173  1271 163  1171 154  1071 149  1071 146  1171 143  1171
 139  1271 133  1471 129  1571 126  1571 124  1571 121  1571 112  1571 106  1471
 107  1471 121  1271 142  1171 164   971 182  1171 194  1271 203  1471 207  1471
 207  1451 200  1511 186  1451 169  1351 155  1211 148  1251 145  1151 142  1211
 136  1351 129  1551 123  1611 120  1651 118  1651 116  1611 111  1651 107  1551
 109  1511 119  1351 134  1151 150   911 164  1151 174  1451 182  1611
645 139   001 145   001 156   001 181   001 183   001 192   001 197   371
 197   871 194  1271 186  1271 176  1271 167  1071 162  1171 159  1071 158  1071
 157  1171 156  1171 155  1271 155  1271 155  1271 153  1271 150  1271 148  1271
 148  1271 150  1271 156  1271 162  1271 165  1271 166  1171 170  1171 174  1371
 178  1471 177  1671 170  1471 157  1371 147  1171 141  1171 137  1071 134  1071
 130  1071 126  1171 123  1171 123  1271 121  1271 116  1371 110  1371 104  1271
 105  1271 118  1271 140  1271 162  1271 180  1271 192  1371 202  1371 209  1471
 211  1571 205  1771 188  1571 167  1471 148  1271 136  1171 129  1171 126  1171
 123  1271 121  1271 119  1371 117  1371 115  1371 109  1371 102  1371  97  1451
  98  1411 109  1451 125  1351 142  1311 155  1451 164  1451 172  1511
650 159   001 173   001 186   001 212   001 226   001 219   001 216   471
 215   771 212   871 206  1071 198  1071 190  1271 185  1171 182  1171 177  1071
 172  1171 169  1371 164  1471 162  1571 161  1571 160  1671 159  1571 158  1471
 161  1371 168  1471 175  1471 183  1571 187  1471 189  1371 190  1271 192  1271
 192  1171 190  1171 184  1171 176  1171 169  1171 165  1171 162  1171 159  1071
 155  1171 149  1371 144  1471 139  1571 136  1571 130  1671 124  1571 119  1571
 121  1471 131  1471 147  1571 162  1671 174  1571 184  1371 192  1271 199  1271
 202  1271 200  1171 190  1171 176  1171 163  1171 153  1271 148  1171 144  1171
 139  1371 133  1371 129  1471 126  1471 125  1571 123  1571 120  1571 118  1451
 120  1411 126  1551 136  1751 146  1811 154  1751 162  1551 168  1411
675  90   001 119   001 132   001 160   001 197   001 222   001 230   271
 228   471 220   571 210   671 197   971 183  1071 169  1171 159  1171 149  1271
 137  1471 127  1671 119  1871 115  1971 114  2171 111  2271 106  2371 102  2371
 105  2471 119  2171 141  1871 164  1571 184  1471 201  1271 212  1071 216  1071
 215  1171 208  1171 198  1171 184  1071 172  1071 163  1171 156  1171 149  1271
 141  1471 133  1771 125  1971 121  2171 117  2371 111  2571 101  2571  94  2571
  95  2571 111  2271 135  1871 162  1571 184  1371 201  1271 212  1071 219  1171
 219  1251 213  1311 201  1351 185  1251 169  1211 155  1351 143  1351 133  1411
 125  1651 118  1951 113  2111 109  2351 106  2551 101  2711  95  2751  90  2851
  94  2811 109  2451 130  1951 153  1511 172  1451 188  1251 199  1111
690 145   001 165   001 176   001 189   001 198   001 195   001 195   171
 197   371 196   771 194   771 190   971 184   971 178   971 170   871 166   871
 160   871 155   871 151   871 148   871 146   971 144   971 143   971 144  1071
 149  1071 158  1271 171  1271 181  1471 190  1371 195  1271 198  1171 199  1071
 200  1071 198  1171 192  1071 187   971 181   971 177  1071 172  1071 168   971
 163   971 159  1071 155  1071 153  1071 150  1171 146  1171 142  1171 139  1171
 142  1171 154  1271 168  1371 182  1471 191  1371 195  1371 196  1371 197  1251
 197  1351 196  1311 192  1251 187  1151 180  1111 173  1151 167  1151 162  1111
 158  1051 154  1051 152  1011 150  1151 148  1151 145  1211 141  1251 139  1351
 142  1311 152  1351 166  1451 179  1411 187  1351 191  1151 193  1011
747 144   001 156   001 156   001 178   001 192   001 199   001 207   271
 212   571 211   971 202   871 191  1071 180  1071 171  1071 167  1171 161  1171
 154  1171 146  1271 141  1271 141  1371 143  1571 146  1671 145  1671 145  1671
 149  1671 160  1571 173  1471 186  1271 196  1271 200  1271 202  1271 202  1271
 200  1371 196  1471 190  1371 183  1271 174  1171 166  1171 158  1171 152  1171
 147  1271 144  1271 144  1371 148  1471 151  1571 151  1671 148  1671 144  1571
 145  1571 155  1571 171  1671 186  1671 198  1571 207  1571 212  1471 214  1571
 212  1771 206  1771 197  1671 187  1471 176  1371 167  1371 160  1471 154  1471
 148  1571 144  1571 140  1671 138  1671 137  1771 134  1771 128  1771 124  1651
 126  1611 137  1651 154  1651 170  1611 182  1651 189  1551 193  1511
NT  TEDF  78  35 1
20161016122016101607
20161016122016101608
20161016122016101609
20161016122016101610
20161016122016101611
20161016122016101612
20161016122016101613
20161016122016101614
20161016122016101615
20161016122016101616
20161016122016101617
20161016122016101618
20161016122016101619
20161016122016101620
20161016122016101621
20161016122016101622
20161016122016101623
20161016122016101700
20161016122016101701
20161016122016101702
20161016122016101703
20161016122016101704
20161016122016101705
20161016122016101706
20161016122016101707
20161016122016101708
20161016122016101709
20161016122016101710
20161016122016101711
20161016122016101712
20161016122016101713
20161016122016101714
20161016122016101715
20161016122016101716
20161016122016101717
20161016122016101718
20161016122016101719
20161016122016101720
20161016122016101721
20161016122016101722
20161016122016101723
20161016122016101800
20161016122016101801
20161016122016101802
20161016122016101803
20161016122016101804
20161016122016101805
20161016122016101806
20161016122016101807
20161016122016101808
20161016122016101809
20161016122016101810
20161016122016101811
20161016122016101812
20161016122016101813
20161016122016101814
20161016122016101815
20161016122016101816
20161016122016101817
20161016122016101818
20161016122016101819
20161016122016101820
20161016122016101821
20161016122016101822
20161016122016101823
20161016122016101900
20161016122016101901
20161016122016101902
20161016122016101903
20161016122016101904
20161016122016101905
20161016122016101906
20161016122016101907
20161016122016101908
20161016122016101909
20161016122016101910
20161016122016101911
20161016122016101912
002500130017001500170018001717172716271627163715271535163516311635153514311
43514351431143514351431143514351431153515351531153515351531143513351331123512351
23112351235133114351435153115351535153115351635163116351635163115351535143114351
43514311435153515311635163516311635163515311535153515311535163516311635163516311
005600120015001400160017001617162716271627162716271535163516311635163516311
63516351631163516351631163516351631153515351531153515351531143514351331123512351
23112351235133113351435153115351635163116351735173117351735173117351635163115351
53515311535163516311635163516311635163516311535153515311635163517311735173517311
015000100012001000100010001117122713271427152716271735173517311735163516311
63517351731173517351731163516351631163516351631153515351431133512351231123512351
23112351235123113351435153115351635163117351735173117351735173117351635163115351
53515311535153515311535153515311535153515311535153515311535163517311735173517311
027200170018001700180018001717172717271727172716271635153514311435143515311
53515351531153515351531153515351531153515351531153515351431143513351231123512351
23112351335133114351435143115351635163117351735173117351735173117351735163115351
43513311335133513311335143514311335133512311235133513311335143514311535153515311
070000100010001200110014001417152715271527153714371435133512311335143516311
73517351731173517351731173517351731173516351631153515351431143514351331133512351
23112351335143114351435143115351635173117351735173117351735173117351735163114351
33512311335143516311635163516311635173517311735173517311735173517311735173517311
110000100011001100130014001317132713271327122712371135113511311135113512311
23512351231123512351231123512351331133514351431153515351431133512351231123513351
33114351435143114351435143114351435143115351535163116351635163116351535153114351
43514311435133513311335133512311235123512311335143514311435143514311435143514311
120300110012001200150016001617151714271427132712271235133513311335133512311
23512351231133514351531153515351531153514351431143514351331133513351331133513351
23112351235133113351435143115351535163116351635163116351635163116351535153114351
43513311335133514311435153515311535153514311435143514311435143514311435153515311
130400170014001700170017001717162716271627153715371535153515311535163516311
63516351631163516351631163516351631163515351531153514351431153515351531143513351
23112351235133113351335133114351435143115351535163117351735173117351635153115351
43514311335133513311335133514311435143514311435143514311535153515311535153515311
145000100011001100120010001117122713271427143715371635163517311735173517311
73516351631163517351731173517351631163515351531153516351531153513351231123512351
23112351235133113351435153115351535153116351635173117351735173117351735173116351
53514311335133513311435143513311335133513311335133514311435153515311635163517311
149000120010001200130011001217122712271227132713371535163517311735173517311
73517351731173517351731173517351631163515351531153516351531143513351231123512351
23112351235133114351435153115351535153115351635173117351735173117351735163115351
43514311335133513311335133513311335133513311335133513311435143515311635163517311
156000130010001000120010001117112712271227132714371535163517311735173517311
73517351731173517351731173517351631163515351531153516351531143513351231123512351
23112351235133114351535153115351535153115351635173117351735173117351735163115351
53514311435143514311435133513311335133513311335133514311435143515311635163517311
168000100011001300110011001217122713271327142714371535143513311435143515311
63516351731173517351731173517351731173517351731173516351531153514351331133513351
33113351435143115351535153115351635163116351735173117351735173117351735173116351
63516311635163517311735163516311635163516311635173517311735173517311735173517311
180000100010001200110011001217122713271327143714371435143514311435143514311
53515351631163516351631163517351731173517351731173517351631163516351631173517351
73116351535153114351435153115351535153116351635163116351735173117351735173117351
73517311735173517311735163516311635173517311635163516311635173517311835183517311
190200170016001600140014001517142714271327133713371435143514311535153515311
43514351531153516351631173517351731173516351631163517351731173517351731173516351
63115351435143115351635163116351535143115351535163116351535153116351635173117351
63516311635153515311435133513311335143515311635163517311735173517311735173517311
222800180018001800170018001617161716271627162717271635163516311635163516311
63516351531153514351431143514351531153515351531143514351331133513351331123512351
13112351335133114351435143114351435143115351535153116351635163116351635153115351
43513311335143514311435143513311335133513311335133513311335133513311335143515311
240000100010001000100012001417152716271627163717271735173517311735173516311
53514351431143516351731173516351631163516351731163516351531143513351331133514351
43113351235123113351435153115351535153115351635163117351735173116351635163115351
53515311435143513311235123512311335133513311335133513311335143514311535163516311
255400140010001000130015001517152714271427142714371435153515311635163516311
73517351731173517351731173517351731173517351631163515351531153515351531153515351
53115351635163116351635163115351535153116351635173117351635163116351735173117351
73517311735163516311435133512311335143514311535153515311535163517311735173517311
260600110010001000150016001617162716271637163715371535153515311535153515311
63516351731173517351731173517351731173517351731173517351631163516351531163516351
63117351735173117351735163116351535153115351635173117351735173117351735173117351
63515311635163516311635153514311435143515311535153515311635163517311735173517311
280600170015001300100015001517152715271527162716371635163515311535153515311
53515351531153515351631163516351731173517351731173517351731173517351731173516351
63115351535143115351635163117351735173117351635163116351635163116351635163116351
63516311635163515311535143513311435153515311535153515311635163516311735173517311
299300150014001200120011001117121712271327132714271435143514311435153515311
53515351531163516351631163516351631153515351531163516351731173517351731173517351
73117351635163116351635163116351635163116351635163116351735173117351735173117351
73517311735173517311735173517311735173517311735163516311635173517311735173517311
434100150018001800180018001717172717271627162716371535153515311535153516311
63516351631163516351731173517351731173517351731173517351631143513351231123513351
43114351435153115351535153114351435143115351635173117351735173117351735163116351
53515311435143514311435143514311435143514311435143514311535163517311735163516311
460500140018001800180018001817172717271627163715371535153515311535153515311
53515351531153516351631163516351631163516351631173517351731163516351531143513351
33113351435143114351435143114351435143114351535153115351435143115351535163115351
43514311435143515311535153514311435143514311435153515311535163516311635163516311
481400150017001600170014001417142715271527162716371635163516311635163516311
63516351631163517351731173517351731173517351731173517351631163516351631163516351
63116351735173117351735173117351735173116351635163116351635163115351535153115351
53515311535163516311635163516311635163516311535143513311435153516311635163515311
497000100010001500170017001717172716271627152715371435143514311435143514311
43514351431153516351731173517351731173517351731173517351731173517351631163517351
63116351535143114351435143115351535153115351535153115351535143114351535153115351
53515311535163516311535153515311635163516311635163516311635163516311635153515311
510800180018001800180018001617162716271627163716371635163516311635163516311
63515351631163517351731173516351631153514351331133514351431143514351431143514351
33113351335133113351335133114351435153115351435143114351435143114351435143113351
33513311335143514311435143514311435133513311335133513311235123511311135123512311
579700180017001500130015001517152715271527152715371535143515311535163517311
73517351631173517351731173517351731173517351731173517351731173517351731163515351
43113351435143114351435143113351235113111351235123112351235123112351235123112351
23512311235123512311235123512311235123513311335133513311335133513311335133513311
588700160015001600110012001217122713271327132714271435143515311535153515311
53515351531163516351631163516351631163517351731173517351731173517351731163515351
33112351235123112351335133113351235113111351135113112351235123112351235123112351
23512311235123512311235123511311235123512311235123512311235123512311235113511311
621600180017001700180016001617152715271527152714271435143515311535153516311
63516351631163517351731173517351731173516351631163516351531153514351431133512351
23113351435153114351435133113351335133114351435143114351435143115351535153115351
43514311435133513311335123512311235123512311235123512311235133513311435143515311
630500160017001800180018001717171716271627152715271535153515311535153515311
53516351731173517351731173517351731173517351731173517351731163515351431143515351
53115351435143113351335133114351435153115351635163117351735163116351535143114351
43514311335133512311235123512311235123512311335133514311435143515311535153515311
643600160017001700170017001717162716271627162715271535153515311535163517311
73517351731173517351731173517351731173517351731173517351731173516351531153515351
43114351435143114351435143113351235113111351135123112351235123112351235123112351
23511311135113511311135123512311135113512311235123513311335123512311235123512311
645500180016001600170017001717172717271627162715371535153515311635163517311
73517351731173517351731173517351731173517351731173517351731173517351631153515351
43114351435143114351435143113351235113111351135113112351235123112351235113111351
13511311135113511311135113511311135123512311235123512311235123513311235123512311
650700180016001700150016001617151715271527152715271535153515311435143514311
43515351531153516351631163517351731173517351731173517351731173517351631163516351
53114351335123113351335143114351335123112351235123112351235113111351135113111351
13511311135113511311135123512311135113512311235123513311335123512311235123512311
675500170017001500130011001217132714271427142714371435143514311435143514311
43514351431153515351631163516351631163516351631173517351731173516351631163516351
53115351435143114351435143114351335133113351235123112351135113111351135123112351
33513311335123511311135113511311135113511311235123512311235123512311235113511311
690000150018001400150012001217132713271437143714371435143514311435143514311
43514351431153516351631163516351631153515351531163517351731173516351531153515351
43114351435143114351435143114351435153115351435143114351335133113351335133114351
43514311435143513311335123513311335133514311435143514311435143514311435133513311
747700160017001700170017001617162715271527153714371435143514311435153515311
63516351631163516351631163516351631163516351631173517351731173516351531153515351
43114351335133113351435143114351335123112351235123113351335143114351435133113351
33513311335133513311335123512311235123512311335133513311335133513311335143514311
