20161029211429
T2M TEDF  78  35 1
20161029212016102916
20161029212016102917
20161029212016102918
20161029212016102919
20161029212016102920
20161029212016102921
20161029212016102922
20161029212016102923
20161029212016103000
20161029212016103001
20161029212016103002
20161029212016103003
20161029212016103004
20161029212016103005
20161029212016103006
20161029212016103007
20161029212016103008
20161029212016103009
20161029212016103010
20161029212016103011
20161029212016103012
20161029212016103013
20161029212016103014
20161029212016103015
20161029212016103016
20161029212016103017
20161029212016103018
20161029212016103019
20161029212016103020
20161029212016103021
20161029212016103022
20161029212016103023
20161029212016103100
20161029212016103101
20161029212016103102
20161029212016103103
20161029212016103104
20161029212016103105
20161029212016103106
20161029212016103107
20161029212016103108
20161029212016103109
20161029212016103110
20161029212016103111
20161029212016103112
20161029212016103113
20161029212016103114
20161029212016103115
20161029212016103116
20161029212016103117
20161029212016103118
20161029212016103119
20161029212016103120
20161029212016103121
20161029212016103122
20161029212016103123
20161029212016110100
20161029212016110101
20161029212016110102
20161029212016110103
20161029212016110104
20161029212016110105
20161029212016110106
20161029212016110107
20161029212016110108
20161029212016110109
20161029212016110110
20161029212016110111
20161029212016110112
20161029212016110113
20161029212016110114
20161029212016110115
20161029212016110116
20161029212016110117
20161029212016110118
20161029212016110119
20161029212016110120
20161029212016110121
002 136   001 132   001 132   001 125   001 124   001 121   001 119   471
 118   671 116   771 113   871 111   971 108  1071 106  1171 105  1171 105  1171
 106  1171 109  1271 115  1271 125  1171 134  1171 141  1071 145  1071 144  1071
 142  1071 139  1071 135  1071 132  1071 128  1071 125   971 123   971 122   971
 121  1071 121  1071 120  1071 119  1171 117  1171 114  1271 112  1271 112  1371
 117  1371 124  1271 133  1271 142  1271 148  1171 153  1171 154  1171 153  1271
 150  1271 145  1271 139  1271 134  1271 129  1171 125  1171 121  1071 118  1171
 115  1171 112  1271 112  1151 109  1251 107  1311 105  1351 104  1451 104  1411
 107  1351 111  1351 117  1211 123  1251 127  1251 131  1211 133  1251 133  1351
 131  1311 128  1351 124  1351 120  1311 116  1251 112  1251 108  1161
005 146   001 128   001 116   001 110   001 104   001 102   001 101   471
 100   671  97   771  93   871  89   971  85  1071  84  1071  85  1171  87  1171
  91  1171  95  1171 104  1071 115  1171 127  1371 137  1471 146  1371 150  1371
 149  1271 141  1271 130  1071 120  1071 115  1071 113  1071 112  1071 108  1071
 104  1071 101  1071  99  1071  97  1071  93  1071  89  1071  85  1171  86  1171
  94  1271 105  1271 119  1371 133  1471 144  1571 153  1671 159  1571 159  1571
 156  1471 147  1271 136  1371 126  1271 119  1271 113  1171 109  1171 104  1171
  99  1171  94  1171  87  1151  85  1251  81  1211  76  1351  72  1351  72  1411
  78  1451  88  1351 100  1311 112  1451 123  1451 132  1511 138  1551 140  1451
 137  1411 130  1351 122  1351 115  1211 113  1251 113  1151 112  1161
015 150   001 124   001 122   001 118   001 117   001 121   001 116   671
 107  1071  98  1171  92  1171  89  1271  86  1171  81  1271  78  1371  77  1371
  80  1271  85  1171  94  1071 105  1171 117  1371 129  1471 137  1471 140  1371
 138  1371 131  1371 120  1371 111  1371 105  1371 103  1371 102  1371 100  1471
  97  1571  94  1671  90  1571  88  1471  84  1371  79  1471  77  1471  78  1571
  86  1571  98  1471 111  1471 124  1471 135  1571 143  1471 149  1471 151  1451
 147  1411 138  1451 125  1351 114  1311 107  1351 102  1351  99  1311  95  1451
  90  1651  86  1711  83  1651  80  1651  77  1511  72  1651  69  1751  69  1811
  76  1751  87  1551 101  1411 115  1551 126  1551 135  1611 139  1651 139  1551
 135  1511 127  1551 118  1451 110  1411 105  1451 102  1451  99  1461
027 124   001 118   001 115   001 112   001 113   001 117   001 112   571
 104  1171  95  1371  88  1571  83  1671  77  1771  73  1771  73  1871  75  1871
  80  1771  89  1571 102  1371 115  1371 131  1371 144  1371 154  1471 158  1471
 156  1571 148  1471 138  1371 127  1271 120  1371 115  1371 110  1371 105  1471
 101  1471  97  1571  94  1671  91  1671  88  1771  85  1871  84  1871  87  1971
  96  1771 110  1671 125  1471 141  1471 154  1571 164  1571 169  1571 168  1571
 164  1671 156  1571 145  1371 133  1271 120  1371 108  1471  98  1571  90  1671
  84  1771  79  1871  78  2051  73  2051  68  2111  64  2151  62  2251  66  2211
  76  1951  91  1651 107  1311 123  1451 136  1451 146  1511 151  1651 150  1651
 145  1711 135  1551 124  1451 115  1211 112  1351 112  1351 113  1461
070 141   001 132   001 112   001 122   001 116   001  95   001  86  1871
  79  1871  76  1971  71  1971  67  2071  61  2071  56  2071  54  1971  55  1971
  63  1771  75  1571  91  1371 107  1371 124  1271 138  1271 150  1271 154  1271
 152  1271 140  1271 127  1471 111  1571 101  1571  94  1671  90  1871  85  1971
  81  2071  78  2071  76  2171  73  2171  68  2271  63  2271  60  2271  63  2271
  76  1971  95  1771 115  1571 131  1371 145  1371 154  1371 159  1371 159  1371
 155  1471 146  1471 132  1571 119  1571 106  1671  96  1771  88  1771  83  1971
  81  2071  78  2171  70  2351  65  2351  58  2411  51  2451  47  2451  50  2411
  63  2151  81  1851 102  1511 120  1451 135  1451 145  1411 150  1451 150  1451
 144  1411 134  1551 121  1651 110  1711 102  1851  98  1851  95  1961
110 130   001 108   001  89   001  76   001  75   001  66   001  62   671
  60   971  61  1271  64  1371  67  1571  70  1571  70  1671  68  1571  68  1571
  75  1471  86  1371 101  1371 118  1371 135  1471 152  1471 166  1371 173  1171
 171  1071 158  1071 138  1071 121  1071 111  1171 106  1371 104  1471 101  1571
  98  1771  96  1871  94  1871  91  1871  88  1871  84  1871  81  1871  82  1871
  90  1671 103  1571 117  1371 130  1371 141  1371 151  1271 158  1271 161  1171
 157  1271 145  1171 130  1171 116  1071 107  1171 102  1371  99  1571  95  1571
  91  1771  88  1871  84  1851  82  1851  81  1811  80  1851  79  1851  82  1811
  89  1751  98  1551 110  1411 122  1451 134  1351 144  1311 150  1351 152  1351
 147  1311 135  1251 121  1151 110  1011 106  1151 106  1351 106  1461
120 113   001  94   001  83   001  85   001 104   001 110   001 109   471
 105   771 100   971  96  1071  92  1171  89  1171  86  1371  84  1371  85  1471
  90  1471  99  1471 109  1471 122  1471 134  1471 146  1371 155  1271 158  1271
 156  1171 145  1071 133  1071 120   971 113   971 111  1171 110  1171 108  1171
 104  1271 100  1271  96  1271  91  1371  86  1371  81  1471  78  1471  80  1571
  91  1571 105  1671 122  1671 136  1671 147  1671 156  1671 162  1671 162  1671
 158  1671 149  1471 136  1371 124  1171 116  1171 110  1271 106  1271 102  1271
  99  1371  96  1371  91  1351  87  1451  83  1411  78  1551  75  1551  77  1611
  85  1651  97  1751 110  1711 122  1751 133  1651 141  1611 147  1651 148  1551
 144  1511 134  1451 122  1251 112  1111 109  1151 110  1251 111  1261
130 140   001 129   001 127   001 126   001 125   001 125   001 114   571
  99  1471  84  1371  72  1571  64  1771  56  1771  47  1871  40  1871  37  1871
  43  1771  55  1571  73  1371  97  1471 120  1671 142  1771 159  1771 169  1771
 168  1771 157  1671 143  1571 128  1471 119  1471 113  1371 109  1371 103  1471
  95  1671  89  1771  85  1871  81  1971  78  2071  74  1971  71  1971  73  1871
  82  1671  97  1571 113  1371 130  1471 144  1671 155  1771 162  1771 164  1651
 159  1611 149  1751 135  1751 123  1711 115  1751 109  1551 104  1511  98  1651
  91  1851  85  1911  76  1851  70  1951  64  1911  57  1951  53  1851  55  1811
  66  1651  82  1551 101  1311 119  1551 134  1651 146  1811 153  1851 155  1751
 151  1711 141  1751 128  1651 117  1611 112  1651 110  1551 109  1561
145 124   001 123   001 105   001  97   001  96   001  96   001  96   771
  96  1071  95  1171  92  1371  89  1371  88  1471  86  1471  83  1471  82  1471
  86  1371  93  1171 104  1071 116  1071 130   971 142   971 153  1071 159  1071
 158  1171 149  1171 136  1071 125  1171 118  1271 114  1371 111  1471 109  1471
 105  1571 101  1571  97  1571  94  1571  89  1571  85  1571  83  1671  85  1671
  92  1571 103  1371 118  1271 132  1271 145  1271 156  1271 162  1371 162  1371
 158  1471 148  1371 136  1371 124  1271 116  1371 108  1371 102  1471  95  1471
  89  1571  83  1571  80  1651  76  1751  70  1711  63  1751  59  1851  60  1811
  70  1651  86  1451 103  1211 118  1251 130  1151 139  1111 145  1251 146  1351
 143  1411 134  1351 123  1351 113  1211 107  1351 104  1551 102  1661
149 135   001 120   001 107   001 103   001 104   001 102   001  99   671
  95   971  91  1171  88  1371  86  1471  87  1571  85  1671  83  1671  82  1671
  84  1471  89  1271 100  1071 114  1071 129  1071 146  1171 157  1171 163  1171
 161  1171 151  1071 137  1071 125   971 118  1171 116  1271 112  1371 107  1371
 101  1471  96  1471  93  1571  91  1671  88  1771  85  1771  83  1671  85  1671
  92  1471 102  1371 116  1171 131  1271 145  1371 157  1471 164  1471 166  1571
 161  1571 149  1471 135  1271 121  1171 113  1171 108  1271 103  1271  96  1371
  88  1471  81  1571  79  1751  75  1851  70  1911  64  1951  59  2051  59  2011
  67  1751  81  1451  98  1111 115  1251 130  1251 142  1311 150  1351 152  1451
 148  1411 138  1351 125  1251 114  1111 107  1151 103  1251 101  1261
156 137   001 125   001 118   001 116   001 116   001 114   001 112   371
 110   571 107   671 104   771 102   971 100  1071  97  1171  94  1271  92  1371
  93  1271  97  1171 108  1071 123  1071 139  1071 154  1071 161  1071 162  1071
 158  1071 151   971 141   971 133   971 127   971 125   971 122   971 118   971
 114   971 110   971 107  1071 105  1071 102  1171  99  1271  96  1271  97  1371
 103  1271 113  1271 126  1171 141  1271 155  1271 165  1371 168  1371 166  1371
 160  1371 152  1271 143  1171 136  1071 130  1071 126  1071 120  1071 113  1071
 105  1071  97  1071 101  1251  96  1251  90  1311  84  1451  79  1451  79  1511
  84  1451  95  1251 109  1111 125  1151 140  1251 150  1211 154  1251 152  1351
 146  1311 139  1251 131  1151 125  1011 121  1051 118   951 115   961
168 140   001 114   001  87   001  83   001  87   001  91   001  88  1871
  83  1971  79  1971  76  1971  74  2071  72  2071  68  2071  64  2071  63  2071
  68  1871  79  1671  93  1471 111  1371 126  1271 142  1171 154  1171 160  1271
 158  1271 145  1471 127  1571 112  1771 103  1771  98  1871  95  1771  91  1871
  87  1871  83  1971  80  2071  78  2071  76  2171  72  2171  70  2271  73  2271
  83  2071  99  1771 115  1571 130  1471 143  1371 154  1271 163  1371 166  1471
 162  1571 147  1671 127  1671 109  1771  97  1771  91  1871  87  1871  82  1971
  79  2071  75  2171  68  2251  64  2251  58  2311  50  2351  44  2351  46  2311
  59  2151  80  1851 102  1611 121  1551 137  1551 149  1411 157  1451 159  1351
 153  1311 137  1551 117  1651 100  1811  92  1851  90  1951  89  1961
180 131   001 103   001  93   001  84   001  82   001  80   001  75  2171
  72  1871  69  1971  67  1971  64  1971  60  1971  57  1971  55  1871  56  1871
  61  1771  70  1771  83  1771  96  1671 108  1671 121  1771 130  1571 134  1371
 132  1271 122  1371 110  1471  97  1571  87  1771  81  1871  77  1971  72  1971
  67  1971  64  2071  63  2071  63  2071  62  2071  60  2071  59  1971  61  1971
  69  1971  82  1871  98  1871 112  1771 125  1771 135  1671 140  1671 140  1671
 135  1571 124  1571 112  1571  99  1571  89  1671  81  1771  74  1971  68  2071
  62  2071  59  2071  54  2051  53  2051  52  2011  49  2051  47  1951  49  1911
  58  1951  72  1851  89  1811 108  1851 125  1951 139  1911 146  1851 147  1751
 141  1611 129  1751 114  1751 101  1811  94  1851  91  1951  89  1961
190 139   001 103   001  83   001  73   001  65   001  60   001  58   871
  57  1171  55  1471  53  1671  51  1771  51  1771  50  1771  51  1771  55  1671
  61  1771  67  1671  78  1771  92  1871 108  2071 122  1871 132  1871 138  1871
 136  1671 126  1471 110  1471  96  1371  85  1571  79  1671  74  1871  68  1971
  63  2071  60  2171  60  2071  60  2071  59  1971  55  1871  52  1871  53  1771
  61  1771  75  1771  93  1871 110  1671 125  1571 138  1571 145  1571 146  1471
 142  1471 131  1371 118  1371 104  1271  93  1471  84  1771  75  1971  67  2071
  60  2171  55  2271  49  2151  47  2051  46  1911  44  1851  43  1851  46  1711
  53  1751  65  1751  81  1711  99  1751 118  1851 133  1811 142  1751 145  1751
 141  1611 131  1651 117  1551 105  1511  97  1751  92  1851  88  2061
222 152   001 137   001 122   001 113   001 105   001 111   001 113   571
 113  1071 112  1271 112  1571 112  1671 111  1671 108  1771 105  1871 103  1871
 105  1671 111  1671 119  1471 130  1471 142  1471 154  1571 164  1671 171  1671
 170  1771 160  1471 147  1271 133  1171 123  1271 117  1371 113  1471 108  1571
 103  1771  99  1871  96  1871  92  1871  88  1871  83  1871  79  1871  80  1871
  88  1571 103  1371 119  1171 136  1271 151  1471 163  1571 170  1571 172  1471
 167  1471 156  1371 141  1271 128  1071 119  1271 112  1371 106  1571  98  1671
  91  1671  86  1771  85  1751  82  1751  77  1711  71  1751  65  1851  66  1811
  75  1651  90  1451 108  1211 124  1351 139  1551 150  1611 158  1651 160  1651
 156  1611 145  1451 130  1351 117  1111 110  1351 107  1451 105  1661
240 117   001 116   001 116   001 114   001 113   001 113   001 107   771
 100   971  93  1171  89  1171  88  1371  86  1371  85  1471  82  1471  82  1571
  84  1471  90  1571  99  1471 111  1471 125  1571 141  1671 154  1671 163  1671
 164  1671 156  1471 142  1471 130  1471 121  1471 114  1371 109  1371 103  1371
  96  1471  91  1471  87  1571  83  1571  79  1671  75  1671  74  1671  76  1671
  84  1571  97  1671 113  1571 129  1671 145  1871 159  1971 168  1971 171  1971
 167  1871 156  1771 140  1671 126  1671 115  1571 107  1571 100  1471  92  1571
  84  1471  78  1571  74  1551  71  1551  67  1511  63  1651  60  1651  62  1711
  70  1651  83  1551 100  1411 118  1551 136  1751 150  1811 159  1851 162  1951
 158  1911 148  1851 136  1651 123  1511 113  1451 107  1351 102  1261
255 110   001 106   001 109   001 113   001 116   001 104   001  94   471
  85   671  78   671  72   871  67  1071  63  1171  59  1371  58  1471  58  1671
  61  1671  68  1471  82  1371  98  1471 117  1371 135  1471 149  1471 157  1471
 158  1371 151  1171 140  1071 127   871 118   971 111  1071 106  1271 101  1171
  95  1271  89  1271  83  1271  75  1371  68  1371  63  1471  62  1671  65  1771
  73  1771  87  1671 102  1571 120  1571 137  1571 152  1571 165  1571 171  1571
 170  1571 159  1371 142  1371 126  1171 115  1171 108  1271 100  1271  92  1371
  85  1371  79  1471  71  1351  66  1351  60  1311  52  1451  47  1651  48  1711
  59  1651  78  1551  99  1411 120  1551 138  1551 153  1611 163  1651 166  1651
 163  1611 153  1451 139  1351 126  1111 116  1151 110  1251 104  1261
260 104   001  86   001  88   001  65   001  61   001  66   001  65   971
  61  1571  59  1971  57  2371  56  2571  54  2671  51  2671  50  2571  53  2471
  62  2271  77  1871  92  1571 108  1571 123  1471 137  1371 150  1271 159  1271
 158  1171 146  1371 127  1371 107  1571  92  1771  80  2171  74  2471  68  2571
  65  2471  64  2571  65  2671  67  2771  66  2871  62  2771  58  2671  61  2571
  74  2371  93  2071 113  1771 131  1771 145  1671 157  1571 168  1471 175  1471
 172  1371 155  1471 131  1671 107  1871  89  2071  78  2171  71  2371  67  2471
  66  2671  65  2771  60  2851  62  2951  60  3011  54  2951  48  2751  48  2611
  60  2351  79  1951 102  1611 123  1551 142  1551 157  1411 168  1451 171  1451
 166  1411 150  1551 129  1551 108  1611  92  1951  82  2151  76  2461
280 139   001 126   001 119   001 110   001 108   001  94   001  88   671
  86   971  84  1271  81  1371  77  1371  72  1371  66  1471  62  1471  62  1471
  70  1571  82  1471  97  1471 108  1471 118  1371 128  1371 136  1371 142  1271
 140  1271 129  1271 115  1171 102  1271  97  1271  95  1371  93  1271  88  1371
  81  1471  75  1571  73  1571  73  1571  71  1571  66  1571  62  1671  62  1671
  70  1571  85  1471 101  1371 117  1371 130  1271 139  1271 145  1271 146  1271
 142  1271 132  1271 120  1271 107  1171  97  1171  91  1171  86  1271  80  1371
  75  1471  72  1571  62  1551  59  1651  55  1611  48  1651  43  1751  43  1711
  52  1651  69  1551  89  1411 110  1451 128  1451 143  1411 152  1451 154  1451
 149  1411 138  1451 125  1351 113  1311 105  1351 100  1451  95  1461
299 113   001 110   001 107   001 104   001  83   001  69   001  64   871
  64  1271  64  1571  65  1871  65  1971  65  2071  65  2071  62  2071  62  1971
  64  1871  72  1671  80  1471  91  1571 100  1671 111  1871 120  1771 127  1671
 126  1571 116  1671 102  1471  89  1471  78  1671  74  1971  70  2171  66  2171
  63  2171  61  2071  62  2071  64  2171  62  2171  56  2171  50  2071  50  2071
  58  1871  73  1671  90  1471 104  1471 117  1671 127  1771 134  1671 137  1571
 134  1471 122  1471 108  1371  92  1371  80  1571  71  1871  65  2071  60  2071
  57  2171  55  2171  52  2051  54  2051  54  2111  52  2151  51  2051  54  2011
  64  1851  79  1651  97  1411 115  1651 131  1751 144  1911 153  1851 157  1651
 151  1511 136  1551 116  1551  99  1511  90  1751  86  2051  84  2261
434 186   001 164   001 153   001 140   001 130   001 123   001 115   471
 107   671 101   771  98   971  96   971  93  1171  88  1271  85  1271  84  1371
  90  1471  99  1371 115  1371 135  1371 153  1171 172  1171 186  1271 193  1271
 191  1271 179  1171 161  1071 144   971 131  1071 125  1171 120  1071 115  1071
 110  1071 106  1071 102  1171 100  1171  97  1271  92  1371  88  1371  88  1471
  94  1571 106  1571 122  1671 141  1771 160  1671 176  1571 187  1771 191  1671
 186  1771 172  1571 155  1371 140  1271 131  1271 128  1371 125  1371 120  1371
 113  1271 107  1271 100  1351  98  1351  96  1411  92  1551  89  1551  89  1611
  95  1651 105  1551 117  1511 130  1551 143  1451 154  1411 162  1551 166  1651
 164  1711 155  1651 143  1451 131  1311 123  1351 117  1351 112  1361
460  75   001  74   001  72   001  70   001  73   001  72   001  69   671
  64  1071  58  1271  52  1571  46  1971  41  2171  41  2171  43  2271  48  2271
  57  1871  70  1571  86  1171 104  1171 122  1271 141  1271 153  1371 161  1371
 160  1371 152  1371 136  1271 121  1271 107  1471  97  1771  91  2071  87  2071
  84  2071  80  2071  74  2171  66  2171  61  2271  56  2371  54  2371  58  2471
  69  2071  85  1571 105  1171 124  1271 144  1471 162  1471 176  1471 183  1571
 181  1571 167  1571 147  1471 126  1471 111  1671  99  1871  92  2071  88  2071
  86  2071  84  2071  78  2251  72  2351  65  2411  58  2551  54  2551  56  2611
  65  2251  82  1951 103  1511 128  1551 152  1651 171  1611 183  1651 186  1751
 180  1711 166  1651 149  1651 131  1511 117  1751 107  1951  99  2161
481  82   001  81   001  82   001  84   001  84   001  86   001  86   571
  84   671  81   971  79  1071  77  1271  77  1271  80  1271  85  1171  88  1171
  89  1271  89  1471  91  1571  97  1671 103  1671 111  1771 119  1671 126  1571
 128  1471 125  1271 117  1171 108  1071 101  1171  95  1171  91  1171  88  1271
  86  1371  83  1371  80  1371  77  1471  76  1471  76  1471  76  1471  78  1471
  81  1471  85  1471  93  1471 104  1571 115  1671 127  1771 134  1571 137  1671
 136  1571 132  1471 125  1371 118  1171 112  1171 106  1271 100  1271  95  1371
  92  1571  91  1671  95  1551  94  1551  93  1511  91  1551  90  1551  92  1511
  99  1551 109  1651 122  1611 136  1751 150  1851 160  1911 166  1851 167  1851
 163  1711 155  1551 146  1451 136  1211 128  1251 122  1351 116  1361
497  98   001  82   001  68   001  60   001  54   001  47   001  47   571
  50  1071  53  1371  54  1671  54  1871  54  1971  51  1971  50  2071  53  2071
  63  1971  80  1871 103  1671 132  2071 161  2371 181  2671 187  2671 181  2671
 165  2371 142  2071 118  1871  98  1671  81  1671  71  1671  63  1671  56  1771
  51  1871  47  1871  45  1871  43  1971  41  1971  39  2071  39  2071  44  2171
  56  2071  75  1971  99  1771 127  2071 153  2471 172  2771 180  2571 177  2471
 164  2371 143  2071 119  1771 100  1571  88  1671  83  1671  80  1771  75  1771
  69  1871  63  1871  54  1851  54  1851  53  1911  50  2051  48  2051  53  2111
  68  1951  91  1851 116  1611 139  1951 158  2251 171  2511 176  2551 173  2451
 161  2411 141  2151 119  1951 100  1611  88  1651  81  1751  73  1761
510 188   001 164   001 136   001 113   001  99   001  90   001  80  1071
  71  1171  63  1471  57  1471  49  1571  40  1471  30  1471  25  1471  25  1471
  36  1371  57  1371  82  1271 113  1371 142  1371 168  1471 188  1471 197  1371
 194  1371 179  1271 158  1271 136  1171 119  1271 106  1471  96  1571  89  1571
  84  1671  80  1671  74  1671  69  1571  62  1571  55  1571  51  1571  54  1571
  68  1671  88  1671 112  1671 135  1671 158  1671 176  1571 190  1571 196  1471
 194  1371 184  1271 168  1271 152  1171 140  1371 130  1471 122  1571 115  1771
 110  1771 106  1871  98  1951  96  1851  92  1811  87  1851  84  1951  84  1911
  91  1951 103  1951 120  1911 139  1951 159  1851 175  1811 186  1751 191  1651
 187  1511 175  1451 159  1451 143  1311 130  1451 121  1651 112  1761
579 140   001 123   001 113   001 106   001  97   001  97   001 100   571
 103   971 104  1171 104  1371 102  1671  99  1871  95  2071  92  2171  94  2371
 103  2071 118  1771 137  1371 155  1471 170  1471 185  1571 195  1571 200  1671
 195  1671 180  1471 161  1271 142  1271 129  1371 121  1471 115  1471 110  1571
 106  1671 101  1771  96  1871  92  1871  86  1971  80  2171  76  2271  79  2471
  91  2071 110  1671 131  1271 151  1371 169  1471 184  1571 194  1671 198  1571
 194  1671 180  1471 162  1371 145  1271 133  1371 127  1471 123  1571 120  1671
 117  1771 113  1871 108  1751 105  1851 101  1911  96  2151  94  2251  96  2411
 105  2051 120  1751 137  1311 154  1451 170  1451 182  1511 189  1651 191  1651
 186  1711 174  1551 160  1451 146  1211 137  1351 132  1551 126  1661
588 200   001 138   001 106   001  95   001  88   001  78   001  73   671
  71  1071  71  1171  71  1371  71  1371  70  1471  67  1471  65  1371  69  1371
  82  1371 100  1471 123  1471 146  1671 169  1871 188  2071 199  2271 201  2171
 194  2271 177  1971 152  1871 129  1671 112  1671 101  1571  90  1571  83  1571
  76  1571  73  1571  70  1571  68  1571  63  1571  58  1471  54  1471  56  1371
  68  1371  86  1271 108  1271 131  1571 153  1771 172  2071 186  2171 192  2271
 188  2371 172  2171 149  1871 127  1671 112  1671 102  1571  96  1571  93  1571
  93  1571  92  1571  83  1551  82  1451  78  1411  70  1451  63  1451  63  1411
  73  1351  90  1251 110  1111 128  1451 144  1751 158  2011 169  2251 175  2351
 173  2511 160  2251 142  2051 124  1711 111  1751 102  1751  95  1761
621 240   001 155   001 113   001 119   001  95   001  78   001  76   871
  82  1371  90  1571  94  1771  94  2071  88  2071  79  2171  72  2171  73  2271
  88  2271 113  2071 140  1971 164  1871 183  1671 201  1571 213  1471 219  1371
 212  1271 191  1371 163  1371 138  1571 124  1571 117  1771 113  1871 110  1971
 106  2071 103  2171 101  2171  98  2171  93  2171  85  2271  79  2251  82  2371
  97  2371 122  2371 147  2371 169  2071 189  1871 204  1571 215  1571 219  1571
 212  1671 191  1671 163  1571 138  1571 123  1571 115  1671 111  1771 109  1971
 107  2171 105  2371  98  2451  96  2351  91  2311  85  2351  81  2451  84  2411
  98  2451 119  2351 143  2311 165  2151 183  1951 198  1711 207  1751 209  1651
 201  1611 181  1651 156  1651 134  1611 121  1751 114  1851 108  1961
630 180   001 161   001 141   001 120   001 104   001  91   001  85   371
  83  1071  80   871  76   971  70  1071  66  1171  62  1271  61  1271  64  1371
  74  1271  91  1371 114  1271 138  1571 163  1771 184  1971 200  1971 207  1771
 205  1771 192  1671 174  1471 155  1371 139  1471 127  1571 118  1571 114  1471
 111  1371 108  1271 103  1271  95  1271  88  1271  81  1271  77  1371  79  1371
  89  1371 104  1471 124  1471 146  1671 167  1871 184  2071 194  2071 196  1871
 190  1871 178  1871 164  1771 150  1671 140  1671 134  1671 130  1671 128  1671
 127  1571 126  1571 120  1451 118  1451 117  1411 115  1451 113  1551 114  1511
 119  1551 127  1651 139  1611 153  1851 168  2051 180  2211 188  2151 191  2151
 189  2011 181  1951 169  1851 157  1711 146  1751 135  1851 127  1861
643 181   001 161   001 146   001 128   001 119   001 117   001 110   471
 102   971  99  1171  96  1271  94  1371  90  1371  83  1371  78  1371  81  1371
  97  1271 121  1071 145   971 164  1071 180  1271 192  1371 200  1371 204  1471
 200  1471 187  1371 169  1271 151  1171 136  1171 126  1171 118  1171 109  1271
 101  1371  96  1471  92  1471  89  1471  84  1471  74  1471  67  1471  70  1471
  87  1271 115  1171 142   971 162  1171 175  1371 183  1571 190  1571 192  1571
 190  1671 180  1571 167  1371 154  1271 144  1271 137  1171 130  1271 124  1371
 119  1471 114  1571 116  1451 116  1551 115  1511 113  1551 113  1651 117  1611
 127  1351 141  1151 153   811 161  1051 167  1151 171  1311 176  1451 180  1551
 179  1611 173  1551 163  1451 153  1311 146  1351 140  1251 134  1261
645 169   001 146   001 141   001 137   001 130   001 125   001 121   571
 117   671 115   871 114  1071 111  1171 105  1271  98  1271  94  1171  95  1171
 110  1171 129  1171 150  1171 167  1271 181  1471 192  1571 202  1671 207  1571
 203  1671 186  1471 164  1371 141  1171 125  1171 116  1171 110  1171 106  1171
 103  1171 101  1171  98  1271  95  1471  89  1571  81  1471  76  1471  80  1371
  97  1271 122  1271 147  1171 165  1371 179  1471 189  1671 197  1671 200  1671
 196  1771 182  1571 165  1471 148  1271 137  1271 131  1171 128  1271 125  1271
 123  1371 121  1371 118  1351 116  1551 113  1611 110  1651 109  1551 114  1511
 125  1351 140  1251 154  1011 164  1251 170  1351 175  1511 179  1551 180  1551
 176  1511 167  1451 154  1451 142  1311 134  1351 128  1351 123  1361
650 187   001 170   001 153   001 139   001 129   001 110   001 102   471
 100   871 100  1171 102  1371 103  1571 102  1671  97  1671  92  1571  95  1471
 108  1471 130  1571 153  1571 172  1571 189  1471 200  1471 209  1471 213  1471
 210  1471 199  1371 182  1171 166  1071 152  1171 141  1171 134  1171 127  1271
 121  1471 117  1571 115  1671 113  1671 110  1771 102  1671  96  1671  97  1571
 111  1571 132  1571 156  1671 175  1571 191  1571 200  1471 205  1371 205  1471
 199  1471 188  1371 174  1271 162  1171 153  1271 148  1271 144  1271 138  1371
 132  1471 126  1571 117  1651 117  1651 116  1711 113  1751 112  1851 115  1811
 126  1851 142  1851 159  1811 174  1751 185  1751 193  1611 196  1651 194  1551
 188  1511 177  1451 165  1451 154  1311 148  1351 144  1351 139  1361
675 212   001 179   001 154   001 137   001 119   001 113   001 106   571
 100  1071  96  1471  92  1871  87  2071  83  2171  76  2271  74  2371  79  2371
  98  2071 124  1871 155  1571 184  1471 209  1271 226  1071 233  1071 231  1171
 221  1171 204  1071 186  1071 165   971 149  1071 133  1171 120  1271 109  1471
 101  1671  95  1871  92  2071  90  2171  85  2371  77  2371  71  2371  73  2371
  87  2071 111  1871 140  1571 168  1471 192  1371 210  1271 218  1271 217  1351
 208  1311 193  1251 175  1151 157  1011 142  1151 130  1251 121  1311 114  1551
 110  1751 107  1911  97  1951  95  2151  90  2311  82  2351  76  2351  77  2311
  89  2051 110  1851 135  1511 159  1451 179  1251 194  1111 201  1151 201  1251
 194  1211 181  1151 165  1151 150  1011 140  1151 133  1351 126  1461
690 191   001 182   001 164   001 157   001 153   001 151   001 148   471
 146   671 144   771 142   871 139   871 135   871 133   971 131   971 135  1071
 145  1171 159  1071 177  1071 190  1071 200  1171 206  1171 207  1071 205  1071
 199  1171 193  1071 186   971 177   971 165  1071 154   971 146   871 143   871
 141   971 141   971 140   971 137   971 132   971 125  1071 122  1071 124  1171
 136  1171 154  1171 172  1171 185  1171 193  1371 198  1471 199  1271 198  1271
 195  1171 190  1071 184  1171 177  1171 169  1071 162  1071 156   971 151   871
 148   971 146   971 142   951 140   951 137   911 133  1051 131  1051 134  1111
 143  1151 156  1051 168  1011 177  1151 182  1151 184  1211 185  1251 184  1151
 182  1111 179  1151 175  1151 170  1111 163  1051 156   951 150   861
747 172   001 155   001 126   001 125   001 121   001 106   001 102   871
 105  1171 108  1371 111  1571 113  1771 112  1871 108  1871 103  1771 106  1771
 120  1671 141  1571 162  1371 177  1371 188  1371 195  1371 200  1371 201  1371
 196  1471 184  1371 166  1371 151  1271 139  1371 132  1371 127  1471 122  1571
 118  1771 116  1871 116  1871 114  1871 109  1871 102  1871  96  1771  97  1771
 110  1671 131  1571 152  1471 169  1471 182  1571 191  1571 196  1671 196  1871
 192  1871 183  1771 172  1571 162  1471 155  1571 151  1671 149  1771 147  1871
 145  1971 142  2071 133  2051 131  2051 129  2111 126  2051 124  1951 126  1811
 134  1651 146  1351 159  1111 171  1251 181  1251 189  1311 193  1451 194  1651
 189  1711 180  1651 168  1551 158  1411 152  1551 148  1551 143  1661
NT  TEDF  78  35 1
20161029212016102916
20161029212016102917
20161029212016102918
20161029212016102919
20161029212016102920
20161029212016102921
20161029212016102922
20161029212016102923
20161029212016103000
20161029212016103001
20161029212016103002
20161029212016103003
20161029212016103004
20161029212016103005
20161029212016103006
20161029212016103007
20161029212016103008
20161029212016103009
20161029212016103010
20161029212016103011
20161029212016103012
20161029212016103013
20161029212016103014
20161029212016103015
20161029212016103016
20161029212016103017
20161029212016103018
20161029212016103019
20161029212016103020
20161029212016103021
20161029212016103022
20161029212016103023
20161029212016103100
20161029212016103101
20161029212016103102
20161029212016103103
20161029212016103104
20161029212016103105
20161029212016103106
20161029212016103107
20161029212016103108
20161029212016103109
20161029212016103110
20161029212016103111
20161029212016103112
20161029212016103113
20161029212016103114
20161029212016103115
20161029212016103116
20161029212016103117
20161029212016103118
20161029212016103119
20161029212016103120
20161029212016103121
20161029212016103122
20161029212016103123
20161029212016110100
20161029212016110101
20161029212016110102
20161029212016110103
20161029212016110104
20161029212016110105
20161029212016110106
20161029212016110107
20161029212016110108
20161029212016110109
20161029212016110110
20161029212016110111
20161029212016110112
20161029212016110113
20161029212016110114
20161029212016110115
20161029212016110116
20161029212016110117
20161029212016110118
20161029212016110119
20161029212016110120
20161029212016110121
002100110010001000100010001117121713271427152715271635173517311735163515311
53515351431153515351531153515351531153515351531153515351431133512351231113511351
23112351135113111351235123113351435143113351335123112351235123112351235123112351
23512311235133513311435143515311435143514311535153516311635153515311535153515361
005000100010001000100010001117122712271327132714271535163516311635153514311
33512351231123512351331133514351431153515351531143513351231123511351131113511351
13111351135113111351235123112351235123112351235123112351235123112351235123112351
23512311335133514311435143514311335133514311435153515311635163516311635163516361
015000130013001000100010001117122713271427152716371635173516311535143513311
23512351231113512351231133514351531153515351531143514351331133512351231123512351
23112351235123112351235123112351235123112351335133113351335133112351235123113351
43514311435143514311535153515311535153515311535153515311635163516311635163516361
027800180018001800180017001617151713271227122712271335133514311435143514311
33512351131113511351231123513351331133512351231113511351231123512351131113511351
13111351135113111351135113112351235123112351235123112351135113112351235123112351
23512311235123513311335133513311335143514311435153515311435143514311535153516361
070000100010001000100010001117122712271227122711271135113511311135113511311
13511351131113511351231123513351331133513351431143514351431143513351331123512351
23112351235123112351235113111351135113112351235123112351235123112351235123112351
23512311235123512311335143514311435133513311335133514311435143514311435153515361
110000100010001000100010001117121713271327142715271635163517311735163515311
43513351231113511351131113512351231123513351331133512351231133513351431133513351
23111351135113111351135113111351135113112351235133114351435143114351335133113351
43515311535143514311535153516311635153514311435153515311535153515311535153515361
120100120012001400180018001817181718271827172717271635153515311535143514311
33512351131113511351131123512351331123512351231123512351231123512351231123512351
23111351135113111351135113111351135113111351235123112351235123112351335133113351
33512311335133513311435143513311335133513311335133513311335143514311535153516361
130000170017001800180018001817181717271627153714371335133512311235113511311
13511351131113511351131123512351331133512351231123513351331133512351231123512351
23112351235113111351135113111351135113111351135123112351235133113351235123112351
23512311235133513311335123512311235123512311235123512311235133514311535163516361
145700110010001000100010001017111711271227122712271235123511311135113511311
13511351131113511351231123513351331133513351331133512351231123512351231123512351
23111351135113111351135113111351135123112351235123112351135113111351235123112351
23512311235133513311335123512311235123513311335143514311435143514311435143515361
149700120010001000100010001017111711271227122712271235113511311135113511311
13511351131113511351231123513351431143514351331133513351331123512351231123512351
23111351135113111351135113111351135123112351235123112351135113111351235123112351
23512311235123513311335123512311235123512311335133514311435143514311435143515361
156500100010001000100010001117111712271227122712271135113511311135113511311
13511351131113511351231123513351431143514351331133513351331123512351231123512351
23111351135113111351135113111351135123112351235123112351135113111351235123112351
23512311235133513311335123512311235123513311335133514311435143514311435153515361
168000100010001000100010001117111711271227132713271335133512311235123511311
13511351131113511351131113511351131123512351231133513351331133513351331133513351
33112351235123111351135113111351135113112351235113111351135113111351135113112351
23512311235123512311235133513311335133513311335133513311435143514311535153515361
180000100010001000100010001127112711271127112712371235123512311235123511311
13511351131113511351131113511351131113511351131123513351331143514351431143515351
53114351435133112351235113111351135113111351135113111351135113111351135123112351
23512311235123512311335133513311335133512311235123513311335133514311435143514361
190000100010001000100010001127112711271127122712271235123512311235123512311
23512351231123512351231123512351231123512351231123512351231123512351231133513351
33113351235123112351235123112351235123111351235123112351235123112351235123112351
23512311235123512311335133512311235123512311235123512311335133513311335143514361
222000100010001000120015001617161717271727162716271535153515311435133512311
13511351131113511351131123512351231123512351231133513351331133512351231123513351
33113351235123111351135113111351135113111351235123112351235133113351235123112351
23512311235133513311335123512311235123512311135113512311235133514311535153516361
240200160017001800180018001717161715271427133713371335133513311335143514311
33512351131113511351131113511351231123512351231123512351231123512351231123512351
13111351135113111351135113111351135113111351135113111351135123112351235123112351
23512311335143514311335133512311135123512311235123512311235123513311435143514361
255000170018001700120010001017101710271127112712271335133514311535153514311
33512351131113511351131113511351131113511351131113511351131113511351131113511351
23112351135113111351135113111351135113111351135113111351135113111351135113111351
13512311235123513311235123512311235123512311235123512311235133513311435143514361
260200170013001000100012001217121713271327142714271435133513311435143515311
43512351131113511351131113511351131113511351131113511351131113512351231123511351
13111351135113111351135113111351135113111351135113111351135113111351135113112351
23512311235123512311235123512311235133513311235123512311235123512311335143514361
280000110013001400110010001017111711271127122712271235123512311235123512311
23512351131113511351131113511351131113511351131113511351131123513351431143513351
33112351235123112351235123111351135113111351235123112351135113111351135123112351
23513311335133513311335133513311335123512311235123512311235123512311335133513361
299600170016001400120011001117122712271327132713271335133512311235123513311
23512351231113511351231123512351231123511351131113511351131123513351331133513351
33114351435143113351335123112351235123112351235123112351235113111351235123112351
23512311235123512311235123512311235123512311235123512311235133513311335133514361
434000100010001000100010001017111711271127112711271135113511311135113511311
13511351131113511351131113511351131113511351131113511351131113511351131113511351
13111351135113111351135113111351135113111351135113111351135113111351135113111351
13511311135113511311135123512311235123512311235123512311235123512311235123512361
460300150014001500150016001517141713171227122711271135113511311135113511311
13511351131113511351131113511351131113511351131113511351131113511351131113512351
23112351135113111351135113111351135113111351135113111351135113111351135113111351
13511311135123512311235113511311135113511311135113511311235123512311235123512361
481700170017001800180017001717161716271627162715271535153515311535153515311
43514351331133512351131113511351131123513351331133513351231133513351431143514351
43113351335133113351335133112351235113111351135113112351235123112351235123112351
23512311235123512311235123512311235123512311235123512311235123512311235133513361
497000100010001000100010001117112711271127112711271135113511311135113511311
13511351131113511351131113511351131113511351131113511351131113511351131113511351
13111351135113111351135113111351135113111351135113111351135113111351135113111351
13511311135113511311135113511311135113511311135113511311135113511311135123512361
510000100010001000100010001117111711271127112711271135123512311235123511311
13511351131113511351131113511351131113511351131113511351131113511351131113511351
13111351135113111351135113111351135113111351135113111351135113111351135113111351
13512311235133513311335133512311235113511311135113511311235123512311235123512361
579000100010001000100010001017101711271127112711271135113511311135113511311
13511351131113511351131113511351131113511351131113511351131113511351131113511351
13111351135113111351135113111351135113111351135113111351135113112351235123112351
33513311335133514311435153515311435133513311335133513311335123512311235123513361
588000100010001000100010001017101710271027112711271135113511311135113511311
13511351131113511351131113511351131113511351131113511351131113511351131113511351
13111351135113111351135113111351135113111351135113111351135113111351135113111351
13511311135113511311135113511311135113511311135113511311135113512311235133513361
621000100010001000100010001017101710271127112711271135113511311135113511311
13511351131113511351131113511351131113511351131113511351131113511351131113511351
13111351135113111351135113111351135113111351135113111351135113111351135113111351
13511311135113511311135113511311135113511311135113511311135113511311135113512361
630000100010001000100010001117112711271127112711271135113511311135113511311
13511351131113511351131113511351131113511351131113511351131113511351131113511351
13111351135113111351135113111351135113111351135113111351135123112351235123112351
23513311335133513311335123512311235113511311135113511311235123512311235123512361
643000100010001000100010001017101711271127112711271135113511311135113511311
13511351131113511351131113511351131113511351131113511351131113511351131113511351
13111351135113111351135113111351135113111351135113111351135123112351335143115351
63516311635163515311635163517311735173517311635153514311435153515311535143514361
645000100010001000100010001017101711271127112711271135113511311135113511311
13511351131113511351131113511351131113511351131113511351131113511351131113511351
13111351135113111351135113111351135113111351135113111351235123113351435153115351
53515311535153516311635163517311635163515311535143514311335133513311335133513361
650000100010001000100010001017101710271127112711271135113511311135113511311
13511351131113511351131113511351131113511351131113511351131113511351131113511351
13111351135113111351135113112351235123112351235123113351335143114351335133113351
33514311435143514311435143513311335123512311335133513311335133513311335143514361
675000100010001000100010001017101711271127112711271135113511311135113511311
13511351131113511351131113511351131113511351131113511351131113511351131113511351
13111351135113112351335133114351335133112351235123112351235123112351235123112351
13511311135123512311335143514311435133513311235123512311235123512311235123513361
690000100010001000100010001017112711271127112711271135113511311135113511311
13511351131113511351131113511351131113511351131113511351131113511351131113511351
13111351135113112351335133114351435143114351335123112351135113111351135113111351
13511311135113512311235133513311335123512311235133513311335133513311335133513361
747000100010001000100010001017111711271127112711271135113511311135113511311
13511351131113511351131113511351131113511351131113511351131113511351131113511351
13111351135113111351135113111351135113112351335133114351435143114351435143114351
43514311435143514311435143514311435143513311335133513311335133513311335143514361
