20161020171507
T2M TEDF  78  35 1
20161020172016102012
20161020172016102013
20161020172016102014
20161020172016102015
20161020172016102016
20161020172016102017
20161020172016102018
20161020172016102019
20161020172016102020
20161020172016102021
20161020172016102022
20161020172016102023
20161020172016102100
20161020172016102101
20161020172016102102
20161020172016102103
20161020172016102104
20161020172016102105
20161020172016102106
20161020172016102107
20161020172016102108
20161020172016102109
20161020172016102110
20161020172016102111
20161020172016102112
20161020172016102113
20161020172016102114
20161020172016102115
20161020172016102116
20161020172016102117
20161020172016102118
20161020172016102119
20161020172016102120
20161020172016102121
20161020172016102122
20161020172016102123
20161020172016102200
20161020172016102201
20161020172016102202
20161020172016102203
20161020172016102204
20161020172016102205
20161020172016102206
20161020172016102207
20161020172016102208
20161020172016102209
20161020172016102210
20161020172016102211
20161020172016102212
20161020172016102213
20161020172016102214
20161020172016102215
20161020172016102216
20161020172016102217
20161020172016102218
20161020172016102219
20161020172016102220
20161020172016102221
20161020172016102222
20161020172016102223
20161020172016102300
20161020172016102301
20161020172016102302
20161020172016102303
20161020172016102304
20161020172016102305
20161020172016102306
20161020172016102307
20161020172016102308
20161020172016102309
20161020172016102310
20161020172016102311
20161020172016102312
20161020172016102313
20161020172016102314
20161020172016102315
20161020172016102316
20161020172016102317
002 129   001 115   001 111   001 124   001 117   001 114   001 113   371
 112   571 112   571 112   771 111   771 109   871 109   871 108   871 109   971
 107   971 106   971 104  1071 104  1071 105  1171 108  1271 111  1371 115  1371
 117  1371 120  1371 121  1371 120  1471 118  1471 115  1471 112  1371 109  1371
 108  1271 108  1071 107   971 105   971 102   971  99   971  96   971  94  1071
  93  1071  93  1171  93  1171  95  1271  99  1271 104  1371 110  1371 117  1371
 123  1371 128  1371 129  1471 127  1571 124  1571 118  1571 111  1571 105  1471
 101  1371  96  1171  93  1071  90  1071  85  1171  82  1171  77   951  75  1051
  73  1011  71  1051  70  1151  71  1111  75  1151  80  1251  87  1211  94  1251
 101  1351 106  1311 109  1451 109  1551 107  1611 103  1551  98  1551
005 132   001 137   001 127   001 127   001 113   001 107   001 102   171
  99   371  98   671  99   671  99   771  96   971  95   971  93   971  91  1071
  86  1071  80  1071  75  1071  74  1071  79  1271  88  1471  97  1571 107  1671
 115  1771 121  1671 125  1671 125  1671 121  1671 114  1471 104  1371  96  1071
  92  1071  90  1171  88  1171  84  1171  79  1071  74  1071  73  1071  71  1171
  69  1171  64  1171  61  1171  62  1171  70  1371  82  1471  96  1671 108  1671
 119  1671 126  1671 132  1671 133  1571 129  1571 120  1271 108  1271  97  1071
  91  1071  88  1171  85  1171  82  1171  77  1171  72  1171  63  1151  60  1151
  56  1211  51  1251  47  1351  48  1311  55  1351  66  1451  79  1411  92  1451
 103  1551 112  1511 117  1551 117  1651 113  1611 105  1551  96  1351
015 142   001 115   001 130   001 134   001 118   001 113   001 108   271
 103   571 100   871  97  1171  93  1171  89  1271  87  1271  82  1271  78  1171
  73  1171  66  1271  62  1271  62  1371  67  1271  76  1171  87  1071  97  1171
 106  1171 113  1271 119  1371 121  1471 119  1571 113  1571 104  1471  96  1471
  88  1471  86  1371  82  1371  77  1371  73  1371  69  1371  67  1271  66  1271
  67  1171  66  1271  65  1371  67  1471  71  1371  79  1171  88  1071  97  1071
 106  1171 114  1171 120  1171 122  1251 119  1311 109  1251  96  1251  85  1111
  79  1151  76  1151  73  1111  69  1251  64  1351  59  1411  51  1451  50  1351
  47  1311  42  1451  37  1551  37  1611  45  1451  57  1351  72  1111  85  1151
  97  1251 105  1211 110  1351 112  1451 109  1511 102  1551  93  1451
027 116   001 128   001 123   001 134   001 125   001 114   001 106   571
 100   771  97   771  95   671  92   971  88  1271  85  1471  81  1571  75  1671
  70  1771  67  1771  66  1871  70  1871  79  1871  92  1671 105  1671 116  1571
 125  1471 131  1471 133  1571 131  1571 125  1671 114  1571 102  1571  93  1471
  86  1371  83  1371  79  1171  74  1271  68  1371  62  1471  58  1571  56  1671
  54  1771  52  1771  53  1871  56  1871  64  1771  76  1671  90  1571 104  1671
 118  1671 129  1771 135  1771 136  1871 132  1971 123  1871 112  1671 100  1671
  91  1571  84  1471  79  1471  76  1571  73  1671  69  1771  63  1751  59  1851
  55  1911  54  1951  55  2051  59  2011  67  1851  77  1651  89  1411 102  1451
 113  1551 123  1511 129  1651 131  1851 128  1911 119  1751 109  1551
070 118   001 125   001 132   001 133   001 125   001 112   001  99   371
  87   671  79  1471  73  1671  69  1771  66  1871  63  1971  58  1971  54  2071
  51  2071  46  2071  45  2071  46  2071  52  1871  60  1671  70  1471  82  1371
  94  1371 105  1371 113  1471 117  1571 114  1571 103  1471  91  1571  77  1571
  68  1571  61  1671  56  1771  52  1871  48  2071  45  2071  44  2171  43  2171
  41  2271  36  2171  33  2171  34  2171  45  1871  61  1771  78  1471  95  1371
 108  1371 118  1471 123  1371 124  1471 120  1571 111  1571 102  1571  90  1571
  79  1571  71  1671  65  1671  60  1971  57  2071  54  2171  45  2251  42  2251
  37  2311  32  2251  29  2251  31  2211  41  1951  57  1751  74  1411  90  1451
 103  1451 113  1411 120  1451 122  1551 121  1611 115  1651 108  1651
110 138   001 139   001 142   001 138   001 133   001 119   001 107   271
  96   671  88  1071  83  1271  77  1471  73  1471  69  1571  67  1571  63  1471
  62  1471  64  1471  66  1571  72  1571  81  1471  93  1371 107  1371 121  1371
 135  1471 146  1471 152  1371 153  1071 148   971 137   971 122   971 106   971
  97  1171  91  1371  87  1571  82  1671  77  1871  73  1971  69  1871  66  1771
  62  1671  58  1671  55  1671  59  1671  70  1571  87  1471 105  1371 119  1371
 130  1271 139  1171 143  1171 143  1071 139  1171 131  1071 120  1071 109   971
 101  1171  95  1371  91  1671  87  1671  84  1871  82  1971  82  1851  80  1851
  77  1711  75  1751  75  1751  76  1711  79  1551  85  1451  91  1211  98  1251
 105  1151 112  1111 117  1151 121  1251 121  1211 118  1151 114  1151
120 136   001 138   001 130   001 138   001 128   001 119   001 107   371
  96   371  89   671  87   671  84   871  81  1071  78  1171  75  1171  71  1171
  66  1171  63  1171  62  1271  66  1271  77  1271  90  1371 103  1371 115  1371
 125  1371 132  1271 137  1171 138  1071 133   971 120  1071 106  1071  91  1171
  83  1171  79  1171  77  1171  74  1171  70  1271  67  1271  65  1271  64  1271
  62  1271  58  1271  56  1371  59  1371  70  1471  85  1571 101  1671 114  1671
 123  1571 130  1571 136  1571 137  1471 135  1471 127  1471 117  1371 106  1371
  99  1371  94  1271  91  1271  89  1271  85  1371  83  1371  79  1351  77  1351
  75  1311  73  1351  72  1451  73  1411  77  1551  84  1551  92  1611 101  1551
 110  1451 117  1311 122  1351 123  1451 121  1411 115  1351 109  1351
130 148   001 147   001 139   001 137   001 138   001 129   001 115   271
 100   571  90   871  83  1571  78  1271  73  1471  69  1671  65  1771  61  1771
  54  1871  49  1771  45  1771  48  1671  60  1571  78  1471  99  1271 117  1371
 132  1571 143  1671 148  1571 148  1571 142  1471 131  1371 118  1371 104  1271
  92  1171  84  1271  77  1271  72  1371  69  1571  65  1671  62  1771  58  1871
  53  1971  47  1871  44  1771  47  1671  59  1471  77  1371  96  1171 114  1371
 129  1471 138  1671 143  1671 143  1571 138  1571 129  1671 118  1671 107  1671
  98  1671  92  1471  86  1471  80  1571  75  1771  71  1871  70  1851  66  1851
  62  1911  58  1851  55  1851  57  1711  65  1551  76  1451  90  1211 103  1351
 115  1351 125  1411 132  1451 135  1551 133  1511 127  1551 118  1551
145 129   001 120   001 127   001 126   001 123   001 119   001 111   271
 102   671  95   871  90  1071  86  1071  83  1271  81  1371  79  1371  77  1371
  73  1371  70  1371  68  1471  69  1471  76  1371  86  1271  96  1171 107  1171
 113  1171 119  1171 123  1271 124  1271 121  1371 115  1271 106  1171  97  1171
  89  1171  82  1171  76  1171  71  1271  66  1271  63  1371  61  1371  60  1471
  58  1471  55  1571  54  1571  56  1671  63  1571  74  1571  87  1471  99  1471
 109  1471 118  1471 124  1571 127  1571 125  1671 117  1471 108  1371  97  1171
  89  1171  81  1171  75  1171  70  1271  65  1371  61  1471  55  1351  53  1451
  50  1411  46  1551  44  1551  46  1611  55  1551  68  1451  83  1311  96  1351
 107  1351 116  1311 123  1551 127  1651 127  1811 124  1651 117  1551
149 141   001 133   001 128   001 131   001 130   001 118   001 109   171
 102   371  97   671  95   971  91  1071  89  1271  86  1371  84  1471  81  1471
  79  1571  77  1471  75  1471  76  1371  82  1271  90  1171 101  1071 110   971
 118  1071 126  1071 131  1171 133  1171 130  1271 121  1171 109   971  98   871
  90   971  84  1071  79  1071  73  1171  66  1271  62  1371  61  1471  61  1571
  59  1671  54  1671  50  1571  51  1571  60  1471  75  1471  91  1371 106  1471
 118  1471 128  1571 134  1571 135  1571 132  1571 123  1371 110  1271  98  1071
  90  1071  84  1071  78  1071  72  1171  65  1371  60  1471  55  1451  54  1551
  51  1611  47  1651  43  1751  45  1711  54  1551  68  1351  85  1111 102  1251
 116  1251 128  1311 135  1451 138  1451 137  1511 132  1451 124  1251
156 132   001 133   001 132   001 132   001 129   001 127   001 121   171
 113   271 107   371 103   671  99   771  96   971  94  1071  91  1071  89  1071
  87  1071  85  1071  84  1171  85  1171  90  1171  98  1271 107  1271 116  1271
 125  1271 130  1271 132  1271 130  1171 126  1171 120  1071 114  1071 109  1071
 105   971 102   971  98   871  93   971  87  1071  81  1171  80  1171  78  1171
  76  1171  72  1171  68  1271  68  1271  75  1371  87  1371 100  1471 113  1471
 123  1471 130  1471 133  1471 132  1471 128  1371 122  1271 115  1171 108  1071
 102   971  97   971  92   871  87   971  82  1071  78  1171  73  1151  70  1151
  67  1111  62  1251  59  1251  59  1311  66  1351  78  1351  92  1311 107  1451
 120  1451 130  1511 135  1551 136  1451 135  1411 132  1351 128  1151
168 123   001 128   001 129   001 114   001 116   001 110   001 102   571
  96  1671  93  1671  91  1571  89  1671  86  1771  81  1871  78  1871  74  1971
  72  1971  70  1971  68  1871  69  1871  74  1671  82  1571  91  1371  99  1271
 106  1371 113  1271 120  1271 123  1371 119  1371 107  1471  91  1671  79  1771
  73  1771  70  1671  68  1571  64  1671  57  1871  51  1971  47  1971  44  2071
  39  2071  33  2071  28  1971  31  1971  44  1771  64  1671  85  1471 101  1371
 114  1371 123  1271 129  1371 131  1471 127  1571 115  1671 100  1671  86  1771
  77  1771  71  1771  65  1771  59  1871  53  1971  47  2071  45  1951  42  2051
  37  2011  31  2051  28  1951  32  1911  46  1751  67  1651  88  1411 106  1451
 121  1451 132  1411 141  1451 145  1551 143  1511 134  1651 122  1851
180 113   001 117   001 113   001 106   001 105   001 103   001  98   571
  93  1271  89  1871  87  2071  84  2071  81  1771  77  1871  76  1871  76  1971
  75  1971  72  1871  68  1871  66  1771  67  1671  70  1671  76  1671  83  1671
  91  1671  96  1871 100  1671 101  1571  97  1471  88  1371  78  1571  69  1571
  64  1771  62  1871  61  1971  57  1871  52  1971  49  1971  49  1971  49  2071
  48  2071  43  1971  38  1971  38  1871  46  1771  60  1771  75  1671  87  1571
  98  1671 106  1671 111  1571 111  1571 107  1471  98  1471  85  1471  73  1471
  62  1571  55  1771  48  1871  42  1971  37  1971  35  1971  38  1951  40  2051
  41  2011  40  2051  38  1951  39  1911  45  1851  54  1751  66  1611  78  1651
  90  1751 100  1711 108  1651 112  1651 111  1511 104  1651  93  1651
190 127   001 131   001 124   001 122   001 120   001 118   001 110   471
 100   971  93  1571  87  1871  83  2071  78  1771  74  1871  71  1771  70  1771
  68  1671  67  1671  66  1671  67  1671  71  1671  75  1671  81  1671  86  1871
  90  1971  93  1871  97  1871  99  1771  97  1571  91  1471  81  1471  72  1471
  66  1671  61  1671  57  1871  52  1871  47  1971  43  1971  43  1871  42  1871
  41  1771  38  1771  35  1671  37  1671  45  1671  58  1671  73  1771  86  1571
  97  1471 107  1471 112  1471 114  1471 110  1471 101  1371  88  1271  76  1171
  65  1371  56  1571  49  1771  42  1871  36  1971  32  2071  31  1951  33  1851
  34  1711  34  1751  35  1751  38  1711  45  1751  56  1651  67  1611  78  1651
  88  1751  97  1711 104  1651 109  1651 108  1511 101  1551  92  1451
222 157   001 159   001 151   001 144   001 139   001 124   001 111   271
 100   471  92   671  85  1271  79  1471  74  1571  68  1671  65  1671  61  1571
  58  1571  51  1571  47  1671  49  1671  58  1571  75  1471  92  1371 111  1371
 126  1471 139  1571 148  1671 152  1771 149  1871 138  1471 126  1371 111  1171
  98  1271  90  1371  82  1471  77  1571  72  1571  68  1671  66  1671  64  1671
  60  1671  55  1671  50  1671  51  1671  60  1571  76  1271  94  1171 110  1271
 125  1471 135  1571 143  1671 147  1651 144  1711 135  1651 124  1451 113  1211
 106  1351 102  1451  98  1511  93  1551  88  1651  85  1611  85  1751  85  1651
  83  1611  80  1651  76  1651  76  1611  80  1551  88  1451  98  1311 109  1451
 120  1451 132  1511 143  1551 150  1651 151  1611 143  1551 131  1351
240 143   001 138   001 137   001 137   001 133   001 125   001 117   871
 109   971 103  1171  97  1171  91  1171  84  1271  79  1271  76  1271  73  1371
  70  1371  64  1371  59  1271  60  1271  67  1271  81  1471  98  1471 113  1371
 125  1371 136  1371 142  1471 143  1471 140  1571 132  1371 120  1371 110  1371
 102  1371  92  1271  84  1271  76  1271  68  1371  62  1371  60  1471  59  1471
  57  1571  52  1571  48  1471  49  1471  57  1471  71  1571  88  1571 106  1671
 121  1671 133  1771 141  1871 144  1871 142  1871 134  1771 122  1771 110  1771
 101  1671  93  1571  87  1471  81  1471  74  1471  69  1471  66  1451  63  1551
  59  1511  55  1551  52  1651  55  1611  65  1551  81  1551  99  1411 116  1551
 131  1751 144  1811 153  1851 158  1951 158  1911 152  1851 143  1851
255 125   001 125   001 135   001 127   001 119   001 115   001 109   271
 103   571  97   671  91  1171  85   971  80  1071  76  1171  73  1171  72  1171
  69  1171  65  1271  62  1271  63  1371  70  1371  82  1371  94  1271 103  1371
 109  1371 116  1471 121  1471 126  1571 126  1571 119  1271 109  1171  98   971
  88  1071  81  1071  74  1271  65  1171  57  1271  50  1271  47  1271  44  1271
  40  1271  33  1371  27  1471  28  1571  41  1571  62  1571  83  1471 102  1571
 116  1571 127  1671 136  1671 141  1671 139  1671 131  1471 117  1371 105  1171
  94  1171  87  1271  81  1271  75  1371  69  1371  64  1471  54  1251  52  1351
  49  1311  45  1451  44  1551  47  1611  58  1551  76  1451  97  1311 119  1451
 140  1551 157  1611 168  1751 172  1851 170  1911 163  1751 153  1551
260 111   001 116   001 115   001 116   001 106   001  92   001  82   471
  75   971  72  1371  71  1671  69  1971  67  2571  65  2671  64  2771  63  2871
  63  2971  61  2871  60  2671  62  2571  70  2271  81  1971  92  1571 102  1571
 110  1471 117  1371 123  1271 126  1271 123  1171 111  1371  93  1571  77  1771
  65  1971  58  2271  51  2571  46  2671  40  2771  36  2871  33  2971  31  2971
  26  3071  19  2971  14  2871  17  2771  33  2571  56  2171  81  1771 101  1771
 116  1571 129  1471 139  1471 143  1371 138  1371 121  1471  98  1671  78  1871
  65  2071  59  2171  55  2371  50  2571  45  2671  41  2871  37  2851  34  2851
  30  2911  27  2851  27  2751  35  2611  54  2251  79  1851 104  1411 125  1451
 141  1351 155  1311 166  1351 173  1351 172  1311 161  1551 146  1651
280 119   001 114   001 118   001 122   001 113   001 107   001  97   371
  88   671  81  1171  78  1271  76  1371  73  1371  73  1571  74  1571  75  1471
  74  1471  73  1471  72  1371  72  1371  75  1371  80  1271  87  1171  95  1171
 103  1071 110  1071 115  1171 116  1271 112  1371 102  1371  90  1271  77  1371
  68  1371  60  1471  54  1371  47  1471  43  1471  40  1571  39  1571  39  1571
  35  1571  29  1571  23  1471  23  1471  33  1371  51  1271  70  1071  87  1071
 100  1071 111  1071 118  1071 120  1071 116  1111 107  1251  94  1251  82  1211
  73  1251  67  1251  62  1311  58  1451  54  1451  52  1511  51  1551  52  1551
  53  1511  52  1551  51  1551  54  1511  63  1451  77  1351  91  1211 104  1251
 114  1151 124  1111 132  1251 138  1351 140  1411 136  1451 129  1351
299 123   001 105   001 114   001 116   001  93   001  91   001  86   671
  80  1171  75  1471  72  1671  71  1971  70  1871  72  1871  72  1971  72  1971
  72  2071  71  2071  73  1971  75  1971  76  1871  78  1671  80  1471  85  1571
  91  1771  96  1971 101  1871 102  1771  99  1771  88  1671  75  1471  62  1271
  52  1671  48  1871  45  2171  42  2171  40  2171  35  2071  33  2071  30  2171
  26  2171  21  2171  18  2071  20  2071  30  1871  45  1571  62  1371  78  1371
  92  1571 104  1671 114  1671 117  1571 113  1571  99  1471  81  1371  64  1271
  54  1471  49  1771  45  1971  40  1971  34  2071  30  2071  30  2051  30  2051
  31  2111  32  2051  34  2051  37  1911  42  1751  49  1651  56  1411  64  1551
  71  1751  80  1811  89  1751  96  1751  98  1611  94  1651  86  1551
434 112   001 112   001 112   001 112   001 105   001  98   001  90   371
  83   571  79   771  76  1371  73  1171  69  1171  65  1071  62  1171  60  1171
  57  1271  53  1271  50  1371  51  1371  57  1471  66  1371  78  1371  90  1471
 101  1371 112  1471 119  1571 123  1471 122  1471 114  1371 104  1171  93  1071
  84  1271  79  1471  75  1571  71  1371  67  1371  63  1271  59  1371  57  1371
  53  1471  48  1471  44  1571  45  1571  54  1671  68  1671  86  1771 102  1871
 117  1971 131  1971 141  2071 146  2071 145  2071 136  1771 124  1571 112  1371
 104  1571 101  1771  99  1871  96  1771  93  1671  91  1571  90  1351  92  1451
  93  1411  92  1551  92  1651  94  1711 101  1751 113  1651 127  1611 143  1651
 159  1651 174  1611 185  1751 191  1951 189  2011 179  1851 165  1651
460 109   001 111   001 109   001 111   001 107   001 102   001  95   371
  87   671  81   971  77  1371  73  1471  70  1671  67  1771  62  1771  59  1871
  58  1871  55  1871  56  1771  59  1771  64  1671  71  1471  79  1371  90  1471
  99  1571 106  1671 111  1771 112  1571 110  1571 105  1371  97  1271  88  1071
  82  1371  73  1671  66  1971  59  1971  53  1871  47  1871  41  1871  36  1971
  30  1971  23  1971  18  1971  20  1971  31  1771  49  1571  70  1371  89  1571
 108  1771 122  1871 131  1871 135  1771 133  1771 125  1571 112  1471 100  1271
  91  1471  84  1671  78  1871  72  1871  68  1871  65  1771  57  1851  54  1951
  52  2011  51  2051  53  2051  60  2011  74  1851  93  1551 115  1311 138  1651
 160  1851 177  2111 188  2051 192  2051 189  1911 179  1751 167  1651
481 131   001 135   001 138   001 127   001 120   001 104   001  97   171
  95   671  93   671  90   871  85  1071  80   971  75  1071  74  1071  73  1171
  72  1171  73  1171  73  1171  75  1171  78  1271  84  1471  91  1571  99  1671
 106  1571 113  1671 116  1571 116  1471 113  1371 107  1271  99  1171  91  1171
  85  1271  80  1271  74  1271  67  1371  60  1371  54  1371  50  1371  48  1471
  44  1471  39  1471  34  1471  34  1471  41  1471  52  1371  67  1371  82  1471
  98  1471 109  1571 117  1471 119  1471 117  1371 112  1371 104  1271  97  1171
  92  1171  90  1271  88  1271  87  1371  86  1571  86  1671  85  1551  86  1551
  87  1511  88  1551  89  1451  92  1411  97  1551 106  1551 116  1611 128  1651
 141  1751 153  1711 162  1751 167  1751 168  1711 164  1651 157  1451
497 138   001 139   001 145   001 136   001 101   001  79   001  66   371
  58   571  53   571  49   771  45  1171  42  1571  42  1771  43  1871  43  2071
  39  2171  33  2171  28  2071  28  2071  38  1971  55  1771  75  1571  93  1971
 108  2271 120  2571 128  2571 129  2471 121  2271 103  1971  82  1871  63  1671
  52  1671  47  1671  44  1671  40  1771  36  1871  32  1871  30  1971  28  2171
  23  2271  16  2271   9  2171  10  2171  21  2071  42  1871  68  1671  95  1971
 118  2371 136  2671 144  2471 143  2371 132  2271 112  1971  90  1771  72  1571
  61  1571  58  1671  58  1671  59  1771  59  1871  59  1971  52  1951  52  2151
  53  2211  54  2251  56  2251  59  2211  64  2051  71  1851  81  1611  95  2051
 109  2451 122  2811 130  2851 133  2751 129  2711 119  2451 107  2051
510 148   001 152   001 154   001 157   001 144   001 138   001 125   671
 109   871  95   971  84   971  74  1371  66  1371  61  1471  57  1471  53  1371
  47  1371  41  1371  36  1371  39  1371  52  1271  74  1171  98  1071 119  1171
 137  1371 151  1471 161  1471 166  1371 163  1371 152  1371 137  1371 122  1371
 112  1371 104  1371  97  1371  91  1471  83  1471  78  1571  74  1571  69  1471
  64  1471  57  1471  52  1471  55  1471  67  1371  87  1371 108  1271 129  1471
 146  1671 161  1771 172  1771 179  1671 178  1571 171  1671 159  1771 147  1871
 139  1871 135  1771 130  1671 125  1771 122  1871 119  1871 121  1651 121  1651
 120  1611 115  1651 110  1751 110  1711 120  1651 136  1451 155  1311 173  1451
 190  1451 204  1511 215  1551 220  1651 219  1611 210  1551 197  1451
579 156   001 156   001 161   001 151   001 142   001 131   001 123   271
 117   471 113   571 110   771 108  1071 106  1371 104  1571 102  1671  99  1771
  96  1871  92  2071  90  2171  93  2371 101  2071 113  1771 126  1371 138  1471
 147  1471 154  1571 158  1571 158  1671 152  1671 142  1471 130  1271 119  1271
 111  1271 107  1371 103  1271 100  1471  97  1571  93  1771  89  1871  85  1971
  79  2071  72  2171  66  2371  67  2471  77  2071  92  1771 110  1371 126  1471
 138  1471 148  1571 153  1671 155  1571 150  1671 140  1471 129  1371 119  1271
 116  1271 116  1371 118  1371 119  1571 120  1671 120  1871 118  1851 116  1951
 115  2011 115  2251 117  2351 121  2511 128  2151 138  1851 148  1411 158  1451
 168  1451 176  1411 182  1551 185  1651 184  1711 178  1551 170  1451
588 147   001 151   001 153   001 145   001 134   001 116   001 101   271
  91   471  84   671  78   771  72  1171  66  1371  61  1471  60  1471  59  1571
  55  1571  50  1571  46  1471  47  1471  58  1471  74  1671  93  1671 111  1671
 128  1771 142  1771 151  2071 154  2071 148  2271 131  2071 110  1871  91  1771
  80  1771  74  1671  68  1671  61  1671  53  1571  48  1571  46  1571  46  1671
  43  1671  38  1571  33  1571  33  1471  43  1471  61  1471  81  1471 103  1571
 122  1771 138  1871 148  1971 151  2171 147  2271 137  2171 122  1971 110  1871
 105  1771 103  1771 102  1671 100  1571  97  1571  95  1471  92  1551  91  1551
  90  1611  89  1651  89  1551  91  1511  97  1451 105  1451 114  1311 122  1551
 129  1651 134  1811 138  2051 140  2351 140  2511 138  2251 134  2051
621 114   001 120   001 119   001 111   001 109   001 103   001  96   371
  89   671  84   971  79  1071  74  1671  68  1771  64  1971  61  1971  59  1971
  53  1971  46  2071  39  2171  42  2271  60  1971  84  1771 109  1471 126  1471
 137  1471 144  1471 152  1471 155  1371 152  1371 139  1471 122  1471 106  1671
  96  1571  88  1671  82  1671  75  1871  68  1971  64  2171  63  2171  64  2071
  62  2071  58  2171  56  2271  63  2371  81  2171 106  1871 132  1771 154  1671
 172  1471 184  1271 193  1371 196  1471 190  1571 174  1671 154  1771 135  1871
 123  1771 116  1671 111  1671 107  1871 104  2071 103  2271  99  2351  99  2251
  97  2211  92  2251  89  2251  95  2211 115  2051 143  1951 171  1711 193  1651
 209  1651 219  1511 224  1551 223  1651 215  1611 200  1651 182  1751
630 154   001 153   001 162   001 155   001 148   001 140   001 134   971
 127   971 121   871 113   871 105   971  98  1071  91  1071  86  1171  81  1171
  75  1271  69  1271  65  1271  67  1271  78  1171  96  1271 114  1171 133  1271
 148  1271 158  1271 165  1271 168  1371 166  1271 158  1171 147  1071 135  1071
 124  1071 114  1171 105  1171  95  1171  86  1171  78  1171  72  1271  69  1271
  66  1371  62  1371  60  1271  64  1271  77  1171  96  1271 119  1171 140  1271
 158  1271 173  1371 180  1471 182  1371 177  1471 168  1471 157  1371 147  1271
 143  1271 140  1371 138  1371 135  1371 131  1471 129  1471 135  1351 137  1351
 137  1411 135  1451 133  1451 135  1411 143  1351 157  1251 172  1111 187  1351
 201  1451 212  1611 220  1751 224  1751 222  1811 214  1751 202  1551
643 177   001 186   001 187   001 179   001 163   001 144   001 128   371
 116   871 111   771 107  1171 103  1171  99  1371  95  1471  91  1471  87  1471
  82  1471  75  1471  70  1471  73  1471  88  1271 109  1171 133   971 151  1071
 165  1271 176  1371 184  1371 187  1471 181  1471 167  1371 146  1171 128  1071
 116  1171 109  1171 103  1271  95  1371  87  1571  80  1671  75  1671  70  1571
  65  1571  57  1571  53  1571  56  1571  71  1371  92  1271 114  1071 131  1171
 143  1371 152  1471 157  1471 159  1571 156  1671 148  1571 140  1371 133  1271
 131  1271 133  1271 135  1371 135  1471 135  1671 134  1771 135  1751 136  1751
 137  1711 137  1751 138  1751 141  1711 148  1551 157  1251 165  1011 171  1151
 175  1351 179  1411 184  1551 187  1551 188  1611 185  1551 179  1351
645 167   001 174   001 169   001 160   001 149   001 131   001 118   571
 109   571 104   771 102   671  99   871  95  1071  93  1271  93  1271  92  1271
  88  1271  84  1271  81  1271  85  1271  98  1271 116  1271 135  1271 150  1271
 162  1271 169  1271 176  1471 177  1471 171  1671 156  1571 136  1371 119  1271
 108  1171 101  1171  96  1071  91  1071  86  1171  83  1171  82  1271  82  1371
  78  1471  69  1471  63  1371  64  1371  78  1371  99  1271 121  1271 137  1371
 147  1371 154  1471 160  1471 161  1551 157  1611 146  1551 132  1451 122  1311
 121  1251 124  1151 128  1111 128  1251 126  1251 124  1311 123  1351 124  1451
 125  1511 125  1551 125  1551 127  1511 133  1451 142  1451 152  1311 161  1351
 169  1351 176  1311 181  1451 183  1451 181  1511 175  1551 168  1451
650 168   001 168   001 169   001 162   001 156   001 142   001 135   371
 130   571 126   571 121   871 114  1071 105  1371  99  1571  96  1671  97  1671
  95  1771  91  1671  89  1571  92  1471 103  1471 118  1571 136  1571 150  1471
 161  1471 168  1371 173  1371 173  1371 169  1371 160  1371 147  1171 135  1171
 127  1271 118  1171 110  1171 101  1271  93  1471  87  1571  83  1671  80  1671
  77  1771  73  1671  70  1671  73  1571  84  1471 101  1571 121  1571 140  1471
 157  1371 168  1271 173  1271 172  1371 167  1371 159  1371 153  1271 148  1271
 148  1271 149  1271 150  1171 148  1371 145  1471 142  1571 140  1651 142  1751
 145  1811 146  1851 147  1751 149  1711 155  1751 163  1651 171  1611 178  1551
 185  1551 189  1411 192  1451 192  1351 190  1311 185  1351 179  1251
675 186   001 194   001 196   001 195   001 189   001 166   001 148   271
 134   471 122   771 111   871 100  1271  90  1571  82  1871  78  1971  75  2171
  70  2271  65  2371  61  2471  65  2571  83  2271 107  1971 135  1771 159  1571
 178  1371 192  1171 200  1271 201  1271 195  1371 180  1271 159  1071 139   971
 121  1071 107  1271  94  1371  81  1571  70  1771  63  1971  60  2171  58  2371
  54  2571  49  2571  46  2571  51  2571  67  2271  92  1971 117  1671 140  1471
 158  1271 171  1071 178  1271 179  1371 173  1571 161  1471 149  1271 138  1171
 133  1271 132  1371 131  1471 127  1671 123  1971 118  2171 121  2151 118  2351
 114  2511 110  2551 108  2651 111  2611 121  2251 134  1951 148  1511 158  1451
 165  1351 169  1211 171  1351 172  1351 170  1411 166  1251 161  1151
690 193   001 192   001 187   001 186   001 184   001 181   001 173   271
 163   471 155   671 150   771 147   871 145   971 144   971 142   971 139   971
 132   971 128   971 126  1071 129  1071 139  1171 156  1071 169  1071 179  1071
 185  1171 189  1171 191  1071 191  1071 189  1171 183  1071 175   971 165   971
 156  1071 146  1071 139   971 134   971 131  1071 130  1071 128  1071 126  1171
 121  1171 115  1171 112  1171 115  1171 127  1171 143  1071 160  1071 172  1071
 178  1271 181  1371 181  1271 179  1371 176  1371 171  1171 166  1171 161  1071
 157  1071 152  1071 149  1071 147   971 146  1071 145  1071 141  1051 140  1151
 139  1111 139  1151 141  1151 144  1111 149  1151 155  1051 160  1011 164  1051
 166  1151 168  1111 169  1151 169  1151 170  1111 171  1051 171  1051
747 168   001 172   001 169   001 163   001 157   001 147   001 141   571
 136   671 133   771 129   871 125  1071 123  1171 121  1271 120  1371 120  1571
 117  1671 112  1671 106  1671 107  1671 117  1671 132  1471 148  1371 161  1371
 170  1271 177  1271 183  1271 186  1371 183  1471 174  1371 160  1271 147  1171
 137  1171 130  1171 124  1171 119  1271 115  1371 111  1471 108  1571 106  1571
 105  1671 102  1671 101  1671 105  1671 115  1671 127  1671 142  1671 155  1571
 164  1571 171  1471 175  1571 175  1671 171  1671 164  1571 155  1471 148  1371
 145  1371 144  1471 144  1471 143  1571 139  1671 138  1771 135  1651 135  1651
 135  1711 133  1751 132  1651 134  1611 142  1551 154  1451 167  1311 180  1351
 191  1351 201  1311 208  1451 211  1551 209  1611 201  1551 191  1451
NT  TEDF  78  35 1
20161020172016102012
20161020172016102013
20161020172016102014
20161020172016102015
20161020172016102016
20161020172016102017
20161020172016102018
20161020172016102019
20161020172016102020
20161020172016102021
20161020172016102022
20161020172016102023
20161020172016102100
20161020172016102101
20161020172016102102
20161020172016102103
20161020172016102104
20161020172016102105
20161020172016102106
20161020172016102107
20161020172016102108
20161020172016102109
20161020172016102110
20161020172016102111
20161020172016102112
20161020172016102113
20161020172016102114
20161020172016102115
20161020172016102116
20161020172016102117
20161020172016102118
20161020172016102119
20161020172016102120
20161020172016102121
20161020172016102122
20161020172016102123
20161020172016102200
20161020172016102201
20161020172016102202
20161020172016102203
20161020172016102204
20161020172016102205
20161020172016102206
20161020172016102207
20161020172016102208
20161020172016102209
20161020172016102210
20161020172016102211
20161020172016102212
20161020172016102213
20161020172016102214
20161020172016102215
20161020172016102216
20161020172016102217
20161020172016102218
20161020172016102219
20161020172016102220
20161020172016102221
20161020172016102222
20161020172016102223
20161020172016102300
20161020172016102301
20161020172016102302
20161020172016102303
20161020172016102304
20161020172016102305
20161020172016102306
20161020172016102307
20161020172016102308
20161020172016102309
20161020172016102310
20161020172016102311
20161020172016102312
20161020172016102313
20161020172016102314
20161020172016102315
20161020172016102316
20161020172016102317
002800170017001700170017001727162716271627152715271531163516351631163515351
53115351535153116351635163117351735173117351635163116351535153115351635153115351
43514311335133513311335143515311535163515311435133512311235123512311235123513311
43515351531153514351331123512351231123512351231123512351231123512351331133514351
005800170015001600160016001527152714271427142715371531163516351731163516351
63116351635163115351535143115351635173117351735173116351635163116351635163116351
63516311635163516311635163516311635163516311535153514311335123512311335133514311
53515351531153514351431143514351531143514351331133513351331133513351331143514351
015700160014001500150017001727162715271427143713371231133514351531143514351
33114351535163117351735173116351535153115351435143114351435133114351435153115351
53515311535163516311635163516311635163516311535153515311535163516311635163516311
63516351631153514351431133513351331133512351231123512351231113512351231133514351
027800180018001600140013001327122712271227132713371431143513351331133513351
33114351535163117351635163116351635163115351435133112351235133114351435153114351
43513311435143515311635163516311735173516311635153514311335123512311235123512311
33514351431133512351231123512351331133513351331133513351431143515351631163516351
070800180017001700150013001327142715271527152716271631163515351431143514351
43115351635163117351635163116351635153115351535153114351335123112351235123112351
23512311235133513311335143514311535153515311435133513311335143514311435143514311
43514351531143514351431143515351531153516351631153515351531143514351531153516351
110500130012001200130010001027102710271127112711271231123512351231123512351
13111351235123113351335133113351235123112351335143114351435133114351435143114351
43514311435153515311635163515311435133512311135113512311235123512311235123512311
23512351231133513351331143514351531153516351631163516351531153516351631163516351
120600150015001400130012001227132713271427132713271331133513351331133513351
23112351235133114351535163116351535143113351235123112351335133114351435143114351
53515311535153515311435143514311335133513311235123512311335133514311335133512311
23513351331133512351231123513351431153515351631153515351431153516351631173516351
130700170017001700170017001627152714271327132712271131113511351131113511351
13111351135123113351435153116351535153115351535153114351335123113351435143114351
43514311435143515311535153514311435133513311235123512311335133513311335123512311
23513351431133513351331133514351531153515351431143514351531153515351531153516351
145700180017001700180016001627152714271427142715271631163515351531153515351
63116351735163116351535153115351635173117351635153115351435143114351435143114351
53515311635163516311635163516311635163516311535133512311235123512311235123511311
23512351231133514351431143514351431143514351431133513351331133514351531163516351
149700170017001700160018001827162715271427142714371531153516351631163516351
63116351635163116351535153116351635173116351535153114351335133113351335133114351
53515311635163516311635163516311635153515311435133513311235123512311235113511311
23512351231133513351431143514351431143514351431133513351331143514351531163516351
156700180017001700170016001627162715271427142714371531153515351631163516351
63116351635163116351535153116351635173116351535143114351335133113351335133114351
53515311635163516311635163516311635153515311435133513311235123512311235113511311
23512351231133514351431143514351431143514351431133513351331133514351531153516351
168800180018001800180017001717172717271727172717271731173517351731163516351
63115351535153116351635163116351635163115351535143114351435133113351235123112351
23512311235123512311235123512311335133513311335133513311335133513311235123512311
23512351231123512351231123512351231123513351331143514351531153516351631173516351
180700180017001800170016001627162716271727172716371631163515351531143515351
53115351535163116351635163115351535143115351635163116351535143113351235123112351
23513311335133513311235123512311235123513311335133514311335123512311235123512311
23512351331133513351331143515351531153515351531153516351631163516351631163516351
190700170017001700170017001727172716271627162717371731173516351631153515351
53115351635173117351735163116351535153115351635163116351435133113351335133114351
43515311535143514311435133513311335133513311435143515311435133512311235123512311
23512351231133514351431153516351631163516351631163516351631163516351731173517351
222400160017001700170016001527142713271327122712271131113511351131123512351
33113351335143114351435143114351535143114351235113111351135113111351135123112351
23512311335143515311535153514311435133512311235123512311235123513311235123511311
13511351231133514351531153516351631163516351731173517351731173517351731173517351
240600170017001700170017001627152715271437142713271331123512351231133514351
53115351435133113351235133113351435153115351435143113351335123112351235123112351
23513311335143515311535153515311435133513311235123512311235123512311235123512311
33513351431143514351431153515351531143514351431153515351531163516351631163517351
255800180017001700160017001617162715271427142713271331133514351531153516351
63116351735173117351735163116351635163115351535143113351335123112351235123112351
23511311135123512311235123512311235123512311235123512311235123512311235123512311
23512351231123512351231123512351231123512351231133514351531163516351631163515351
260800180018001700160015001417142714271427142714271331143515351631163517351
73117351735173117351635163116351635163115351535143113351235123111351135113112351
23512311235113512311235133513311335133512311235123512311235123511311135113511311
13511351231123512351231123512351231123512351331143515351531153515351531163516351
280800180017001800170017001727172717271637163716271631163516351631163516351
63117351735173116351635163115351535143114351435143113351335123112351235123112351
23512311235123512311235123512311235123512311235123512311235123512311235123512311
23512351231133514351431143514351431143515351531153515351531163516351731173517351
299700170017001700160015001527152715271527162716271631173517351731173517351
73117351735173117351735173116351635153115351435133113351335133113351335133113351
33513311435143514311435143514311335123512311235133513311335123512311235123512311
23512351231133513351331143515351631163516351631173517351731173517351731163516351
434600170017001700160016001527142714271337123712371131123512351231113511351
23112351335143114351435143114351435143113351235113111351135113111351135113111351
13511311135113511311235123512311235113511311135113511311235123512311235133513311
33512351331133514351431153515351531153515351531153515351531153515351531153515351
460800180018001800170018001727163716371527142714271431143515351631163516351
63117351735173117351735173117351735173116351535143113351335133113351435143114351
33513311335133513311335123512311135113511311235123513311335123512311235123513311
33514351431143514351431143515351531143514351431143514351531153516351631163515351
481700160015001100100010001027112711271227122712271231123513351331123512351
23113351435153116351535153115351435143113351235123112351235133113351335133113351
33513311335143514311435153515311435133512311235113512311235133513311435143514311
43515351631163516351631163516351731173517351731173516351631163516351631163516351
497600160016001500120013001327122712271227122711271131113511351131113511351
13111351135113112351235133113351435143114351335133113351335133113351435133113351
23512311135113511311135113511311135113511311235123512311235123512311235123512311
23512351231133514351531163517351731173517351731173517351731173516351631163515351
510400150015001500150011001127102710271027113711271131113511351131113511351
13111351135113111351235123111351135113112351235133112351235113111351135113111351
13511311235123512311235123512311235123511311135113512311335143515311635153514311
33513351231133514351531163517351731163516351531143513351331133515351631163517351
579200130014001200100010001027102710271127112711271131113511351131113511351
13111351135113111351135113111351135113111351135113111351135113111351135113112351
23512311135113511311135113511311135113511311335143515311635173517311735173517311
73517351731173517351731173517351731173517351731173517351731173516351631163516351
588400120015001700140010001027102710271027102710271131113511351131113511351
13111351135113111351135113111351135113111351135113111351135113111351135113112351
23513311335123511311135113511311135113511311235133514311535163517311735173517311
73517351731173517351731173517351731173517351731173517351731173517351731173516351
621700170017001700170017001627152714271427142713271331133512351231123512351
23112351235123112351235123112351235123111351135113111351135113111351135113111351
13511311135123512311335143514311535153515311535143513311335123512311235123512311
23512351231133513351331143514351431153515351531153514351431143515351531143514351
630400150014001400140014001327122712271127112711271131113511351131113511351
13111351135113111351135113111351135113111351135113111351135113111351135113111351
13511311135113511311235133513311435143514311435143514311535153515311535163516311
53515351531153515351531153515351531153515351431143513351331143514351531163515351
643000110014001200120013001327122712271227122711371131113511351131113511351
13111351135113111351135113111351135113111351135113111351135113111351135113111351
13511311135113511311135113511311335143516311635173517311735173517311735173517311
73517351731173517351731173517351731173517351731173517351731173517351731173516351
645100120013001200120011001127112711271127112711371131113511351131113511351
13111351135113111351135113111351135113111351135113111351135113111351135113111351
13511311135113511311135113511311235123513311535163517311735173517311735173517311
73517351731173517351731173517351731173517351731173517351731173517351731173517351
650000100010001300110013001327132713271227122712271131113511351131113511351
13111351135113111351135113111351135113111351135113111351135113111351135113111351
13511311135113511311135113512311335143515311635173517311735173517311735173517311
73517351731173517351731173517351731173517351731173517351731163516351631163516351
675000100010001100120015001527152714271427132712371131113511351131113511351
13111351135113111351135113111351135113111351135113111351135113111351135113111351
13511311135113511311135113512311235133514311435153515311635173517311735173517311
73517351731173517351731173517351731173517351731173517351731173517351631163516351
690300150015001500150017001727163716371527153715371431143513351231123511351
13111351135113111351235123112351135113111351135113111351135113111351235123112351
33513311335133512311235123511311235123513311335143514311535153515311635163517311
73517351731173517351731173517351731173517351731173517351731173517351731173516351
747600160016001600160015001427142713271327132713271331123512351131113511351
13111351235123112351235123112351235123111351135113111351135113111351135113112351
23512311335133514311535153516311635163516311635173517311735163515311535153515311
53516351631153515351431143514351531153516351631163516351631163516351631163516351
