20160831171427
T2M TEDF  78  35 1
20160831172016083112
20160831172016083113
20160831172016083114
20160831172016083115
20160831172016083116
20160831172016083117
20160831172016083118
20160831172016083119
20160831172016083120
20160831172016083121
20160831172016083122
20160831172016083123
20160831172016090100
20160831172016090101
20160831172016090102
20160831172016090103
20160831172016090104
20160831172016090105
20160831172016090106
20160831172016090107
20160831172016090108
20160831172016090109
20160831172016090110
20160831172016090111
20160831172016090112
20160831172016090113
20160831172016090114
20160831172016090115
20160831172016090116
20160831172016090117
20160831172016090118
20160831172016090119
20160831172016090120
20160831172016090121
20160831172016090122
20160831172016090123
20160831172016090200
20160831172016090201
20160831172016090202
20160831172016090203
20160831172016090204
20160831172016090205
20160831172016090206
20160831172016090207
20160831172016090208
20160831172016090209
20160831172016090210
20160831172016090211
20160831172016090212
20160831172016090213
20160831172016090214
20160831172016090215
20160831172016090216
20160831172016090217
20160831172016090218
20160831172016090219
20160831172016090220
20160831172016090221
20160831172016090222
20160831172016090223
20160831172016090300
20160831172016090301
20160831172016090302
20160831172016090303
20160831172016090304
20160831172016090305
20160831172016090306
20160831172016090307
20160831172016090308
20160831172016090309
20160831172016090310
20160831172016090311
20160831172016090312
20160831172016090313
20160831172016090314
20160831172016090315
20160831172016090316
20160831172016090317
002 200   001 196   001 191   001 184   001 192   001 187   001 180   271
 174   571 172   671 173   771 175   871 176   871 174   771 173   771 172   771
 170   771 170   771 168   771 169   771 173   971 177  1071 184  1271 188  1371
 191  1571 192  1671 190  1571 188  1371 185  1271 182  1271 180  1171 176  1171
 172  1171 169  1071 166  1071 163  1071 162   971 161   971 160   971 161   971
 159   971 159   971 160   971 162   971 167  1071 174  1071 180  1171 187  1371
 192  1571 194  1771 194  1671 192  1471 188  1371 184  1371 180  1271 175  1271
 171  1171 167  1171 165  1071 165  1071 166  1071 167  1071 169   951 166   851
 163   811 160   851 158   951 159   911 164  1051 170  1151 178  1211 185  1451
 190  1651 193  1811 194  1751 195  1551 194  1411 193  1451 192  1351
005 232   001 231   001 232   001 219   001 209   001 198   001 182   171
 165   371 154   671 149   671 147   771 147   971 149   971 151   971 151   971
 151   971 152   971 153   871 158   871 167   971 178  1171 190  1271 200  1271
 208  1271 213  1271 214  1371 212  1571 207  1671 200  1571 191  1571 181  1371
 167  1271 154  1271 144  1171 138  1171 136  1071 135  1071 134  1071 132  1171
 130  1171 128  1171 128  1071 135  1071 149  1171 169  1171 189  1271 204  1271
 214  1171 221  1171 224  1271 223  1471 219  1571 212  1371 203  1471 191  1371
 177  1271 166  1271 157  1171 153  1171 152  1071 152  1071 154  1051 152  1151
 149  1111 146  1151 145  1051 150  1011 162  1151 179  1151 195  1211 207  1351
 216  1451 222  1511 226  1551 228  1651 227  1611 224  1551 218  1451
015 255   001 262   001 265   001 261   001 252   001 226   001 207   271
 192   571 179   671 167   971 158   971 153   871 151   871 150   871 149   971
 149   971 150   871 153   871 159   771 169   971 182  1271 196  1471 208  1371
 218  1271 227  1171 234  1271 237  1271 237  1371 232  1271 222  1271 209  1171
 195  1171 177  1071 165  1071 155  1071 149  1071 144  1071 140  1071 137  1071
 135  1071 133   971 134   971 141   871 156  1171 175  1371 194  1671 211  1571
 224  1471 232  1271 238  1371 241  1571 241  1671 237  1471 231  1471 221  1371
 208  1271 193  1071 182   971 174  1071 171  1071 168  1071 159  1051 157  1051
 154  1111 152  1051 152   951 158   811 170  1151 185  1351 200  1611 211  1651
 218  1551 224  1511 229  1751 233  1851 235  2011 235  1951 232  1751
027 236   001 235   001 232   001 227   001 226   001 210   001 192   471
 174   671 158   771 147   671 142   971 139  1171 137  1271 136  1271 134  1271
 132  1271 131  1171 131  1171 137  1071 150  1371 169  1471 189  1771 205  1571
 218  1571 227  1471 233  1471 234  1551 231  1571 222  1471 208  1371 193  1271
 177  1371 161  1471 148  1471 138  1471 132  1371 127  1371 124  1371 120  1471
 116  1471 111  1371 110  1371 118  1271 138  1471 164  1771 192  1971 213  1971
 227  1871 235  1771 238  1671 237  1771 232  1771 224  1671 213  1571 201  1471
 186  1571 171  1671 159  1771 151  1671 147  1571 143  1471 147  1251 144  1351
 139  1311 134  1351 132  1251 136  1211 149  1551 169  1851 189  2111 207  1951
 221  1851 232  1611 239  1751 242  1851 243  1911 241  1851 235  1751
070 264   001 267   001 266   050 265   001 266   001 263   001 247   371
 225   671 204  1371 188  1571 177  1571 168  1571 159  1571 150  1571 144  1671
 138  1671 138  1571 142  1371 151  1271 165  1271 182  1271 199  1171 214  1271
 230  1371 240  1671 249  1571 253  1571 253  1471 250  1371 243  1371 230  1271
 213  1371 193  1471 177  1671 165  1771 157  1771 151  1771 144  1771 137  1871
 134  1871 133  1771 137  1551 148  1471 168  1471 192  1571 213  1671 230  1571
 241  1671 250  1771 257  1671 262  1571 262  1571 257  1571 247  1571 234  1471
 219  1471 205  1471 192  1571 183  1671 176  1671 170  1771 164  1751 158  1851
 155  1811 156  1751 161  1651 171  1511 186  1551 203  1651 218  1611 229  1751
 238  1951 244  2011 249  2051 253  2051 255  1911 253  1951 248  1851
110 222   001 221   001 224   001 229   001 208   001 198   001 187   471
 177   571 167   871 158   771 151   871 146   871 144   971 139  1071 134  1071
 127  1171 124  1171 124  1171 129  1171 140  1171 156  1071 170  1071 180  1271
 188  1371 195  1471 203  1471 209  1271 210  1271 204  1271 195  1271 181  1271
 167  1071 154   971 145   771 141   871 139  1071 138  1171 137  1171 135  1271
 131  1271 126  1271 124  1171 128  1171 140  1171 156  1271 172  1271 184  1271
 192  1371 197  1271 200  1271 199  1371 196  1371 190  1371 183  1371 175  1271
 167  1171 162  1071 157   971 154  1071 152  1171 151  1271 148  1251 145  1351
 142  1311 139  1351 139  1351 143  1311 154  1251 168  1251 183  1111 196  1251
 205  1451 211  1511 213  1551 212  1651 208  1611 202  1551 195  1551
120 218   001 219   001 209   001 212   001 199   001 190   001 179   471
 168   471 158   671 149   671 146   871 145  1071 148  1171 147  1171 143  1071
 137  1071 132  1071 129   971 132   971 143   971 160  1071 178  1071 192  1271
 205  1371 212  1471 214  1571 213  1671 209  1771 203  1571 194  1471 183  1271
 170  1171 153  1271 141  1171 134  1271 131  1271 130  1371 130  1371 129  1271
 125  1271 120  1271 118  1171 123  1171 138  1171 161  1271 183  1271 201  1471
 213  1671 219  1871 218  1971 213  2071 206  2171 199  1971 192  1771 183  1571
 172  1471 162  1371 154  1271 150  1371 150  1371 150  1471 147  1251 145  1351
 142  1311 138  1351 137  1251 142  1211 156  1251 175  1251 194  1211 209  1451
 218  1551 224  1711 226  1951 225  2151 224  2311 223  2151 220  2051
130 260   001 271   001 271   001 277   001 271   001 249   001 228   271
 207   571 186   771 168   871 154   871 146  1271 142  1371 139  1371 138  1471
 135  1471 134  1471 135  1471 141  1471 155  1471 172  1271 191  1171 208  1271
 224  1371 237  1471 249  1571 257  1571 260  1671 257  1671 248  1571 234  1571
 214  1471 194  1271 175  1171 162  1271 154  1371 148  1471 143  1571 138  1571
 131  1671 124  1671 121  1571 129  1571 148  1571 176  1471 203  1471 223  1571
 237  1671 247  1771 254  1771 257  1871 256  1871 250  1871 241  1871 228  1771
 210  1671 191  1371 175  1271 164  1371 157  1571 151  1671 150  1551 145  1551
 139  1611 134  1651 132  1651 138  1611 154  1551 177  1551 200  1411 219  1551
 234  1551 245  1611 254  1851 260  1951 263  2111 262  2051 257  1951
145 255   001 254   001 272   001 266   001 271   001 268   001 254   271
 233   671 212  1071 192  1171 178  1071 170  1171 163  1071 156  1071 150  1071
 144  1071 141  1071 141   971 145   971 156   971 171   971 187   971 202  1071
 217  1171 229  1271 240  1271 247  1071 250  1071 250  1171 244  1171 235  1371
 221  1271 202  1271 187  1171 175  1171 168  1171 162  1171 157  1171 151  1171
 145  1171 139  1171 136  1171 141  1171 157  1271 179  1271 202  1371 220  1371
 233  1371 243  1371 251  1371 257  1471 261  1471 263  1571 261  1571 254  1671
 239  1471 221  1371 205  1171 196  1171 190  1171 185  1171 170  1151 164  1151
 158  1011 154  1151 153  1151 157  1211 168  1351 183  1351 199  1411 213  1451
 223  1551 232  1511 238  1551 243  1651 248  1611 252  1751 254  1951
149 271   001 275   001 280   001 280   001 265   001 261   001 249   271
 234   571 217   871 203  1771 190  1371 182  1371 172  1371 162  1371 153  1371
 147  1371 144  1271 147  1171 154  1071 165  1071 181   971 197   971 214   971
 229  1071 245  1171 255  1171 261  1271 263  1271 260  1271 252  1171 240  1171
 226  1171 212  1271 199  1271 189  1271 181  1371 173  1371 165  1471 155  1471
 148  1571 143  1471 142  1271 150  1171 167  1271 190  1371 213  1471 234  1471
 249  1571 261  1571 270  1671 276  1671 278  1771 276  1771 270  1671 261  1671
 246  1571 230  1471 216  1371 206  1371 199  1371 194  1371 177  1451 169  1451
 162  1411 159  1351 160  1251 167  1111 180  1351 196  1451 212  1611 226  1651
 236  1651 245  1611 252  1651 257  1751 261  1711 263  1751 262  1851
156 257   001 273   001 281   001 281   001 279   001 276   001 264   271
 248   471 230   671 215   871 203   971 194  1171 185  1171 179  1071 173  1071
 168   971 162   971 159   871 162   871 171   971 186   971 202  1071 218  1171
 233  1071 245  1271 254  1171 260  1171 262  1171 260  1171 254  1271 246  1271
 235  1271 223  1171 210  1071 200  1071 192  1171 186  1171 180  1171 175  1071
 168  1071 161   971 156   971 160   871 175  1071 195  1171 218  1371 236  1371
 249  1371 260  1471 267  1571 272  1571 274  1671 273  1671 269  1671 261  1671
 251  1471 238  1371 226  1171 218  1171 211  1171 205  1171 194  1151 186  1051
 179   911 172   951 169   951 172   911 182  1151 198  1351 214  1511 228  1551
 239  1551 247  1511 253  1651 257  1851 260  1911 263  1951 263  1951
168 277   001 267   001 272   001 268   001 267   001 271   001 256   371
 231  1271 204  1271 182  1471 168  1471 162  1471 158  1471 151  1471 143  1571
 136  1571 133  1471 134  1371 144  1271 162  1271 185  1171 206  1171 226  1371
 243  1571 254  1771 261  1671 264  1571 265  1471 264  1471 256  1471 242  1471
 219  1471 190  1571 167  1471 154  1471 150  1571 147  1571 141  1671 135  1671
 131  1771 130  1671 134  1471 146  1371 167  1471 193  1471 219  1571 240  1671
 255  1771 266  1871 272  1871 275  1771 276  1711 275  1751 270  1751 256  1711
 231  1651 202  1551 178  1411 166  1551 162  1551 160  1611 164  1751 157  1751
 152  1811 150  1751 154  1651 165  1511 184  1651 207  1651 227  1711 241  1851
 250  2051 256  2111 261  2151 265  2051 269  2011 272  2051 270  1951
180 271   001 269   001 276   001 275   001 271   001 262   001 247   671
 230  1271 215  1671 203  1571 192  1171 183  1271 175  1271 168  1271 162  1371
 158  1371 154  1271 155  1071 165   971 185   971 209  1071 230  1071 245  1171
 253  1371 259  1571 264  1471 267  1371 265  1371 257  1371 244  1471 230  1471
 213  1371 197  1471 184  1271 176  1271 169  1371 163  1371 157  1471 150  1471
 146  1571 145  1371 147  1171 156   971 172  1071 192  1271 213  1371 231  1571
 246  1771 257  1971 264  1871 266  1871 265  1711 260  1651 251  1551 238  1411
 222  1351 205  1351 190  1311 180  1451 174  1451 169  1511 167  1451 163  1451
 160  1511 158  1451 160  1251 169  1111 186  1251 208  1251 229  1311 245  1551
 255  1851 262  2011 266  2151 267  2151 264  2211 258  2251 248  2151
190 262   001 276   001 281   001 281   001 285   001 266   001 245   671
 226  1071 211  1371 201  1471 194  1071 188  1171 182  1171 177  1171 172  1171
 170  1171 169  1071 174   971 185   871 202  1071 223  1271 241  1471 253  1471
 261  1671 266  1571 274  1771 280  1971 279  2071 269  1871 253  1771 234  1671
 217  1571 201  1271 190  1171 180  1271 173  1271 166  1371 159  1371 155  1371
 151  1371 150  1271 154  1071 165   971 184  1171 207  1271 229  1471 246  1471
 258  1471 267  1571 275  1871 280  1971 280  2271 274  2071 261  1871 244  1671
 224  1571 204  1571 189  1371 180  1371 176  1371 172  1371 165  1351 160  1451
 157  1411 157  1351 163  1151 174  1011 192  1151 214  1351 236  1411 254  1451
 269  1551 280  1511 287  1851 289  2151 285  2411 273  2351 257  2151
222 285   001 287   001 289   001 285   001 276   001 266   001 247   471
 225   671 204   871 188  1271 177  1371 170  1371 164  1471 158  1471 154  1371
 149  1371 144  1271 142  1271 146  1171 160  1271 181  1471 202  1571 223  1571
 240  1671 255  1671 267  1771 274  2071 277  2171 273  1771 263  1871 250  1671
 231  1571 210  1671 194  1471 184  1471 180  1471 176  1471 170  1471 163  1471
 155  1471 148  1471 146  1371 152  1371 170  1471 194  1371 218  1471 236  1471
 249  1671 258  1671 264  1771 265  1871 262  1971 255  1971 243  1871 229  1771
 212  1671 197  1471 184  1371 176  1471 169  1471 165  1571 160  1351 157  1351
 153  1311 148  1351 147  1351 153  1311 170  1451 193  1551 216  1611 234  1751
 247  1751 256  1811 263  1951 266  2151 266  2211 261  2151 252  2051
240 276   001 284   001 274   001 290   001 286   001 283   001 269   771
 249   771 227  1071 208   971 194   971 182  1071 176  1071 169  1171 159  1271
 151  1371 144  1371 142  1271 149  1271 167  1171 194  1271 218  1171 237  1171
 253  1371 264  1471 272  1471 279  1371 282  1371 282  1271 277  1271 266  1371
 246  1271 226  1071 207   971 193  1071 183  1071 173  1171 166  1271 160  1471
 153  1571 146  1471 144  1471 152  1371 172  1371 201  1471 229  1471 251  1571
 267  1671 278  1771 284  1771 288  1871 288  1771 285  1671 279  1671 268  1671
 252  1571 234  1371 216  1271 203  1371 192  1271 184  1371 175  1351 168  1451
 160  1511 153  1551 151  1551 157  1511 174  1551 197  1551 220  1511 237  1651
 249  1651 259  1711 269  1751 277  1851 283  1811 284  1851 280  1751
255 266   001 272   001 272   001 268   001 272   001 275   001 265   271
 247   571 229   671 212  1171 198   971 188  1171 178  1371 170  1371 163  1371
 154  1371 147  1371 143  1271 149  1271 168  1371 194  1471 219  1471 240  1371
 253  1271 263  1171 271  1171 278  1171 281  1171 280  1071 274  1071 264   971
 248  1071 230  1071 212  1271 197  1271 186  1371 176  1471 168  1471 162  1571
 154  1571 146  1471 144  1451 151  1371 172  1571 201  1771 229  1971 249  1771
 264  1671 275  1571 284  1571 290  1471 293  1471 292  1371 287  1471 276  1371
 260  1371 242  1371 225  1371 211  1471 200  1571 191  1671 183  1651 177  1651
 170  1711 163  1651 160  1551 165  1411 181  1551 203  1751 225  1811 243  1851
 256  1751 266  1711 274  1751 281  1651 284  1611 284  1651 280  1651
260 283   001 283   001 284   001 282   001 274   001 267   001 251   371
 228   671 204  1071 183  1371 171  1571 165  2071 160  2171 152  2171 142  2071
 133  2071 129  1971 132  1771 146  1671 172  1471 203  1471 229  1271 247  1171
 258  1371 264  1271 272  1271 279  1271 282  1271 279  1271 270  1371 252  1271
 227  1571 199  1871 176  2171 161  2171 153  2171 147  2271 142  2271 136  2371
 131  2371 127  2171 130  1971 143  1771 169  1771 201  1871 231  1771 252  1771
 264  1771 273  1671 281  1671 289  1671 293  1671 291  1671 281  1571 263  1671
 235  1871 204  1971 178  2171 162  2271 155  2271 151  2371 161  2351 154  2451
 149  2511 146  2351 149  2051 161  1811 183  1851 209  1751 234  1711 251  1751
 262  1851 270  1811 278  1851 284  1851 289  1811 291  1851 286  1951
280 279   001 281   001 286   001 280   001 276   001 271   001 257   371
 240   671 223  1171 210  1271 199  1271 191  1171 184  1271 177  1271 171  1271
 166  1271 162  1271 163  1171 172  1171 191  1271 215  1371 237  1371 254  1371
 265  1371 272  1371 279  1371 282  1471 281  1471 274  1371 262  1271 247  1271
 229  1271 213  1371 199  1271 188  1271 181  1271 174  1271 167  1271 159  1371
 153  1371 151  1371 154  1271 163  1271 180  1371 201  1271 222  1371 240  1471
 254  1371 265  1471 272  1571 276  1571 275  1771 270  1571 260  1571 247  1371
 231  1371 215  1371 200  1471 188  1471 179  1471 172  1471 173  1351 167  1451
 162  1411 161  1451 165  1351 175  1311 192  1451 213  1551 235  1611 254  1651
 268  1651 278  1611 283  1851 284  1951 282  2111 278  1951 270  1851
299 271   001 279   001 287   001 283   001 269   001 275   001 261  1071
 236  1571 211  1471 192  1371 180  1471 176  1471 174  1471 172  1371 169  1371
 167  1271 165  1171 166  1171 173  1071 189  1071 210  1071 229  1071 244  1171
 254  1271 264  1471 272  1571 276  1571 276  1771 269  1771 254  1771 237  1771
 215  1671 194  1571 177  1471 169  1571 164  1671 162  1671 159  1571 155  1571
 151  1471 148  1371 150  1271 158  1171 176  1171 199  1171 222  1171 241  1271
 255  1471 266  1671 273  1771 277  1851 276  1911 270  1951 259  1951 242  1911
 220  1751 198  1551 181  1211 172  1351 169  1651 167  1711 159  1651 157  1651
 154  1611 153  1551 157  1451 168  1311 189  1351 216  1351 241  1311 261  1551
 274  1751 283  1911 287  2051 287  2151 283  2211 274  2251 260  2151
434 253   001 260   001 267   001 256   001 262   001 258   001 246   371
 231   571 216   671 205   671 196   871 191  1071 183  1071 177  1071 171  1171
 166  1171 159  1271 155  1271 160  1371 176  1571 201  1771 224  1971 243  1771
 254  1671 264  1471 270  1571 274  1571 275  1571 273  1471 267  1471 256  1371
 244  1371 230  1371 217  1171 207  1171 200  1271 194  1271 187  1271 181  1271
 174  1271 166  1371 162  1371 165  1471 180  1671 200  1971 222  2071 240  2071
 252  2071 263  1971 273  1971 280  2071 283  1971 280  1771 273  1771 263  1671
 250  1571 237  1471 225  1371 214  1371 206  1371 199  1371 186  1351 181  1351
 175  1411 170  1451 167  1551 170  1511 181  1651 197  1851 215  1911 231  1951
 244  1851 257  1811 269  1851 278  1951 283  1911 282  1951 275  1951
460 284   001 285   001 296   001 298   001 284   001 275   001 261   371
 244   571 228   771 214  1071 202  1171 194  1371 188  1471 182  1471 176  1371
 167  1371 161  1271 159  1171 165  1071 183  1171 209  1371 233  1471 251  1471
 263  1471 272  1471 279  1671 283  1671 284  1771 279  1571 270  1371 255  1271
 236  1371 218  1571 200  1671 188  1671 179  1571 173  1571 167  1571 161  1471
 154  1471 147  1371 144  1271 149  1171 166  1371 191  1471 216  1671 238  1771
 256  1971 269  1971 280  2071 285  2071 286  2171 281  1871 273  1671 260  1371
 243  1371 227  1471 211  1471 197  1571 187  1471 179  1471 188  1451 183  1551
 179  1511 176  1451 177  1251 185  1111 200  1351 221  1551 241  1711 258  1951
 272  2051 284  2211 294  2351 300  2451 302  2511 299  2351 290  2051
481 284   001 291   001 305   001 296   001 294   001 286   001 274   271
 260   671 247   771 234   771 223   671 215   871 210   971 206   871 201   871
 195   771 188   771 185   871 188   871 202   971 219  1271 239  1371 253  1371
 265  1371 272  1371 277  1371 279  1271 278  1271 273  1171 266  1271 255  1371
 242  1371 230  1271 217  1171 207  1171 199   971 192   971 186   971 180   871
 174   871 168   871 165   971 169   971 182  1171 201  1271 221  1471 238  1571
 252  1471 262  1571 268  1471 271  1471 271  1371 269  1571 263  1571 255  1571
 243  1471 229  1171 218   971 210  1071 204  1071 200  1071 202   851 196   851
 191   711 187   851 187   951 193  1011 208  1251 227  1451 247  1611 264  1651
 277  1751 288  1711 296  1751 301  1851 303  1811 300  1951 293  1951
497 255   001 278   001 266   001 248   001 220   001 214   001 204   371
 193   571 182   571 173   671 168   871 163  1071 160   971 153  1071 146  1071
 139  1171 131  1171 129  1271 137  1271 159  1271 190  1371 219  1371 241  1571
 257  1771 270  1971 282  2171 288  2171 285  2071 268  1971 244  1671 220  1671
 203  1571 191  1371 182  1271 172  1071 163  1071 155   971 148  1071 142  1071
 135  1171 128  1171 126  1271 133  1271 155  1271 184  1371 215  1371 241  1571
 261  1771 276  1971 285  2171 288  2271 282  2471 265  2071 243  1771 220  1471
 202  1371 189  1371 178  1271 168  1171 160  1171 153  1071 148  1051 142  1151
 136  1111 132  1151 134  1151 144  1111 165  1151 193  1151 222  1111 246  1451
 265  1651 278  1911 286  2151 287  2351 280  2511 265  2151 245  1651
510 283   001 293   001 291   001 306   001 304   001 290   001 274   571
 256   671 237   771 218   771 204   871 194   971 189   971 186   971 179  1071
 172  1071 164  1071 160  1071 166  1071 187  1071 219  1071 250  1071 272  1171
 288  1271 297  1371 303  1371 305  1471 305  1471 302  1371 293  1371 279  1271
 258  1171 235  1071 214   971 199   971 190  1071 184  1071 177  1171 172  1171
 165  1271 155  1271 151  1171 158  1171 181  1271 214  1471 247  1571 273  1671
 292  1771 304  1771 311  1871 313  1971 312  2071 309  1971 303  1871 290  1771
 270  1671 245  1371 224  1271 209  1271 200  1171 194  1171 182  1151 176  1151
 170  1211 163  1251 161  1351 167  1311 186  1351 212  1451 239  1411 262  1651
 279  1751 293  1911 303  2051 310  2251 313  2311 312  2351 307  2251
579 306   001 317   001 324   001 325   001 323   001 299   001 280   271
 264   471 249   571 234   771 221  1071 212  1171 203  1371 195  1571 186  1671
 182  1871 180  1671 185  1471 198  1271 220  1171 247  1071 273  1071 296  1171
 311  1371 321  1471 326  1471 327  1471 324  1471 317  1271 307  1071 294   971
 280   971 264   971 251   971 242  1071 234  1271 228  1371 222  1571 214  1671
 209  1871 203  1671 202  1371 209  1171 227  1271 251  1271 275  1371 296  1471
 311  1471 321  1571 327  1671 329  1671 327  1771 320  1571 306  1471 289  1371
 269  1271 247  1171 230  1071 218  1171 209  1371 203  1471 205  1651 198  1851
 191  1911 187  1751 188  1551 199  1311 221  1351 249  1351 277  1311 300  1451
 317  1551 329  1611 336  1751 338  1951 334  2011 325  1851 312  1751
588 289   001 264   001 287   001 283   001 232   001 224   001 217   371
 210   571 203   771 194   871 183  1171 174  1471 169  1571 163  1571 155  1671
 150  1671 144  1471 145  1271 157  1071 180  1071 212   971 243  1071 267  1171
 283  1271 294  1371 300  1571 301  1871 298  1971 287  2071 273  2071 256  2171
 239  1971 221  1771 206  1571 193  1571 183  1671 175  1671 170  1671 165  1671
 157  1671 150  1471 147  1371 155  1171 177  1071 208  1071 241   971 268  1071
 288  1271 299  1371 305  1771 304  2171 298  2571 289  2371 277  2271 263  2071
 246  1871 229  1771 212  1571 198  1571 187  1671 178  1671 176  1651 170  1651
 164  1511 159  1451 160  1251 169  1111 190  1051 219  1051 249   911 275  1051
 294  1251 307  1311 313  1751 312  2251 307  2611 298  2551 286  2351
621 254   001 264   001 264   001 253   001 252   001 244   001 230   271
 214   671 199   871 188   971 181  1371 177  1371 173  1471 168  1571 164  1671
 159  1771 154  1571 153  1371 158  1171 173  1271 194  1371 214  1571 231  1471
 244  1471 256  1371 265  1471 273  1371 277  1471 277  1471 268  1571 254  1671
 230  1471 208  1371 187  1271 178  1271 175  1371 174  1371 170  1471 164  1571
 155  1671 149  1471 148  1371 157  1171 178  1371 206  1571 232  1871 250  1771
 262  1771 271  1671 279  1671 286  1671 289  1771 288  1771 281  1671 267  1671
 245  1471 220  1271 200  1271 190  1271 186  1371 184  1371 184  1451 178  1451
 172  1511 166  1451 165  1251 172  1111 191  1451 216  1651 241  1911 261  1951
 275  2051 286  2011 295  2051 301  2151 304  2111 303  2151 296  2051
630 285   001 293   001 297   001 302   001 299   001 294   001 282   671
 267   671 252   671 238   571 224   771 210   871 198   971 189   971 183   971
 176   971 169   971 166   871 171   871 187   871 211   871 235   971 256  1071
 271  1071 284  1071 294  1171 301  1171 303  1171 300  1171 292  1171 281  1271
 266  1071 251   871 236   671 222   771 211   871 201   971 192   971 184   971
 175   971 166   971 162   971 168   971 187  1071 214  1371 241  1471 262  1471
 279  1471 292  1471 304  1471 313  1271 317  1271 314  1471 306  1571 293  1671
 278  1471 261  1171 244   971 228  1071 214  1071 202  1171 200  1051 195  1151
 190  1111 184  1151 181  1051 186  1011 202  1151 226  1251 249  1311 267  1451
 282  1551 295  1611 308  1651 319  1651 326  1611 326  1751 319  1751
643 274   001 269   001 272   001 258   001 267   001 259   001 251   471
 243   871 234   771 226   971 218   971 213  1171 208  1271 206  1271 204  1171
 199  1171 192  1071 189  1071 198   971 222  1071 255  1271 281  1371 297  1471
 305  1571 307  1571 307  1571 306  1371 303  1371 296  1371 287  1271 277  1271
 266  1271 255  1171 247  1171 239  1271 234  1271 228  1371 220  1371 213  1371
 205  1371 198  1271 198  1171 207  1071 229  1171 256  1271 281  1371 296  1371
 303  1471 305  1471 305  1471 303  1671 299  1771 291  1571 279  1471 267  1371
 256  1271 245  1271 237  1271 231  1271 225  1371 220  1371 219  1451 214  1351
 208  1311 202  1251 201  1251 211  1111 234  1251 263  1351 288  1411 302  1451
 307  1451 308  1411 309  1551 309  1751 304  1811 293  1751 278  1551
645 319   001 326   001 320   001 314   001 306   001 291   001 274   571
 258   671 242   871 230   771 221   971 215  1171 209  1271 205  1271 201  1371
 195  1371 194  1171 198  1071 211   871 235  1071 264  1471 289  1671 308  1571
 320  1571 327  1471 331  1571 331  1571 327  1671 318  1571 304  1371 288  1271
 275  1371 261  1171 249  1171 239  1271 232  1371 226  1471 221  1371 217  1371
 212  1271 207  1171 207   971 215   871 237  1171 265  1471 291  1771 310  1671
 320  1571 328  1471 332  1571 333  1771 329  1971 319  1871 304  1571 286  1571
 266  1471 247  1271 232  1271 221  1371 214  1371 209  1471 214  1451 210  1351
 207  1311 205  1251 207  1151 219  1011 243  1251 272  1551 299  1711 317  1651
 328  1651 335  1511 340  1751 343  2051 339  2211 328  2151 310  1951
650 301   001 304   001 309   001 302   001 292   001 282   001 272   271
 262   371 254   571 247   671 240   671 232   871 226   971 220  1171 214  1271
 208  1471 206  1271 207  1071 214   871 229   971 247   971 267  1071 287  1071
 303   971 315   971 320  1071 319  1071 314  1171 305  1071 294   971 285   971
 274   971 263   871 254   871 245   971 237   971 232  1071 226  1171 220  1371
 214  1471 209  1271 208   971 214   771 230   971 250   971 271  1171 290  1071
 302   971 311   871 314   971 312  1071 306  1071 297  1071 286  1071 274   971
 262   971 251   871 241   971 233   971 227  1071 221  1071 219  1151 213  1251
 207  1311 204  1151 205   851 213   611 229   851 251   951 274  1111 294  1151
 310  1051 320  1011 323  1151 320  1151 312  1211 300  1151 287  1151
675 312   001 309   001 297   001 285   001 250   001 246   001 244   471
 242   771 234   771 222   871 211  1171 200  1371 195  1571 190  1671 184  1771
 176  1871 167  1771 165  1571 175  1471 201  1271 235  1071 267   871 289  1071
 301  1171 307  1371 310  1471 310  1471 307  1571 300  1671 288  1771 274  1871
 256  1671 236  1571 219  1371 206  1471 197  1571 190  1671 183  1771 177  1771
 170  1871 163  1771 161  1671 172  1571 199  1471 235  1471 269  1371 293  1471
 307  1471 313  1571 314  1671 312  1771 306  1871 298  1771 286  1771 272  1671
 254  1571 237  1371 220  1271 208  1371 199  1371 191  1471 190  1551 183  1751
 175  1811 166  1751 163  1751 172  1611 198  1551 234  1551 269  1411 295  1551
 311  1651 319  1711 321  1751 318  1751 311  1711 300  1751 287  1651
690 272   001 280   001 282   001 284   001 279   001 272   001 264   271
 256   471 251   571 247   571 244   671 240   771 236   771 233   771 230   771
 227   771 223   771 223   771 227   771 239   771 254   971 266   971 272   971
 273   971 272   871 272   871 272   871 270   871 266   871 259   771 253   771
 248   671 245   671 241   571 239   671 236   671 233   771 230   771 227   771
 224   771 221   771 222   771 226   771 236   871 247   871 258   971 264   971
 267  1171 267  1211 266  1051 264  1051 261   911 258   851 256   751 253   711
 250   751 246   651 242   611 238   651 234   751 231   711 225   751 222   751
 219   711 217   751 219   851 224   811 234   951 247   951 257  1011 262  1051
 263  1151 263  1111 264  1051 264  1051 263   911 259   951 253   851
747 291   001 288   001 293   001 294   001 286   001 281   001 269   971
 255   971 243   971 234   871 229  1071 226  1171 226  1271 226  1371 223  1471
 217  1571 215  1571 215  1471 222  1471 237  1571 258  1571 276  1571 289  1471
 298  1371 301  1271 302  1471 302  1671 299  1971 296  1871 290  1671 283  1571
 274  1371 263  1271 254  1071 246  1171 239  1171 235  1271 230  1371 224  1471
 219  1571 213  1571 210  1551 216  1571 232  1571 254  1771 275  1771 288  1671
 297  1471 299  1371 298  1671 295  1971 290  2271 286  1971 281  1771 273  1571
 263  1471 251  1271 240  1171 234  1271 229  1271 225  1371 228  1451 225  1551
 222  1611 220  1651 222  1551 230  1511 246  1551 266  1651 286  1611 301  1551
 310  1551 314  1411 314  1851 311  2151 306  2511 300  2251 292  2051
NT  TEDF  78  35 1
20160831172016083112
20160831172016083113
20160831172016083114
20160831172016083115
20160831172016083116
20160831172016083117
20160831172016083118
20160831172016083119
20160831172016083120
20160831172016083121
20160831172016083122
20160831172016083123
20160831172016090100
20160831172016090101
20160831172016090102
20160831172016090103
20160831172016090104
20160831172016090105
20160831172016090106
20160831172016090107
20160831172016090108
20160831172016090109
20160831172016090110
20160831172016090111
20160831172016090112
20160831172016090113
20160831172016090114
20160831172016090115
20160831172016090116
20160831172016090117
20160831172016090118
20160831172016090119
20160831172016090120
20160831172016090121
20160831172016090122
20160831172016090123
20160831172016090200
20160831172016090201
20160831172016090202
20160831172016090203
20160831172016090204
20160831172016090205
20160831172016090206
20160831172016090207
20160831172016090208
20160831172016090209
20160831172016090210
20160831172016090211
20160831172016090212
20160831172016090213
20160831172016090214
20160831172016090215
20160831172016090216
20160831172016090217
20160831172016090218
20160831172016090219
20160831172016090220
20160831172016090221
20160831172016090222
20160831172016090223
20160831172016090300
20160831172016090301
20160831172016090302
20160831172016090303
20160831172016090304
20160831172016090305
20160831172016090306
20160831172016090307
20160831172016090308
20160831172016090309
20160831172016090310
20160831172016090311
20160831172016090312
20160831172016090313
20160831172016090314
20160831172016090315
20160831172016090316
20160831172016090317
002000100014001400110010001027112712271327132714271431143514351531153515351
53114351435143114351435143114351335123111351135123112351335143114351435143114351
43515311535153514311435153515311635163516311535143514311435143515311535153515311
63516351631163515351531153515351431143514351531153515351531153515351531153516351
005200100011001000110010001127112712271327132714371431153514351431153515351
63116351635163115351535143113351335123111351135113112351335143114351435133113351
43514311435143514311335133514311435143515311435143514311435143514311535153515311
53516351631153515351531153514351431143514351431143514351431143514351531153515351
015700160013001100120015001427132713271327133714371431143514351431153516351
63116351635163115351535153115351535143113351235123111351235123113351435143114351
43514311435143514311435143513311235123512311335143515311535153515311535153515311
53515351531153515351531153515351531153515351531153515351431143514351431143514351
027100110012001100110010001127112712271227132713371431143514351431143515351
63115351535143114351435143113351235123112351235123113351335143115351535153115351
53514311435143513311335133513311435143514311535153515311535153515311535153515311
53515351531153515351531153515351631163516351631153515351431143514351531153515351
070500170017001600130013001227122711271127112711271131123513351431143514351
43114351435143114351335133113351435143113351235123111351135113111351135113111351
13512311335143515311535153514311435133513311335133514311435143514311435143514311
43514351431143514351531153515351531153515351531153515351531153515351431143513351
110200130012001300130015001527152715271427142714271431153515351631163516351
53115351535143113351335133113351335133113351335133114351435143114351435143115351
63516311635153515311535153516311635163516311635173517311735163516311635163516311
63516351631163516351631163516351631163515351431133513351231123512351331143516351
120000100011001000120010001127112712271327132714271431143515351531153515351
53114351335133113351235123112351235123112351235123112351335133114351535153116351
53515311535153515311635163516311635153515311435133513311435163517311635153515311
53515351631163516351631163516351631153515351431133512351231123513351331143515351
130000100011001000100010001127112711271127122713271431143515351531163515351
53114351335133112351235123112351235123112351235123112351335143114351335133113351
33513311335143514311435143514311335123512311235123513311435143514311535153515311
53514351431153515351531153516351631153515351531143514351331143514351431143514351
145500150015001300120011001127112712271227122712271131113511351231133514351
43114351335123112351335143114351435133113351235123112351135113112351235123112351
23512311235133513311335133513311335133513311435143515311535143514311435143514311
43514351431143514351431143515351531163516351631163515351431143514351431133513351
149600160015001400130012001227112712271227122711371131113511351231133514351
53114351335123112351335143114351435143113351335123111351135113112351235123112351
23512311235123513311335133513311335133513311435143515311535153514311435143514311
43514351431143514351431143515351531163516351731163515351431143514351431143514351
156600160015001400130012001227112712271227122712371131113511351231133515351
53114351335123112351335143114351435143113351335123111351135113112351235123112351
23512311235133513311335133513311335133513311435143515311535143514311435143514311
43514351431143514351431143515351531163516351731163515351431143514351431143514351
168300170017001700160011001117112711271127112711271131113511351131113512351
23113351535153114351335123112351335143114351435143113351235113111351135113111351
13511311235123513311335143514311335133512311235123512311335143514311435143514311
33513351331133513351431153515351631163516351631153515351531163516351631153514351
180700170017001700170016001627152715271527162715371531143512351131113512351
33113351335123113351335133113351335133114351435143113351335123111351135113112351
23512311235123512311235123512311235133513311335133513311335143514311435133513311
33513351331143514351531153514351431143514351431143514351431143514351531153514351
190000100010001000100011001127122712271227122712371231123513351331133513351
33112351235123112351235133112351235123113351335143114351335123112351135113111351
23512311235123512311235133513311335123512311235133513311335133513311335133513311
33513351331133513351431133513351231133513351431133513351231133514351431143514351
222400150012001100100010001127112711271127112711271131113511351231123513351
33113351335133113351235123112351135113111351135113112351235133114351435143113351
23512311235123513311335143514311435143514311335123512311235133514311435143514311
43514351431153515351531153515351531153516351531153514351331133513351331133513351
240600160014001400120010001027102710271037112711271131113511351231123512351
33113351235123112351335133114351435143114351235113111351135113111351135123112351
23512311335133514311435143514311335123512311335143514311535153515311535153515311
43514351431143514351531153515351531153515351431143514351331133514351431143514351
255600170017001500130014001317122712271127112711271131113511351131123512351
23113351335133113351235123112351335143114351335113111351135113111351135113112351
23512311235123512311235123512311235123512311335133513311335133514311435143514311
43514351431143515351531153515351531143514351431143514351431143514351431143513351
260600170017001600150011001117112711271027102711271131113511351131113512351
23112351235123112351335133113351235123111351135113111351135113111351135113111351
13511311135113512311235133514311435133513311335133513311335133513311335133514311
43514351431143513351331143515351631163516351531153514351431143514351431133512351
280200140016001600150016001627162715271537143713271331123511351131113511351
13111351135113112351235133113351335133113351235123112351135113111351135113111351
13511311135113511311135113511311235123512311335133514311435133513311335133513311
33513351331143514351331133513351331133514351531153514351431143514351431143514351
299000110012001400150016001627152715271527142714271331133513351331133513351
23112351235123112351235123112351235123112351235123111351135113111351135113111351
13511311235123512311235123511311135113511311235123512311235123512311235123512311
23512351231123512351231123512351231123512351131113511351231133513351431143514351
434700180017001700130010001027102710271037103711371131113511351131113511351
13111351135113112351235133113351335133112351235123111351135113111351135113111351
13511311235123512311135113512311235123513311235123511311235133514311435143514311
43514351431143514351431143514351431143514351431133513351331123512351231113511351
460500140013001300120013001327133714371427132712271131113511351131113512351
23111351135113112351235123112351335133112351235113111351135113111351135113111351
13511311235123512311235123512311235123512311235123512311235123512311235123512311
23513351331133514351431143514351431133513351331133513351331133514351331133512351
481100110012001200100010001127112711271227122712271231123512351231123512351
13111351135113111351135113111351135113111351135113111351135113111351135113111351
13511311135113511311135113511311135113512311135113511311235123512311335133513311
33513351331133514351431133513351331123512351231123512351231133513351331133513351
497700170017001700180017001627152714271327132713271231133513351331133514351
43114351435143114351435143114351335133113351335123113351335133112351235113111351
13511311135113511311135113511311235123512311335133513311335133512311235133513311
33513351331133513351331133513351231123512351231123512351331133514351431143513351
510400130014001300100010001027102711271127113711271131113511351131113511351
13111351135123112351235123112351335133112351235113111351135113111351135113111351
13511311135123512311235123513311235123512311235133513311435143514311435143514311
43514351431143514351431153515351531153514351331133513351231123512351231113511351
579300110011001100120013001327132713271327122712271131113511351131123512351
13111351135113111351135113111351135113111351135113111351135113111351135113111351
13511311135113511311135113511311135113511311135113511311135123512311235123512311
33513351331133514351431143514351431143514351431133513351331133513351431143514351
588500160016001700170017001627152714271327132712271131113511351131113511351
13111351135113111351135113111351135113111351135113111351135113111351135113111351
13511311135113511311135113511311135113511311135123512311235123511311135113511311
13511351231123513351331133513351431143514351431143513351231133513351331133513351
621300150017001700170018001827172717271627152715271431143514351331143514351
43114351435143113351335133113351335133112351235123111351135113111351135113111351
13511311135113511311135113511311135123512311235123512311235123512311235133513311
33513351331133513351331133514351431143514351331133513351331133514351431133512351
630000100010001000100010001027102711271127112711271231123512351231123512351
23112351135113111351135113111351135113111351135113111351135113111351135113111351
13511311135113511311135113511311135113511311135113511311135113511311135113511311
23512351231133513351331133513351331123512351231123512351231123512351231123513351
643300120012001200100010001027102711271127112711371131113511351131113512351
23111351135113111351235123112351135113111351235123112351235113111351135113111351
13511311135113511311135113511311135113511311135113511311135113511311135113511311
23512351331133513351431143514351331133512351231123512351331133513351331133513351
645300120012001100100011001127112711271127112711371131113511351131113512351
23111351135113111351135113111351135113111351235123112351135113111351135113111351
13511311135113511311135113511311135113511311135113511311135113511311135123512311
33513351331133513351431143514351431143514351331133513351431143514351431143514351
650100100010001000100010001027102710271127112711271131113511351131113511351
13111351235123112351135113111351135113111351135113111351135113111351135113111351
13511311135113511311135113511311135113511311135113511311135113511311135113511311
13511351131123513351331133513351331143514351431143513351331143514351531153515351
675300140014001300170017001627152715271427132712371131113511351131113511351
13111351135113111351135113111351135113111351135113111351135113111351135113111351
13511311135113512311235123512311235123511311135113512311235123512311135113511311
13511351131113511351231133513351431143514351431143514351431153515351531153515351
690000100010001000120013001327133712371227123712371131113511351131113511351
13111351135113112351235123112351235123112351135113111351135113111351135113112351
23513311335133514311435143513311335123512311235123513311335133513311335123512311
23512351231123513351331143514351531153515351531153515351531153515351531153515351
747100110011001000100010001027102711271127112711271131113511351131113512351
23112351235123112351335133113351235123112351135113111351135113111351135113111351
13511311135113511311135113511311135113511311135113511311135113511311135113511311
13511351131113511351131123513351331133512351231123513351331143514351431143514351
