20160116161432
T2M TEDF  78  35 1
20160116162016011611
20160116162016011612
20160116162016011613
20160116162016011614
20160116162016011615
20160116162016011616
20160116162016011617
20160116162016011618
20160116162016011619
20160116162016011620
20160116162016011621
20160116162016011622
20160116162016011623
20160116162016011700
20160116162016011701
20160116162016011702
20160116162016011703
20160116162016011704
20160116162016011705
20160116162016011706
20160116162016011707
20160116162016011708
20160116162016011709
20160116162016011710
20160116162016011711
20160116162016011712
20160116162016011713
20160116162016011714
20160116162016011715
20160116162016011716
20160116162016011717
20160116162016011718
20160116162016011719
20160116162016011720
20160116162016011721
20160116162016011722
20160116162016011723
20160116162016011800
20160116162016011801
20160116162016011802
20160116162016011803
20160116162016011804
20160116162016011805
20160116162016011806
20160116162016011807
20160116162016011808
20160116162016011809
20160116162016011810
20160116162016011811
20160116162016011812
20160116162016011813
20160116162016011814
20160116162016011815
20160116162016011816
20160116162016011817
20160116162016011818
20160116162016011819
20160116162016011820
20160116162016011821
20160116162016011822
20160116162016011823
20160116162016011900
20160116162016011901
20160116162016011902
20160116162016011903
20160116162016011904
20160116162016011905
20160116162016011906
20160116162016011907
20160116162016011908
20160116162016011909
20160116162016011910
20160116162016011911
20160116162016011912
20160116162016011913
20160116162016011914
20160116162016011915
20160116162016011916
002  45   001  48   001  52   001  56   001  54   001  50   001  44   271
  39   471  35   571  32   571  29   671  26   771  26   771  25   871  23   871
  20   971  18   971  18   971  20  1071  20  1071  19  1171  17  1171  17  1271
  21  1171  26  1071  32   971  35   971  36   971  35   971  32   971  27   971
  23   971  20   971  19   871  17   871  15   971  13   971  10  1071   8  1171
   6  1171   4  1271   3  1271   1  1271  -1  1271  -5  1271  -8  1271  -7  1271
  -2  1171   6  1171  12  1071  15  1171  15  1171  13  1271  10  1271   7  1171
   5  1171   3  1071   1  1071   0   971  -1  1071  -3  1071  -4  1171  -5  1171
  -6  1271  -6  1271  -7  1271  -6  1371  -6  1311  -6  1451  -5  1451  -1  1511
   8  1451  19  1351  27  1211  30  1351  28  1351  26  1411  25  1451
005  42   001  50   001  59   001  63   001  55   001  42   001  32   271
  26   371  22   371  20   671  17   771  14   771  13   771  12   771  10   871
   9   871   7   971   7   971   7   971   8   971   7   971   6  1071   9  1071
  17  1071  27  1071  36  1071  40  1071  40  1071  37  1071  31  1071  24   871
  19   871  14   871  13   971  10   971   7   971   3   971   0   971  -1  1071
  -3  1071  -4  1171  -5  1171  -7  1171  -9  1171 -13  1171 -16  1071 -14  1071
  -7  1071   2  1171  10  1171  11  1171   9  1171   6  1171   2  1171   0  1071
  -2  1071  -3  1171  -5  1171  -7  1271  -9  1271 -11  1171 -13  1171 -14  1171
 -14  1271 -12  1271  -9  1371  -7  1371  -7  1471 -10  1471 -13  1451 -11  1411
  -1  1451  13  1551  25  1511  30  1451  30  1451  26  1311  22  1351
015  47   001  61   001  57   001  67   001  55   001  40   001  29   371
  21   471  15   471  12   771  12   871  11   871  11   871  10   871   8   871
   5   871   2   871   0   871  -1   971  -3   971  -5   851  -6   871  -2   771
   7   771  20   871  31   871  37   871  37   771  31   771  20   771   7   871
  -3   871  -8   871  -9   971  -9   971 -11   971 -15  1071 -17  1071 -20  1071
 -22   971 -23   971 -22   971 -23   971 -25   971 -28   971 -31   971 -29   971
 -22   971 -12   971  -4   971   0   871   0   771  -3   771  -9   871 -14   871
 -19   971 -20   971 -19  1071 -19  1071 -20  1171 -23  1271 -25  1271 -26  1271
 -26  1371 -27  1371 -28  1371 -29  1371 -30  1371 -31  1351 -30  1251 -25  1211
 -16  1251  -5  1251   5  1211  10  1251  12  1251  11  1211   8  1351
027  52   001  59   001  61   001  63   001  58   001  44   001  28   271
  14   571   6   671   4   771   4   771   4  1071   4  1171   5  1171   6  1171
   8  1271   9  1271  10  1271  10  1371  12  1371  15  1371  20  1271  27  1171
  36  1171  45  1071  52  1071  57  1071  57  1071  53   971  47   971  38   971
  32   971  27  1171  25  1271  23  1271  20  1271  18  1371  17  1371  17  1371
  18  1371  17  1371  13  1371   8  1371   2  1371  -2  1371  -4  1271  -1  1371
   6  1271  17  1271  27  1071  34  1071  37  1171  35  1171  29  1171  20  1271
  14  1271  12  1371  12  1371  12  1471  12  1571  10  1571   9  1671   9  1671
  10  1771  12  1771  14  1771  15  1871  16  1871  16  1771  18  1751  22  1611
  29  1551  37  1351  44  1211  48  1251  49  1251  47  1211  41  1351
070  32   001  34   001  37   001  38   001  42   001  32   001  23   471
  15   671   9   971   6  1471   4  1671   1  1671  -2  1571  -3  1571  -3  1571
  -2  1571  -3  1571  -4  1571  -6  1571  -7  1571  -7  1471  -5  1371  -1  1271
   4  1271  11  1171  19  1171  24  1171  26  1071  22   871  11  1071  -4  1271
 -17  1471 -25  1571 -27  1671 -29  1971 -33  1971 -39  1971 -42  1771 -45  1771
 -47  1871 -49  1871 -50  1771 -50  1771 -49  1671 -44  1571 -37  1571 -29  1471
 -19  1371 -11  1271  -4  1271  -1  1171  -2   971  -6   871 -13  1071 -20  1371
 -27  1571 -29  1671 -31  1771 -32  1971 -35  2071 -38  2171 -41  2171 -43  2171
 -43  2171 -42  2071 -41  2071 -40  2071 -38  2071 -35  1951 -31  1851 -25  1711
 -16  1651  -7  1651   1  1611   6  1451   8  1351   7  1211   4  1451
110  74   001  77   001  78   001  83   001  81   001  78   001  69   571
  59   771  52   971  47  1171  43  1171  39  1071  37   971  37   871  39   871
  42   971  45   971  46  1071  47  1071  47  1171  47  1171  48  1071  51  1071
  55  1171  61  1171  68  1171  73   971  77   871  78   771  74   871  70  1071
  66  1171  64  1271  63  1271  65  1371  66  1271  67  1271  68  1171  68  1171
  69  1071  70  1071  72  1171  72  1371  71  1471  67  1471  62  1371  62  1371
  69  1271  78  1271  87  1171  90  1071  90   971  88  1071  86  1171  84  1171
  80  1271  77  1371  74  1571  73  1771  74  1671  74  1571  76  1571  76  1471
  76  1371  74  1271  72  1371  70  1371  66  1471  64  1471  62  1451  64  1411
  69  1351  76  1251  82  1111  85  1151  84  1151  81  1111  75  1251
120  64   001  74   001  81   001  80   001  82   001  68   001  50   271
  33   371  23   571  19   571  18   771  18   971  16  1071  16  1171  17  1071
  19  1071  21   971  24   971  26   871  28   871  28   871  29   871  34   871
  44   871  56   871  67   871  72   871  71   871  66   971  59   971  51   871
  45   871  39   971  35  1171  32  1271  30  1371  28  1371  28  1471  30  1371
  32  1371  33  1271  33  1271  30  1171  25  1171  19  1271  13  1271  12  1371
  16  1271  24  1171  31  1071  35  1171  36  1271  35  1371  32  1271  30  1271
  30  1171  31  1271  34  1271  37  1371  39  1471  40  1571  42  1671  45  1571
  47  1571  49  1471  49  1471  47  1371  45  1371  43  1371  43  1451  46  1411
  53  1351  62  1251  69  1111  72  1151  70  1251  64  1211  55  1251
130  55   001  74   001  73   001  73   001  69   001  62   001  46   371
  29   371  16   471  11   771  10   871   6   871   2  1171  -1  1271  -1  1271
  -1  1271   1  1271   1  1271   2  1371  -1  1371  -3  1271  -1  1171   6  1071
  23  1171  42  1171  58  1271  63  1171  62  1171  55  1071  46  1071  38  1071
  31  1071  30   971  29   971  29   971  28  1071  27  1171  27  1271  25  1171
  25  1171  24  1071  22  1171  18  1171  13  1271   7  1271   2  1371   1  1371
   5  1371  12  1271  20  1271  25  1271  27  1151  26  1111  22  1151  17  1151
  13  1111  13  1251  16  1151  20  1111  24  1251  26  1451  28  1511  28  1551
  28  1451  29  1411  31  1551  33  1651  33  1711  30  1651  27  1651  28  1511
  37  1551  49  1451  60  1411  66  1451  66  1351  61  1311  52  1351
145  24   001  31   001  39   001  43   001  41   001  39   001  30   371
  18   471   9   671   3   971   0   971  -2   971  -1   971  -2   971  -3   971
  -4   971  -3   971  -2   971  -1   871   0   871   0   971   0   971   2  1071
   7  1171  15  1171  20  1271  23  1171  24   971  21   871  16   871  10   971
   5  1071   2  1071   1  1071  -2  1071  -6  1071 -10  1071 -12  1071 -14  1071
 -15  1071 -15  1071 -14  1071 -15  1071 -18  1071 -22  1071 -25  1171 -24  1171
 -16  1171  -6  1271   3  1271   5  1171   3  1171  -1  1071  -5  1171  -8  1171
 -10  1271 -12  1271 -13  1271 -13  1271 -11  1271 -10  1271  -9  1271  -9  1371
 -10  1371 -11  1471 -10  1471  -9  1571  -9  1571 -10  1551 -11  1451  -8  1411
   0  1451  11  1551  20  1511  25  1451  25  1351  23  1211  20  1351
149  44   001  48   001  51   001  55   001  54   001  35   001  23   171
  14   371   9   471   6   771   4   971   1   871   0   771  -1   671  -3   771
  -4   771  -3   871  -1   871   0   771   1   771   1   871   3   971   7  1071
  14   971  24  1071  31  1071  35   971  33   971  29   871  22   871  15   971
   8   971   3  1071  -1  1171  -3  1171  -8  1071 -12   971 -16   871 -19   971
 -19   971 -19  1071 -19   971 -19   971 -20   871 -22   971 -24   971 -21  1071
 -11  1071  -1  1171   9  1171  12  1171  10  1071   6  1071   1  1171  -2  1171
  -4  1271  -6  1271  -6  1371  -6  1371  -6  1371  -7  1371  -7  1371  -8  1471
  -8  1471 -10  1571 -11  1471 -11  1471 -12  1371 -12  1351 -10  1451  -5  1411
   5  1451  16  1451  26  1411  31  1451  32  1351  30  1311  26  1351
156  46   001  50   001  54   001  57   001  59   001  56   001  46   171
  35   371  28   471  25   571  23   971  20   971  17   971  14   971  11   971
  10   871  10   871  11   871  14   971  15   971  15   971  16  1071  17  1071
  21  1071  26  1071  32  1171  36  1071  37   971  35   771  28   871  20   971
  14  1071  12  1071  10  1171   8  1171   4  1171  -4  1071 -10  1071 -13  1071
 -15  1171 -14  1171 -14  1171 -14  1071 -15  1071 -17  1071 -18  1071 -15  1071
  -6  1071   4  1171  13  1171  16  1071  14  1071  11   971   7  1071   4  1171
   1  1271  -1  1271  -2  1371  -3  1371  -3  1371  -2  1471  -2  1471  -4  1471
  -4  1471  -4  1471  -4  1471  -2  1471  -1  1471  -2  1471  -2  1351   1  1311
   9  1351  19  1451  28  1411  33  1351  33  1351  32  1211  30  1251
168  36   001  33   001  38   001  33   001  41   001  36   001  24   871
  13  1171   7  1771   5  1671   3  1771   3  1671  -2  1471  -4  1371  -7  1471
 -10  1571 -12  1671 -13  1771 -12  1871 -12  1971 -12  1751 -10  1651  -5  1411
   4  1551  15  1451  24  1411  29  1351  28  1151  22  1071  11  1271   0  1571
 -12  1771 -19  1971 -24  2071 -26  2271 -27  2071 -27  1871 -27  1771 -30  1971
 -33  2071 -37  2271 -39  2171 -41  2171 -42  2071 -42  1871 -39  1671 -32  1471
 -19  1471  -5  1371   6  1371  10  1271   9  1271   3  1171  -4  1371 -12  1571
 -17  1771 -19  1871 -17  2071 -17  2171 -17  2171 -18  2071 -19  2071 -21  2171
 -22  2171 -22  2271 -21  2271 -21  2371 -20  2371 -20  2151 -19  1951 -13  1711
  -1  1751  14  1651  26  1611  31  1551  31  1351  27  1211  21  1451
180  23   001  25   001  21   001  23   001  27   001  24   001  20   671
  15   971  10  1371   5  1871   0  2171  -2  2071  -2  1871  -3  1871  -3  1771
  -2  1571  -1  1471  -2  1471  -2  1571  -3  1571  -5  1671  -6  1771  -6  1971
  -3  1771   2  1771   7  1771  10  1571  11  1571   6  1471  -3  1371 -15  1571
 -25  1571 -32  1871 -36  1971 -39  2171 -45  2071 -49  2171 -51  2171 -51  2071
 -49  1871 -50  1771 -51  1771 -55  1671 -57  1671 -56  1871 -52  1971 -45  2171
 -35  1871 -26  1771 -19  1571 -17  1471 -19  1471 -23  1371 -27  1371 -32  1371
 -36  1371 -38  1471 -40  1771 -40  2071 -40  2071 -41  2271 -40  2271 -39  2171
 -36  2071 -32  1971 -28  1971 -25  1971 -24  1971 -26  2051 -27  2251 -25  2311
 -16  2151  -5  1951   5  1711   9  1651   9  1651   7  1511   6  1551
190  29   001  34   001  29   001  32   001  34   001  24   001  19   671
  16   871  13  1171  10  1571   7  1671   4  1871   0  1771  -4  1871  -5  1871
  -3  1771  -3  1771  -3  1671  -3  1671  -3  1571  -3  1671  -1  1871   2  1871
   6  2071  11  2171  16  2171  16  2071  14  1971   8  1771  -3  1671 -14  1571
 -24  1571 -28  1671 -28  1671 -31  1771 -34  1871 -39  2071 -43  2171 -47  2171
 -48  2071 -49  2071 -52  1971 -56  1971 -58  1871 -57  1971 -52  1971 -44  2171
 -32  1971 -20  1971 -12  1971 -11  1771 -16  1671 -23  1471 -29  1371 -35  1371
 -38  1271 -39  1371 -39  1571 -40  1671 -44  1771 -49  2071 -52  2171 -51  2171
 -47  2271 -43  2271 -38  2171 -36  2071 -36  1971 -40  1951 -44  1951 -43  1911
 -34  2051 -21  2051  -9  2111  -2  2051   1  1851   2  1711   2  1751
222  53   001  74   001  83   001  85   001  85   001  78   001  60   271
  39   571  24   571  17   671  14  1071  11  1171   7  1271   4  1371   2  1271
   0  1271  -2  1171  -4  1171  -6  1171  -6  1171  -4  1171   1  1071  11  1171
  26  1271  42  1271  54  1471  60  1471  59  1371  53  1371  45  1171  37  1071
  31  1071  30  1171  32  1171  33  1271  32  1371  30  1471  28  1571  28  1471
  29  1371  29  1271  28  1271  25  1371  20  1371  14  1371   9  1271   9  1271
  15  1271  25  1371  33  1371  38  1371  39  1371  37  1471  34  1471  31  1471
  28  1471  28  1471  28  1371  29  1371  29  1471  28  1571  28  1671  29  1671
  30  1571  31  1571  31  1571  30  1671  28  1671  25  1551  25  1551  30  1411
  42  1451  57  1351  70  1311  77  1451  77  1451  72  1511  64  1551
240  32   001  39   001  51   001  59   001  54   001  50   001  38   571
  23   871  12   871   6  1071   2  1071  -1  1071  -3  1071  -4  1071  -6  1071
  -8  1171  -9  1171 -10  1171 -10  1071  -9  1071  -6  1071  -2   971   5  1071
  14  1071  24  1171  32  1271  37  1271  39  1171  36  1171  31  1071  23  1071
  17  1071  13  1071  11  1071  10  1071   8  1071   8  1171   6  1171   5  1271
   5  1271   5  1371   5  1271   5  1271   2  1171  -3  1171  -7  1071  -8  1171
  -4  1271   4  1371  12  1471  18  1471  21  1471  22  1471  20  1371  19  1371
  16  1371  14  1471  15  1471  15  1571  15  1571  15  1471  15  1471  16  1571
  17  1771  17  1871  17  1771  14  1571  12  1471   8  1371   6  1251   8  1111
  16  1251  26  1351  37  1411  45  1451  48  1351  48  1311  44  1351
255   3   001   9   001  17   001  23   001  26   001  25   001  17   371
   6   571  -1  1071  -4  1171  -7  1571 -11  1671 -15  1471 -19  1571 -22  1471
 -22  1471 -22  1371 -22  1371 -21  1471 -20  1471 -18  1571 -14  1571  -8  1571
  -1  1571   9  1371  17  1371  22  1271  24  1371  22  1171  15  1171   7  1271
   0  1271  -2  1371  -2  1371  -4  1571  -9  1571 -15  1571 -19  1571 -21  1571
 -20  1471 -18  1471 -18  1471 -19  1571 -21  1571 -24  1771 -26  1871 -23  2071
 -15  1871  -4  1571   6  1471  12  1371  14  1271  13  1171  10  1171   7  1271
   4  1271   4  1371   4  1571   4  1671   3  1771   1  1771   1  1871   2  1771
   3  1771   3  1671   3  1671   3  1571   1  1571  -1  1651  -2  1851   1  1911
  10  1851  22  1751  32  1611  38  1551  40  1551  39  1411  36  1451
260   2   001   5   001   8   001  13   001  16   001  17   001  11   471
   5   971   1  1171   2  1271   1  1371  -2  1671  -7  2071 -10  2271 -10  2171
  -8  1971  -7  1871 -10  1771 -13  1771 -16  1671 -15  1471 -11  1471  -4  1271
   5  1271  12  1571  20  1671  25  1471  26  1471  22  1371  12  1471   2  1571
  -6  1671 -10  1771 -11  1771 -11  1771 -16  1971 -22  2071 -26  2271 -27  2171
 -25  1971 -23  1871 -23  1771 -25  1671 -27  1571 -28  1571 -26  1471 -20  1471
 -11  1571   1  1571  12  1571  18  1571  19  1471  17  1471  11  1571   5  1671
   1  1871   4  1971   7  1971  11  2071  10  2271   8  2371   6  2571   6  2371
   8  2271   8  2071   8  1971   8  1871   7  1771   6  1651   6  1551  10  1411
  18  1551  27  1551  36  1611  42  1651  45  1551  44  1511  40  1651
280  25   001  31   001  36   001  30   001  26   001  24   001  19   471
  14   671  12  1371  10  1671   9  1871   7  1971   3  1871  -1  1971  -3  2071
  -2  2171  -2  2271  -1  2071   1  1971   5  1771   8  1871  11  1871  14  1971
  16  1971  18  1971  20  1971  22  2071  22  1971  19  1971  11  1971   3  1871
  -8  1871 -16  1971 -21  1971 -28  2071 -33  1971 -37  2071 -41  2071 -44  2171
 -47  2171 -48  2271 -47  2171 -44  1971 -43  1871 -43  1871 -42  1771 -40  1771
 -33  1771 -25  1771 -18  1771 -14  1671 -12  1671 -12  1771 -13  1671 -16  1771
 -16  1571 -16  1771 -14  1971 -13  2071 -13  2271 -15  2271 -17  2371 -20  2471
 -21  2571 -20  2671 -17  2471 -14  2271 -11  2071 -11  2071 -11  2051  -9  2011
  -3  2051   4  2051  13  2011  20  2051  25  1951  27  1911  25  1851
299  21   001  33   001  24   001  27   001  22   001  18   001  15   971
  12   971  11  1171  11  1171  12  1071  10  1171   6  1371   2  1571  -1  1571
  -2  1671  -3  1671  -3  1671  -3  1671  -3  1671  -3  1771  -1  1671  -1  1671
   2  1671   4  1671   5  1771   5  1771   3  1771  -2  1871 -10  1771 -20  1571
 -27  1471 -33  1471 -37  1371 -39  1371 -44  1471 -49  1671 -54  1671 -57  1671
 -59  1671 -61  1671 -63  1771 -66  1771 -69  1871 -71  1871 -71  1971 -64  1971
 -50  1771 -36  1671 -24  1571 -21  1571 -25  1671 -31  1671 -36  1571 -39  1371
 -40  1271 -39  1271 -37  1171 -38  1171 -40  1371 -44  1571 -46  1771 -44  1771
 -42  1871 -38  1871 -36  1971 -36  1971 -37  2071 -38  1951 -36  1951 -31  1811
 -21  1751  -9  1751   1  1611   5  1651   6  1551   7  1511  10  1451
434   0   001  12   001  26   001  33   001  33   001  33   001  25   271
  14   571   5   671   1   671  -1   771  -5   871  -9   871 -13   871 -17   971
 -20   971 -22  1071 -22   971 -20   951 -19   811 -18   851 -17  1071 -14  1071
  -6  1071   2  1071  11  1171  17  1271  19  1171  18  1171  14  1171   7  1071
   2  1071   1  1171   0   971  -2   971  -4   971  -7   971 -11   971 -12   971
 -11  1071  -9  1071  -6   971  -3   971  -4   871  -6  1071  -9  1171 -10  1271
  -7  1471   0  1671   8  1671  16  1771  21  1671  24  1671  23  1471  21  1371
  19  1271  19  1271  22  1271  23  1271  22  1271  19  1071  16  1071  15  1071
  16  1071  17  1071  18   971  18   971  17   871  15   951  14  1151  17  1211
  25  1351  35  1551  44  1611  49  1651  52  1651  51  1611  49  1551
460  23   001  32   001  37   001  26   001  31   001  31   001  24   571
  14   571   8  1071   7  1271   9  1271  12  1571  10  1871   7  1971   4  1971
  -1  1971  -4  1971  -6  1871  -6  1871  -5  1771  -3  1771   0  1671   4  1671
  10  1671  16  1771  21  1771  27  1671  30  1471  30  1271  23  1371  14  1471
   6  1571   4  1471   1  1471   1  1371   1  1571  -2  1671  -6  1871 -10  1971
 -15  2071 -18  2171 -16  1971 -12  1871  -9  1671  -9  1671 -10  1671  -8  1671
   0  1671  11  1571  22  1471  29  1471  34  1471  35  1471  31  1571  26  1671
  22  1771  23  1671  26  1671  29  1571  30  1871  30  2071  29  2271  26  2371
  25  2371  25  2471  26  2371  27  2171  26  2071  23  1951  21  1951  23  1811
  33  1751  46  1651  59  1511  66  1551  69  1451  67  1411  62  1551
481  22   001  25   001  27   001  27   001  29   001  25   001  18   671
  12   771   8  1371   6  1471   6  1671   6  1771   4  1571   4  1571   4  1671
   3  1671   2  1771   1  1671   0  1671  -1  1571  -1  1571   0  1471   4  1371
   8  1471  15  1371  19  1471  23  1471  23  1271  20  1271  15  1271   7  1171
   1  1271  -4  1471  -8  1571 -12  1671 -16  1671 -21  1671 -25  1571 -28  1671
 -31  1771 -33  1871 -34  1771 -34  1771 -35  1671 -37  1571 -38  1271 -35  1171
 -25  1271 -12  1471   1  1471  11  1371  16  1371  19  1271  18  1371  17  1371
  15  1371  15  1571  16  1771  16  1971  16  1971  15  2071  15  2071  15  2171
  17  2171  19  2271  21  2171  21  2171  21  2071  19  1851  18  1751  20  1511
  26  1651  34  1651  42  1711  48  1651  51  1651  52  1511  51  1551
497  -4   001  -2   001  -1   001   3   001   2   001 -16   001 -26   371
 -32   471 -34   671 -35   671 -36   971 -35  1171 -36  1371 -39  1371 -42  1371
 -45  1371 -46  1371 -47  1371 -47  1371 -48  1371 -52  1371 -55  1571 -52  1571
 -42  1871 -30  1971 -20  2271 -17  2271 -20  2171 -26  1971 -36  1871 -44  1571
 -52  1571 -56  1571 -60  1471 -63  1471 -69  1471 -74  1371 -79  1371 -82  1371
 -85  1371 -86  1371 -84  1371 -82  1471 -83  1471 -87  1771 -89  2071 -83  2271
 -65  2371 -42  2271 -23  2271 -15  2171 -17  2071 -24  2071 -31  1771 -36  1671
 -41  1471 -43  1471 -43  1371 -42  1371 -40  1371 -39  1371 -38  1371 -39  1371
 -41  1471 -41  1471 -39  1471 -38  1471 -39  1471 -44  1771 -48  1951 -44  2211
 -29  2151 -10  2151   6  2011  11  1951   8  1851   2  1711  -3  1651
510  69   001  81   001  88   001  96   001 101   001  94   001  76   671
  54   771  38   871  28   971  23  1071  19  1071  13  1071  11   971   9   971
   7  1071   5  1071   3  1071   2  1171   2  1171   4  1071   8  1071  17   971
  31  1171  46  1371  58  1571  65  1571  65  1471  62  1471  56  1371  48  1171
  42  1071  37  1071  34  1171  32  1171  30  1171  26  1071  24  1071  23  1071
  22  1171  23  1171  25  1171  26  1271  26  1271  24  1271  24  1371  30  1371
  45  1471  62  1471  78  1571  87  1671  89  1751  88  1811  85  1551  80  1251
  75   911  70  1151  66  1151  63  1211  61  1251  59  1351  57  1311  55  1351
  53  1351  52  1311  52  1351  53  1251  54  1211  53  1351  54  1351  58  1411
  67  1551  79  1551  89  1611  95  1751  96  1951  93  2011  87  1751
579  54   001  58   001  54   001  56   001  49   001  47   001  39   371
  30   571  23   871  19   971  18  1271  15  1471  14  1771  13  1871  13  1971
  15  1971  16  2071  16  2171  15  2371  15  2471  17  2271  20  1971  26  1671
  34  1571  42  1571  50  1471  56  1471  57  1471  54  1471  44  1471  32  1571
  21  1671  13  1771   8  1771   5  1771   1  1871  -2  1971  -4  2071  -5  2071
  -3  2171  -2  2171  -2  2171  -2  2271  -4  2271  -6  2171  -6  1971  -2  1871
   7  1771  21  1571  31  1471  36  1471  38  1371  35  1371  30  1471  25  1471
  20  1571  17  1771  15  1971  14  2071  14  2171  13  2171  14  2271  16  2271
  19  2371  21  2371  20  2471  17  2471  14  2511  12  2351  14  2151  19  1911
  29  1851  42  1751  53  1611  60  1651  64  1651  63  1611  59  1651
588  55   001  60   001  60   001  59   001  54   001  44   001  30   571
  17   671   8   771   3   971   1  1271   0  1671  -1  1971  -1  1971  -1  2071
   0  2171   1  2271   0  2271  -2  2271  -3  2271  -2  2271   0  2171   7  2071
  15  1971  25  1871  33  1771  38  1771  38  1871  32  1771  22  1871  10  1971
   0  2071  -4  1971  -6  1971  -7  1871 -10  1971 -13  2171 -16  2271 -17  2371
 -16  2371 -15  2471 -14  2471 -15  2371 -18  2371 -22  2371 -26  2271 -24  2271
 -14  2171   0  2071  13  1971  21  1971  22  1871  18  1871  11  1971   3  2071
  -3  2171  -4  2071  -2  2071  -1  1971  -2  2071  -3  2271  -3  2371  -2  2471
  -1  2571  -1  2671  -4  2671  -8  2671 -11  2611 -12  2551 -10  2451  -5  2311
   4  2251  15  2151  25  2011  32  2051  36  1951  34  1911  27  2051
621  48   001  51   001  57   001  59   001  62   001  52   001  37   271
  22   771  15   871  13   971  12  1271   8  1771   3  1871  -1  1871  -4  1771
  -5  1571  -6  1471  -7  1671  -9  1771  -9  1971  -7  1971  -2  1971  11  1971
  32  2171  54  2071  72  2171  79  1871  76  1571  66  1271  51  1471  37  1771
  27  2071  21  1871  19  1771  19  1671  19  1771  18  1971  18  2071  18  1971
  19  1771  20  1671  21  1871  23  1971  25  2171  29  2171  35  2171  47  2171
  64  2271  82  2271  95  2371  99  2271  95  1971  87  1871  76  1971  66  1971
  57  2071  53  1971  51  2071  50  2071  49  2171  48  2271  45  2371  42  2171
  39  2071  37  1871  38  2071  40  2371  42  2571  44  2451  47  2251  54  2111
  67  2351  81  2451  92  2611  96  2451  93  2151  84  1911  71  2051
630  33   001  53   001  62   001  57   001  60   001  62   001  51   371
  36   771  22   871  14   871  10   971   7  1071   4  1171   1  1271  -2  1371
  -6  1571 -11  1671 -15  1771 -19  1771 -23  1871 -24  1871 -19  1871  -8  1771
  12  1671  35  1671  54  1471  66  1371  68  1271  63  1071  55  1071  47   971
  39   871  34   971  32   971  31  1071  27  1171  23  1371  21  1471  22  1571
  23  1771  26  1871  26  1971  25  2071  23  2171  19  2171  17  2171  19  2071
  28  1971  41  1671  53  1571  62  1471  67  1371  69  1211  68  1251  65  1051
  62   911  61  1051  60  1151  58  1211  54  1451  49  1551  46  1711  47  1851
  50  1951  52  2011  51  2151  49  2251  46  2311  45  2251  47  2151  54  2011
  67  1951  82  1851  94  1711  99  1651  98  1651  93  1511  86  1351
643  85   001  93   001  84   001  86   001  86   001  77   001  63   571
  50   771  43  1071  42  1071  42  1271  40  1171  37  1171  35  1171  33  1171
  31  1071  27  1071  21  1071  15   971  13   971  17   971  25   971  37   971
  51   971  64   971  77   971  86  1071  90  1071  86  1171  74  1171  57  1271
  41  1271  32  1271  26  1271  22  1271  18  1271  15  1371  12  1371  10  1271
  10  1271  10  1171  11  1271  13  1271  13  1371  12  1271  11  1271  15  1171
  24  1071  36  1071  45   971  49  1071  48  1071  44  1171  38  1271  33  1271
  29  1371  28  1271  30  1271  32  1271  35  1371  37  1371  38  1471  37  1471
  37  1371  35  1371  33  1371  32  1471  31  1411  31  1451  32  1351  37  1311
  45  1251  55  1151  64  1011  69  1151  71  1351  70  1411  66  1451
645  73   001  77   001  75   001  82   001  71   001  63   001  49   371
  34   871  24   971  22  1071  23  1071  22  1271  21  1271  21  1271  21  1271
  20  1271  19  1271  16  1271  13  1271  13  1271  18  1171  29  1271  41  1171
  54  1271  66  1271  76  1371  83  1371  85  1171  79  1171  65  1271  46  1371
  29  1471  19  1571  15  1571  14  1471  14  1471  14  1371  15  1371  15  1371
  15  1371  14  1371  12  1371  10  1471   9  1471   9  1371  12  1171  18  1071
  28  1171  38  1271  46  1371  48  1271  46  1271  41  1271  34  1271  26  1371
  21  1371  19  1471  19  1471  21  1571  23  1571  25  1471  27  1371  29  1371
  31  1471  30  1471  28  1471  25  1571  23  1511  24  1451  29  1351  37  1211
  48  1251  60  1351  70  1311  75  1351  75  1351  71  1311  64  1451
650  70   001  73   001  76   001  72   001  67   001  61   001  53   471
  46   671  40   871  37   971  36  1171  35  1271  35  1271  34  1271  32  1371
  30  1571  27  1671  25  1671  23  1771  23  1771  25  1571  29  1471  37  1271
  46  1271  55  1371  64  1371  70  1271  72  1271  69  1171  62  1171  50  1171
  40  1171  31  1271  25  1271  21  1271  17  1271  12  1371  10  1371   9  1471
   9  1671  12  1771  17  1771  23  1871  27  1871  28  1671  29  1571  33  1471
  42  1371  54  1371  63  1271  67  1271  66  1171  63  1071  60  1071  57  1071
  54  1071  51  1071  48  1171  46  1171  45  1271  47  1171  48  1171  49  1371
  50  1671  50  1871  48  1971  46  2071  44  2111  44  2051  46  1951  51  1811
  59  1751  69  1651  78  1511  84  1451  86  1451  84  1311  78  1351
675  98   001 112   001 118   001 113   001 103   001  87   001  71   371
  57   671  43   971  33  1171  28  1571  26  1771  26  1871  24  1771  21  1871
  19  1971  18  2071  19  2071  20  1971  20  1971  18  1871  18  1871  25  1871
  41  1971  62  2171  80  2271  90  1971  91  1851  84  1671  72  1571  58  1571
  43  1471  34  1671  27  1771  23  1971  19  1971  16  2071  14  2071  13  2171
  13  2171  14  2271  17  2271  21  2271  23  2271  23  2171  21  2071  24  1971
  33  2071  44  2171  54  2271  58  2071  60  1971  57  1771  52  1671  46  1671
  40  1571  38  1671  37  1871  37  1971  37  1971  36  2071  36  2071  35  2071
  34  2071  32  2071  29  2071  27  1971  24  1911  22  1951  23  2051  28  2011
  38  2151  51  2351  62  2411  69  2251  71  2151  69  1911  63  1751
690 105   001 110   001 118   001 119   001 120   001 115   001 101   571
  85   771  71   971  60  1071  54  1071  49  1171  46  1071  44  1071  42  1171
  42  1171  40  1271  37  1271  33  1271  31  1271  31  1471  35  1471  46  1671
  61  1571  79  1471  93  1371  98  1171  95  1271  89  1171  81  1371  72  1471
  65  1671  58  1571  51  1471  46  1271  43  1271  42  1171  41  1171  41  1271
  41  1271  40  1371  38  1371  35  1371  34  1371  35  1471  38  1471  45  1571
  55  1471  66  1371  76  1371  82  1171  84  1151  82  1011  76  1151  68  1251
  61  1411  56  1451  53  1351  51  1211  48  1251  46  1151  44  1111  43  1251
  43  1351  42  1411  40  1451  39  1351  37  1311  37  1451  39  1551  45  1611
  56  1551  70  1351  81  1211  88  1251  90  1151  88  1111  84  1251
747  70   001  70   001  75   001  79   001  72   001  71   001  65   571
  58  1271  54  1171  54  1371  54  1371  53  1571  51  1771  50  1771  49  1771
  48  1871  46  1871  43  1971  39  2071  38  2111  40  1971  45  1671  54  1371
  66  1371  81  1271  93  1271 102  1171 105  1271 104  1271  96  1371  85  1571
  71  1671  61  1871  53  2071  47  2171  41  2071  36  1971  32  1871  30  2071
  30  2171  31  2371  33  2371  35  2471  36  2471  36  2371  35  2271  38  2071
  47  1871  58  1671  67  1471  72  1571  72  1571  67  1571  60  1671  53  1871
  46  1971  44  2071  44  2371  44  2371  43  2271  41  2271  39  2171  38  2271
  37  2471  36  2571  34  2671  34  2671  35  2711  39  2451  47  2251  58  1911
  72  1751  85  1551  96  1311 101  1451 101  1651  96  1711  88  1951
NT  TEDF  78  35 1
20160116162016011611
20160116162016011612
20160116162016011613
20160116162016011614
20160116162016011615
20160116162016011616
20160116162016011617
20160116162016011618
20160116162016011619
20160116162016011620
20160116162016011621
20160116162016011622
20160116162016011623
20160116162016011700
20160116162016011701
20160116162016011702
20160116162016011703
20160116162016011704
20160116162016011705
20160116162016011706
20160116162016011707
20160116162016011708
20160116162016011709
20160116162016011710
20160116162016011711
20160116162016011712
20160116162016011713
20160116162016011714
20160116162016011715
20160116162016011716
20160116162016011717
20160116162016011718
20160116162016011719
20160116162016011720
20160116162016011721
20160116162016011722
20160116162016011723
20160116162016011800
20160116162016011801
20160116162016011802
20160116162016011803
20160116162016011804
20160116162016011805
20160116162016011806
20160116162016011807
20160116162016011808
20160116162016011809
20160116162016011810
20160116162016011811
20160116162016011812
20160116162016011813
20160116162016011814
20160116162016011815
20160116162016011816
20160116162016011817
20160116162016011818
20160116162016011819
20160116162016011820
20160116162016011821
20160116162016011822
20160116162016011823
20160116162016011900
20160116162016011901
20160116162016011902
20160116162016011903
20160116162016011904
20160116162016011905
20160116162016011906
20160116162016011907
20160116162016011908
20160116162016011909
20160116162016011910
20160116162016011911
20160116162016011912
20160116162016011913
20160116162016011914
20160116162016011915
20160116162016011916
002500110010001000120014001417142714271427132713271335143114351535143114351
43514311435143514311435143515311535153515311535153514311435133513311335133513311
43514351531163516351631163515351431133512351231123512351231123512351231133514351
53116351635163116351635163116351735173117351735173117351735173117351735173116351
005700150010001300120015001517141714271327132713371235133114351535153116351
53515311435143514311435153515311535153515311535143514311435143514311435143515311
63516351731173517351731163515351431133512351231123512351231133513351431153515351
53116351635163116351635163116351635173117351735173117351735173117351735173117351
015600140015001500130010001117112712271327133713371435133112351235133114351
53516311535143513311235113512311235133513311335123512311135113511311235123512311
23512351231133514351531153515351531143513351331123512351231123513351431153515351
53115351535153116351635173117351635163116351635173117351735173117351735173117351
027500150016001700140014001417141715271527152715271535153115351535153115351
63517311735173517311735173517311735173517311735173516311635163516311635163516311
63517351731173517351731173517351731173516351631163517351731163516351631163516351
73117351735173117351735173117351635163116351635163116351635163116351735173117351
070700170016001500120014001317132712271327132714271535173117351635163116351
63516311635163515311535143514311335133513311335133513311335143515311535143514311
43514351431143514351431143514351431133512351231113512351231133513351331143514351
53115351535153115351635163116351535153115351535163116351735173117351735173116351
110700140016001600180017001617152714271427142714271435143114351435143115351
53516311635163517311735173517311735173517311735173517311735173517311735173517311
73517351731173517351731173517351631163516351531153515351531153514351431133513351
23112351335133113351435143115351635163116351635163116351635163116351635163116351
120200120014001400150016001617151715271427142714271435143114351335133114351
43515311535163516311635163516311635163517311735173517311735173517311735173517311
73517351731173517351731173517351731173517351731173516351631163515351531153516351
63116351635153115351535153115351535143115351535153115351635163116351635163116351
130000110017001800170016001617162715271527142714371335133113351435143115351
53515311535163516311635173517311635143513311435153516311635173517311735173517311
73517351731173517351731173517351731173517351731173517351731173516351631163516351
73116351635163116351635163115351535153115351635173117351735173117351735173117351
145700180016001600140013001417132713271327132713271235123113351435153116351
63516311635163517311735173517311735173517311635163516311635163517311735173517311
73517351731163515351531153514351431133512351131113511351231133514351531153515351
43115351535163116351735163116351635163116351735173117351735173117351735173116351
149500160017001400140013001317132713271327132713271235123113351435143115351
63516311635163517311735173517311735163516311635163516311635163517311735173516311
73517351731163516351531143514351331133512351131113511351231133514351431143514351
43115351535163116351635163116351635163116351735173117351735173117351735173116351
156600170016001400140012001217122712271227122712271235123113351435153115351
63516311635173517311735173516311635163516311635163516311635163517311735173516311
73517351731163516351531153514351431133512351131113511351231133514351431153514351
43115351535163116351635163116351635163116351735173117351735173117351735173116351
168200170017001600160014001417152715271527152716271635163117351735173117351
73517311735173517311735173517311635163515311435133512311235123512311335133514311
43514351431133512351231123513351331133512351231113511351131123512351331133513351
33113351335143114351535153115351535153116351635163117351735173117351735173116351
180700180018001700110011001127112711271227142715371635173117351735173117351
73516311735173517311635153514311335133512311235123511311135113511311135113511311
13512351231123512351331133513351331133512351231113511351131123512351331133514351
43114351435143114351535153115351535153116351635173117351735173117351735173117351
190700170017001800130011001117112711271127112712371235133115351635173117351
83517311635153515311535153515311635163515311435133512311135113512311235123512311
23512351231113511351131123513351331133513351231123512351231113511351231123513351
33113351335133113351335133113351435153116351635173117351735173117351735173117351
222000100010001400160013001317131713271327132713271335133114351435153115351
63516311635163516311635163516311535143513311435163517311735173517311735173517311
73517351731173517351731173517351731173517351731173517351731173516351631163517351
73117351635163116351735173116351635163116351635173117351735173117351735173117351
240200140012001500150013001317132712271227122712271335133114351535163116351
63516311635173517311735163516311635173517311735173516311635163516311635163516311
63517351731173517351731173517351731173517351731173517351731173517351731173517351
73116351635163116351635163116351535153115351635173117351735173117351735173117351
255800180017001700170015001417132713271427142715371535153116351635163116351
63516311635173517311735173517311735173516311635153515311535163516311635153514311
43514351431153515351531153515351431133512351231133515351631173517351631163517351
73116351635163116351635163116351635163116351735173117351635163116351735173117351
260800180018001800170016001517142713271327132713371335133114351535163117351
73517311735173517311735173517311735173516311635153515311435143513311335133513311
43514351531143514351431143514351431133512351131123514351531163516351631163517351
73116351535153115351635173117351635163116351735173116351635153115351635173117351
280700160016001700170017001617152714271327132713371335143115351535153116351
63517311735173517311735173517311735163515311435123511311235123513311335123512311
23512351231123512351231133514351431143514351331133512351231123513351431143514351
53114351435143115351535163116351635153116351635163117351735173117351735173117351
299600150017001600170017001617142713271227122712371335143116351635173117351
73517311735173517311735173517311735163515311435133512311235123512311235113511311
13511351131113511351231123513351431133513351231123511351131123512351331133513351
33112351235123112351335143115351535153115351535153116351735173117351735173117351
434700150016001600150013001317132713271327142714271435143114351435153115351
63516311635153515311535153515311635163516311635153515311535153515311535153516311
63516351731173517351731173517351731173517351731173517351731173517351731173517351
73117351735173117351735173116351535153115351635173117351735173117351735173117351
460800170017001700180018001717161716271527152715271435143115351535153114351
43514311435153515311635163517311735173516311535153514311435143514311435143514311
43514351431133513351331143515351631163515351531153516351731173517351731173517351
73117351635163116351635163116351635163116351735173117351635163116351735173117351
481700170017001600170016001527152714271427133713271335133114351435153115351
63516311635173517311735173517311735163516311535143514311435143514311435143514311
43514351431143514351531153516351731173516351631163517351731163516351631163516351
63116351635163116351635163116351635173117351735173117351735173117351735173117351
497600160017001600170012001217132713271427142714371535153115351535153115351
53516311735173517311735173517311735163516311535143513311335133513311235123511311
13511351131113511351131113511351131113511351231123512351231123512351331133514351
43114351435133114351435153116351635163116351735173117351735173116351635163115351
510000100011001600160013001327132713271327123712371235123112351235133113351
43515311535163517311735163516311635173517311735163516311635173517311635163516311
63517351731173517351731173517351731173517351731173517351731163515351431153515351
53115351535143114351435143114351435153116351735173117351735163116351735173117351
579300130013001300130013001327122712271127112711271135113111351135113111351
13511311135113511311235123512311335133513311235123511311135113511311235123513311
33513351431153516351731173517351731173517351731173517351731173517351731173517351
73117351735173117351735173117351635163117351735173117351735163116351735163116351
588000100010001000100010001017102710271127112711371135113111351135113111351
13511311135113511311135113511311135113511311135113511311135113511311235133513311
33513351331143515351731173517351731173517351731173517351731173517351731173517351
73117351735173117351735173117351735173116351635163116351735173117351635163116351
621100120012001200110010001017102711271127112711271135113111351135113112351
33513311335123512311235123512311235123512311235123512311335143515311635163516311
63516351631173517351731173517351731173517351731173517351731163515351531153515351
53115351535153115351535153115351535143114351435143114351435143114351435143115351
630700160014001500160014001317132712271227112711271135113111351135113111351
13511311235133513311235123512311435153516311635153514311335133514311435153515311
53516351631163516351731173517351731173517351731173517351731173517351631163515351
43114351435143115351535163116351635163116351635163116351635163115351535153115351
643000130013001100110010001017102710271027112711371135113111351135113111351
13511311135113511311135113512311335143515311435133511311135113511311235133514311
53515351431143515351531153516351631163517351731173517351731173517351731173517351
73117351735173117351735173116351635163116351735173116351635163116351635173116351
645500150016001500160012001217122711271127112711271135113111351135113111351
13511311135113511311135113511311235133514311335123511311035113511311235123513311
33513351431143515351631173517351731173517351731173517351731173517351731173517351
73117351735173117351735173117351635173117351735173117351635163116351635163116351
650000100010001000100010001017102710271027112711371135113111351135113111351
13511311135113511311135113511311235123513311235123511311135113511311135113512311
23514351531163516351731173517351731173517351731173517351731173517351731173517351
73117351735173117351735173117351635163116351635173117351735173116351635163116351
675000100010001000100010001117112710271027112711371135113111351135113111351
13511311135113511311135113511311135113511311135113511311135113511311135113511311
23514351531153516351631163517351731173517351731173517351731173517351731173517351
73117351735173117351735173117351635163116351635163116351635163116351635153115351
690000100010001000100010001017112711271127112711371135113111351135113111351
13511311135113511311135113511311135123512311235123511311135113511311235123512311
23512351231123513351431153516351731173517351731173517351731163515351531153516351
63116351635163116351635163116351635163116351635163116351735173117351735173116351
747200120012001200130011001117111711271127112711271135113111351135113111351
13511311135123512311235123512311235133513311335143514311435143514311435143513311
43515351631173517351731173517351731173517351731173517351731173516351631163516351
63115351535153115351535153115351435143114351535153115351535153115351635163116351
