20161216071554
T2M TEDF  78  35 1
20161216072016121602
20161216072016121603
20161216072016121604
20161216072016121605
20161216072016121606
20161216072016121607
20161216072016121608
20161216072016121609
20161216072016121610
20161216072016121611
20161216072016121612
20161216072016121613
20161216072016121614
20161216072016121615
20161216072016121616
20161216072016121617
20161216072016121618
20161216072016121619
20161216072016121620
20161216072016121621
20161216072016121622
20161216072016121623
20161216072016121700
20161216072016121701
20161216072016121702
20161216072016121703
20161216072016121704
20161216072016121705
20161216072016121706
20161216072016121707
20161216072016121708
20161216072016121709
20161216072016121710
20161216072016121711
20161216072016121712
20161216072016121713
20161216072016121714
20161216072016121715
20161216072016121716
20161216072016121717
20161216072016121718
20161216072016121719
20161216072016121720
20161216072016121721
20161216072016121722
20161216072016121723
20161216072016121800
20161216072016121801
20161216072016121802
20161216072016121803
20161216072016121804
20161216072016121805
20161216072016121806
20161216072016121807
20161216072016121808
20161216072016121809
20161216072016121810
20161216072016121811
20161216072016121812
20161216072016121813
20161216072016121814
20161216072016121815
20161216072016121816
20161216072016121817
20161216072016121818
20161216072016121819
20161216072016121820
20161216072016121821
20161216072016121822
20161216072016121823
20161216072016121900
20161216072016121901
20161216072016121902
20161216072016121903
20161216072016121904
20161216072016121905
20161216072016121906
20161216072016121907
002  70   001  74   001  72   001  75   001  77   001  78   001  81   371
  83   671  85   771  85   871  84   971  82   971  79   971  79   971  76   971
  69  1071  66  1071  63  1071  61   971  60   971  58  1071  57  1071  56  1171
  56  1171  57  1171  58  1171  60  1171  61  1071  62  1071  62  1071  62   971
  65   971  70  1071  78  1171  84  1271  88  1271  90  1271  88  1271  85  1271
  81  1271  79  1271  78  1171  78  1171  78  1071  76  1171  74  1171  71  1271
  68  1271  66  1371  64  1371  63  1371  63  1271  61  1271  59  1271  57  1151
  57  1111  60  1251  66  1251  70  1311  72  1351  72  1351  70  1311  67  1351
  64  1251  61  1211  59  1251  57  1151  56  1111  55  1151  55  1251  54  1211
  52  1251  51  1351  50  1311  50  1451  51  1451  50  1511  47  1551
005  50   001  54   001  58   001  59   001  61   001  60   001  61   571
  64   971  68   971  74   971  80   871  81   871  78   871  74   871  66   871
  56   871  49   871  45   871  43   871  41   871  38   971  34   971  31  1071
  29  1071  28   971  27   971  27  1071  27  1071  28  1171  30  1171  33  1071
  40  1071  49  1071  60  1071  70  1071  78  1071  82   971  81   971  77   971
  69   971  63   971  58  1071  56  1071  55  1171  55  1271  54  1371  53  1471
  50  1371  47  1371  45  1271  44  1271  44  1371  43  1371  42  1471  42  1451
  44  1511  50  1351  57  1251  63  1011  67  1051  67  1151  66  1111  63  1151
  59  1151  55  1111  52  1251  49  1251  47  1311  46  1451  45  1651  43  1711
  41  1751  38  1751  37  1711  37  1851  38  1851  37  1911  34  1951
015  59   001  62   001  65   001  66   001  67   001  64   001  68   571
  76   771  82   871  85   971  84   971  78  1071  69  1071  66  1171  59  1071
  50  1071  44   971  40   971  37  1071  35  1071  31  1071  27  1071  22  1071
  17  1071  14  1171  11  1171   8  1171   6  1271   7  1271  11  1271  18  1171
  27  1171  37  1171  48  1171  57  1171  64  1271  68  1271  69  1371  67  1271
  62  1271  59  1171  56  1171  55  1271  55  1271  55  1271  54  1371  53  1371
  52  1371  50  1471  48  1471  46  1471  45  1471  43  1471  41  1451  40  1551
  42  1511  48  1451  56  1351  63  1211  68  1351  70  1351  69  1411  65  1351
  60  1351  55  1211  51  1251  49  1251  47  1211  46  1351  45  1451  43  1511
  41  1551  38  1651  36  1611  35  1751  34  1751  32  1811  28  1951
027  56   001  56   001  63   001  60   001  52   001  56   001  60   471
  65   671  75   771  88   971 101   971 109   971 110   871 104   871  89   971
  70  1171  52  1271  45  1371  43  1571  42  1671  39  1571  34  1471  30  1371
  29  1471  29  1471  28  1571  25  1471  22  1471  19  1371  19  1271  23  1171
  32  1071  45  1071  61  1171  75  1171  84  1171  86  1171  82  1171  73  1271
  61  1271  51  1371  44  1571  41  1771  41  1971  42  1871  42  1871  41  1771
  38  1771  34  1771  29  1771  28  1771  27  1671  27  1671  26  1571  26  1551
  29  1411  37  1351  47  1251  56  1111  61  1151  61  1151  58  1111  53  1351
  47  1451  41  1611  37  1851  35  2151  34  2311  33  2351  33  2351  32  2311
  30  2351  28  2351  27  2311  27  2251  26  2051  26  1911  25  1951
070  53   001  47   001  29   001  20   001  20   001  18   001  27   771
  41   971  55  1171  65  1171  72  1271  75  1271  75  1271  71  1171  63  1371
  54  1471  45  1571  39  1671  35  1771  31  1871  26  1871  23  1971  20  1971
  17  1971  15  1971  13  1971  10  1971   7  1971   7  1971  12  1771  21  1671
  32  1471  43  1471  52  1471  61  1371  67  1371  69  1371  68  1371  63  1471
  56  1571  51  1771  47  1871  46  1971  45  2171  44  2171  42  2271  40  2271
  37  2271  35  2271  34  2271  33  2271  33  2171  33  2171  34  2051  36  1951
  39  1911  44  1851  50  1751  55  1611  59  1651  61  1551  60  1511  55  1751
  49  1851  43  1911  39  2051  37  2251  36  2311  34  2451  32  2451  29  2511
  26  2651  24  2651  22  2711  22  2651  22  2651  23  2611  24  2551
110 103   001 100   001  97   001  96   001 101   001 104   001 103   471
 101   971 100  1071 102  1071 107  1071 109  1071 109   971 106   971  97   971
  83   871  72   871  64   971  58   971  54  1071  51   971  48   971  46   871
  42   971  40  1171  38  1271  37  1271  36  1271  36  1271  37  1271  40  1171
  47  1171  61  1171  77  1271  93  1271 105  1171 111  1071 109   971  99  1071
  86  1171  74  1271  68  1271  64  1271  63  1271  61  1271  58  1171  55  1171
  51  1271  47  1271  44  1371  41  1371  40  1371  39  1371  39  1471  41  1551
  47  1611  56  1551  66  1351  74  1211  76  1251  74  1351  70  1311  65  1351
  59  1351  55  1311  52  1451  50  1451  48  1511  46  1451  44  1451  42  1311
  39  1451  36  1451  35  1511  36  1651  37  1651  36  1711  32  1751
120  84   001  90   001  90   001  89   001  90   001  90   001  88   471
  87  1071  88  1271  92  1271  97  1271  99  1171  98  1171  95  1071  85   971
  73   971  64   871  60   871  59   871  59   871  57   971  52   971  48  1071
  44  1171  40  1271  38  1371  40  1371  41  1471  39  1471  35  1471  31  1371
  35  1371  48  1371  67  1371  84  1371  93  1271  92  1251  87  1111  79  1051
  71  1051  64   911  59  1051  56  1051  54  1111  52  1151  50  1151  48  1111
  46  1251  44  1351  43  1411  43  1451  43  1551  42  1511  40  1551  38  1651
  40  1611  47  1551  55  1451  62  1311  64  1351  63  1251  59  1211  55  1251
  50  1151  47  1111  45  1251  45  1251  45  1311  45  1451  45  1451  44  1511
  41  1651  37  1651  35  1711  35  1851  36  1851  36  1911  33  1951
130  96   001  95   001  91   001  85   001  81   001  73   001  73   471
  77   971  82  1171  88  1271  94  1371  98  1371 100  1371  98  1371  90  1271
  78  1071  68   971  60  1071  55  1071  51  1171  46  1271  40  1371  34  1471
  30  1571  26  1771  24  1871  22  1771  20  1771  18  1671  15  1571  15  1471
  20  1371  33  1371  49  1471  66  1471  79  1471  85  1471  85  1471  78  1371
  66  1271  56  1171  50  1271  46  1271  43  1371  38  1471  33  1571  29  1671
  26  1771  25  1871  25  1971  25  1871  24  1871  22  1771  19  1751  17  1651
  18  1611  25  1551  34  1551  43  1411  48  1551  50  1551  49  1611  46  1551
  41  1351  38  1211  37  1451  36  1551  36  1711  35  1851  32  2051  30  2111
  28  2151  27  2251  26  2211  26  2151  26  2051  24  1911  21  1851
145  61   001  62   001  58   001  50   001  55   001  55   001  60   371
  67   671  73   871  76  1071  77  1271  74  1271  69  1271  67  1271  63  1171
  58  1171  52  1071  48  1171  43  1271  39  1371  33  1371  30  1271  25  1271
  23  1271  21  1271  20  1271  21  1271  21  1171  22  1171  23  1171  26  1171
  31  1171  38  1171  48  1271  56  1271  62  1271  65  1371  64  1371  58  1271
  51  1271  44  1171  39  1271  38  1371  38  1471  38  1471  39  1371  38  1371
  35  1371  33  1371  33  1371  34  1371  36  1471  35  1471  30  1451  25  1451
  25  1411  33  1451  46  1351  56  1311  60  1351  59  1451  55  1411  50  1451
  46  1351  43  1311  41  1451  40  1651  40  1711  40  1751  39  1851  38  1811
  37  1851  35  1951  34  1911  34  1951  33  1951  30  1911  24  1951
149  65   001  67   001  67   001  61   001  54   001  52   001  60   571
  72   871  82  1071  87  1071  86  1271  80  1271  72  1371  69  1371  63  1271
  56  1271  49  1171  45  1271  41  1371  37  1471  31  1471  26  1471  21  1471
  18  1371  17  1371  17  1271  17  1271  18  1271  18  1271  17  1271  18  1171
  23  1171  33  1171  47  1171  58  1171  66  1271  68  1371  66  1471  60  1371
  53  1371  47  1271  44  1371  43  1471  40  1571  37  1571  34  1571  31  1571
  30  1571  30  1471  32  1471  35  1471  36  1471  36  1471  33  1451  30  1551
  31  1511  38  1451  47  1451  56  1311  60  1451  60  1451  58  1511  54  1551
  50  1551  47  1511  45  1651  44  1751  43  1811  40  1951  37  1951  34  2011
  32  2051  31  2051  31  2011  32  2051  32  2051  30  2011  26  2051
156  75   001  77   001  75   001  71   001  64   001  59   001  65   571
  75   871  85  1071  89  1171  88  1271  81  1271  72  1271  68  1171  67  1171
  65  1071  63  1071  61  1171  60  1271  58  1371  56  1371  52  1371  48  1371
  45  1371  42  1271  40  1271  38  1271  37  1371  36  1371  34  1271  34  1171
  37  1071  44  1171  53  1271  62  1371  67  1371  69  1271  68  1271  64  1271
  61  1171  56  1171  53  1271  51  1271  50  1371  49  1371  48  1471  47  1471
  46  1471  46  1471  46  1471  46  1571  46  1571  44  1671  40  1651  37  1551
  37  1511  43  1551  53  1551  61  1511  64  1451  64  1451  62  1311  60  1351
  58  1251  57  1211  56  1351  54  1351  52  1411  49  1551  47  1751  44  1811
  42  1851  41  1851  40  1811  39  1951  37  1951  34  2011  30  2051
168  60   001  54   001  20   001  17   001  10   001  27   001  42   471
  55   771  69   971  83  1071  94  1271  97  1271  99  1271  93  1271  80  1371
  63  1471  48  1571  40  1571  38  1671  36  1671  32  1571  27  1571  21  1471
  16  1471  12  1471   9  1471   7  1471   7  1571   9  1571  13  1471  20  1371
  31  1271  48  1271  66  1171  82  1171  91  1271  92  1371  85  1471  70  1571
  52  1571  38  1671  33  1671  33  1771  34  1771  31  1771  26  1771  19  1771
  15  1771  12  1771  12  1771  14  1771  17  1671  19  1671  18  1651  17  1751
  19  1711  27  1551  37  1451  47  1211  53  1351  55  1451  53  1511  46  1651
  38  1851  31  1911  27  1951  26  1951  25  1911  24  2051  22  2051  20  2111
  18  2151  17  2251  16  2211  17  2251  17  2351  17  2311  15  2351
180  21   001  19   001  17   001  14   001  13   001  14   001  20   671
  26   971  32  1271  35  1671  38  1871  40  1971  44  1971  46  2071  40  1771
  31  1571  21  1271  15  1371  13  1371  11  1471   9  1571   7  1571   4  1671
   1  1571  -1  1571  -3  1471  -4  1571  -3  1571  -2  1671   0  1671   3  1571
   8  1571  15  1771  23  1971  34  2171  45  2271  54  2271  56  2371  50  2171
  38  1871  28  1671  24  1671  22  1771  22  1771  20  1871  17  1871  14  1971
  12  1971  11  2071  10  2071   9  2071   8  1971   7  1971   8  1951   9  2051
  12  2011  16  2151  20  2351  24  2411  28  2551  31  2651  32  2711  31  2451
  29  2151  26  1811  23  1851  19  1951  17  1911  16  2051  16  2051  16  2111
  16  2151  15  2151  14  2111  13  2251  11  2251  10  2311   9  2351
190   4   001   3   001   4   001   4   001   3   001   1   001   2  1171
   5  1071  10  1371  17  1671  22  1971  27  1971  28  1851  26  1811  22  1651
  17  1451  11  1211   6  1351   1  1451  -4  1511  -8  1551 -12  1651 -13  1611
 -12  1551 -10  1551  -8  1411  -8  1451  -8  1451  -9  1411  -9  1471  -8  1371
  -5  1371   0  1671   8  1971  17  2271  25  2271  32  2171  34  2171  30  1971
  23  1671  14  1471  10  1571   7  1771   5  1871   4  1871   2  1971   2  1971
   4  1871   5  1771   6  1671   7  1671   7  1771   7  1771   6  1751   5  1851
   6  1811  10  2051  16  2351  22  2511  27  2551  29  2451  29  2411  25  2151
  19  1951  14  1611  11  1851   9  1951   7  2111   4  2151   1  2151   0  2111
   1  2051   3  2051   5  1911   5  1951   5  2051   4  2011   4  2051
222  82   001  79   001  74   001  79   001  81   001  84   001  82   571
  82   771  87   971  98  1271 109  1371 116  1271 118  1271 114  1171 103  1171
  89  1171  77  1171  70  1271  65  1271  61  1371  55  1271  47  1271  39  1171
  33  1171  30  1271  28  1271  28  1271  28  1171  28  1171  26  1171  26  1071
  32  1071  47  1171  65  1371  81  1471  89  1371  90  1371  85  1271  78  1271
  69  1371  62  1371  56  1371  52  1371  48  1371  43  1371  39  1371  36  1371
  34  1371  33  1471  34  1471  36  1471  37  1371  35  1371  30  1351  26  1451
  26  1411  34  1451  46  1551  57  1511  62  1551  62  1551  58  1511  53  1551
  47  1451  43  1411  42  1551  42  1751  41  1811  38  1851  34  1851  31  1811
  29  1851  29  1751  31  1711  34  1751  36  1751  35  1711  30  1651
240  41   001  43   001  39   001  38   001  38   001  35   001  37   471
  42   871  51  1171  61  1171  72  1271  78  1271  81  1271  80  1271  70  1271
  56  1171  44  1171  35  1171  31  1171  28  1171  26  1271  23  1371  21  1471
  17  1471  14  1471  12  1471  10  1371  10  1371  11  1271  11  1271  14  1371
  22  1371  37  1371  54  1371  71  1371  83  1371  89  1371  86  1371  74  1371
  57  1271  42  1271  34  1271  30  1271  29  1271  28  1371  28  1471  27  1571
  26  1671  24  1671  24  1771  25  1771  25  1671  23  1671  18  1751  13  1751
  12  1811  19  1751  30  1551  42  1411  50  1451  54  1351  54  1311  51  1351
  45  1451  40  1411  36  1451  33  1451  31  1411  30  1651  28  1751  27  1911
  25  2051  23  2051  23  2111  24  2051  25  2051  24  1911  19  2051
255  46   001  44   001  44   001  44   001  44   001  41   001  49   271
  61   871  72  1371  78  1671  79  1971  75  1871  68  1671  65  1571  58  1371
  49  1171  41   971  37  1071  35  1171  34  1271  32  1171  28  1071  25   971
  20  1171  18  1271  14  1471   9  1471   5  1371   2  1371   1  1371   4  1371
  14  1371  30  1571  48  1871  64  2071  74  1971  76  1771  72  1671  62  1471
  49  1371  38  1171  32  1271  30  1371  29  1471  27  1471  24  1371  22  1371
  21  1571  20  1671  20  1871  20  1871  20  1771  17  1771  12  1751   6  1851
   5  1811  10  1951  19  1951  28  2011  34  1951  37  1851  38  1711  36  1651
  33  1451  30  1311  27  1451  24  1551  22  1611  20  1751  18  1751  17  1811
  16  2051  15  2151  14  2311  12  2351  10  2351   7  2311   4  2251
260  57   001  24   001   2   001   1   001   9   001   9   001  17   471
  29   871  42  1371  55  1471  67  1771  77  1771  83  1671  80  1671  70  1771
  56  1771  44  1871  36  1871  31  1951  28  1911  25  2051  22  2151  18  2211
  13  2251   8  2251   5  2211   4  2151   4  2151   6  2011   9  1851  14  1651
  22  1411  33  1651  47  1851  61  2011  74  1951  81  1951  80  1811  68  1951
  51  1951  35  2011  27  2151  24  2251  24  2311  23  2451  22  2451  20  2511
  18  2551  15  2651  14  2611  14  2551  14  2551  13  2411  11  2251  10  1951
  11  1711  16  1851  24  2051  32  2111  39  2051  44  2051  44  1911  39  2051
  31  2251  23  2311  17  2351  14  2451  12  2411  10  2651   9  2851   7  3011
   5  3051   2  3151   0  3111  -1  3151  -1  3151   0  3111   2  2851
280 -15   001  -6   001   5   001  13   001  16   001  22   001  23   471
  24   971  26  1371  30  1771  33  1971  35  2071  33  2171  32  2171  28  1971
  23  1771  16  1571  13  1671  10  1671   7  1771   3  1871  -2  1871  -6  1971
  -9  1971 -11  2071 -12  2071 -12  2071 -11  1971 -10  1971  -9  1871  -6  1771
  -1  1671   8  1971  17  2171  27  2471  35  2471  39  2351  38  2311  32  2251
  23  2051  15  1911   9  1951   6  1951   3  1911   0  2051  -2  2051  -5  2111
  -8  2251 -10  2251 -10  2311  -9  2251  -7  2051  -5  1911  -5  1951  -5  1851
  -3  1811   2  2051   7  2351  12  2511  14  2651  14  2751  12  2811  10  2551
   8  2251   6  1911   5  2051   4  2151   3  2211   1  2351  -1  2551  -3  2611
  -4  2651  -4  2651  -5  2611  -7  2551  -9  2551 -11  2411 -12  2451
299 -12   001  -5   001 -44   001 -46   001 -40   001 -35   001 -29   571
 -21   871  -8  1271   8  1671  24  1871  35  1871  43  1971  36  1971  24  1771
  12  1471   2  1271  -3  1371  -6  1371  -8  1471 -11  1471 -14  1571 -17  1571
 -19  1571 -21  1571 -21  1571 -21  1571 -21  1571 -20  1571 -18  1571 -13  1471
  -3  1471  12  1671  30  1871  44  2071  51  2071  52  2171  45  2171  32  1871
  18  1671   7  1371   3  1471   3  1471   4  1571   3  1671  -1  1771  -5  1871
  -7  1871  -9  1871 -10  1871 -12  1771 -14  1671 -16  1571 -17  1651 -15  1751
  -8  1811   4  1951  18  2051  28  2111  31  2151  28  2251  22  2211  15  2051
   7  1851   2  1611  -1  1651  -2  1751  -3  1711  -4  1851  -5  1951  -7  2011
  -9  2151 -10  2151 -12  2211 -13  2251 -13  2151 -13  2111 -11  2151
434  70   001  76   001  79   001  80   001  76   001  70   001  78   871
  92  1171 108  1271 121  1371 130  1271 130  1271 125  1271 121  1271 114  1171
 106  1171  99  1071  93  1071  87  1071  83  1071  79  1171  76  1271  71  1371
  67  1371  64  1371  61  1371  58  1471  57  1471  56  1571  57  1551  60  1671
  68  1671  81  1571  95  1471 109  1371 117  1371 119  1371 115  1371 104  1271
  89  1271  76  1171  67  1171  62  1271  59  1271  57  1371  56  1371  53  1471
  51  1471  48  1571  45  1571  41  1671  37  1871  34  1971  32  1951  33  1951
  39  1911  50  1851  62  1851  74  1711  81  1751  84  1751  81  1711  74  1651
  64  1551  55  1411  49  1451  46  1451  43  1411  40  1551  37  1651  34  1711
  32  1751  30  1851  28  1811  26  1951  23  2051  21  2111  20  2151
460   3   001  -1   001   1   001  10   001  18   001  20   001  23   571
  30  1271  41  1571  56  1871  72  1971  87  2071  94  2071  90  2071  81  1971
  68  1771  53  1671  46  1671  41  1571  38  1571  34  1671  29  1871  25  1971
  21  1971  19  1871  17  1871  15  1871  14  1971  15  1971  18  1971  25  1971
  36  1971  53  2071  73  2271  88  2371  95  2371  94  2471  86  2471  72  2271
  56  2071  43  1871  35  1871  31  1871  28  1871  24  1971  19  2171  16  2271
  15  2271  15  2171  14  2171  12  2171  10  2171   8  2171   8  2151  11  2151
  17  2111  26  2351  36  2451  45  2611  50  2651  52  2751  48  2711  40  2551
  29  2451  20  2211  15  2251  12  2151  11  2111  10  2351   8  2451   6  2611
   3  2651   0  2751  -4  2711  -8  2751 -10  2651 -10  2611  -7  2551
481  12   001   9   001  15   001  16   001  26   001  14   001  13   571
  19  1071  29  1871  41  1871  53  2271  63  2071  69  1971  68  1771  62  1671
  51  1671  41  1571  34  1671  29  1671  25  1771  20  1771  15  1871  10  1871
   6  1971   3  1971   0  2071  -3  2071  -7  2171  -9  2171  -9  2171  -7  2271
   0  2271  11  2371  25  2371  38  2471  49  2371  55  2271  55  2171  48  2071
  38  1871  27  1771  21  1771  17  1871  14  1871  10  1971   4  2071   0  2171
  -3  2271  -5  2371  -7  2471 -10  2471 -13  2371 -16  2371 -18  2351 -18  2351
 -15  2311  -9  2351  -2  2451   6  2411  13  2351  17  2151  18  2011  14  1951
   8  1951   3  1811   1  1951   2  2051   1  2111  -2  2251  -7  2451 -10  2511
 -11  2651 -11  2751 -11  2811 -13  2851 -16  2751 -19  2711 -22  2751
497 -19   001  -8   001 -13   001 -21   001 -17   001 -13   001  -7   771
   6  1271  30  1771  60  1971  83  1971  87  1871  72  1871  51  1771  32  1771
  18  1771   9  1771   2  1871  -4  1971  -8  2071 -11  2171 -14  2371 -17  2471
 -20  2571 -22  2571 -24  2671 -25  2671 -27  2671 -31  2671 -36  2571 -35  2471
 -20  2371  14  2271  53  2071  81  1971  84  1971  70  1871  49  1871  31  1871
  16  1971   5  1971  -3  2071  -8  2071 -12  2171 -16  2271 -19  2371 -21  2471
 -22  2571 -22  2671 -22  2771 -22  2771 -24  2771 -28  2771 -34  2671 -35  2651
 -22  2511  10  2451  48  2251  74  2111  77  2051  61  1851  40  1711  21  1851
   7  2051  -3  2111  -9  2251 -12  2451 -14  2511 -16  2551 -17  2651 -19  2611
 -21  2651 -22  2651 -23  2611 -23  2751 -23  2851 -27  2911 -34  2851
510  80   001  79   001  71   001  64   001  58   001  52   001  59   571
  72   971  86  1171 100  1371 113  1471 121  1371 127  1271 127  1171 119  1171
 107  1071  97  1071  90  1071  86  1171  84  1171  83  1171  82  1271  81  1271
  81  1271  82  1271  81  1271  79  1271  75  1371  73  1371  73  1371  75  1271
  80  1271  88  1471  98  1671 109  1871 120  1671 127  1551 127  1311 117  1251
 102  1151  87  1011  76  1151  69  1251  64  1311  60  1351  56  1451  52  1411
  48  1451  44  1451  41  1411  38  1451  36  1551  34  1511  32  1551  33  1651
  38  1611  49  1751  64  1951  78  2011  89  1951  94  1751  94  1611  87  1551
  76  1451  65  1311  56  1451  50  1451  46  1511  44  1651  42  1751  39  1811
  35  1951  31  1951  27  2011  25  1951  24  1951  23  1811  22  1851
579 125   001 126   001 127   001 130   001 127   001 129   001 140   671
 153  1071 163  1371 166  1271 162  1071 150  1171 132  1171 125  1271 112  1371
  97  1371  81  1471  68  1671  60  1871  53  2071  46  2271  40  2571  36  2771
  33  2771  31  2771  26  2771  17  2771   8  2771   4  2771   8  2471  21  2271
  39  1971  62  1671  85  1471 105  1171 115  1171 116  1071 108  1071  92  1271
  71  1571  52  1771  39  1871  32  2071  27  2171  23  2471  20  2671  17  2971
  14  3071  11  3071   6  3171   0  3171  -6  3071  -7  3071  -1  2751  11  2551
  28  2211  49  1951  71  1651  87  1311  95  1351  95  1351  87  1311  73  1551
  56  1751  40  1911  28  2151  19  2251  13  2411   8  2751   5  2951   3  3211
   2  3251   0  3351  -5  3311 -13  3351 -21  3251 -23  3211 -16  2951
588  52   001  51   001  50   001  45   001  39   001  29   001  32   771
  43  1371  59  1571  77  1671  94  1771 107  1771 112  1771 104  1771  83  1771
  56  1871  32  1871  19  1971  14  2071  14  2171  14  2071  13  2071  12  1971
  11  1971  10  1971   5  1971  -3  1971 -11  1871 -15  1871 -12  1871  -2  1871
  15  1871  36  1871  59  1771  78  1771  93  1771  98  1871  91  1871  70  1971
  43  2071  20  2171   7  2171   3  2271   2  2271   0  2271  -3  2171  -5  2171
  -5  2171  -5  2171  -6  2171  -9  2171 -13  2271 -14  2211 -10  2151   0  2151
  16  2011  38  2051  61  2051  81  2011  94  2051  97  2151  89  2111  69  2151
  44  2151  21  2111   7  2251   0  2351  -4  2411  -8  2451 -12  2451 -15  2411
 -16  2451 -15  2351 -16  2311 -19  2351 -22  2451 -22  2411 -18  2351
621  -3   001   8   001  15   001  12   001   2   001  -5   001  12   771
  42  1071  74  1371 101  1471 122  1471 133  1371 132  1271 117  1071  89  1271
  59  1371  38  1571  30  1671  30  1771  33  1871  31  1771  26  1571  22  1471
  22  1771  24  1971  25  2271  23  2371  20  2371  20  2471  25  2271  36  1971
  53  1771  75  1771  99  1671 119  1671 130  1571 131  1371 118  1271  93  1371
  61  1471  35  1571  22  1671  18  1871  18  1971  17  1871  14  1671  12  1571
  10  1771   8  2071   5  2271   0  2371  -5  2371  -4  2471   5  2251  21  2151
  42  1911  66  1951  89  1851 107  1811 116  1751 113  1751  99  1611  73  1651
  44  1651  20  1611   8  1751   5  1851   5  1911   4  1851   2  1851   0  1711
  -1  1951  -2  2251  -4  2411  -7  2551  -8  2551  -7  2611  -1  2451
630  58   001  47   001  49   001  41   001  40   001  47   001  51   471
  56  1071  69  1471  88  1771 111  1871 129  1771 138  1571 135  1471 128  1471
 121  1471 113  1471 107  1471 103  1571 100  1571  96  1471  93  1371  91  1271
  90  1271  88  1371  82  1371  71  1471  58  1571  49  1671  47  1671  53  1671
  64  1671  79  1771  95  1871 110  1971 120  1771 125  1671 122  1471 111  1571
  97  1671  83  1771  75  1771  68  1671  62  1671  54  1671  46  1671  38  1671
  33  1671  29  1571  25  1571  20  1671  15  1771  11  1871  10  1951  15  2051
  26  2111  45  2151  67  2151  85  2111  95  2051  98  1851  94  1711  86  1751
  75  1851  65  1811  57  1751  50  1751  45  1611  40  1651  35  1651  32  1611
  30  1751  28  1951  25  2011  19  2151  12  2351   8  2411   9  2451
643 131   001 137   001 138   001 140   001 135   001 132   001 134   571
 138   871 141  1071 144   971 144  1071 142  1071 137  1171 135  1171 126  1171
 114  1271 104  1271  97  1271  90  1371  85  1371  79  1371  73  1371  67  1371
  62  1371  58  1271  52  1271  44  1271  37  1371  34  1371  39  1371  51  1271
  67  1271  86  1271 103  1171 118  1171 127  1171 129  1171 125  1171 114  1171
 100  1271  86  1271  76  1371  69  1371  62  1471  54  1471  46  1371  41  1371
  40  1371  40  1271  39  1271  34  1371  28  1571  26  1611  30  1651  40  1551
  55  1511  72  1451  89  1351 102  1211 109  1351 110  1351 104  1411  92  1451
  76  1351  63  1311  54  1451  50  1551  46  1611  42  1651  38  1651  35  1611
  33  1651  32  1551  29  1511  24  1651  19  1751  18  1811  23  1751
645 110   001 109   001 105   001 113   001 111   001 103   001 105   571
 113   671 122   971 130  1071 135  1171 139  1171 139  1171 134  1071 121  1271
 106  1371  94  1571  86  1671  81  1671  77  1771  72  1771  66  1771  60  1771
  56  1671  52  1671  47  1571  41  1671  36  1671  36  1771  42  1571  55  1271
  71  1071  90  1171 109  1171 124  1271 132  1171 133  1071 124   971 106  1171
  85  1371  68  1571  59  1671  55  1771  54  1871  51  1871  47  1871  44  1871
  42  1871  41  1771  38  1771  33  1871  28  1871  28  1911  36  1751  50  1451
  67  1211  83  1351  97  1351 107  1411 112  1351 111  1251 103  1111  87  1351
  69  1651  53  1811  45  1951  41  2151  40  2211  38  2151  35  2151  32  2011
  30  2051  27  1951  23  1911  18  2051  14  2251  14  2311  21  2051
650 136   001 128   001 126   001 125   001 127   001 129   001 134   571
 140   671 144   971 145  1171 147  1371 148  1271 148  1171 145  1071 135  1071
 123  1171 112  1171 105  1371 100  1471  96  1671  90  1771  83  1971  76  2071
  71  2071  67  2171  62  2171  56  2071  51  2071  50  1971  56  1771  67  1571
  80  1371  92  1471 102  1471 112  1571 121  1471 125  1251 123  1111 112  1251
  96  1251  80  1311  69  1451  61  1651  56  1711  51  1851  47  2051  44  2111
  43  2151  42  2251  39  2211  34  2251  29  2151  29  2111  37  1951  51  1751
  67  1511  82  1651  95  1651 105  1711 113  1551 116  1451 113  1211 103  1351
  89  1351  74  1411  62  1651  53  1951  46  2111  41  2251  37  2351  34  2411
  32  2451  31  2451  28  2411  24  2451  20  2551  21  2511  29  2251
675 107   001 106   001 104   001 103   001 104   001 106   001 111  1571
 118  1971 124  1971 130  1971 134  1871 135  1671 131  1371 128  1171 115  1271
  97  1271  82  1371  74  1571  71  1651  68  1811  61  2051  52  2251  45  2411
  42  2551  41  2551  39  2611  33  2751  26  2851  22  2911  24  2751  33  2551
  48  2311  68  2251  90  2051 111  1911 126  1751 133  1551 128  1311 110  1351
  85  1451  61  1411  44  1651  33  1851  25  2011  16  2151   8  2351   2  2411
  -1  2551  -3  2551  -4  2611  -7  2751  -9  2851  -9  2911  -5  2751   5  2651
  23  2411  49  2351  78  2151 105  2011 124  1951 132  1751 126  1611 106  1651
  79  1551  54  1511  37  1851  26  2051  19  2311  12  2551   5  2651   0  2811
  -3  2951  -3  3051  -3  3111  -2  3251  -1  3451   1  3511   3  3151
690 108   001 100   001  92   001  90   001  89   001  90   001  94   571
 102   871 114   971 128  1171 139  1171 148  1071 149   971 145   871 136  1171
 124  1471 115  1771 110  1571 108  1371 105  1171 100  1171  95  1071  90  1071
  88  1171  87  1371  85  1471  82  1371  78  1271  75  1171  75  1171  80  1071
  91  1071 110  1071 130  1171 147  1171 155  1071 155  1071 146   971 131  1271
 114  1471  98  1771  87  1671  80  1471  76  1371  73  1271  71  1171  69  1071
  67  1271  66  1371  63  1571  58  1471  53  1371  52  1271  57  1251  67  1351
  82  1311 100  1351 117  1251 131  1211 138  1151 138  1051 131   911 119  1251
 105  1451  91  1711  81  1651  74  1451  70  1311  67  1251  65  1151  64  1011
  64  1251  63  1451  61  1611  57  1551  53  1551  52  1411  57  1451
747 120   001 120   001 135   001 122   001 121   001 125   001 136   671
 149   771 159  1071 165  1171 166  1371 159  1271 146  1071 141   971 137  1171
 130  1471 125  1671 123  1771 122  1771 122  1871 120  1871 119  1871 115  1871
 111  1971 105  2071 100  2171  94  2071  90  2071  88  1971  90  1771  95  1471
 101  1271 110  1371 118  1371 125  1471 131  1371 133  1151 128  1011 116  1351
 100  1551  86  1811  77  1851  72  1851  68  1811  63  1851  58  1951  54  1911
  51  2151  48  2251  45  2411  40  2351  36  2351  36  2211  43  2051  54  1951
  69  1711  84  1751  98  1651 109  1611 115  1451 117  1351 112  1111 102  1451
  89  1751  79  2011  74  2151  72  2251  71  2311  68  2351  64  2451  61  2411
  60  2551  62  2651  63  2711  64  2651  64  2651  64  2511  64  2251
NT  TEDF  78  35 1
20161216072016121602
20161216072016121603
20161216072016121604
20161216072016121605
20161216072016121606
20161216072016121607
20161216072016121608
20161216072016121609
20161216072016121610
20161216072016121611
20161216072016121612
20161216072016121613
20161216072016121614
20161216072016121615
20161216072016121616
20161216072016121617
20161216072016121618
20161216072016121619
20161216072016121620
20161216072016121621
20161216072016121622
20161216072016121623
20161216072016121700
20161216072016121701
20161216072016121702
20161216072016121703
20161216072016121704
20161216072016121705
20161216072016121706
20161216072016121707
20161216072016121708
20161216072016121709
20161216072016121710
20161216072016121711
20161216072016121712
20161216072016121713
20161216072016121714
20161216072016121715
20161216072016121716
20161216072016121717
20161216072016121718
20161216072016121719
20161216072016121720
20161216072016121721
20161216072016121722
20161216072016121723
20161216072016121800
20161216072016121801
20161216072016121802
20161216072016121803
20161216072016121804
20161216072016121805
20161216072016121806
20161216072016121807
20161216072016121808
20161216072016121809
20161216072016121810
20161216072016121811
20161216072016121812
20161216072016121813
20161216072016121814
20161216072016121815
20161216072016121816
20161216072016121817
20161216072016121818
20161216072016121819
20161216072016121820
20161216072016121821
20161216072016121822
20161216072016121823
20161216072016121900
20161216072016121901
20161216072016121902
20161216072016121903
20161216072016121904
20161216072016121905
20161216072016121906
20161216072016121907
002700140014001700180018001717161714271327122711271135123113351435143115351
53515311535163516311635163516311635163516311635163516311635163516311735173516311
63515351531153515351531153514351431143515351531153515351531153516351731173517351
73117351735173117351635163116351735173117351735163117351735173117351735173117351
005500180018001800180017001617162715271427132713271235123112351235133113351
43514311435143514311435153516311635163516311635153515311535163516311635163516311
63516351631163515351531153515351431143514351431143514351531153516351631173517351
73116351635163115351535153116351635173117351735163116351635163116351635173117351
015800180018001800180017001617151715271427132712271235123113351435143114351
33513311335133514311535153515311535153515311535143514311435153516311635173517311
63516351631163516351631163515351531143514351331133514351431153516351631173517351
73117351735163116351635163116351635163116351635163116351635163116351635163117351
027700170018001700150013001317131713171327142714371535163116351535143113351
33512311235123513311335133513311335133513311335143513311335123512311235133513311
43514351431153515351631163516351631163515351531153515351531153516351631153515351
43114351435143114351535153116351635173117351735173117351735173117351735173117351
070600150011001400150013001417141715271527162716271735173116351535153115351
53516311635153515311535153516311635173517311635153514311435143514311435143514311
43514351431153515351631153515351531153515351531153515351531153516351731163516351
53114351335133114351535163116351635163116351535153115351535153115351635163116351
110400130015001400160017001717162716271627152715271535143114351435143113351
23511311135123512311335143514311335123511311235133514311535153514311335123512311
23513351431143514351431133512351231123512351231123512351231133513351431133512351
23113351435153115351435143114351435143114351435133113351335133113351335143115351
120400170017001700170016001527152714271337123712371135113112351335133113351
23511311135113511311135113511311135113511311135113511311235123512311235123512311
23512351231113511351231133514351531153514351331133513351431143514351431133513351
33112351335133112351235133114351535173117351735163116351635163116351635163116351
130500160017001600180018001827172716271527152713271235123112351235123112351
23511311135113512311235123512311235123513311335133513311235123512311235123512311
23511351131123512351231123513351331133514351431133513351331133514351531143514351
33113351335123112351235133114351535163116351735173117351735163116351635163115351
145700170016001400150013001317131713271327132714271435153115351535143114351
43514311435143514311435143514311535153515311435133512311335143515311535143513311
43515351631163516351631163516351631163515351531143514351431153515351631153515351
43113351335133112351235133114351535163116351635163116351735173116351535153114351
149700180015001300140012001217122712271327132714271435153115351535153115351
43514311435143514311435143514311535163516311535143513311435153515311535143513311
33515351631163516351631163516351631163516351531153515351531153515351531153514351
33113351335123112351235133114351535163116351635163116351635163116351535153114351
156600180017001400130012001217121712271327132714271435153115351535153114351
43514311435143514311435143514311535163516311535133513311435153516311535143513311
43515351631163516351631163516351631163516351531153515351531153515351531153514351
43113351335123112351235133113351535163116351635163116351735163116351635153115351
168500120012001000100013001417141715271627172717271735173117351635163116351
63516311635163516311635153515311535153516311635163516311635163516311635153515311
53515351431143514351431143514351531153514351431143514351431153516351631163516351
53114351435133113351335133114351535163116351635163116351635163115351435143114351
180400150016001500130011001217132714271527162716371635163115351535153115351
63516311635163516311635173517311735163516311635163516311635173517311735173517311
73516351631153515351431133512351231133514351431143514351431153516351731173516351
53114351335133112351235133113351435153115351535153115351635163115351535153115351
190700170016001700170017001727162716271527153714371435143114351435143114351
43513311335143514311435143513311335143514311535163517311735173516311635163516311
63516351631163516351531143513351331133513351331133513351331143515351731173517351
63116351535143114351435143114351535153115351435153115351635163115351435133114351
222400120014001600180017001717162715271427132712371235133114351535153114351
43513311335133513311335133513311335133513311335133513311335123512311235123512311
23513351331143514351431143513351231133513351331133512351231133514351531143513351
23112351235123112351235133114351535163116351635163116351635163116351635163117351
240700130012001400120010001117131714271527152714271335123112351335143114351
43514311435143514311435143514311435143514311535153515311635163515311535153515311
43514351431153515351531163516351631163516351631153514351431153516351631153513351
23111351135123112351335143115351635173116351535143115351635163116351535153115351
255200140016001700130014001517152715271627162717371735173117351635163116351
63516311535153515311535153515311435143514311435153515311535143514311535153514311
43513351231123512351231133514351531153516351631163515351531163516351731163515351
43113351235123112351335133114351435143114351435143114351435143114351435153115351
260000100013001200120013001417151716271627172717371735173117351635153116351
63517311635163515311535143515311535153516311635163516311635153515311435143514311
43514351331133513351331143515351531163516351531153515351531153516351731173517351
63115351435133112351235133114351535153115351535143114351535153115351535153116351
280000140016001500150016001617161717271727172717271735173116351535153114351
53515311535143514311435143514311435143514311435153515311635163516311635153515311
43514351431153515351531143513351231123512351331133513351331143515351631173517351
63115351435133113351435153115351535153115351535153115351535153115351535153116351
299100120012001400150014001427142714271427132713371335123112351235123112351
23511311135113511311135113511311135113512311235133514311435143515311535163516311
53514351331123512351331133513351331133513351231123512351231123513351331143514351
43114351435133113351335123113351335143114351435143114351335133113351335143114351
434500160016001300140013001417142714271527152716271635173117351635163115351
53514311435143514311435143514311435143514311435153516311535153514311435143514311
33512351231123512351231133512351231123512351231123513351331133513351331133512351
13111351135123112351235123112351235123112351235113111351135113112351235123112351
460200130014001700150016001617161717271727172716371635163116351635163116351
53515311535143514311335133512311235133513311235123512311335143514311535153515311
43514351331133512351231133513351431133513351331133514351531163516351731173517351
73116351535143113351335133114351435153114351335133112351235123112351235123112351
481300170017001700170015001617162716271627162716271635153115351435143113351
33513311335123512311235123512311135113511311235133514311435133513311335133513311
33513351231123512351231123513351331133514351431133513351331133514351531153515351
53115351435143114351435143114351435143114351435143114351435143113351335133113351
497000100010001200140012001217122712271227122711271135113111351135113111351
13511311135113511311135113511311135113511311135113511311135113511311135113511311
13511351131113511351131113511351131113511351131113511351131113511351131113511351
13111351135113111351135113111351135113111351135113111351135113111351235123112351
510700160010001100120012001217132713271327143714371435133113351335143114351
53515311535143514311435153515311535143514311435143514311435133512311135123512311
23512351231123512351131113511351131113511351131123512351231123512351231123512351
23111351135113112351235123112351235123113351335143114351435133113351335133112351
579600170017001600170018001817182717271727172716271635153115351435143113351
33513311335133513311335123511311135113511311135113511311135113511311135113511311
13511351131113511351131113511351131113511351131113511351131113511351131113511351
13111351135113111351135113111351135113111351135113111351135113111351135113111351
588700170015001400130014001427131713271227122712271235123112351235123112351
23511311135113511311135113511311135113511311135113511311135113511311135113511311
13511351131113511351131113511351131113511351131113511351131113511351131113511351
13111351135113111351135113111351135113111351135113111351135113111351135113111351
621500140015001600150014001427142714271427142715271535163116351535153115351
53515311535153515311435143514311435153515311535153515311435143513311335123512311
23512351231123513351331133512351231123512351231123512351231123512351231123512351
13111351135113111351135113111351135113111351135123113351435143115351535163116351
630400140014001600170016001617162716271627162716271635163116351635163116351
53515311535153515311435143514311435143514311335133512311235123512311235113511311
13511351131113511351131113511351231123512351231123512351231123512351231123512351
23112351235113111351135113111351135113111351135113111351135113112351235123112351
643600170017001600150014001417152716271627173717371735173117351635153115351
43514311335133512311235113511311135113511311135113511311135113511311135113511311
13511351131113511351131113511351131113511351131113511351131113511351131113511351
13111351135113111351135113111351135113111351135113111351135113111351135113111351
645500150015001500140015001517161716271727172717271735173117351635153113351
23512311235133513311335123511311135113511311135113511311135113511311135113511311
13511351131113511351131113511351131113511351131113511351131113511351131113511351
13111351135113111351135113111351135113111351135113111351135113111351135113111351
650600170016001500160017001717171717271627162715271535143113351335133113351
33513311335123512311235113511311135113511311135113511311135113511311135113511311
13511351131113511351131113511351131113511351131113511351131113511351131113511351
13111351135113111351135113111351135113112351235123112351135113111351135123112351
675600150016001600140015001527152715271527142713271335123112351235123112351
23511311135113511311135113511311135113511311135113511311135113511311135113511311
13511351131113511351131113511351131113511351131113511351131113512351231123511351
13111351135113111351135113111351135113111351235123112351235113111351235123112351
690400140014001400140015001517152714271427132712271235113111351135113111351
13511311135113511311135113511311135113511311135113511311135113511311135113511311
13511351131113511351131113511351131113511351131113511351131113511351131113511351
13111351135113111351135113111351135113111351235123112351235123112351235123112351
747600170015001600170016001627172717271727172717271735173117351635153116351
63516311635153515311535153515311535143514311335133513311335123512311235123511311
13511351131113511351131113511351131113511351131123512351231123512351231123512351
23111351135113111351235123113351335143115351535163116351735173117351735173117351
