20160607081433
T2M TEDF  78  35 1
20160607082016060703
20160607082016060704
20160607082016060705
20160607082016060706
20160607082016060707
20160607082016060708
20160607082016060709
20160607082016060710
20160607082016060711
20160607082016060712
20160607082016060713
20160607082016060714
20160607082016060715
20160607082016060716
20160607082016060717
20160607082016060718
20160607082016060719
20160607082016060720
20160607082016060721
20160607082016060722
20160607082016060723
20160607082016060800
20160607082016060801
20160607082016060802
20160607082016060803
20160607082016060804
20160607082016060805
20160607082016060806
20160607082016060807
20160607082016060808
20160607082016060809
20160607082016060810
20160607082016060811
20160607082016060812
20160607082016060813
20160607082016060814
20160607082016060815
20160607082016060816
20160607082016060817
20160607082016060818
20160607082016060819
20160607082016060820
20160607082016060821
20160607082016060822
20160607082016060823
20160607082016060900
20160607082016060901
20160607082016060902
20160607082016060903
20160607082016060904
20160607082016060905
20160607082016060906
20160607082016060907
20160607082016060908
20160607082016060909
20160607082016060910
20160607082016060911
20160607082016060912
20160607082016060913
20160607082016060914
20160607082016060915
20160607082016060916
20160607082016060917
20160607082016060918
20160607082016060919
20160607082016060920
20160607082016060921
20160607082016060922
20160607082016060923
20160607082016061000
20160607082016061001
20160607082016061002
20160607082016061003
20160607082016061004
20160607082016061005
20160607082016061006
20160607082016061007
20160607082016061008
002 147   001 156   001 160   001 177   001 195   001 186   001 180   671
 175  1071 171  1171 167  1271 163  1271 161  1471 158  1471 156  1371 152  1271
 147  1171 142  1071 137   971 133   871 130   871 128   971 126   971 125   971
 125  1071 125  1071 125  1171 126  1171 127  1271 130  1471 134  1571 139  1771
 144  1771 149  1771 153  1771 157  1771 160  1871 160  1871 158  1771 153  1671
 145  1571 136  1471 125  1271 118  1171 114  1171 114  1271 114  1271 115  1271
 115  1171 113  1111 111  1251 111  1351 114  1411 122  1551 133  1751 144  1811
 154  1851 161  1951 166  1911 169  1951 170  2051 171  1911 171  1851 171  1951
 167  1811 160  1751 152  1551 145  1411 142  1451 141  1451 141  1411 141  1451
 141  1351 141  1311 142  1451 144  1551 148  1611 155  1751 163  1851
005 152   001 144   001 156   001 172   001 187   001 205   001 209   571
 205   871 201  1071 199  1171 196  1171 192  1471 187  1471 179  1471 169  1371
 160  1371 151  1171 144  1071 139   871 134   871 129   871 127   871 125   971
 123   971 124  1071 124   971 125   971 128   871 131  1171 136  1271 144  1471
 153  1671 163  1671 171  1671 176  1771 179  1771 178  1871 174  1871 169  1871
 160  1771 150  1571 139  1271 130  1071 123  1071 119  1071 116  1071 113  1171
 112  1171 112  1271 112  1151 113  1151 119  1011 130  1251 144  1551 158  1611
 171  1851 182  1851 191  1911 198  2051 202  2051 204  2111 203  2051 198  1951
 189  1911 177  1751 163  1551 151  1211 143  1251 137  1251 134  1211 132  1351
 131  1451 130  1511 130  1451 133  1351 140  1211 152  1451 167  1551
015 156   001 149   001 163   001 186   001 208   001 224   001 228   671
 226   971 224  1071 225  1371 225  1271 222  1571 215  1671 208  1671 199  1671
 189  1571 178  1471 169  1371 162  1271 156  1171 150  1071 146   971 143   971
 140   971 138   971 136   971 136  1071 139  1071 144  1171 153  1371 163  1471
 173  1571 183  1771 193  1871 201  1871 207  1971 207  1971 201  1871 191  1871
 178  1771 164  1571 153  1471 143  1271 135  1271 129  1171 124  1171 120  1171
 116  1271 114  1271 113  1251 115  1251 121  1211 133  1551 147  1751 162  2011
 174  2051 183  2051 190  2011 195  2051 198  2051 200  2011 199  1951 196  1851
 189  1711 178  1651 165  1351 153  1111 144  1151 137  1251 132  1211 128  1351
 126  1351 125  1411 127  1351 132  1351 140  1211 151  1451 164  1751
027 127   001 128   001 133   001 142   001 154   001 179   001 191   771
 197  1071 199  1271 201  1371 200  1271 195  1371 187  1271 181  1271 175  1171
 168  1171 159  1071 150   971 142   871 137   971 133  1171 130  1271 126  1271
 123  1371 121  1371 122  1171 126   971 134   771 147  1071 163  1271 177  1571
 186  1571 192  1571 195  1671 196  1671 196  1671 194  1671 189  1571 183  1571
 173  1471 161  1371 148  1271 138  1071 132  1171 128  1171 126  1271 124  1271
 121  1371 119  1371 117  1151 118  1051 124   811 137  1151 153  1551 169  1811
 181  1951 190  1951 196  1911 199  1851 200  1951 198  1911 193  1851 186  1751
 177  1711 168  1551 160  1451 153  1311 148  1351 144  1451 142  1411 140  1551
 139  1551 139  1611 140  1451 145  1251 153  1011 166  1351 181  1551
070 163   001 154   001 163   001 189   001 202   001 203   001 211   571
 221   971 229  1171 231  1371 229  1271 223  1571 219  1571 216  1571 212  1571
 206  1471 195  1471 183  1571 172  1571 166  1671 164  1771 162  1871 160  1871
 158  1971 157  1971 158  1671 160  1371 163  1071 165  1171 169  1371 173  1471
 179  1571 187  1571 192  1771 196  1871 199  1871 201  1971 204  1871 205  1771
 200  1771 188  1671 171  1671 155  1671 145  1771 139  1971 135  1971 129  2071
 124  2171 120  2271 119  1851 122  1551 130  1111 144  1351 162  1651 178  1911
 191  1851 199  1851 206  1811 211  1851 215  1851 217  1811 217  1851 214  1851
 204  1711 187  1651 168  1551 150  1511 139  1751 132  1851 128  2011 124  2151
 121  2251 120  2311 123  1951 129  1551 141  1111 157  1451 175  1651
110 137   001 133   001 129   001 134   001 139   001 154   001 169   871
 182  1071 192  1171 199  1271 204  1271 203  1471 201  1471 196  1371 189  1271
 178  1171 162  1071 148   871 136   771 127   871 124   971 124  1071 124  1071
 124  1171 124  1171 123  1171 123  1071 129  1071 140  1171 155  1371 172  1571
 186  1571 198  1571 206  1571 210  1571 211  1571 210  1571 207  1471 201  1371
 191  1271 176  1171 161   971 148   871 138   971 134   971 131  1071 129  1071
 128  1171 127  1171 128  1151 132  1151 142  1111 160  1251 180  1451 199  1511
 211  1551 218  1551 222  1411 224  1451 225  1451 224  1411 221  1551 215  1451
 205  1411 191  1251 177  1151 164   911 156  1051 152  1051 150  1111 148  1151
 147  1251 147  1211 148  1251 150  1251 155  1211 162  1351 171  1551
120 153   001 152   001 151   001 150   001 154   001 163   001 175   971
 187  1271 193  1471 194  1371 190  1371 187  1171 185  1071 181  1071 174   971
 167   971 156   971 143   971 132   971 126  1071 120  1071 118  1171 117  1171
 115  1071 115  1071 115   971 116   971 121   871 131  1071 145  1371 159  1571
 173  1571 183  1571 190  1471 190  1371 187  1371 183  1271 179  1271 175  1171
 169  1171 158  1071 147  1171 137  1071 131  1071 127  1171 126  1171 125  1171
 125  1171 124  1171 124  1051 127  1051 134   911 148  1251 164  1551 180  1811
 191  1851 198  1751 203  1711 206  1651 207  1651 205  1511 199  1551 191  1451
 182  1411 173  1351 165  1151 159  1011 154  1051 151  1151 149  1111 148  1151
 147  1251 147  1211 148  1251 150  1151 155  1111 163  1351 173  1651
130 163   001 161   001 160   001 166   001 177   001 179   001 189   571
 202   971 213  1171 218  1271 220  1271 221  1571 220  1671 218  1571 213  1571
 205  1471 194  1371 181  1171 166  1071 154  1071 145  1071 137  1071 132  1071
 128  1071 126  1071 125   971 127   971 133   871 145   971 160  1271 175  1371
 191  1471 204  1571 216  1671 223  1671 227  1771 228  1771 226  1671 221  1671
 212  1571 198  1471 183  1171 167  1071 154  1071 144  1171 136  1171 132  1171
 130  1171 129  1171 128  1171 130  1051 138  1011 154  1351 174  1551 194  1911
 210  1951 222  1751 231  1711 238  1951 243  1851 245  1911 245  1951 241  1851
 233  1711 220  1651 205  1351 191  1211 179  1251 171  1251 165  1211 161  1351
 159  1351 158  1411 158  1451 160  1351 167  1311 179  1551 193  1751
145 146   001 152   001 161   001 175   001 200   001 214   001 218   571
 218   971 217  1171 216  1371 215  1271 214  1471 212  1471 212  1471 209  1371
 203  1371 193  1271 182  1171 172  1071 164  1071 159   971 154   971 148   971
 142   871 139   871 139   871 142   971 147   971 152  1171 158  1271 166  1471
 175  1471 183  1571 189  1571 194  1571 196  1671 197  1771 198  1671 197  1671
 192  1571 184  1571 173  1371 162  1271 154  1171 148  1171 142  1071 135  1071
 127   971 122   971 121   951 123   951 130   911 141  1251 153  1451 166  1711
 177  1651 187  1651 194  1511 199  1751 203  1951 206  2111 208  2051 208  1951
 204  1811 196  1651 184  1551 173  1311 164  1251 156  1251 150  1111 145  1151
 142  1251 140  1211 141  1151 144  1051 151   911 161  1251 174  1451
149 140   001 141   001 144   001 177   001 201   001 226   001 233   571
 232  1071 230  1171 230  1371 230  1271 227  1571 225  1571 223  1471 222  1471
 216  1371 205  1271 194  1271 182  1271 176  1171 173  1071 168  1071 161  1071
 155  1171 150  1171 149  1051 151   871 156   771 162   971 169  1271 178  1371
 186  1471 192  1471 196  1571 198  1671 198  1771 199  1771 202  1671 204  1671
 202  1571 194  1471 182  1471 171  1471 162  1371 156  1371 150  1271 142  1271
 135  1271 129  1271 127  1151 129  1051 136   911 147  1251 161  1451 175  1611
 187  1751 195  1651 202  1611 206  1851 209  2051 212  2211 214  2151 215  1951
 211  1811 202  1751 189  1551 177  1411 168  1451 160  1351 154  1311 148  1451
 143  1451 140  1511 141  1351 146  1151 154   911 166  1251 179  1551
156 172   001 171   001 174   001 181   001 204   001 220   001 226   671
 226   971 226  1271 225  1371 225  1571 226  1671 225  1771 224  1671 221  1571
 215  1471 206  1371 196  1271 185  1171 179  1171 173  1071 168  1071 162   971
 156   871 152   771 151   771 152   771 155   771 160  1071 166  1371 174  1571
 183  1671 192  1671 199  1771 202  1871 205  1871 206  1971 207  1871 207  1771
 205  1671 198  1571 189  1471 178  1371 169  1371 160  1371 152  1371 145  1171
 140  1071 135   871 131   871 131   851 135   811 146  1251 161  1551 176  1911
 188  1851 197  1751 203  1711 208  2051 211  2251 214  2411 216  2351 217  2151
 214  2011 207  1851 197  1551 187  1311 178  1351 171  1351 165  1311 160  1151
 157  1051 154   811 152   851 153   851 158   811 169  1251 183  1651
168 165   001 147   001 152   001 182   001 204   001 226   001 234   471
 234   771 233  1071 233  1171 232  1171 230  1471 228  1471 225  1571 220  1571
 212  1671 199  1771 186  1671 175  1671 169  1771 166  1871 165  1971 163  1971
 161  2071 160  2071 161  1771 164  1471 168  1171 172  1271 175  1371 179  1471
 182  1671 186  1771 189  1871 192  1871 194  2071 197  1971 199  1971 199  2071
 194  2071 184  1971 170  1871 157  1671 149  1771 145  1971 142  2071 138  2171
 135  2271 133  2371 133  1951 135  1551 141  1111 152  1351 164  1551 177  1711
 187  1751 195  1851 201  1811 207  1951 211  1951 215  2011 217  2051 214  2051
 205  1911 188  1851 169  1751 152  1511 142  1751 138  1851 135  2011 131  2151
 127  2251 125  2311 127  1951 134  1551 145  1111 160  1451 176  1651
180 173   001 166   001 169   001 198   001 208   001 221   001 234   571
 245   771 251   971 250   971 244  1071 238  1171 234  1371 231  1471 227  1571
 220  1671 210  1671 196  1571 185  1571 177  1371 173  1171 170  1071 167  1171
 166  1271 165  1371 166  1271 169  1171 174  1071 181  1171 188  1271 194  1371
 199  1371 201  1271 202  1271 204  1371 205  1371 205  1471 203  1471 198  1571
 192  1671 183  1771 175  1671 166  1571 160  1471 156  1271 151  1171 147  1271
 143  1471 140  1571 139  1351 141  1251 148  1011 160  1251 175  1451 189  1611
 200  1551 208  1451 213  1411 217  1451 219  1451 220  1411 218  1451 213  1451
 202  1411 186  1451 167  1451 150  1511 139  1451 132  1351 127  1211 123  1451
 120  1551 120  1711 124  1551 131  1351 143  1111 159  1351 176  1651
190 155   001 159   001 179   001 196   001 214   001 229   001 240   671
 249   971 258  1171 265  1271 266  1271 262  1471 254  1571 247  1771 240  1971
 232  2071 222  1771 211  1571 201  1271 193  1171 187  1071 181  1071 174  1171
 169  1271 167  1371 169  1271 175  1271 182  1171 189  1371 196  1371 203  1571
 210  1571 216  1771 219  1671 220  1971 217  2071 212  2271 205  2271 198  2171
 191  2271 184  1971 179  1471 174  1171 171  1171 168  1171 165  1171 163  1271
 160  1271 157  1371 155  1351 156  1251 161  1211 170  1351 183  1451 196  1611
 208  1551 218  1451 225  1511 230  1651 231  1851 230  1911 225  1951 217  1851
 207  1711 195  1551 181  1351 169  1011 159  1051 150  1051 143  1011 137  1151
 133  1351 132  1411 136  1351 145  1351 156  1211 170  1451 184  1551
222 163   001 154   001 154   001 173   001 194   001 204   001 214   571
 223   971 228  1271 231  1471 231  1371 231  1571 227  1671 221  1571 213  1471
 203  1371 193  1271 184  1171 176  1071 170  1171 167  1271 162  1371 156  1471
 151  1471 146  1571 144  1371 146  1271 154  1071 168  1171 186  1171 203  1371
 217  1471 226  1771 233  1871 238  1871 240  1871 240  1871 237  1571 231  1571
 221  1471 207  1371 191  1371 179  1271 171  1371 166  1371 162  1471 157  1471
 151  1471 146  1471 143  1351 145  1151 154  1011 173  1251 195  1251 216  1411
 230  1551 238  1651 243  1711 248  1851 252  1751 253  1811 251  1851 244  1651
 234  1511 220  1451 206  1351 194  1211 187  1351 183  1351 179  1411 174  1451
 169  1551 165  1511 164  1451 166  1251 174  1111 187  1351 201  1551
240 150   001 146   001 155   001 169   001 194   001 222   001 236   371
 242   871 244   971 245  1271 244  1271 242  1571 238  1571 236  1471 233  1271
 225  1171 212  1171 198  1171 186  1171 176  1171 168  1071 162  1071 158  1071
 153  1171 149  1171 148  1071 149   871 155   771 165   971 179  1071 193  1371
 205  1471 214  1671 220  1871 223  1871 225  1771 225  1771 224  1571 222  1371
 215  1371 203  1271 189  1271 176  1171 167  1171 159  1171 155  1171 151  1171
 148  1271 145  1271 142  1171 143  1051 149   911 163  1251 180  1651 197  1911
 209  1951 216  2151 222  2011 227  2051 231  2051 234  1911 235  1751 233  1651
 226  1511 213  1451 197  1251 183  1111 173  1151 166  1151 162  1111 158  1151
 155  1251 152  1211 150  1151 151  1051 157   911 170  1351 186  1651
255 145   001 138   001 143   001 169   001 182   001 205   001 223   671
 235   971 241  1171 240  1171 237  1171 235  1371 235  1371 233  1471 230  1671
 222  1771 210  1571 198  1371 185  1271 176  1171 171  1171 167  1171 162  1171
 158  1071 155  1071 153   971 155   971 159   871 166  1071 175  1271 185  1471
 195  1671 202  1771 208  1971 211  1871 213  1871 212  1771 210  1851 206  1851
 200  1911 190  1751 179  1451 169  1311 161  1251 155  1251 150  1211 146  1251
 142  1251 139  1211 137  1151 137   951 143   811 155  1251 171  1551 186  1911
 197  1951 203  1951 208  2011 212  1951 215  1851 217  1711 218  1751 217  1951
 211  1911 200  1751 187  1551 174  1311 163  1351 155  1251 149  1211 144  1251
 139  1351 136  1311 134  1251 136  1151 143  1011 156  1351 173  1551
260 114   001 121   001 132   001 156   001 188   001 222   001 234   471
 234   971 231  1171 232  1371 233  1271 231  1571 228  1571 227  1471 224  1471
 217  1371 204  1571 188  1671 173  1871 163  1871 158  1971 154  1971 151  1971
 150  2071 152  2071 157  1671 163  1371 170   971 176  1171 181  1271 187  1571
 195  1671 203  1771 209  1871 211  1971 209  1871 207  1971 205  1871 201  1571
 194  1471 182  1671 168  1871 156  2071 148  1971 144  1971 141  1971 138  2071
 136  2171 135  2271 137  1851 142  1551 151  1111 163  1451 177  1851 190  2011
 201  2051 209  1951 215  1811 218  1851 220  1951 221  1911 222  1851 219  1851
 210  1811 192  1951 171  1951 152  2011 141  2151 135  2151 132  2211 129  2351
 126  2551 125  2611 127  2151 133  1751 144  1211 159  1451 177  1751
280 140   001 130   001 150   001 183   001 205   001 223   001 231   371
 234   771 238  1071 242  1371 245  1471 242  1571 238  1671 235  1671 231  1571
 221  1571 207  1571 190  1471 176  1371 168  1371 164  1271 162  1271 160  1271
 159  1371 159  1371 162  1271 167  1171 173  1071 181  1271 189  1471 197  1571
 202  1671 206  1871 208  1971 207  2171 204  2171 201  2271 199  2151 196  1951
 191  1811 181  1751 171  1551 162  1311 158  1351 157  1351 156  1311 152  1451
 148  1451 145  1511 146  1451 150  1251 158  1111 169  1351 182  1351 195  1511
 207  1551 217  1551 224  1511 228  1551 229  1751 228  1811 226  1851 221  1751
 211  1611 196  1551 178  1451 163  1311 153  1351 148  1351 143  1311 137  1451
 132  1551 130  1611 132  1451 139  1351 150  1111 165  1351 181  1451
299 146   001 149   001 165   001 185   001 204   001 214   001 224   571
 232   871 237  1171 240  1271 240  1471 237  1671 235  1871 235  1971 234  1971
 228  1871 213  1571 196  1371 182  1171 174  1171 169  1171 168  1271 164  1271
 160  1371 158  1371 159  1271 163  1171 169  1071 177  1071 186  1271 194  1271
 201  1371 206  1471 207  1671 204  1871 200  1971 196  2371 194  2371 193  2171
 191  2071 184  1771 175  1471 168  1171 164  1271 163  1371 163  1371 160  1471
 157  1471 153  1571 150  1351 150  1251 154  1011 164  1151 178  1351 191  1411
 201  1351 209  1451 215  1411 220  1551 223  1751 224  1711 223  1751 218  1751
 209  1711 194  1451 177  1151 161   811 150   951 142  1151 136  1211 130  1451
 126  1551 125  1711 128  1551 135  1351 147  1111 163  1351 180  1451
434 166   001 157   001 152   001 156   001 173   001 187   001 198   771
 205   871 208  1171 209  1271 209  1371 210  1471 209  1571 207  1571 204  1571
 198  1571 190  1371 180  1071 172   871 167   871 163   771 159   771 155   771
 151   871 147   871 145   871 146   871 152   871 164   971 179  1171 193  1271
 203  1371 211  1271 215  1371 218  1571 220  1671 220  1771 219  1771 215  1771
 208  1771 198  1571 186  1371 175   971 167   971 161   971 155   971 151   971
 148  1071 145  1071 142  1071 142  1051 147  1011 159  1251 175  1451 190  1611
 200  1851 207  1851 212  1911 217  2151 221  2351 223  2511 223  2351 220  2251
 213  2011 202  1751 190  1651 179  1211 172  1251 168  1151 165  1111 162  1151
 159  1151 155  1111 151  1151 149  1151 153  1111 164  1251 180  1451
460 147   001 144   001 150   001 172   001 188   001 216   001 229   471
 233   871 233  1271 234  1571 235  1471 233  1571 230  1471 226  1471 218  1471
 210  1571 197  1571 186  1571 176  1471 169  1571 164  1571 161  1671 158  1671
 156  1671 156  1671 157  1471 161  1271 167  1071 177  1171 187  1271 198  1371
 208  1471 216  1671 220  1771 220  1771 217  1571 214  1471 212  1571 209  1471
 202  1571 191  1471 177  1571 167  1471 160  1571 156  1671 154  1771 151  1771
 148  1871 146  1871 146  1651 149  1351 156  1111 168  1251 181  1251 194  1311
 203  1551 210  1651 214  1711 217  1751 220  1751 221  1711 220  1751 217  1651
 209  1611 197  1551 182  1451 169  1411 160  1551 153  1551 148  1611 143  1751
 138  1951 136  2011 137  1751 141  1551 151  1211 166  1351 184  1451
481 173   001 165   001 170   001 196   001 211   001 211   001 218   371
 228   871 238   971 245  1171 248  1171 247  1371 245  1471 241  1471 235  1371
 227  1371 220  1471 210  1371 200  1371 192  1371 185  1171 178  1171 174  1171
 170  1071 169  1071 170  1071 173   971 177   971 182  1071 188  1371 196  1471
 205  1571 214  1571 221  1671 224  1771 224  1671 221  1771 217  1671 210  1571
 204  1571 195  1571 187  1471 180  1371 175  1271 170  1271 168  1071 164  1071
 161  1071 159  1071 159  1051 161  1051 167  1011 176  1251 186  1351 196  1511
 205  1551 212  1551 219  1611 226  1651 232  1751 235  1811 234  1751 229  1751
 221  1511 210  1451 198  1251 187  1011 178  1151 170  1151 163  1111 156  1151
 150  1251 146  1211 146  1151 151  1151 159  1011 171  1251 185  1451
497 123   001 118   001 119   001 149   001 164   001 188   001 207   471
 221   971 231  1471 237  1571 240  1571 239  1871 235  1871 226  1671 214  1571
 201  1571 188  1571 176  1471 165  1471 154  1671 145  1771 137  1971 132  2071
 129  2071 128  2171 130  2171 135  2271 145  2271 159  2171 176  1971 192  1771
 205  1971 214  2071 221  2271 223  2271 222  2271 216  2071 205  1971 193  1871
 179  1771 167  1671 158  1671 150  1571 145  1671 139  1771 136  1771 133  1771
 130  1871 128  1871 127  1851 129  1951 136  1911 150  2051 167  1951 183  1911
 193  1951 199  2151 204  2111 209  2151 212  2151 213  2211 209  1951 201  1851
 190  1611 177  1551 163  1551 150  1411 140  1651 131  1751 125  1911 120  1951
 116  2051 114  2011 115  2051 120  2151 131  2111 150  2051 173  1951
510 169   001 161   001 153   001 167   001 174   001 195   001 209   571
 220   871 228  1171 236  1171 242   971 245  1571 246  1571 246  1571 243  1571
 236  1571 227  1271 214  1071 203   771 193   871 185   971 178  1071 171  1071
 166  1171 163  1171 163  1071 168   971 178   871 193  1071 210  1171 228  1371
 242  1471 253  1671 260  1771 265  1771 269  1871 270  1871 270  1871 266  1771
 258  1771 246  1471 230  1271 215   971 204  1071 196  1171 190  1271 185  1271
 180  1371 176  1371 174  1251 174  1051 181   911 194  1151 211  1351 228  1511
 241  1651 250  1751 257  1711 263  1851 267  1751 269  1811 269  1751 265  1751
 257  1611 245  1551 230  1251 217  1011 207  1151 200  1251 194  1311 187  1451
 181  1451 177  1511 176  1351 178  1251 184  1011 192  1251 202  1351
579 177   001 173   001 177   001 192   001 204   001 217   001 237   371
 258   771 272   971 278  1071 276   971 270   971 263   971 258   971 255  1071
 250  1071 240  1071 229  1071 217  1071 207  1171 200  1171 193  1271 186  1471
 182  1671 181  1871 187  1771 197  1571 211  1471 225  1371 239  1371 253  1271
 265  1371 275  1371 281  1471 284  1371 283  1371 278  1171 270  1171 260  1271
 249  1371 237  1371 225  1271 215  1171 206  1271 196  1271 188  1371 180  1571
 174  1871 172  2071 174  1851 182  1751 194  1511 210  1551 228  1451 244  1411
 255  1451 263  1551 268  1511 272  1551 274  1451 272  1411 266  1451 257  1351
 247  1411 238  1351 231  1351 223  1211 215  1351 205  1351 195  1411 184  1651
 175  1951 170  2111 170  1951 177  1851 189  1611 207  1551 227  1451
588 135   001 134   001 150   001 171   001 193   001 215   001 229   471
 238   771 243  1071 243  1171 240  1171 234  1271 229  1271 227  1271 226  1371
 222  1371 210  1271 195  1271 180  1171 166  1271 155  1371 146  1471 138  1571
 133  1671 133  1771 138  1671 148  1471 164  1371 184  1371 205  1471 222  1471
 234  1471 241  1571 246  1571 249  1471 250  1271 249  1171 245  1271 239  1271
 228  1371 215  1271 201  1271 187  1171 175  1271 165  1471 155  1571 147  1671
 141  1771 139  1871 141  1751 148  1651 161  1511 180  1551 201  1651 220  1611
 233  1651 241  1551 247  1511 252  1551 254  1551 253  1511 247  1551 237  1651
 224  1611 210  1451 197  1351 185  1111 175  1251 167  1451 159  1511 150  1651
 143  1751 139  1811 141  1751 149  1651 163  1511 182  1651 202  1751
621 152   001 151   001 152   001 154   001 168   001 173   001 188   471
 205   871 220  1171 229  1271 236  1371 243  1371 247  1371 247  1371 241  1371
 230  1371 216  1371 200  1271 187  1371 176  1371 166  1371 160  1371 155  1371
 151  1471 149  1471 149  1371 153  1171 164  1071 183  1171 205  1371 226  1571
 240  1671 249  1771 255  1871 261  1771 266  1571 269  1471 268  1571 262  1571
 250  1771 232  1571 213  1471 197  1371 187  1371 182  1471 178  1471 173  1471
 168  1571 164  1571 162  1471 164  1251 173  1111 189  1351 209  1451 226  1711
 238  1751 244  1751 249  1711 253  1651 257  1651 259  1611 258  1751 254  1751
 243  1811 226  1651 206  1551 190  1411 180  1551 176  1551 172  1511 167  1551
 162  1551 159  1511 160  1451 164  1251 172  1111 182  1451 192  1651
630 180   001 176   001 174   001 171   001 177   001 180   001 193   471
 209   771 223  1071 232  1171 240  1071 249  1471 255  1471 257  1271 254  1271
 246  1171 235  1271 222  1271 209  1211 198  1151 189  1051 181   911 174   951
 167  1051 163  1011 162  1051 166   951 176   911 193  1051 214  1151 232  1211
 244  1351 253  1451 260  1411 269  1451 277  1551 281  1411 280  1451 273  1351
 263  1311 250  1351 236  1151 222  1011 209  1051 199  1051 190  1011 184  1151
 179  1251 175  1311 172  1251 173  1151 180  1011 195  1151 214  1351 230  1411
 240  1551 245  1551 251  1611 259  1751 268  1851 274  1911 275  1851 271  1751
 262  1511 250  1451 235  1251 221  1111 209  1151 199  1251 190  1211 183  1351
 177  1351 174  1411 173  1351 175  1151 182  1011 194  1151 209  1251
643 185   001 181   001 184   001 193   001 206   001 235   001 249   471
 254   671 255   871 255  1071 257  1071 259  1271 260  1271 255  1371 246  1471
 237  1571 225  1371 216  1071 208   871 203   971 199  1071 194  1171 190  1171
 185  1271 182  1271 182  1171 188  1171 199  1071 218  1071 239  1071 256  1071
 264  1171 266  1471 267  1571 268  1571 269  1371 268  1371 264  1471 258  1671
 249  1771 239  1471 229  1171 221   871 214   971 209  1071 204  1171 198  1271
 193  1271 189  1371 188  1351 193  1251 204  1211 222  1251 243  1351 261  1311
 271  1451 275  1451 277  1511 279  1551 280  1551 280  1611 277  1651 271  1751
 263  1811 252  1551 240  1251 229  1011 220  1151 212  1151 205  1211 199  1351
 193  1351 190  1411 189  1351 193  1351 203  1211 219  1251 237  1251
645 173   001 175   001 176   001 199   001 229   001 243   001 258   371
 271   671 280  1071 284  1271 284  1271 280  1271 274  1171 271  1271 266  1471
 257  1571 240  1471 221  1271 206  1171 198  1171 196  1171 194  1171 189  1271
 183  1271 180  1371 184  1271 194  1171 209  1071 226  1071 244   971 259  1071
 271  1271 280  1571 287  1771 293  1571 296  1371 294  1171 285  1271 271  1471
 255  1571 241  1571 227  1371 215  1171 206  1171 198  1271 191  1271 184  1371
 179  1471 178  1571 182  1451 191  1251 205  1111 222  1051 240  1051 256   911
 268  1151 276  1351 283  1511 289  1451 293  1551 293  1511 287  1551 276  1551
 262  1511 246  1451 230  1351 217  1211 209  1251 203  1251 198  1211 191  1351
 185  1551 181  1611 183  1551 190  1351 203  1211 220  1151 239  1051
650 160   001 164   001 170   001 193   001 199   001 216   001 229   571
 241   771 252  1071 264  1271 272  1271 270  1171 266  1171 260  1171 252  1071
 241  1071 230  1071 220   971 212   971 206  1071 203  1171 200  1271 196  1271
 193  1271 193  1271 196  1071 204   971 216   771 231   871 247  1071 261  1171
 271  1271 277  1271 282  1371 286  1371 287  1371 285  1371 278  1271 268  1171
 258  1071 248  1171 238  1071 230  1071 223  1171 217  1171 210  1271 203  1371
 197  1371 194  1471 195  1251 200   951 209   711 221   951 235  1151 249  1311
 260  1351 269  1351 276  1311 281  1251 284  1351 283  1211 279  1151 271  1151
 261  1111 249  1051 237  1051 226   911 217  1151 210  1251 204  1311 197  1451
 192  1451 190  1511 193  1251 200  1051 212   711 226   951 241  1251
675 150   001 150   001 158   001 182   001 212   001 238   001 255   571
 266  1071 274  1271 277  1371 275  1671 267  1871 259  2071 254  1871 251  1671
 245  1471 233  1371 219  1371 204  1271 194  1471 186  1571 178  1771 170  1971
 163  2171 160  2371 164  2171 174  1971 191  1771 214  1571 239  1471 259  1271
 271  1571 276  1571 275  1771 269  1871 261  2071 254  2171 249  1971 246  1671
 240  1471 231  1471 219  1571 206  1571 196  1671 187  1771 179  1871 172  2071
 167  2171 163  2371 162  2151 165  1951 176  1711 195  1651 218  1651 240  1511
 256  1651 265  1651 269  1711 267  1951 262  2251 256  2411 250  2151 243  1951
 234  1611 222  1651 209  1551 196  1511 185  1651 176  1851 168  1911 160  2151
 154  2251 153  2411 159  2251 172  2151 189  1911 209  1851 230  1751
690 186   001 191   001 194   001 220   001 223   001 219   001 220   671
 221   871 222   871 222   871 222   771 224  1071 226  1071 225  1071 222  1071
 219  1071 214   971 210   871 206   771 203   871 199   871 194   971 188  1071
 184  1071 183  1171 188  1071 196  1071 205   971 214  1271 219  1371 224  1671
 225  1671 225  1771 224  1611 223  1451 221  1551 220  1411 219  1351 217  1251
 215  1211 212  1151 209  1051 206   811 202   951 198   951 193  1011 188  1151
 184  1151 183  1211 186  1151 192  1151 200  1011 207  1251 214  1451 218  1611
 220  1651 220  1751 219  1911 218  1651 218  1651 218  1511 219  1351 219  1351
 218  1211 214  1151 209  1151 203  1011 198  1051 195  1051 191  1111 188  1151
 185  1251 185  1211 188  1151 194  1151 201  1011 209  1251 215  1351
747 180   001 177   001 178   001 208   001 225   001 243   001 254   471
 261   671 267   771 273   971 276  1171 271  1471 267  1671 264  1571 262  1471
 256  1371 248  1271 237  1271 229  1171 222  1171 216  1271 211  1271 205  1371
 201  1471 198  1571 199  1371 204  1271 213  1071 228  1171 244  1271 259  1371
 272  1371 279  1471 282  1471 281  1571 277  1671 273  1871 271  1671 270  1571
 265  1371 257  1271 247  1171 238  1071 232  1171 229  1371 225  1471 221  1571
 216  1571 214  1671 214  1451 217  1351 225  1111 238  1251 253  1251 267  1411
 278  1451 285  1351 288  1311 287  1651 284  1951 280  2211 277  1851 275  1651
 269  1311 259  1251 248  1151 237  1011 229  1251 223  1351 218  1511 213  1651
 208  1651 205  1711 205  1551 209  1451 216  1211 227  1251 240  1351
NT  TEDF  78  35 1
20160607082016060703
20160607082016060704
20160607082016060705
20160607082016060706
20160607082016060707
20160607082016060708
20160607082016060709
20160607082016060710
20160607082016060711
20160607082016060712
20160607082016060713
20160607082016060714
20160607082016060715
20160607082016060716
20160607082016060717
20160607082016060718
20160607082016060719
20160607082016060720
20160607082016060721
20160607082016060722
20160607082016060723
20160607082016060800
20160607082016060801
20160607082016060802
20160607082016060803
20160607082016060804
20160607082016060805
20160607082016060806
20160607082016060807
20160607082016060808
20160607082016060809
20160607082016060810
20160607082016060811
20160607082016060812
20160607082016060813
20160607082016060814
20160607082016060815
20160607082016060816
20160607082016060817
20160607082016060818
20160607082016060819
20160607082016060820
20160607082016060821
20160607082016060822
20160607082016060823
20160607082016060900
20160607082016060901
20160607082016060902
20160607082016060903
20160607082016060904
20160607082016060905
20160607082016060906
20160607082016060907
20160607082016060908
20160607082016060909
20160607082016060910
20160607082016060911
20160607082016060912
20160607082016060913
20160607082016060914
20160607082016060915
20160607082016060916
20160607082016060917
20160607082016060918
20160607082016060919
20160607082016060920
20160607082016060921
20160607082016060922
20160607082016060923
20160607082016061000
20160607082016061001
20160607082016061002
20160607082016061003
20160607082016061004
20160607082016061005
20160607082016061006
20160607082016061007
20160607082016061008
002100100010001000110012001317141715271627172717371731173517351731173517351
73117351735173117351735173117351735163115351335113111351235123112351235133113351
43515311535153515311535163516311635153515311535163516311535143513311235123512311
23512351231133515351631163515351431133512351231133513351431143514351431143514351
005300130014001100140016001617161717271727172717371731173517351731173517351
73117351735173117351735173117351735173116351635153114351335123111351235123113351
33513311335133513311335143515311535163516311635163516311535143514311335123512311
23513351331143514351531153515351431143514351431143514351431143515351531153515351
015100120012001300100010001117121713271427152716271731173517351731173517351
73117351735173117351735173117351835173115351435133113351435153114351335123111351
13512311335143515311535163516311535153515311535163516311535133512311235123512311
23512351231133514351531153514351431143514351431143513351331133512351231123512351
027300130013001500160014001417151715271627162716371631163515351431133513351
33113351335133114351535153116351635163115351635163116351735173116351435133112351
23512311235123511311135123512311235113512311335143515311435133512311235133513311
33513351331133514351431143514351431143514351431143514351431143514351531153514351
070500150015001400150016001517151715271427142714371431143515351631163515351
53115351635163117351735173117351735173117351735173117351735173117351735163116351
53514311435133513311335133513311335133513311435153515311535143513311335123512311
23512351231123512351231123513351431143514351431143514351431143514351431153515351
110700180017001700170013001317142714271527152715371531143513351231133514351
43115351535153115351535153115351535153114351335123112351235123112351235123111351
13511311135113511311135113512311235133513311335133513311435143515311435133512311
23513351431153516351631163516351531153515351631163516351631163516351631173517351
120800160015001600180018001827182718271727162716271531143514351331133513351
33113351435143115351635163116351635153115351535153115351535153114351435133113351
33513311335143514311535153515311435143513311335133513311335143514311435143514311
43514351431143514351531143514351431153515351531153514351431153515351631163515351
130700170014001200160017001727172716271627162716371631153515351431143513351
33113351335143114351535163116351635153115351435143114351435143114351335133112351
23513311335133513311335133513311235123512311335133514311435133513311335143514311
43514351431143514351431143514351431153515351531163516351631163515351531153515351
145000100010001200110011001217132714271527152716371631163516351531153516351
63115351535153115351535163116351635163116351635163116351735173117351735173117351
73517311635153514311335123512311235123513311435143514311435143514311335133513311
33513351331133514351431143514351431143514351431143514351531153515351531153515351
149100120010001000100010001117131714271527162716371631163515351531153515351
53115351535153115351635163116351735163116351635163116351735173117351735163117351
73517311735163515311435133512311235133514311435153515311435143513311335133512311
23512351331133514351431143514351431143514351431143514351531153515351531153515351
156100120010001100100010001117121713271527162716371631163515351531153515351
63115351535153115351635163116351735163116351635163116351735173117351735173117351
73517311635163515311335123512311235133514311535153514311435143513311335133512311
23512351331133513351431143514351431143514351531153514351531153515351631153515351
168300140014001300100011001207121713171427152715271631163516351531153515351
53115351535163116351635163116351735173117351735173117351735173117351735173117351
73516311635163516311535153515311435143514311435153515311435133512311235123512311
23512351231123512351231123512351331133513351431143514351531153514351431143515351
180400120011001200130012001327132713271427142715371531163516351631163515351
43114351435153116351635173117351735173117351735173117351735173117351735173117351
73517311635163516311635163516311635153514311335123512311135113512311235133513311
33513351331123512351231133513351431143514351431143514351431143514351431143514351
190000100010001400140014001517152715271627162716371631163515351431143514351
43114351435143115351535163116351735173117351735173117351635163116351735173116351
63515311535163516311635163516311635163516311535143513311335123512311235123512311
23512351231123512351231123512351231123512351231123512351331133513351331133514351
222500130010001000100010001117122713271427143715371531153514351431133512351
13111351135113112351235123113351335143114351535153115351435143113351335123112351
13511311135113511311135113511311135113512311235133514311435143514311335123512311
23513351331133513351331133514351431143514351431143515351531163516351631163515351
240200150014001300110010001117121713271427152715371531153515351431143513351
23112351235113111351135123113351435153115351535153114351435133114351435143114351
33512311235123512311335133514311335123512311135113512311235123512311335143514311
43514351431143514351431143513351331133513351431143514351431143514351431143514351
255000100010001000110011001217131713171427142714371431143514351531153515351
53114351435133113351435143115351635163116351535153115351535153115351535143114351
33513311335143515311635163516311635163516311635153515311435143514311335133513311
43514351431143514351431143513351331133513351431143513351431143515351631153515351
260200130014001200100010001017112711271227132713371331133513351331133514351
53115351535153115351635163116351535153115351535163116351635163116351635163115351
43514311435153516311635163516311635163517311735163516311535153515311435143513311
33513351331133514351431143513351231123512351331133514351431143514351431143515351
280000110012001000110011001217132713271427152715371631153515351431143513351
33113351435143115351535163116351735173117351735163116351635163116351635163115351
53514311535153516311635173517311635163516311635163515311535143513311235123512311
33513351331133513351231123512351331133514351431143514351431143514351431143515351
299000130015001100110013001317142714271527162716271631173516351631153514351
43114351535153116351635163116351635173116351635163116351635173117351735173117351
73517311735173517311735173517311735173517311735173517311735163515311435143514311
43514351431133512351231113512351231133513351331133513351331143514351431143514351
434500150015001700150015001517151715271527142714371431143514351431143514351
43113351335123112351335133114351435143114351335133113351435143115351535143113351
23511311135113511311235133514311435143514311435143515311435143514311435143515311
53515351431143514351431133513351231123512351331133514351431143514351431143514351
460400150016001600120011001217122713271427152715371631163517351631163515351
43114351435143114351535153115351535163116351635163116351535143115351535153114351
33513311335133514311435153515311535153515311535163517311735173517311735173517311
73516351631153514351431133513351331133514351431133513351431143514351531143514351
481300120013001500140014001317131713271327142715271631153513351231113512351
23113351435153115351535153116351635173116351535153114351535153116351635163115351
53514311435143515311535153515311535153515311635163516311635163516311535153514311
43514351431143513351331123512351231133513351431143514351431133513351331133513351
497400120015001400140014001527152716271627162716271631153515351431143514351
43113351335133113351435143115351535153115351535153115351635163116351635163116351
63516311635163516311635153515311535153515311535163516311635163516311535153515311
53515351531143513351231123513351431143514351431143513351331133513351331133512351
510300110012001200130014001417142714271427142714371431143514351431143514351
33113351235113111351135113112351335133113351235113111351135123112351235123112351
23512311135113511311135113511311135113511311235123513311335133513311335143514311
53514351431143514351431143514351431143514351431143514351431153516351631163517351
579500160014001500120010001017112712271327142714371531143514351331123513351
33114351435153114351435133113351335133112351135113112351335143115351535153114351
43513311335123511311135113511311135113512311235123512311235123512311235123513311
33513351331133512351231123512351331133513351331133513351331143514351431143514351
588300120012001100110011001217121713271327142714271431143514351431133512351
13112351335143114351435143115351535143113351235113112351335143115351635163115351
43513311235113511311135113511311135113511311135113511311135113511311235133514311
43514351431133513351231123512351231133514351531143513351231123513351331143514351
621300140014001500160015001517151715271427142714371431153515351431143514351
43113351335133112351135113112351335143113351235113111351235133113351335133112351
23512311235123512311235123512311235123512311235123512311335133513311435143514311
53515351431143514351331133513351331123512351231123512351331143515351631163517351
630600170017001700180018001717152714271327122712371231133513351331143514351
43114351435143113351235113111351135123112351135113111351235123112351235113111351
13511311135113511311135123512311235113511311135113512311235123512311235123512311
23513351431143514351331133512351231123512351231123512351231123513351331143515351
643500160017001500130010001017112711271127112711271131113511351231123513351
33114351435143113351335133112351235113111351135113111351135123113351435143115351
53514311335123511311135113511311135113511311135113511311135123512311135113511311
23513351431143514351331133513351331133512351131113512351231123512351331143515351
645500150014001700110010001017111711271127122712371231123512351131123512351
23113351435143114351335133113351235123112351135113112351335143114351535153116351
63516311435123511311135113511311135113511311135113511311235123512311235113512311
23513351331143514351431143514351331133513351231123511351231123513351431153515351
650200140014001700140010001017102711271127112711271231113511351131113511351
23112351435143114351435143113351335123112351135113111351135123112351235133113351
43514311335123512311135113511311135113511311135113511311135113511311135113512311
23512351231133513351331133513351431143514351431143514351431143514351431143514351
675400160015001600140012001217131713271327142714371431143513351231123512351
23113351335143114351535153114351335133113351335133113351335133113351435153115351
53514311435143514311435133513311335133513311335133513311335133514311435143514311
43514351431143514351431143514351431153515351431143514351431143514351431143514351
690300120011001100110011001217122713271327142714271331133512351231123511351
13112351335143114351435153115351535153115351535153115351535153115351535153115351
53515311535153515311535153514311435143514311435133513311435153515311535153515311
53515351531153514351431143514351431143514351431143513351331143514351531153515351
747400110010001000100010001117121712171327132713371331133513351331123512351
33113351335143114351435133113351235123111351135123112351235123112351235123112351
23511311135113511311135113511311135113511311135113511311135113511311135113511311
23512351331133513351431143514351431133513351231123513351331133513351431143515351
