20161105201523
T2M TEDF  78  35 1
20161105202016110515
20161105202016110516
20161105202016110517
20161105202016110518
20161105202016110519
20161105202016110520
20161105202016110521
20161105202016110522
20161105202016110523
20161105202016110600
20161105202016110601
20161105202016110602
20161105202016110603
20161105202016110604
20161105202016110605
20161105202016110606
20161105202016110607
20161105202016110608
20161105202016110609
20161105202016110610
20161105202016110611
20161105202016110612
20161105202016110613
20161105202016110614
20161105202016110615
20161105202016110616
20161105202016110617
20161105202016110618
20161105202016110619
20161105202016110620
20161105202016110621
20161105202016110622
20161105202016110623
20161105202016110700
20161105202016110701
20161105202016110702
20161105202016110703
20161105202016110704
20161105202016110705
20161105202016110706
20161105202016110707
20161105202016110708
20161105202016110709
20161105202016110710
20161105202016110711
20161105202016110712
20161105202016110713
20161105202016110714
20161105202016110715
20161105202016110716
20161105202016110717
20161105202016110718
20161105202016110719
20161105202016110720
20161105202016110721
20161105202016110722
20161105202016110723
20161105202016110800
20161105202016110801
20161105202016110802
20161105202016110803
20161105202016110804
20161105202016110805
20161105202016110806
20161105202016110807
20161105202016110808
20161105202016110809
20161105202016110810
20161105202016110811
20161105202016110812
20161105202016110813
20161105202016110814
20161105202016110815
20161105202016110816
20161105202016110817
20161105202016110818
20161105202016110819
20161105202016110820
002  86   001  87   001  85   001  81   001  75   001  73   001  71   371
  69   571  68   771  67   871  66   971  63  1071  61  1171  58  1171  55  1271
  54  1271  54  1271  57  1271  62  1271  67  1171  72  1071  77   971  78  1071
  78  1071  77  1171  77  1171  78  1071  79  1071  79  1071  79   971  78   971
  77   971  75   971  75   971  76  1071  77  1071  77  1171  78  1271  78  1371
  78  1471  78  1371  79  1371  81  1271  85  1271  89  1171  91  1171  92  1271
  91  1271  87  1371  81  1371  74  1271  69  1271  65  1271  63  1171  61  1171
  57  1171  53  1271  50  1271  45  1151  45  1151  44  1211  42  1351  40  1351
  40  1411  42  1451  47  1351  52  1311  57  1351  62  1251  66  1211  69  1351
  70  1351  70  1411  69  1451  67  1451  65  1411  64  1351  64  1351
005  76   001  74   001  71   001  64   001  59   001  58   001  58   471
  58   671  57   771  55   871  52   971  50  1071  46  1071  43  1171  40  1171
  40  1271  45  1271  53  1171  61  1071  70  1171  78  1171  83  1271  83  1271
  81  1371  75  1371  67  1271  59  1171  54  1071  54  1071  57  1071  60  1071
  61  1071  60  1071  59  1071  58  1071  55  1171  54  1171  54  1171  54  1271
  55  1271  56  1271  58  1271  62  1271  69  1271  76  1371  83  1371  87  1371
  88  1371  82  1371  71  1271  60  1271  50  1271  43  1271  41  1171  38  1171
  32  1171  26  1171  21  1171  23  1251  20  1251  18  1311  15  1351  13  1451
  14  1411  18  1351  25  1351  36  1211  49  1251  61  1351  71  1311  75  1451
  75  1451  70  1511  63  1451  55  1351  50  1211  49  1251  51  1151
015  79   001  74   001  70   001  72   001  71   001  58   001  54   571
  54   971  52  1071  48  1271  44  1271  42  1171  39  1171  36  1271  35  1371
  35  1471  39  1371  46  1171  55  1071  64  1271  71  1371  76  1571  78  1471
  76  1371  72  1271  66  1271  58  1371  54  1371  53  1371  54  1371  55  1371
  54  1371  53  1471  52  1471  51  1371  51  1371  50  1271  48  1371  46  1471
  45  1511  45  1471  48  1471  51  1371  57  1471  63  1571  68  1571  71  1571
  71  1471  67  1471  60  1471  50  1471  42  1471  37  1371  33  1271  30  1171
  26  1271  21  1471  17  1571   9  1451   9  1451   8  1311   5  1451   1  1551
   1  1611   6  1551  15  1551  26  1411  38  1551  49  1651  58  1711  64  1651
  65  1651  62  1511  54  1451  43  1451  35  1311  32  1351  33  1351
027  92   001  89   001  74   001  55   001  70   001  67   001  62   471
  57   871  51  1371  45  1571  40  1771  38  1771  34  1871  29  1971  25  1971
  24  2071  29  1871  39  1571  49  1271  59  1271  67  1271  73  1271  77  1371
  77  1471  74  1571  67  1471  60  1171  55  1171  56  1271  59  1371  63  1371
  64  1471  62  1471  60  1571  58  1671  56  1871  55  1971  54  2071  53  2071
  52  2111  52  1871  54  1771  58  1471  65  1471  74  1471  82  1471  88  1471
  90  1571  89  1671  82  1471  75  1371  67  1171  65  1371  66  1471  68  1671
  67  1771  64  1771  62  1871  42  1851  39  2051  35  2111  30  2251  26  2251
  25  2311  28  2051  36  1651  45  1311  55  1351  65  1451  74  1411  80  1451
  82  1451  80  1411  73  1351  65  1151  60  1011  61  1251  66  1351
070 101   001  82   001  38   001  46   001  69   001  58   001  51   771
  48  1071  47  1371  47  1671  43  1871  37  2071  31  2171  26  2171  22  2171
  20  2171  23  1871  29  1671  37  1471  47  1471  56  1371  65  1371  70  1471
  72  1471  66  1471  56  1471  41  1471  31  1471  26  1571  25  1771  25  1971
  24  2071  23  2171  21  2171  17  2271  15  2271  14  2371  15  2371  17  2371
  20  2371  22  2071  27  1871  31  1571  37  1471  46  1471  53  1571  59  1471
  61  1471  61  1471  58  1471  52  1471  46  1471  42  1671  39  1771  36  1871
  34  2071  31  2171  27  2271  15  2351  13  2351  11  2411   8  2451   5  2451
   6  2411  11  2151  20  1851  30  1511  40  1551  48  1551  55  1511  60  1551
  61  1651  59  1611  53  1651  45  1651  39  1611  38  1751  39  1851
110 102   001  93   001  75   001  65   001  69   001  66   001  64   671
  61  1071  58  1171  53  1371  49  1471  46  1571  43  1771  41  1671  40  1671
  41  1571  44  1471  49  1471  59  1471  72  1471  86  1571  98  1571 103  1571
 102  1471  95  1471  83  1271  71  1171  62   971  57  1171  55  1271  55  1471
  55  1571  55  1571  54  1671  53  1771  52  1771  51  1871  50  1871  49  1871
  50  1871  52  1771  57  1571  65  1471  76  1471  89  1471 100  1371 107  1471
 109  1571 104  1671  93  1471  79  1271  69   971  65  1171  63  1271  63  1571
  61  1571  58  1571  54  1671  47  1751  46  1751  44  1811  43  1851  42  1951
  44  1911  48  1751  55  1651  63  1411  73  1451  83  1551  93  1511 102  1651
 108  1751 110  1811 107  1551 102  1351  97  1011  94  1151  93  1351
120  92   001  97   001  65   001  52   001  53   001  52   001  53   571
  53   771  51   971  48  1071  45  1071  43  1271  40  1271  34  1371  28  1471
  25  1571  30  1571  41  1471  52  1471  62  1471  69  1471  76  1371  80  1371
  80  1271  78  1271  72  1171  66  1171  61  1071  60  1071  61  1071  62  1071
  62  1071  61  1171  59  1171  57  1271  56  1271  53  1371  49  1471  46  1471
  45  1571  47  1571  52  1471  58  1471  64  1571  72  1571  79  1671  86  1671
  90  1671  90  1671  84  1471  75  1371  66  1171  63  1171  63  1271  63  1271
  61  1271  58  1171  54  1171  48  1351  46  1351  43  1411  39  1551  36  1551
  36  1611  41  1651  49  1551  58  1511  65  1651  72  1651  78  1711  85  1651
  90  1551  92  1411  88  1351  82  1251  77  1111  77  1151  81  1151
130  92   001  79   001  72   001  59   001  58   001  49   001  46   671
  46   871  46  1471  45  1571  42  1871  40  1971  38  2071  34  2071  31  1971
  30  1971  34  1871  40  1771  49  1571  59  1671  69  1671  77  1771  82  1771
  84  1771  80  1771  72  1671  61  1671  52  1571  45  1571  43  1571  41  1571
  39  1671  38  1771  36  1871  36  1971  34  2171  32  2271  29  2171  27  2171
  27  2071  31  1871  38  1771  48  1571  61  1671  75  1771  87  1971  94  1971
  97  1871  94  1871  86  1871  77  1871  66  1771  59  1771  55  1771  52  1871
  50  1871  47  1971  44  2071  37  2151  34  2151  30  2211  24  2151  19  2051
  17  1911  20  1851  28  1651  39  1511  53  1651  67  1851  80  1911  89  1951
  94  1951  92  1911  85  1751  75  1651  67  1411  65  1551  67  1551
145 101   001  87   001  79   001  68   001  64   001  66   001  64   471
  60   771  55   971  52  1171  48  1371  43  1471  35  1571  26  1571  20  1571
  18  1571  23  1371  32  1171  43   971  54   971  63   871  69   871  72   971
  71  1071  67  1171  58  1171  47  1071  39  1171  35  1271  36  1371  37  1471
  35  1571  35  1571  35  1671  36  1671  36  1771  35  1771  34  1771  33  1671
  33  1671  36  1471  41  1271  48  1071  53  1071  59   971  64   971  67  1071
  69  1271  67  1371  62  1371  55  1271  49  1271  45  1371  42  1371  40  1471
  37  1571  34  1571  32  1671  21  1651  19  1751  17  1711  14  1751  11  1851
  11  1811  15  1651  23  1351  32  1111  42  1051  50  1051  57   911  61  1151
  61  1251  59  1411  54  1351  49  1351  44  1211  42  1351  42  1551
149 104   001  97   001  91   001  82   001  60   001  72   001  73   871
  68   771  63   971  57  1171  51  1371  46  1471  40  1671  33  1671  28  1771
  26  1771  30  1571  38  1271  48  1071  58   971  70  1071  77  1071  81  1071
  80  1171  73  1171  61  1071  47  1071  37   971  34  1171  34  1171  35  1271
  34  1371  30  1471  29  1571  29  1671  30  1771  32  1871  32  1871  32  1771
  32  1771  34  1571  38  1371  43  1171  52  1271  61  1271  68  1371  73  1371
  73  1471  70  1471  63  1371  54  1371  48  1271  44  1271  43  1371  43  1371
  40  1471  36  1571  32  1671  25  1651  22  1851  19  1911  16  1951  15  1951
  15  1911  18  1651  24  1451  32  1111  43  1251  54  1251  63  1311  68  1451
  70  1451  66  1511  58  1451  50  1351  44  1211  44  1251  47  1351
156 107   001 106   001  86   001  83   001  80   001  82   001  80   571
  77   471  73   671  69   771  66   971  60   971  56  1171  51  1271  44  1271
  41  1371  41  1271  44  1071  50   971  61   971  70   971  79   971  81  1071
  78  1071  73  1071  66   971  60   971  55   871  54   871  52   871  52   871
  52   971  50   971  50  1071  50  1171  52  1171  54  1271  53  1271  52  1271
  51  1271  50  1271  51  1171  54  1171  61  1171  68  1071  74  1071  76  1171
  74  1171  70  1271  66  1171  62  1171  59  1071  57  1071  56   971  54   971
  51   971  49  1071  46  1071  39  1151  38  1151  35  1211  32  1351  29  1351
  27  1411  28  1351  32  1251  39  1111  48  1151  58  1151  65  1111  69  1251
  69  1251  66  1311  62  1251  57  1151  54  1011  53   951  54   951
168  91   001  81   001  59   001  46   001  62   001  70   001  68   971
  61  1271  54  1671  50  1771  48  1871  47  1971  44  2171  37  2271  31  2271
  26  2371  27  2071  32  1771  40  1471  48  1571  56  1471  63  1471  67  1471
  68  1571  62  1571  50  1671  36  1671  22  1771  16  1871  16  1871  18  1871
  19  1971  19  1971  19  2071  19  2171  19  2271  18  2371  17  2471  17  2471
  17  2571  18  2271  20  1871  24  1571  29  1571  36  1571  44  1571  51  1571
  56  1571  55  1571  47  1571  35  1671  27  1671  25  1771  26  1871  28  1971
  27  2071  25  2171  22  2271  23  2251  23  2351  20  2411  14  2451   8  2551
   5  2511   8  2251  14  1951  23  1611  32  1651  40  1651  47  1611  53  1651
  56  1651  53  1611  44  1651  33  1551  26  1511  26  1751  31  1851
180  80   001  78   001  76   001  71   001  67   001  60   001  54  1071
  49   971  45  1071  40  1271  37  1471  36  1671  35  1771  35  1771  35  1671
  35  1671  35  1671  39  1771  43  1871  50  1771  57  1871  63  1971  66  1771
  64  1571  59  1471  49  1371  38  1471  27  1471  22  1571  20  1671  19  1671
  17  1771  15  1871  13  1971  12  1971  12  2071  11  2071  12  1971  12  1971
  12  1871  11  1871  11  1971  16  1971  25  1871  37  1771  49  1671  56  1671
  57  1571  54  1471  46  1471  37  1471  28  1471  24  1471  21  1671  19  1671
  16  1871  12  1871   9  1971  14  1951  14  2051  13  2011  11  2051   9  2051
   7  2011   6  2051   7  1951  10  1911  16  1951  24  1951  31  1911  37  1851
  39  1651  37  1511  30  1651  21  1651  15  1711  14  1751  17  1851
190  88   001  86   001  85   001  86   001  78   001  76   001  70   671
  61  1071  54  1171  50  1471  47  1671  44  1771  42  1871  40  1771  39  1671
  39  1571  42  1671  47  1671  53  1771  60  1871  66  2071  72  1871  77  1871
  77  1771  73  1571  60  1471  45  1371  32  1371  23  1571  19  1671  17  1871
  15  1971  13  1971  12  2071  12  2071  13  1971  13  1971  12  1871  10  1771
  10  1671  12  1771  16  1771  24  1971  33  1771  44  1671  55  1671  63  1571
  66  1371  63  1271  53  1271  40  1271  29  1271  23  1471  21  1771  20  1971
  18  1971  16  2171  14  2171   4  2051   5  1951   7  1911   8  1851   9  1751
  10  1611  12  1751  14  1951  19  2011  26  2051  34  2051  42  2011  48  1851
  50  1751  46  1511  36  1551  24  1651  14  1611  10  1851   9  1951
222 117   001 121   001 104   001  90   001  81   001  78   001  72   671
  65   971  60  1271  55  1471  54  1571  53  1571  51  1671  48  1771  45  1771
  44  1871  46  1671  51  1571  59  1371  68  1471  79  1471  86  1671  90  1671
  91  1771  87  1771  78  1471  67  1271  58  1171  51  1271  46  1371  41  1471
  35  1571  29  1771  26  1871  26  1871  27  1871  28  1871  26  1871  24  1971
  23  1971  26  1671  33  1371  45  1171  61  1271  76  1571  90  1671  98  1671
 101  1471  99  1471  94  1471  86  1271  80  1171  74  1271  70  1471  66  1571
  61  1671  57  1771  53  1871  38  1751  37  1751  34  1611  30  1751  26  1851
  24  1911  27  1751  34  1451  45  1211  59  1351  73  1551  86  1611  94  1651
  98  1651  97  1611  92  1551  86  1451  81  1311  80  1451  81  1451
240 111   001 102   001  86   001  85   001  86   001  77   001  68   671
  61   871  54  1071  48  1271  43  1371  39  1271  36  1271  32  1371  29  1471
  27  1571  25  1471  28  1571  33  1471  44  1471  57  1471  69  1571  75  1571
  76  1671  72  1671  63  1571  53  1471  44  1571  39  1471  37  1371  36  1271
  33  1371  30  1371  27  1471  26  1471  26  1571  25  1571  23  1671  20  1671
  17  1771  16  1771  18  1771  25  1771  38  1771  54  1871  69  1871  79  1871
  84  1971  83  1871  75  1771  65  1771  57  1771  53  1671  53  1571  52  1471
  49  1571  43  1471  38  1571  31  1651  31  1551  29  1511  25  1651  19  1751
  15  1811  14  1751  18  1751  26  1611  38  1751  52  1751  64  1811  73  1851
  76  1851  75  1811  68  1751  60  1651  54  1511  53  1451  56  1351
255  85   001  79   001  71   001  71   001  63   001  56   001  53   371
  51   671  49   671  46   871  45   971  44  1071  42  1171  38  1371  34  1471
  32  1671  31  1671  32  1571  35  1471  40  1571  44  1771  51  1871  56  1771
  59  1671  58  1571  51  1371  42  1271  34  1171  30  1171  29  1271  27  1371
  23  1271  18  1371  14  1371  14  1371  15  1371  16  1371  15  1471  12  1671
  10  1771  10  1771  12  1771  17  1671  26  1771  35  1771  46  1871  55  1771
  61  1671  62  1571  58  1471  51  1371  45  1271  43  1271  43  1371  43  1371
  41  1371  38  1471  35  1471  29  1451  28  1451  26  1411  23  1551  19  1751
  17  1811  17  1851  18  1751  22  1711  27  1851  34  1951  41  2011  48  1951
  53  1751  55  1611  53  1551  49  1351  45  1211  43  1351  43  1351
260  87   001  83   001  78   001  69   001  64   001  57   001  50   771
  45  1571  42  2071  41  2171  41  2571  41  2671  40  2771  37  2671  34  2671
  31  2571  31  2371  32  2171  37  1871  43  1871  52  1771  59  1771  66  1671
  69  1371  65  1271  53  1471  35  1671  21  1871  13  1971  10  2271   7  2471
   7  2371   8  2471  10  2471  13  2571  15  2771  17  2871  17  2871  16  2771
  14  2771  13  2671  13  2471  16  2271  23  2171  34  1971  45  1871  56  1771
  63  1571  62  1471  52  1671  38  1771  28  2071  25  2271  27  2271  29  2471
  29  2571  26  2571  24  2671  26  2751  27  2851  28  2911  27  2851  24  2851
  21  2711  19  2551  20  2351  23  2111  30  2051  39  2051  49  1911  57  1851
  62  1651  60  1511  50  1651  38  1751  27  1811  23  2051  23  2351
280 109   001  97   001  88   001  82   001  80   001  78   001  73   671
  66   971  60  1071  56  1371  52  1471  49  1571  46  1571  41  1571  39  1571
  38  1571  38  1671  41  1571  47  1571  55  1571  62  1471  69  1471  72  1471
  71  1371  66  1371  56  1371  44  1371  33  1471  24  1471  19  1371  16  1271
  15  1371  16  1371  16  1471  16  1571  14  1571  11  1671  10  1671  10  1671
  10  1671  10  1671  12  1471  17  1471  26  1471  39  1371  50  1371  59  1371
  63  1271  62  1271  56  1371  47  1271  39  1271  32  1171  29  1171  28  1171
  28  1271  28  1371  28  1471  24  1551  25  1551  25  1611  24  1651  22  1751
  22  1711  24  1751  28  1651  32  1611  36  1651  41  1551  46  1511  52  1451
  55  1351  54  1211  46  1351  35  1351  26  1411  21  1451  20  1451
299 111   001 100   001  97   001  93   001  91   001  89   001  84   771
  79  1271  73  1571  68  1671  63  1871  59  2071  54  2171  50  2071  47  2071
  46  1971  45  1871  45  1771  50  1571  55  1671  61  1771  67  1971  68  1871
  66  1871  60  1871  49  1771  38  1671  30  1571  26  1771  25  1971  24  2171
  21  2271  17  2171  14  2171  13  2171  14  2171  15  2171  14  2171  13  2071
  13  2071  14  1871  19  1771  25  1571  35  1671  45  1771  54  1871  59  1871
  60  1771  55  1671  46  1571  35  1571  26  1471  23  1671  24  1871  25  2071
  23  2071  20  2271  17  2271   3  2051   3  2151   5  2111   7  2051   9  2051
  11  1911  12  1851  13  1851  16  1711  22  1851  29  1951  35  2011  39  1951
  40  1951  36  1811  28  1851  18  1751  11  1711   9  1951  10  2151
434  71   001  68   001  61   001  55   001  51   001  48   001  47   371
  47   571  44   671  40   771  36   871  33   971  30  1071  27  1171  26  1271
  26  1371  29  1471  32  1371  38  1371  45  1371  52  1371  58  1371  60  1471
  59  1271  56  1271  50  1171  45  1171  39  1071  34  1171  31  1171  28  1071
  25  1071  20  1071  18  1071  14  1171  12  1171  11  1271   9  1371   8  1371
   8  1471   9  1571  13  1571  19  1671  29  1771  40  1771  50  1671  56  1871
  58  1771  56  1871  49  1671  41  1471  33  1371  30  1371  28  1371  28  1371
  26  1371  24  1271  21  1271  19  1351  19  1451  17  1511  14  1651  11  1651
   8  1711   8  1751  10  1651  16  1611  25  1651  36  1551  45  1511  51  1651
  53  1751  51  1811  46  1651  41  1551  37  1311  36  1351  37  1251
460 108   001  95   001  92   001  86   001  72   001  69   001  65   771
  62  1071  58  1371  54  1671  48  1871  42  2171  37  2271  32  2371  28  2371
  27  2471  28  2271  32  1971  36  1771  41  1971  42  2071  44  2271  43  2571
  40  2471  36  2471  33  2371  31  2071  28  1971  26  2071  25  2171  22  2271
  18  2271  15  2171  12  2171   9  2271   9  2371   9  2471   7  2571   4  2571
   3  2671   3  2471   5  2171  11  1971  20  2171  29  2471  37  2571  39  2671
  39  2571  35  2671  30  2571  25  2371  22  2171  21  2171  22  2371  22  2371
  23  2271  22  2371  20  2271  26  2451  24  2451  22  2511  20  2651  18  2851
  16  2911  16  2751  17  2451  20  2211  25  2451  31  2551  36  2711  40  2851
  41  2951  40  3011  36  2851  31  2751  27  2511  26  2551  26  2551
481 114   001 110   001 106   001 105   001 104   001 102   001  96   371
  90   771  84   871  78  1071  73  1171  68  1271  64  1371  60  1371  57  1471
  54  1471  53  1671  53  1671  56  1771  62  1871  69  1771  74  1871  75  1871
  72  1771  67  1771  61  1671  56  1471  51  1471  46  1471  43  1471  39  1371
  34  1471  28  1471  24  1471  22  1471  22  1571  23  1571  23  1571  22  1671
  21  1671  20  1671  20  1571  24  1571  32  1671  41  1771  50  1871  54  1771
  55  1871  52  1771  48  1771  42  1671  37  1571  35  1471  34  1471  34  1371
  34  1471  33  1671  31  1771  29  1651  26  1751  25  1711  25  1751  25  1751
  25  1711  25  1751  26  1851  29  1811  35  1951  41  2151  47  2211  50  2151
  49  2151  46  2011  41  1951  35  1851  31  1711  29  1651  29  1651
497  92   001  92   001  87   001  82   001  79   001  73   550  66  1071
  61  1371  58  1771  55  1871  49  1971  41  1971  35  2071  30  2171  29  2171
  29  2271  31  2171  36  2071  43  1871  53  2171  61  2471  67  2671  66  2771
  59  2671  47  2471  36  2171  24  1971  16  1771  13  1771  13  1771  13  1771
  10  1871   8  1871   3  1871  -1  1971  -5  1971 -10  2071 -16  2171 -20  2171
 -22  2271 -20  2171 -12  2071   1  1871  20  2271  37  2571  48  2871  47  2671
  38  2771  27  2571  19  2271  13  2071   8  1871   1  1871  -5  1971 -11  1971
 -16  1971 -18  2071 -22  2071 -29  1851 -33  1851 -36  1911 -38  2051 -38  2151
 -36  2211 -32  2151 -24  2051 -10  1911   9  2151  29  2451  41  2611  42  2651
  34  2651  24  2611  16  2451  10  2151   4  1911  -2  1951  -8  1951
510 120   001 113   001 102   001  88   001  69   001  62   001  58   571
  55  1371  51  1371  48  1571  46  1571  43  1571  41  1471  39  1471  38  1471
  39  1471  42  1471  48  1571  55  1671  64  1671  72  1671  80  1771  86  1671
  89  1671  86  1571  76  1471  63  1271  49  1171  41  1371  35  1471  31  1671
  28  1771  26  1771  22  1871  22  1771  21  1671  20  1571  16  1571  12  1471
  10  1471  10  1771  15  1971  26  2171  42  2171  60  2071  77  1971  90  1871
  96  1671  93  1571  81  1471  65  1371  50  1271  41  1471  37  1571  36  1671
  35  1771  33  1971  31  2071  41  1951  38  1851  35  1811  31  1851  27  1851
  26  1811  28  1951  34  2151  42  2211  52  2151  63  2151  75  2011  87  1951
  95  1751  96  1611  89  1551  78  1551  69  1411  68  1551  72  1751
579 183   001 170   001 159   001 150   001 149   001 133   001 124   471
 119   871 113  1171 105  1371  97  1571  90  1771  82  1771  72  1971  64  2171
  63  2371  68  2171  78  1871  90  1571 101  1571 111  1571 118  1571 122  1671
 122  1671 116  1771 105  1571  89  1571  78  1471  71  1471  67  1571  63  1471
  55  1671  49  1771  44  1971  43  1971  42  1871  39  1871  32  2071  25  2171
  23  2371  30  2071  44  1671  61  1371  75  1471  86  1471  95  1571  98  1671
  97  1671  92  1771  82  1571  73  1471  63  1371  59  1371  57  1371  54  1371
  51  1571  47  1771  45  1971  28  1751  28  1751  25  1711  17  1951   9  2151
   8  2311  18  2051  35  1851  54  1511  71  1551  83  1551  91  1511  93  1651
  90  1851  84  1911  75  1751  65  1551  56  1311  49  1351  43  1451
588 144   001 142   001 142   001 145   001 146   001 141   001 133   471
 124   871 117  1171 111  1271 104  1471  96  1671  87  1671  78  1671  70  1571
  65  1571  62  1471  64  1571  69  1471  80  1671  90  1871 100  2071 106  2071
 108  1871 100  1671  85  1671  65  1571  48  1571  40  1571  37  1671  38  1671
  39  1671  37  1671  34  1671  30  1671  24  1671  18  1671  11  1671   6  1571
   5  1571  11  1471  20  1371  34  1271  50  1571  64  1871  75  2171  81  1971
  81  1851  73  1611  58  1651  40  1651  27  1611  22  1651  23  1751  25  1711
  24  1651  22  1651  19  1511  19  1551  17  1651  13  1611   8  1651   3  1651
   3  1611  10  1551  21  1351  36  1211  51  1551  65  1751  77  2011  85  1951
  87  1951  81  1811  65  1851  46  1751  31  1711  25  1751  26  1751
621  94   001  86   001  86   001  82   001  81   001  80   001  76   671
  70  1171  65  1371  61  1571  59  1871  57  1971  53  1971  45  1971  38  2071
  37  2071  49  2071  67  2071  84  2071  95  1971  99  1771  99  1671  98  1671
  93  1471  85  1471  71  1571  56  1671  44  1871  39  1871  38  1971  38  2071
  36  2071  33  2171  31  2171  32  2171  33  2171  32  2171  28  2171  24  2271
  26  2271  37  2271  52  2371  66  2371  76  2171  81  1971  84  1771  88  1771
  88  1771  81  1871  64  1871  44  1971  28  1971  20  1971  21  1971  24  2071
  24  2171  23  2371  22  2471  35  2351  35  2251  34  2211  30  2351  26  2351
  27  2411  36  2451  49  2351  62  2311  72  2151  79  1951  84  1711  88  1751
  90  1751  85  1711  73  1851  58  1951  48  2011  47  2151  53  2151
630 115   001 112   001 108   001 104   001 101   001  97   001  91   471
  85   671  82  1271  80  1171  79  1271  77  1371  73  1271  69  1371  63  1371
  60  1471  59  1571  63  1571  70  1571  81  1871  91  2271  99  2371 100  2271
  96  2071  89  1971  82  1771  75  1671  70  1471  64  1571  59  1671  54  1771
  49  1671  45  1671  43  1571  43  1471  43  1371  42  1271  39  1371  36  1371
  34  1471  36  1671  42  1671  50  1771  60  2171  71  2371  79  2671  84  2571
  85  2271  82  2171  73  2071  64  1971  54  1771  47  1771  43  1871  39  1871
  33  1871  29  1771  28  1771  46  1551  48  1451  49  1411  47  1551  45  1551
  43  1611  44  1651  47  1751  53  1711  60  2051  68  2351  76  2611  83  2551
  87  2351  88  2211  84  2051  78  1951  72  1711  69  1851  67  1851
643 173   001 170   001 149   001 145   001 144   001 141   001 134   571
 126   771 118  1071 111  1271 104  1271  97  1271  91  1271  86  1371  82  1371
  82  1471  84  1271  92  1171 101   971 114  1071 125  1271 136  1371 143  1371
 144  1471 138  1471 123  1371 106  1271  92  1171  83  1171  79  1171  77  1171
  74  1271  71  1371  66  1471  62  1471  58  1471  52  1471  44  1471  37  1471
  36  1471  44  1371  58  1171  74  1071  89  1271 103  1371 114  1571 122  1571
 124  1671 120  1771 107  1571  92  1471  78  1271  70  1271  68  1271  66  1371
  62  1471  58  1571  54  1671  54  1651  55  1551  54  1511  51  1551  48  1651
  49  1611  57  1451  70  1151  85   911 101  1151 114  1251 125  1411 131  1551
 131  1651 123  1711 108  1551  91  1451  77  1211  71  1251  70  1351
645 172   001 166   001 161   001 140   001 134   001 132   001 128   371
 122   771 116   971 109  1171 102  1371  96  1571  90  1671  84  1571  79  1371
  79  1271  86  1171  95  1271 107  1171 117  1271 127  1471 135  1571 139  1571
 139  1571 132  1571 118  1471 100  1371  85  1271  78  1371  74  1471  70  1371
  66  1371  61  1371  55  1371  52  1571  48  1671  44  1871  38  1671  33  1571
  33  1371  42  1271  57  1271  75  1171  91  1371 103  1471 112  1671 118  1571
 118  1671 110  1671  96  1571  79  1571  64  1471  56  1471  53  1371  52  1471
  49  1471  47  1471  45  1471  40  1551  39  1751  37  1811  33  1751  30  1651
  33  1511  45  1351  62  1251  80  1011  94  1251 104  1351 111  1511 115  1551
 115  1551 109  1511  95  1551  78  1551  64  1511  56  1551  53  1551
650 196   001 195   001 184   001 169   001 165   001 153   001 148   371
 145   771 142  1071 136  1371 129  1671 122  1771 113  1871 103  1771  95  1771
  91  1671  94  1671 100  1571 108  1571 117  1571 126  1471 133  1471 137  1471
 138  1471 133  1471 124  1271 113  1071 103   971  98  1071  95  1271  93  1371
  87  1471  80  1671  75  1771  72  1771  70  1871  67  1871  59  1871  52  1771
  50  1771  57  1671  69  1671  83  1671  95  1571 105  1571 112  1471 117  1471
 119  1571 116  1571 106  1371  94  1171  83  1071  74  1171  69  1371  64  1471
  59  1571  54  1671  51  1771  55  1851  53  1851  51  1911  47  1951  45  2051
  46  2011  54  1951  66  1951  80  1811  93  1751 103  1751 111  1611 115  1651
 115  1651 111  1611 103  1451  92  1351  83  1111  77  1251  73  1451
675 198   001 191   001 185   001 185   001 180   001 154   001 142   571
 136   971 131  1371 125  1671 118  1971 113  2271 109  2371 105  2471 102  2471
  98  2571  93  2371  92  2371  97  2171 113  1871 132  1371 148  1071 156  1071
 154  1171 146  1171 132  1171 118  1171 103  1171  93  1271  85  1371  79  1471
  74  1671  70  1871  66  2071  62  2271  60  2371  56  2571  50  2571  45  2571
  44  2571  48  2371  60  2271  76  2071  96  1871 116  1571 131  1371 140  1371
 140  1371 132  1371 117  1371  98  1271  82  1271  72  1371  66  1571  61  1671
  57  1871  53  1971  49  2171  50  2051  48  2251  45  2411  41  2451  37  2451
  37  2411  43  2251  55  2151  72  1911  93  1751 115  1551 131  1311 138  1251
 137  1251 129  1111 116  1151 101  1151  86  1111  74  1351  65  1451
690 173   001 172   001 170   001 174   001 179   001 165   001 156   571
 151   671 148   771 145   871 141   871 137   871 134   871 130   971 127   971
 126  1071 127  1171 133  1071 142  1071 153  1071 163  1171 170  1171 175  1071
 175   971 172  1071 163   971 151  1071 140  1071 128  1071 119  1071 112   871
 108   871 106   971 104   971 100   971  97   971  91   971  83   971  76  1071
  76  1071  86  1071 103  1171 121  1171 136  1271 148  1371 155  1571 159  1371
 159  1371 154  1271 145  1171 132  1171 120  1171 109  1071 102  1171  96  1071
  91   971  89   971  87   971  85   951  82   951  77   911  69  1051  64  1051
  65  1111  76  1151  94  1051 113  1011 128  1151 139  1151 146  1211 150  1251
 150  1151 147  1111 140  1151 131  1151 120  1111 109  1051 100   951
747 138   001 135   001 121   001 119   001 116   001 115   001 111   571
 106   971 101  1471  95  1771  92  1971  89  2071  86  2171  83  2071  81  2071
  82  1971  87  1871  96  1571 106  1371 118  1371 128  1471 137  1471 141  1371
 141  1471 135  1471 125  1471 112  1471 102  1471  97  1571  95  1871  92  1871
  85  1971  78  2171  73  2271  71  2271  70  2371  67  2371  60  2271  54  2171
  53  2071  61  1871  75  1671  89  1471 100  1571 108  1571 114  1671 119  1771
 121  1871 117  1871 105  1871  92  1771  81  1771  77  1871  78  1971  78  2071
  75  2171  71  2371  66  2471  67  2251  68  2251  67  2311  63  2251  60  2051
  61  1911  70  1751  84  1451  97  1211 106  1351 112  1451 116  1511 120  1651
 121  1651 118  1711 109  1751  98  1651  89  1611  86  1751  86  1851
NT  TEDF  78  35 1
20161105202016110515
20161105202016110516
20161105202016110517
20161105202016110518
20161105202016110519
20161105202016110520
20161105202016110521
20161105202016110522
20161105202016110523
20161105202016110600
20161105202016110601
20161105202016110602
20161105202016110603
20161105202016110604
20161105202016110605
20161105202016110606
20161105202016110607
20161105202016110608
20161105202016110609
20161105202016110610
20161105202016110611
20161105202016110612
20161105202016110613
20161105202016110614
20161105202016110615
20161105202016110616
20161105202016110617
20161105202016110618
20161105202016110619
20161105202016110620
20161105202016110621
20161105202016110622
20161105202016110623
20161105202016110700
20161105202016110701
20161105202016110702
20161105202016110703
20161105202016110704
20161105202016110705
20161105202016110706
20161105202016110707
20161105202016110708
20161105202016110709
20161105202016110710
20161105202016110711
20161105202016110712
20161105202016110713
20161105202016110714
20161105202016110715
20161105202016110716
20161105202016110717
20161105202016110718
20161105202016110719
20161105202016110720
20161105202016110721
20161105202016110722
20161105202016110723
20161105202016110800
20161105202016110801
20161105202016110802
20161105202016110803
20161105202016110804
20161105202016110805
20161105202016110806
20161105202016110807
20161105202016110808
20161105202016110809
20161105202016110810
20161105202016110811
20161105202016110812
20161105202016110813
20161105202016110814
20161105202016110815
20161105202016110816
20161105202016110817
20161105202016110818
20161105202016110819
20161105202016110820
002800180016001500120014001317132712271227122712271231123512351231133513351
33113351435143114351435153116351635173116351635153115351535153115351535153115351
53515311535153515311535153515311435143514311435133512311235123513311335143514311
43514351431133513351331133513351331133514351531153515351431143515351531153516351
005800180015001200110012001217112711271227122712271231123513351431143514351
43114351435143114351435143114351435143115351535163116351635163116351635163116351
63516311735173517311735173517311735163516311535133512311235123513311335143514311
33513351331143514351531153515351531153515351531153515351531153516351631163515351
015800160017001400110010001017111711271227122712271231123512351231123512351
33114351635163116351635153114351335133114351535173117351735173116351535143115351
63517311735173517311735173517311635163515311435133512311235123512311235123512311
33513351431143515351531153516351631163516351631163516351631153515351531153515351
027700160013001300150017001617151714271427132713271331143515351531143514351
33113351335133114351435143114351435143115351635163116351635153115351535153116351
63517311735173517311735163515311535143513311335143514311435143514311435143514311
43513351331133513351331133514351431143514351531153515351531153515351631163516351
070200130015001600140011001217132715271627162717271731163516351631163517351
73118351835173116351435133113351335133113351235123112351335133114351535163117351
73517311735173517311735173517311735173517311735173517311635153514311435143514311
43514351431143515351531153516351631163517351731173517351731163516351531163516351
110400100010001000140013001317122712271127112711271131133515351631153513351
23111351135123112351235123112351335143114351335123112351235123112351235123111351
13511311235123513311335143514311335133512311235113511311135113511311135113512311
23512351331133513351331143514351431143514351431153516351731173517351631163515351
120800140016001300110015001417142713271327122712271231113511351231133514351
43114351335123112351235133114351535163116351635153114351335133113351335143114351
43514311435153516311635163516311635153515311435133513311235123512311235123512311
33513351231123512351231123513351431143514351431153516351731173517351731163515351
130700150012001000110010001117122713271327132713371331143514351431133512351
23113351435163116351635163115351535143115351535163116351535143114351335133113351
43514311535163517311735173517311735163516311535143512311235123512311235123512311
23512351231123512351231123513351431143514351431143515351531153515351631163516351
145700170015001100140017001717161716271627152715271431133513351331123512351
33114351535153115351535143113351335133113351335143115351635163117351735173117351
73517311735173517311735173517311735173517311635163515311535153515311535153515311
53515351531153514351431153515351631163516351631153515351531153516351631163516351
149600170017001400120013001317142715271627162716271531143514351331133513351
33114351535163116351535143113351235123113351335143114351535163116351735173117351
73517311735173517311735173517311735173517311735163516311635163516311535153515311
53515351531153514351431153515351631173517351631163516351531153516351631163516351
156600170016001100130017001717162716271627152715271531143514351431133513351
33114351535163116351535133113351235123113351335143115351535163117351735173117351
73517311735173517311735173517311735173517311735163516311635163516311535153515311
53515351531153515351531153516351631163516351631163515351531153516351631163517351
168700170017001700180017001717162716271627162716271631173517351731173517351
73117351735173117351635153114351335133113351335133114351435143114351535163116351
73517311735173517311735173517311735173517311735173517311735163516311635163516311
63516351631163516351531163516351731173517351731173516351631163515351531163516351
180800180018001800180018001827172717271627162716271631163517351731173517351
73117351735173117351635153115351435133113351335143114351535163116351535153116351
63517311735173517311735173517311735163516311635173517311735173517311735163516311
63516351631163516351731173517351731173517351731173516351631163516351631163516351
190800180018001700180017001717172717271737173717371731173517351631163515351
53115351635173117351835173116351435133113351435143115351635163115351435133112351
33513311435153515311535153514311535153516311535143513311335143514311535153515311
53516351631163517351731173517351731163516351631163516351631163515351531153514351
222500140013001300150012001217112711271227132714271531163516351631143513351
23113351435153116351535143113351235123112351335143114351535153115351535143114351
43514311335133514311535163517311735163515311435133512311235113512311235123512311
23513351331133512351231123512351331133513351431143515351531153515351531163516351
240600150015001600160016001617151715271527152715371531163517351631163515351
53115351635173117351635153115351535143114351435153115351535153116351635173117351
73517311735173517311735173517311735173517311635153515311435153515311435143513311
33513351331133513351331143514351531163516351731173516351631163516351731163516351
255800160018001700120015001517152715271627162716271731173517351731173517351
73117351735163115351535153115351635163116351635163115351535153116351635173117351
63516311635173517311735173517311735173517311735173517311735173517311735163516311
63516351631153515351531153515351631163516351631163516351531153515351531153515351
260800170017001800180014001417142714271527152715271531163516351731173517351
73117351735173116351535143113351335133114351535163117351735163116351635163116351
63517311735173517311735173517311735163516311635173517311735173517311735173517311
73517351731173516351631163516351631163516351631163516351631163515351531153515351
280800180018001800180018001817172717271627152715271431153516351631163515351
53115351535163116351635163116351635153115351435143115351635163117351735173116351
63516311635163517311735173517311735173517311735173517311735173517311735173516311
73517351731173516351631163517351731173517351731163516351531153514351431143514351
299800170018001800180017001717171717271727172717271731173517351731173517351
73117351735163116351535153116351635173117351735173117351735173117351635163116351
63517311735173516311535153514311535153515311535143513311435153516311735173517311
73517351731173517351731173517351731173517351731173517351731163516351531153515351
434800180016001600130013001317132714271427142715371631163517351731173517351
73117351735173116351535143113351335133114351635163116351535153115351635173117351
73517311735173517311735173517311635153515311535163517311735173516311635163515311
53515351531153515351531153515351631163516351631163515351531153515351531153516351
460800180018001800180017001717181717271727162715271431143514351531153516351
63116351735173117351735173118351835173116351535143114351535153115351535143114351
43514311535163516311735173517311735173516311535153514311435153515311635163516311
63516351631163516351631163516351631173517351731173517351631153514351331133514351
481800180017001700180018001817172717271727172717371731163515351531153515351
53115351535153114351435143115351635173117351735173117351735163116351535153114351
43514311435143514311435143515311535163516311735173517311635153514311335133513311
33514351531163516351631173517351731173517351731173516351631153514351331133513351
497800180017001700170017001717171717271727172717271731173517351731173517351
73117351735173117351635153115351435133113351435143114351535153116351635163116351
73517311635163516311535153515311435143514311335133513311235123512311335133513311
33512351231123512351331133513351331143515351631163515351531153514351431143513351
510700160014001400100010001017102711271127122712271331153516351731163515351
43115351635163116351535143113351335143114351335133112351235123112351335143114351
53515311535153515311435143513311335133514311535153515311535143513311335133513311
43514351431143514351331143515351531163516351631163516351631163515351531153516351
579800180018001700170017001717171717271727172717271731173517351731153513351
13111351135123112351135123113351535163115351435133112351335133112351235113111351
13511311135113511311135123512311335133513311335123512311235123512311135113512311
23513351431153515351531153514351431143514351531143514351331123511351131113511351
588800170017001700140016001617161716271627162717271731173517351731163516351
53114351335123112351135113111351135113112351235123112351235113111351135113111351
13511311135113511311135113511311135113511311135113511311135113511311135113511311
13511351131113511351131123512351231123512351231123512351231113511351131113511351
621800180017001700170018001817171718271727162715371331133512351231133513351
43114351435153115351635173116351535143113351335133113351235123112351235123112351
23513311435143514311435143515311635173517311735163515311535163516311635163516311
63516351631163516351631173517351731173517351631163517351631163515351431143515351
630800180018001700170018001817172717271737173716271631153514351431143514351
43115351635173117351735163115351435143114351435143114351435133113351335143114351
53516311635163516311635163516311635163516311635163516311635163516311635153515311
63516351731163515351431143514351531153515351631163516351631163515351431143515351
643800180017001500160017001717172717271727172717271731173517351731153513351
23111351135123112351235123112351235123112351235123112351235133112351235113111351
23512311235123512311235123512311235123512311235133513311235123512311135123512311
23512351231123512351231123513351331123512351231123512351231123512351131113512351
645800170017001700170017001717171717271727172717271731173517351731153513351
13111351135123112351235123113351335143113351235113111351235123112351235113111351
13511311135113511311235123512311235123512311235123512311235113511311135113511311
23513351431153515351531143514351331133513351331133513351331123512351131113512351
650700170017001300130016001617161716271627172717271731173517351731163516351
43113351235113111351135113111351135113111351135113112351235133112351235113111351
13511311135113511311135113511311135113511311135113511311135113511311135113511311
23512351331133513351331123512351231123512351131113511351131113511351131113511351
675700160014001500130014001417141715271527162716271731163516351631163517351
73116351435123111351135113111351135113111351135113111351135113112351235123112351
23512311135113511311135113511311135113511311135113511311135113511311135113511311
13511351131113511351131113511351131113511351131113511351131113511351131113511351
690800160017001500140014001417141714271427152715271631163516351631163516351
63116351635153114351335123111351135113111351135113111351135113111351235123112351
23511311135113511311135113511311135113511311135113511311135113511311135113511311
13511351131113511351131113511351131123512351231123511351131113511351131113511351
747800160017001800160018001817182717271727172717271731173517351731173517351
73115351335123113351435153114351335123112351335143115351535143114351335123112351
23512311235133513311435143514311435143514311435143514311335123512311235123513311
33512351231123512351231123512351231123513351331133512351231123512351231133513351
