20161022001432
T2M TEDF  78  35 1
20161022002016102119
20161022002016102120
20161022002016102121
20161022002016102122
20161022002016102123
20161022002016102200
20161022002016102201
20161022002016102202
20161022002016102203
20161022002016102204
20161022002016102205
20161022002016102206
20161022002016102207
20161022002016102208
20161022002016102209
20161022002016102210
20161022002016102211
20161022002016102212
20161022002016102213
20161022002016102214
20161022002016102215
20161022002016102216
20161022002016102217
20161022002016102218
20161022002016102219
20161022002016102220
20161022002016102221
20161022002016102222
20161022002016102223
20161022002016102300
20161022002016102301
20161022002016102302
20161022002016102303
20161022002016102304
20161022002016102305
20161022002016102306
20161022002016102307
20161022002016102308
20161022002016102309
20161022002016102310
20161022002016102311
20161022002016102312
20161022002016102313
20161022002016102314
20161022002016102315
20161022002016102316
20161022002016102317
20161022002016102318
20161022002016102319
20161022002016102320
20161022002016102321
20161022002016102322
20161022002016102323
20161022002016102400
20161022002016102401
20161022002016102402
20161022002016102403
20161022002016102404
20161022002016102405
20161022002016102406
20161022002016102407
20161022002016102408
20161022002016102409
20161022002016102410
20161022002016102411
20161022002016102412
20161022002016102413
20161022002016102414
20161022002016102415
20161022002016102416
20161022002016102417
20161022002016102418
20161022002016102419
20161022002016102420
20161022002016102421
20161022002016102422
20161022002016102423
20161022002016102500
002 107   001 107   001 111   001 108   001 102   001 104   001 103   471
 100   671  98   671  98   671  98   871  99   971 102  1171 104  1271 109  1371
 117  1371 121  1371 126  1371 129  1371 129  1471 126  1471 118  1471 108  1371
 103  1371  98  1271  94  1071  91   971  86   971  83   971  79   971  76   971
  74   971  71   971  70  1071  69  1071  70  1171  75  1271  81  1271  89  1371
  98  1371 107  1371 114  1371 118  1471 119  1471 117  1571 112  1571 105  1471
  99  1471  97  1371  95  1171  95  1071  95  1071  95  1171  94  1171  84   951
  85  1051  86  1011  88  1051  89  1151  91  1111  93  1151  96  1051  99  1011
 103  1051 108  1051 113  1011 117  1251 119  1351 118  1511 114  1451 109  1351
 105  1211 102  1151 101  1151 101  1061 101  1061 102  1061 102  1061
005  92   001  86   001  84   001  85   001  84   001  76   001  73   571
  72   771  70   871  67   871  63   971  63   971  68  1171  78  1371  91  1471
 104  1471 116  1571 127  1571 132  1571 132  1571 127  1571 117  1371 102  1271
  92  1071  86  1071  85  1071  82  1071  77  1071  73  1071  67  1071  64  1071
  62  1171  60  1171  57  1171  56  1171  58  1171  64  1271  75  1471  88  1571
 101  1571 114  1671 123  1671 131  1671 132  1571 129  1571 119  1371 109  1271
 101  1071  98  1071  99  1171 101  1171  99  1171  96  1171  93  1171  83  1151
  82  1151  82  1211  82  1251  83  1351  85  1311  88  1351  92  1451  98  1411
 106  1451 115  1551 122  1511 126  1551 127  1651 123  1611 116  1551 107  1351
 100  1211  97  1251  97  1251  95  1261  94  1261  93  1161  91  1161
015  70   001  68   001  65   001  65   001  62   001  54   001  53   671
  55   871  57   971  57  1071  57  1171  61  1271  71  1271  85  1071  97   971
 108  1071 116  1171 122  1271 126  1371 127  1471 124  1571 112  1571  99  1471
  86  1471  81  1471  74  1371  70  1371  64  1371  56  1371  51  1371  49  1271
  47  1271  44  1171  41  1271  39  1371  40  1471  47  1371  59  1171  71  1071
  82  1071  92  1171 101  1171 109  1271 112  1371 112  1471 108  1371 101  1371
  93  1271  88  1271  85  1271  83  1271  83  1371  82  1371  81  1471  73  1451
  72  1451  72  1311  73  1451  74  1551  77  1611  81  1451  87  1351  94  1111
 103  1151 112  1251 119  1211 122  1351 121  1451 118  1511 113  1451 108  1451
 102  1311  97  1351  94  1351  91  1361  89  1361  88  1461  87  1461
027  72   001  73   001  87   001  84   001  83   001  79   001  74   671
  70  1071  67  1371  64  1471  63  1671  65  1671  72  1771  84  1571  97  1471
 111  1471 120  1371 130  1371 136  1471 138  1471 135  1571 126  1471 113  1471
 102  1371  94  1271  88  1271  83  1171  78  1271  73  1371  69  1471  65  1571
  60  1671  57  1771  55  1871  56  1871  60  1971  68  1771  78  1671  89  1471
  99  1571 108  1571 117  1671 121  1771 123  1871 121  1971 113  1771 105  1571
  97  1371  93  1371  94  1371  96  1371  95  1471  93  1671  88  1771  87  1851
  82  1851  78  1911  76  1951  77  1951  81  1911  87  1751  97  1651 108  1411
 121  1451 134  1551 145  1511 151  1651 152  1751 147  1811 137  1651 124  1451
 112  1211 105  1251 100  1351  95  1361  91  1461  88  1661  85  1761
070  43   001  36   001  58   001  64   001  64   001  54   001  48   871
  45  1171  42  1471  38  1671  36  1771  37  1871  42  1871  53  1671  69  1471
  81  1371  94  1371 106  1371 115  1371 118  1471 114  1471 102  1571  87  1571
  72  1571  60  1571  55  1671  50  1671  41  1771  35  1971  31  2071  28  2171
  28  2171  24  2271  20  2271  16  2171  18  2171  30  1871  49  1671  70  1371
  89  1371 105  1371 117  1371 126  1471 130  1571 129  1671 124  1671 115  1671
 109  1671 106  1771 104  1771 102  1871  99  1971  94  2071  90  2171  74  2251
  75  2251  77  2311  81  2351  88  2251  95  2211 103  1951 112  1651 121  1411
 129  1451 136  1451 142  1311 146  1451 147  1551 147  1611 145  1651 140  1651
 135  1711 129  1751 122  1851 118  1861 113  2061 109  2161 106  2261
110  89   001  92   001  89   001  83   001  66   001  61   001  61   871
  63  1171  63  1271  62  1371  62  1371  65  1371  73  1371  84  1371 100  1271
 114  1271 129  1371 140  1371 149  1271 152  1071 149   971 137   971 123   971
 110   971 101  1171  96  1371  92  1571  88  1671  85  1871  83  1971  81  1871
  79  1871  77  1771  74  1771  71  1671  71  1671  72  1571  78  1471  83  1371
  87  1371  91  1271  96  1271 100  1271 104  1171 107  1171 107  1071 105  1071
 102   971 101  1171  99  1371  99  1571 100  1671 101  1871 102  1971  98  1951
  95  1851  91  1811  86  1851  83  1851  86  1811  96  1651 111  1551 127  1311
 140  1251 150  1251 157  1111 161  1151 160  1251 155  1211 144  1151 131  1151
 118  1011 109  1251 104  1351 101  1561  99  1761  97  1861  96  2061
120  82   001  80   001  84   001  79   001  81   001  73   001  68   471
  65   771  63   871  60   871  59  1071  61  1171  70  1271  80  1371  92  1371
 107  1371 117  1371 128  1371 136  1271 138  1171 135  1071 126  1171 111  1171
 101  1271  93  1271  87  1171  83  1171  79  1171  76  1271  72  1271  70  1271
  68  1271  66  1271  64  1271  63  1371  64  1371  69  1471  77  1571  86  1671
  97  1571 107  1571 116  1471 122  1471 124  1471 122  1471 115  1371 106  1371
 100  1271  99  1271 100  1271 101  1271 102  1271 101  1371  99  1371  99  1351
  97  1351  93  1311  89  1451  87  1451  88  1511  95  1551 106  1551 119  1511
 132  1451 143  1451 152  1311 157  1351 157  1351 151  1311 140  1251 127  1251
 116  1111 110  1251 108  1251 106  1361 105  1361 103  1461 101  1461
130  80   001  81   001  72   001  57   001  51   001  40   001  38   871
  39  1271  41  1671  40  1471  40  1571  42  1571  51  1471  67  1371  85  1171
 104  1271 123  1371 138  1471 146  1471 147  1371 142  1371 133  1371 121  1271
 110  1271 101  1271  95  1271  89  1271  83  1371  78  1571  73  1671  70  1771
  67  1871  64  1971  59  1871  56  1771  58  1671  66  1471  76  1371  86  1171
  92  1271  97  1371 100  1471 104  1471 107  1571 108  1571 106  1571  99  1571
  96  1571  95  1571  95  1571  95  1571  95  1671  92  1771  90  1871  92  1851
  89  1851  85  1911  81  1851  78  1851  79  1711  86  1551  97  1451 111  1211
 127  1351 142  1351 153  1411 159  1451 159  1551 154  1511 144  1551 132  1551
 121  1511 113  1551 107  1551 101  1561  97  1661  93  1761  90  1861
145 101   001  99   001  98   001  96   001  90   001  86   001  78   771
  69   971  61  1071  56  1171  54  1371  55  1371  60  1371  68  1271  79  1171
  91  1171 103  1171 113  1171 122  1271 125  1371 124  1471 117  1371 107  1371
  95  1271  88  1271  79  1271  74  1271  68  1271  64  1371  62  1371  61  1371
  57  1471  55  1471  51  1571  49  1571  51  1671  60  1571  72  1571  86  1471
  97  1471 107  1471 115  1471 122  1571 126  1571 126  1671 123  1471 117  1371
 109  1171 104  1171 100  1271  99  1271  99  1371 101  1371 102  1471  98  1451
  98  1451  98  1411  99  1551 100  1551 101  1611 102  1451 105  1351 110  1111
 119  1151 129  1251 138  1211 143  1451 144  1551 142  1711 137  1651 131  1451
 124  1311 117  1351 111  1351 107  1361 104  1461 102  1461 101  1561
149  83   001 103   001  98   001  98   001 100   001  98   001  88   771
  76   971  66  1171  60  1271  58  1271  59  1271  64  1371  73  1171  84  1071
  96  1071 109  1171 119  1171 126  1171 130  1271 127  1271 117  1171 105  1071
  94   971  86   971  81  1071  77  1071  71  1171  66  1171  61  1271  59  1371
  57  1571  55  1671  50  1671  46  1571  47  1571  56  1471  70  1471  86  1371
 101  1471 115  1471 124  1571 131  1571 135  1571 134  1571 129  1371 122  1271
 115  1071 109  1071 106  1071 105  1071 105  1171 106  1371 107  1471 104  1451
 103  1651 103  1711 102  1751 102  1751 103  1711 105  1551 109  1251 116  1011
 126  1151 137  1251 147  1311 153  1451 154  1451 152  1511 146  1451 139  1251
 131  1111 124  1151 119  1151 115  1161 113  1261 110  1261 108  1361
156 112   001 110   001 109   001 112   001 103   001 102   001  96   471
  89   771  82   871  77   971  72  1071  71  1071  74  1171  81  1271  91  1271
 103  1271 115  1371 123  1371 128  1371 128  1271 125  1271 120  1171 112  1171
 105  1071 100  1071  96   971  93   971  88  1071  84  1071  80  1171  78  1171
  75  1171  73  1171  68  1271  64  1271  64  1371  71  1371  82  1471  96  1471
 109  1471 119  1571 128  1571 131  1471 132  1471 130  1371 128  1271 125  1171
 121  1071 115  1071 112   971 110   971 112  1071 118  1071 121  1171 114  1151
 114  1151 113  1111 112  1251 111  1251 111  1311 112  1351 114  1251 120  1211
 129  1351 139  1351 147  1411 151  1451 150  1451 148  1411 145  1351 141  1151
 136  1011 131  1051 126   951 123   961 122   961 120  1061 119  1061
168  55   001  35   001  36   001  27   001  16   001  26   001  34   971
  38  1371  38  1471  34  1571  31  1671  33  1671  43  1671  59  1571  78  1371
  94  1271 108  1271 121  1171 128  1171 130  1271 125  1271 114  1371  96  1571
  83  1671  75  1671  70  1571  65  1571  59  1671  54  1871  49  1971  48  1971
  45  2071  41  2071  35  2071  31  1971  34  1971  48  1771  70  1571  92  1371
 110  1371 122  1271 134  1271 143  1371 150  1471 149  1571 139  1671 127  1671
 117  1771 114  1771 115  1771 116  1771 113  1871 107  1971 102  2071  93  2051
  92  2051  93  2111  94  2051  97  2051 103  1911 113  1751 125  1651 137  1411
 148  1451 158  1451 166  1411 173  1451 175  1551 171  1511 159  1651 144  1851
 133  1911 130  1951 132  1851 132  1861 130  1961 125  2161 118  2261
180  88   001  80   001  75   001  64   001  66   001  50   001  48   771
  51  1271  51  1371  47  1571  43  1671  44  1571  51  1671  66  1671  81  1571
  95  1671 106  1671 115  1771 120  1671 120  1571 115  1471 103  1471  87  1571
  74  1571  62  1671  54  1771  48  1871  43  1971  39  1971  36  2071  36  2071
  35  2071  35  2071  34  2071  33  1971  35  1971  41  1871  50  1771  61  1671
  74  1671  87  1771  99  1771 109  1671 116  1671 115  1571 106  1571  97  1671
  89  1671  91  1771  97  1971 104  2071 106  2071 104  1971 102  1971  95  2051
  97  2051  98  2011  98  2051  98  1951  99  1911 103  1851 110  1751 119  1611
 131  1751 144  1751 155  1811 163  1751 167  1651 166  1511 159  1651 149  1751
 140  1811 135  1951 133  1951 129  2061 124  2161 120  2161 116  2261
190  79   001  75   001  76   001  71   001  74   001  63   001  58   871
  56  1171  54  1271  51  1371  47  1471  48  1571  57  1571  72  1571  87  1471
 102  1571 113  1571 120  1671 127  1571 129  1471 124  1371 111  1371  94  1271
  77  1271  65  1471  56  1671  51  1871  45  1871  40  1971  36  1971  33  1871
  32  1871  31  1771  30  1771  30  1671  33  1671  40  1671  51  1671  62  1671
  72  1671  80  1771  89  1771  98  1771 105  1671 107  1671 103  1571  94  1471
  87  1371  84  1571  85  1771  86  1971  86  1971  86  2071  86  2071  81  1951
  81  1851  81  1711  80  1751  79  1651  82  1611  89  1651 100  1651 111  1611
 122  1751 133  1751 144  1811 156  1751 165  1751 167  1611 160  1651 147  1551
 134  1511 125  1751 120  1951 117  2161 114  2161 112  2261 110  2261
222  93   001 107   001  80   001  98   001  66   001  91   001  93   771
  83  1071  70  1171  61  1471  56  1571  57  1571  65  1571  78  1371  95  1271
 112  1271 128  1371 141  1371 152  1471 156  1571 154  1671 144  1471 132  1371
 120  1171 113  1271 109  1471 105  1571 101  1571  96  1671  92  1671  91  1671
  90  1771  87  1771  85  1771  82  1771  82  1771  83  1571  87  1471  90  1271
  94  1371  98  1471 104  1571 110  1571 117  1671 120  1671 118  1471 115  1371
 110  1171 111  1271 111  1471 113  1571 112  1571 108  1671 106  1671 111  1751
 111  1651 110  1611 107  1651 103  1651 103  1611 108  1551 118  1451 129  1311
 140  1451 150  1451 159  1511 165  1551 167  1651 164  1611 155  1551 142  1351
 131  1211 124  1351 120  1551 117  1661 114  1661 111  1761 109  1761
240 113   001 103   001  84   001  72   001  78   001  65   001  60   671
  58   971  56  1171  52  1271  49  1171  51  1171  59  1371  73  1371  89  1371
 105  1371 122  1371 136  1371 144  1371 149  1471 147  1471 139  1471 127  1371
 115  1371 105  1371  98  1371  91  1371  84  1371  77  1371  72  1371  70  1471
  67  1471  64  1571  60  1571  58  1471  60  1471  67  1471  80  1471  95  1471
 111  1571 125  1571 138  1671 147  1771 152  1771 152  1871 148  1771 141  1771
 135  1671 132  1571 130  1471 129  1371 126  1371 122  1371 119  1371 119  1451
 118  1451 115  1511 111  1551 109  1651 109  1611 114  1551 122  1351 132  1211
 141  1351 150  1551 157  1611 163  1651 165  1751 164  1711 158  1651 149  1551
 140  1411 134  1451 130  1351 125  1361 121  1361 117  1261 113  1261
255 114   001 110   001  97   001  80   001  75   001  65   001  58   571
  52   671  47   871  41   971  37  1071  41  1271  54  1371  71  1271  90  1171
 109  1271 122  1371 133  1471 139  1471 143  1471 141  1471 132  1271 121  1071
 108   871  98   971  90  1071  83  1171  76  1171  69  1271  63  1271  59  1271
  55  1271  52  1271  49  1371  49  1571  54  1671  66  1571  83  1471 102  1371
 121  1471 137  1571 152  1671 161  1671 167  1771 167  1771 161  1571 152  1371
 143  1171 137  1171 133  1271 130  1271 125  1271 120  1271 118  1271 118  1151
 119  1251 118  1211 114  1451 110  1551 110  1711 117  1551 128  1351 141  1111
 153  1251 163  1251 170  1311 174  1451 175  1651 172  1711 166  1551 157  1351
 148  1111 140  1151 134  1251 128  1261 124  1261 120  1361 117  1361
260  78   001  61   001  46   001  45   001  40   001  38   001  36  1671
  33  2171  28  2471  24  2471  23  2471  29  2371  47  2171  69  1871  91  1471
 109  1471 121  1371 130  1371 138  1271 143  1271 139  1171 123  1371 100  1571
  79  1771  66  1971  59  2171  55  2371  50  2471  44  2571  40  2671  38  2771
  38  2871  37  2971  36  2871  38  2871  47  2771  64  2371  87  1971 108  1571
 126  1571 140  1471 152  1471 162  1471 168  1371 165  1371 152  1471 135  1671
 124  1771 122  1971 126  2171 132  2371 133  2571 131  2671 126  2871 113  2851
 111  2851 110  2911 110  2851 112  2651 117  2511 127  2151 139  1851 151  1411
 162  1351 170  1351 178  1211 184  1251 186  1351 181  1311 167  1451 149  1651
 135  1711 130  1951 132  2251 131  2461 129  2561 125  2661 119  2761
280  76   001  77   001  59   001  54   001  46   001  36   001  33   771
  33  1071  31  1171  26  1271  23  1371  25  1371  39  1371  61  1171  81  1071
  98  1071 109   971 117   971 124  1071 125  1171 121  1271 109  1271  95  1271
  82  1271  72  1371  65  1371  61  1471  55  1471  51  1571  48  1571  47  1571
  48  1571  50  1571  49  1571  50  1471  55  1471  65  1371  78  1371  92  1271
 104  1271 118  1171 128  1171 136  1271 142  1271 143  1371 139  1371 131  1271
 124  1271 122  1271 119  1371 119  1371 118  1471 117  1471 115  1571 108  1551
 105  1551 101  1511  98  1551  97  1651 101  1611 112  1551 127  1351 142  1211
 155  1251 166  1151 174  1111 181  1251 184  1351 183  1411 177  1451 167  1451
 157  1411 149  1451 143  1551 138  1561 134  1661 130  1761 127  1861
299  69   001  68   001  62   001  45   001  35   001  30   001  29   871
  30  1271  29  1571  25  1571  23  1671  25  1771  37  1771  56  1571  74  1371
  88  1471 100  1671 110  1771 120  1671 126  1471 123  1371 107  1271  85  1271
  63  1171  51  1471  46  1771  43  2071  38  2071  33  2071  30  2071  28  2071
  29  2171  30  2171  33  2171  37  2071  41  2071  46  1871  51  1671  58  1471
  69  1571  79  1771  90  1871 100  1771 106  1771 106  1671  99  1571  89  1471
  80  1371  78  1671  80  1871  83  2171  86  2171  87  2071  88  2071  85  2051
  86  2051  87  2111  89  2151  93  2051  98  2011 106  1851 115  1651 125  1411
 135  1651 145  1751 155  1911 165  1851 172  1751 171  1611 161  1651 146  1651
 130  1611 119  1851 111  2051 105  2261 101  2161  98  2161  97  2061
434  79   001  81   001  79   001  69   001  62   001  60   001  59   571
  58   771  56   871  53  1071  51  1271  52  1371  59  1371  70  1371  85  1271
 102  1271 120  1371 134  1371 145  1371 150  1471 148  1471 138  1371 125  1171
 112  1071 104  1171 100  1371  97  1471  95  1371  94  1371  93  1271  92  1371
  93  1371  93  1471  93  1471  94  1571  98  1571 106  1571 117  1571 132  1571
 149  1571 165  1671 179  1671 188  1771 192  1771 189  1871 181  1671 170  1471
 160  1271 152  1271 149  1271 147  1271 144  1371 141  1371 138  1471 139  1351
 138  1451 138  1411 137  1551 137  1651 136  1711 136  1751 137  1651 141  1611
 147  1551 155  1551 163  1411 170  1651 173  1751 171  1911 163  1751 151  1551
 141  1311 135  1351 133  1351 131  1361 129  1461 127  1461 126  1561
460  95   001  96   001  93   001  91   001  90   001  73   001  59   871
  47  1271  38  1471  30  1571  27  1571  29  1671  41  1671  58  1571  77  1371
  95  1471 110  1571 122  1671 132  1671 138  1571 136  1571 129  1371 114  1271
 102  1071  92  1371  86  1671  80  1971  72  1971  67  1871  64  1871  63  1971
  64  1971  66  2071  65  2071  64  2071  69  2071  84  1871 105  1571 129  1371
 149  1571 169  1771 184  1971 196  1971 201  1871 199  1871 188  1671 173  1571
 160  1371 155  1571 152  1771 151  1971 147  1871 143  1871 138  1771 127  1951
 128  1951 128  2011 125  2051 123  2151 126  2111 137  1851 152  1451 168  1111
 181  1351 191  1451 198  1611 202  1651 201  1651 196  1611 186  1551 173  1451
 162  1311 154  1551 149  1851 143  2061 137  2061 132  2061 127  2061
481  80   001  74   001  70   001  64   001  61   001  53   001  50   471
  47   671  44   771  39   871  35   871  36   971  44  1271  56  1371  70  1471
  84  1571  98  1571 113  1671 123  1571 129  1571 129  1471 122  1371 111  1271
 100  1171  91  1171  87  1171  86  1171  86  1271  87  1271  88  1371  90  1371
  91  1471  93  1471  93  1471  94  1471  95  1471  99  1471 103  1571 113  1571
 124  1671 137  1671 149  1771 160  1671 168  1671 169  1571 165  1471 157  1371
 150  1271 146  1271 145  1371 144  1371 143  1471 143  1571 143  1671 140  1551
 141  1551 142  1511 142  1551 142  1451 145  1411 153  1451 163  1551 176  1511
 189  1651 200  1651 208  1711 212  1751 213  1751 208  1711 199  1651 188  1451
 178  1311 171  1351 166  1351 160  1361 155  1461 150  1661 145  1761
497  54   001  45   001  36   001  30   001  23   001  20   001  20   971
  20  1571  18  1871  14  1871  11  1871  13  1871  24  1871  44  1671  70  1471
  97  1771 122  1971 142  2271 151  2171 151  2171 139  2071 117  1871  94  1671
  72  1471  62  1471  58  1471  56  1471  53  1571  51  1771  49  1871  50  1971
  54  2171  55  2271  56  2271  58  2271  61  2271  69  1971  80  1771  95  1471
 112  1871 130  2171 142  2571 149  2471 149  2371 143  2271 131  2071 116  1771
 103  1571  94  1571  90  1671  88  1671  87  1771  86  1771  85  1871  82  1851
  81  1951  79  2011  76  2051  75  2151  79  2111  90  1951 107  1851 130  1611
 156  2051 181  2551 199  2911 206  2851 202  2851 188  2711 166  2351 143  2051
 123  1611 112  1651 109  1651 106  1661 105  1661 104  1761 104  1761
510 109   001  86   001  82   001  88   001  83   001  76   001  64   671
  50   971  37  1171  27  1271  22  1271  23  1271  33  1271  53  1071  77   971
 106  1171 131  1271 153  1471 171  1471 179  1371 179  1371 170  1371 155  1371
 142  1371 133  1371 125  1471 121  1471 118  1471 115  1571 113  1571 113  1571
 112  1471 110  1471 110  1471 109  1471 112  1471 121  1371 133  1271 149  1171
 167  1271 183  1271 200  1371 213  1371 220  1471 219  1471 208  1371 193  1371
 177  1271 167  1371 162  1571 160  1671 156  1671 155  1771 152  1771 147  1751
 146  1751 144  1711 142  1751 141  1851 142  1811 146  1651 152  1551 158  1311
 164  1451 170  1451 176  1511 182  1551 187  1451 186  1411 179  1451 167  1351
 157  1311 150  1451 147  1551 143  1661 140  1761 138  1761 137  1861
579 119   001 115   001 110   001 106   001 102   001  97   001  93   771
  89  1271  83  1471  78  1671  74  1871  76  2071  86  1971 100  1671 117  1271
 135  1371 151  1371 161  1471 165  1471 164  1571 159  1571 150  1471 141  1271
 132  1171 124  1171 120  1271 119  1271 117  1471 117  1571 117  1771 116  1871
 115  1971 113  2071 113  2171 115  2371 118  2471 124  2071 132  1771 140  1371
 149  1471 159  1471 167  1571 173  1671 176  1671 176  1771 174  1571 169  1471
 165  1271 161  1271 157  1371 154  1371 154  1571 153  1671 152  1871 146  1851
 144  1951 142  2011 139  2251 139  2351 144  2511 155  2151 171  1851 186  1411
 198  1451 207  1451 213  1411 217  1551 218  1551 215  1611 207  1551 196  1351
 184  1211 174  1351 166  1351 160  1461 156  1661 153  1861 151  2061
588  94   001  90   001  85   001  79   001  76   001  72   001  65   671
  56  1071  48  1071  41  1171  38  1171  40  1271  52  1471  71  1571  93  1571
 113  1571 131  1671 144  1671 150  1871 150  1971 144  2171 130  1971 117  1871
 106  1671 101  1671 101  1671 101  1671  99  1671  95  1571  89  1571  87  1671
  87  1671  87  1771  86  1671  86  1571  88  1471  94  1471 102  1371 112  1371
 123  1571 133  1671 141  1871 144  1971 145  2171 144  2271 142  2071 137  1871
 133  1671 129  1671 126  1671 122  1671 121  1671 120  1571 119  1571 115  1551
 114  1551 112  1611 110  1551 109  1551 112  1411 121  1451 135  1351 150  1311
 164  1551 175  1651 183  1811 188  2051 188  2351 184  2511 175  2251 163  2051
 152  1711 143  1751 138  1751 133  1761 129  1761 127  1661 126  1661
621  65   001  51   001  45   001  40   001  35   001  43   001  50   871
  54  1271  56  1471  56  1571  56  1771  63  1971  78  1971 100  1571 125  1271
 147  1271 165  1371 180  1371 188  1371 191  1371 185  1371 171  1471 151  1471
 133  1571 120  1571 113  1671 107  1671 103  1871 102  1971 102  2171 104  2171
 106  2071 104  2071  98  2071  93  2171  97  2171 117  1971 145  1871 173  1671
 194  1571 207  1471 217  1371 222  1471 223  1571 216  1671 201  1571 182  1571
 165  1471 153  1571 148  1571 144  1671 141  1871 137  2071 135  2271 129  2351
 128  2251 127  2211 127  2251 128  2351 130  2311 134  2151 140  1951 150  1711
 163  1651 177  1651 188  1511 193  1551 191  1651 183  1611 170  1651 156  1751
 145  1711 140  1751 138  1851 137  1861 136  2061 135  2261 134  2461
630 128   001 107   001 100   001  84   001  70   001  61   001  58   671
  57   871  55   971  54   971  53  1071  59  1071  74  1171  93  1171 116  1071
 138  1171 157  1171 167  1271 174  1271 174  1371 169  1371 160  1271 151  1171
 141  1071 136  1071 133  1171 132  1171 131  1171 131  1171 132  1171 134  1271
 135  1271 134  1371 131  1371 129  1271 132  1271 141  1171 155  1171 170  1071
 184  1171 197  1271 208  1371 216  1471 219  1471 218  1571 211  1471 203  1371
 193  1271 187  1271 182  1271 179  1271 176  1371 175  1371 173  1471 169  1351
 169  1351 168  1411 166  1451 163  1451 163  1411 166  1351 172  1251 180  1111
 190  1351 199  1451 208  1611 214  1651 216  1751 213  1711 204  1651 192  1551
 182  1411 176  1551 174  1551 172  1661 171  1661 170  1761 169  1761
643 122   001 113   001 113   001  94   001  94   001  84   001  76   971
  70  1171  65  1271  58  1271  54  1371  58  1371  74  1271  98  1171 122   971
 139  1071 150  1271 155  1371 156  1371 153  1371 149  1371 144  1271 139  1271
 136  1171 133  1171 131  1271 129  1271 128  1371 126  1571 126  1671 125  1671
 124  1671 122  1671 121  1671 123  1571 126  1571 131  1371 138  1271 145  1071
 155  1171 164  1371 172  1471 178  1571 181  1671 180  1771 176  1671 171  1471
 167  1371 169  1371 169  1371 171  1371 170  1471 167  1571 166  1671 162  1651
 163  1651 164  1611 163  1651 162  1651 165  1611 173  1451 183  1251 192  1011
 196  1151 198  1251 200  1311 204  1451 206  1451 205  1511 197  1451 186  1351
 178  1211 176  1351 177  1351 174  1461 172  1561 171  1761 169  1861
645 123   001 108   001 106   001 105   001 104   001  99   001  93   571
  87   771  80   971  72  1071  66  1071  69  1171  84  1271 105  1171 129  1171
 145  1171 155  1171 160  1171 162  1371 159  1471 155  1671 147  1571 139  1371
 133  1271 127  1171 123  1171 121  1071 120  1071 119  1171 119  1171 121  1271
 123  1371 123  1471 122  1471 123  1371 125  1371 130  1371 137  1271 146  1271
 154  1371 161  1371 168  1471 173  1571 176  1671 177  1771 176  1671 170  1571
 166  1471 164  1371 161  1371 158  1271 156  1271 154  1371 153  1371 150  1351
 151  1451 150  1511 148  1551 147  1551 151  1511 161  1451 174  1451 187  1311
 197  1351 203  1351 208  1311 211  1351 211  1451 208  1411 200  1451 189  1351
 179  1311 171  1351 165  1451 160  1461 157  1461 156  1461 156  1461
650 138   001 123   001 122   001  83   001  71   001  72   001  74   671
  75   971  74  1571  70  1271  67  1471  71  1371  85  1471 106  1471 129  1471
 147  1471 163  1371 171  1371 174  1371 171  1371 165  1371 158  1371 150  1271
 146  1271 142  1271 143  1171 143  1171 142  1271 140  1471 138  1571 138  1671
 138  1671 139  1771 140  1671 142  1671 146  1571 152  1571 158  1571 166  1571
 173  1471 179  1471 185  1371 187  1471 188  1471 186  1571 182  1571 177  1471
 173  1471 172  1371 173  1371 174  1271 172  1371 169  1471 168  1571 163  1651
 163  1751 163  1811 163  1851 165  1851 170  1811 180  1751 192  1751 202  1611
 209  1551 213  1451 216  1311 220  1351 221  1351 219  1311 211  1351 200  1251
 191  1211 188  1251 188  1351 188  1361 187  1461 186  1661 184  1761
675 121   001 128   001  95   001  76   001  70   001  66   001  63  1271
  60  1771  57  1971  53  2071  52  2171  59  2271  77  2171 103  1971 130  1671
 154  1471 172  1371 185  1171 188  1271 185  1271 178  1371 165  1271 155  1071
 146   971 139  1071 138  1171 136  1271 132  1471 127  1771 124  1971 121  2171
 119  2371 117  2571 114  2571 112  2571 114  2571 122  2271 133  1971 145  1671
 154  1471 161  1271 166  1071 168  1271 168  1371 166  1571 163  1471 160  1271
 156  1171 155  1271 154  1371 153  1471 152  1671 149  1971 146  2171 138  2151
 135  2351 131  2511 128  2551 127  2651 132  2611 144  2251 160  1951 176  1511
 188  1451 197  1351 203  1211 207  1251 207  1351 204  1311 197  1251 188  1051
 180   911 176  1151 175  1251 171  1461 168  1661 165  1861 162  2061
690 162   001 146   001 137   001 135   001 132   001 130   001 127   471
 123   671 120   671 117   671 115   871 120   871 134  1071 151   971 169   971
 178   971 183  1071 185  1071 185  1071 185  1071 182  1071 178  1071 174  1071
 168  1071 160  1071 153   971 149   971 145   971 142  1071 141  1071 140  1071
 139  1171 139  1171 137  1171 138  1171 141  1171 147  1171 156  1071 163  1071
 170  1071 174  1171 177  1171 178  1171 178  1271 177  1271 179  1171 178  1171
 177  1071 173  1071 168  1071 165  1071 163  1071 161  1071 160  1071 156  1051
 155  1151 154  1111 152  1151 152  1151 156  1111 165  1151 176  1051 186  1011
 192  1051 195  1151 197  1111 199  1151 199  1151 199  1111 197  1051 193  1051
 189   911 185   951 182  1051 180  1061 179  1061 179  1061 179  1061
747 115   001 108   001  97   001  93   001  84   001  76   001  77   671
  83  1071  88  1271  91  1271  93  1471 100  1571 113  1571 131  1371 147  1271
 157  1271 163  1171 166  1171 165  1271 163  1371 160  1471 156  1371 152  1271
 150  1171 149  1171 150  1171 150  1171 149  1271 147  1471 146  1571 145  1571
 145  1671 143  1671 140  1671 138  1671 140  1671 147  1571 158  1571 170  1471
 182  1471 192  1471 199  1471 205  1571 206  1671 202  1771 193  1571 182  1471
 174  1271 170  1371 171  1371 172  1471 172  1571 172  1671 170  1771 169  1651
 168  1651 167  1611 165  1651 165  1551 168  1511 177  1451 188  1251 198  1111
 204  1151 207  1251 210  1211 213  1351 215  1451 212  1511 204  1451 194  1351
 185  1211 182  1351 181  1351 181  1461 181  1561 180  1761 179  1861
NT  TEDF  78  35 1
20161022002016102119
20161022002016102120
20161022002016102121
20161022002016102122
20161022002016102123
20161022002016102200
20161022002016102201
20161022002016102202
20161022002016102203
20161022002016102204
20161022002016102205
20161022002016102206
20161022002016102207
20161022002016102208
20161022002016102209
20161022002016102210
20161022002016102211
20161022002016102212
20161022002016102213
20161022002016102214
20161022002016102215
20161022002016102216
20161022002016102217
20161022002016102218
20161022002016102219
20161022002016102220
20161022002016102221
20161022002016102222
20161022002016102223
20161022002016102300
20161022002016102301
20161022002016102302
20161022002016102303
20161022002016102304
20161022002016102305
20161022002016102306
20161022002016102307
20161022002016102308
20161022002016102309
20161022002016102310
20161022002016102311
20161022002016102312
20161022002016102313
20161022002016102314
20161022002016102315
20161022002016102316
20161022002016102317
20161022002016102318
20161022002016102319
20161022002016102320
20161022002016102321
20161022002016102322
20161022002016102323
20161022002016102400
20161022002016102401
20161022002016102402
20161022002016102403
20161022002016102404
20161022002016102405
20161022002016102406
20161022002016102407
20161022002016102408
20161022002016102409
20161022002016102410
20161022002016102411
20161022002016102412
20161022002016102413
20161022002016102414
20161022002016102415
20161022002016102416
20161022002016102417
20161022002016102418
20161022002016102419
20161022002016102420
20161022002016102421
20161022002016102422
20161022002016102423
20161022002016102500
002600150013001300120011001217121713271327142714271535163516311635153514311
43514351431133512351231133514351631163516351631163516351631153514351331123512351
23112351235123112351335143114351435143115351635163116351635163116351735173117351
73517311735173517311735173517311735173517311735173517311735173516361636163616361
005400150012001200120010001117121713271427152716271635173517311635163516311
63516351631153514351331143516351731163516351531153516351631163516351531143513351
33112351235133113351335143114351535153116351635163116351635163117351735173117351
73517311735173517311735173517311735173517311735173516311735173517361736173616361
015000100011001000100013001317141714271527152716271635163516311635163516311
63516351631163515351431133513351231123512351231123513351331123512351231133514351
43114351335123112351335143114351435143115351535163116351635163116351735173117351
73517311735173517311735173517311735173517311735173517311735173517361636163616361
027100120015001300110011001117121712271327142714371535153516311635163516311
63516351531143513351231123512351331133514351531153515351431143514351431133513351
33113351335143114351535153116351735173117351635163116351635173117351735173117351
73517311735173517311735173517311735173517311735173517311635163516361536153615361
070300170017001500130012001317131713271327142715371635173517311735163516311
53515351431143514351431143513351331133513351431143515351531153515351531163516351
53115351535153115351535163116351635163116351735173117351735173117351735173117351
73517311735173517311735173517311735173517311735173517311635163516361636163616361
110400140014001400140014001417141714271527162716371535143512311135113511311
23513351331133513351331133512351231123511351231123513351431143515351431143513351
33114351535163117351735173117351735163115351435143114351435153115351535153115351
53516311635153514311435133513311235133513311335143514311535153515361536153615361
120100110013001400130014001417141715271527152714271435133513311335143514311
43513351331133513351331133514351331133513351331133513351331133514351431143514351
43114351435143115351635173117351735173117351735173117351735163116351635163116351
63517311735173517311635163516311735173517311635163516311635163516361636163616361
130000100010001200100010001117122713271327142714271435143514311435133513311
33513351331133513351331133512351231133513351431133512351231123513351431153515351
53115351535153115351635173117351735173117351735173117351735163116351635173117351
73517311735173517311735173517311735173517311635163516311635163516361636163616361
145500160014001400150013001317131713271327132714271435163517311735173517311
63514351331123512351231113511351231133514351431153515351531163516351631153515351
43113351335133115351635173117351735173117351735173117351735173117351735173117351
73517311735173517311735173517311735173517311635163515311535163516361636163615361
149300140014001500150015001517151715271527152715271535163517311735173517311
63514351331133512351231123511351231133514351531153515351531163516351631153514351
33112351335133114351635173117351735173117351735173117351735173117351735173117351
73517311735173517311735173517311735173517311635163516311635163516361636153615361
156500150014001400150014001417151715271527152715271535163517311735173517311
63514351331133512351231123511351231133514351531153516351631163516351631153514351
33113351335133114351635173117351735173117351735173117351735173117351735173117351
73517311735173517311735173517311735173517311635163515311635163516361636163616361
168000100012001100130014001417141714271427142714371435133513311235123512311
23512351331133513351231123512351231133514351531153515351531143514351431143514351
53115351535153116351635173117351735173116351635163116351735173117351735173117351
73517311735173516311635153515311635163517311735173517311735173516361636173617361
180500130013001300110010001117111712271327133714371435143514311435143514311
43514351431143513351231113511351231123513351431143515351531153515351531153515351
53115351635163116351735173117351735173117351635163116351635163116351635173117351
73517311735173517311635163516311635173517311735173517311735173517361636163616361
190500170017001600160016001617151715171527152715271535153514311435143514311
43514351431143514351431143513351331133512351231123513351431153515351631153514351
43114351535163116351735173117351735173117351635163116351635163116351535153116351
63516311735173516311635163516311635173517311735163516311635163516361636163616361
222000110011001000100010001117111712271327142714371435133512311235123512311
23513351331133513351331133512351231123512351331143515351631163516351631173517351
73117351735173117351735173117351735163116351735173117351635163116351735173117351
73517311735173517311735163516311635173517311635163515311535153515361536163616361
240200100010001000110010001127112711271227133714371535153515311435133512311
23512351231123512351231123512351231123512351231123512351231133514351531163517351
73117351635163116351635173117351635163116351735173116351635163116351735173117351
63516311635173517311735173517311735173517311635163516311635163516361636163616361
255800130010001000100010001017102711271127112711311135123512311235123512311
13511351231123512351331123512351231133513351331133512351231133514351631163517351
63115351435143115351635173117351735163116351635163116351635163116351635163116351
63516311635163517311735173517311735173517311735173517311635163516361636163616361
260100100010001000100010001117122712271327142714271335133512311235113511311
23512351231123512351231123512351231133513351331133512351231123513351431153516351
73117351735163116351635153116351635163116351635163116351635163116351635163116351
63516311635153515311535163516311635173517311735173517311735173517361636163616361
280100100010001000100010001217121712171227122712271235123512311235123512311
23512351231123511351131113511351131123512351331133514351431143513351331143515351
53116351635163117351735173117351635163116351535153115351535153115351535153116351
73517311735163516311635153516311635173517311735173517311735173517361736173617361
299500150013001100110010001017111711271127122712371335133513311335123512311
23512351331123512351231113511351231123512351231123513351331143514351531153516351
63116351735173117351735173116351635163116351535153115351435143115351535153115351
43514311435153515311535153515311535153515311535153515311635163516361636163616361
434000100010001000100010001117112711271127112711371135123512311235123511311
13511351231123513351431143513351231113511351131133515351631173517351631163516351
63115351535153115351635173117351635163115351635163116351635163116351635163116351
63516311735173517311735173517311735173517311735173517311735173517361736163616361
460500140014001500130010001117111712271227122713271335133512311235123511311
13512351231123512351231133513351331133513351231123513351331143515351631163516351
53115351535153115351535153115351535153115351535153115351535153115351535153115351
53515311535153515311535143515311535163517311735173517311735173517361736163616361
481000110010001000110010001217132713271327132714271435153515311435133511311
13511351131123512351231133513351331133514351431143514351531163516351731173517351
63116351635163116351635163116351535153115351535153115351535153115351535153115351
53515311535153515311435143515311535163517311735173517311735173517361636163616361
497100100010001000100012001217121712271227122712271235113511311135113511311
13512351231123512351131113511351131123512351331133514351531163516351731173517351
73117351735173117351735173116351635153115351535143114351435133114351435143115351
53516311635163515311535163516311635163516311635163516311635163516361636163616361
510000100010001000100010001117111711271127112712271235133513311335133512311
23512351331143515351531153515351531153516351631173517351731173516351631163516351
63115351435133113351435153116351635173117351735173117351735173117351735173117351
73517311735173517311735173516311635163516311635173517311635163516361636163616361
579000100010001000100010001017102711271127112711271135113511311135113511311
33514351631163516351631163517351731173517351731173517351731173517351731173517351
73117351735173117351735173117351735163116351635163116351635163116351635173117351
73517311735173517311735173517311735173517311735173517311735173517361636163616361
588000100010001000100010001017102710271127112711271135113511311135113511311
23512351331143516351631173517351731173517351731163515351531153516351731183518351
73117351735173117351735173116351535153115351635163116351635153115351535153115351
63517311735163516311635163517311735173517311635163515311535153515361536163616361
621000100010001000100010001117112711271227132713271335133513311435143514311
43514351431133513351331143515351631163516351631153515351431143514351431143514351
43115351535153115351535153115351535153115351435143115351635163116351535153115351
63516311735173516311635163516311635173517311735173517311635163516361536153615361
630000100010001000100010001117112711271127112711371135113511311235133514311
43515351531153515351531153516351631163516351631153515351431143514351431153515351
53114351435143114351535153115351535153114351435153115351535153115351535143115351
53515311535153515311535153515311535163517311735173517311735163516361636153615361
643000100010001000100010001117112711271127112711371235123513311435153516311
73517351731173517351731173517351731173517351731173517351731173517351731173517351
73117351735173117351735173117351735173117351735173117351735173117351735173117351
73517311735173517311735173517311735173517311735173517311735173517361636163616361
645000100010001000100010001117112711271127112711371135113511311235133514311
53516351731173517351731173517351731173517351731173517351731173517351731173517351
73117351735173117351735173117351735173117351735173117351735173117351735173117351
73517311735173517311735173517311735173517311735173517311735173517361636163616361
650000100010001000100010001017111711271127113711371135113512311235123513311
53516351731183517351731173517351731173516351631163516351731173517351731173517351
73117351635163116351635163116351635163116351635163116351635163116351635163116351
73517311735163516311635163516311635173517311635163516311635163516361636163615361
675000100010001000100010001017112711271127112711271135113511311235123513311
43515351631173517351731173517351731173517351731173517351731173517351731173517351
73117351735173117351735163116351535153115351635163116351635163116351735173117351
73517311735173517311735173517311635163516311535153515311535153515361536153615361
690000110010001000100010001017112711271127112712271235123511311135123512311
23513351431143515351631163516351731173517351731173517351731173517351731173517351
73117351735173117351735173116351635163116351635153115351535153115351535153116351
63517311735173517311735173517311735163516311635163515311535153515361536153615361
747000100010001000100010001117121713271327142715271635163517311735173517311
73517351731163515351531153514351531153515351531153515351531143514351531153516351
63116351535143115351635163116351535153114351435153115351535163116351635163116351
73517311735173517311735173517311735173517311735173517311635163516361636163616361
