20161102111428
T2M TEDF  78  35 1
20161102112016110206
20161102112016110207
20161102112016110208
20161102112016110209
20161102112016110210
20161102112016110211
20161102112016110212
20161102112016110213
20161102112016110214
20161102112016110215
20161102112016110216
20161102112016110217
20161102112016110218
20161102112016110219
20161102112016110220
20161102112016110221
20161102112016110222
20161102112016110223
20161102112016110300
20161102112016110301
20161102112016110302
20161102112016110303
20161102112016110304
20161102112016110305
20161102112016110306
20161102112016110307
20161102112016110308
20161102112016110309
20161102112016110310
20161102112016110311
20161102112016110312
20161102112016110313
20161102112016110314
20161102112016110315
20161102112016110316
20161102112016110317
20161102112016110318
20161102112016110319
20161102112016110320
20161102112016110321
20161102112016110322
20161102112016110323
20161102112016110400
20161102112016110401
20161102112016110402
20161102112016110403
20161102112016110404
20161102112016110405
20161102112016110406
20161102112016110407
20161102112016110408
20161102112016110409
20161102112016110410
20161102112016110411
20161102112016110412
20161102112016110413
20161102112016110414
20161102112016110415
20161102112016110416
20161102112016110417
20161102112016110418
20161102112016110419
20161102112016110420
20161102112016110421
20161102112016110422
20161102112016110423
20161102112016110500
20161102112016110501
20161102112016110502
20161102112016110503
20161102112016110504
20161102112016110505
20161102112016110506
20161102112016110507
20161102112016110508
20161102112016110509
20161102112016110510
20161102112016110511
002  77   001  77   001  84   001  79   001  82   001  85   001  91   371
  96   471  98   771  98   971  95   871  92   971  88   871  84   871  83   871
  81   871  79   871  78   971  76   971  74  1071  73  1071  72  1171  71  1171
  71  1271  73  1271  76  1271  80  1171  85  1171  94  1071 100  1071 106   971
 109  1071 110  1071 108  1171 102  1171  95  1071  88  1071  85  1071  86   971
  87   971  88   971  88   971  88   971  88  1071  86  1171  86  1271  86  1371
  86  1371  86  1471  86  1371  87  1371  90  1271  95  1271 100  1271 104  1271
 107  1271 107  1371 105  1371 102  1371  98  1271  95  1271  93  1271  92  1171
  91  1171  89  1171  86  1271  84  1271  81  1371  78  1371  74  1471  71  1471
  69  1571  68  1511  69  1451  71  1451  75  1311  80  1351  85  1251
005  74   001  58   001  62   001  78   001  93   001  92   001  98   371
 105   571 108   871 104   971  94   971  81   971  69   971  64   971  63  1071
  61  1071  60  1071  56   971  52   971  47   971  45  1071  42  1071  38  1171
  37  1171  39  1271  44  1271  53  1171  65  1071  80  1171  95  1371 107  1471
 114  1471 115  1371 109  1371  95  1271  81  1171  68  1071  63  1071  65  1071
  68  1071  67  1071  67   971  66   971  65  1071  63  1071  61  1171  60  1171
  60  1271  60  1271  60  1271  62  1271  66  1271  73  1371  82  1471  91  1571
  99  1571 105  1471 104  1471  99  1271  90  1271  82  1171  80  1171  79  1171
  79  1171  76  1171  71  1171  66  1171  62  1271  57  1371  54  1471  50  1471
  47  1571  45  1571  45  1551  47  1451  54  1411  65  1451  78  1551
015  56   001  50   001  61   001  82   001  93   050  96   001 100   871
 103   971 103  1071  99  1171  90  1171  81  1371  73  1371  68  1271  64  1271
  60  1271  56  1371  51  1471  48  1571  47  1471  47  1371  46  1271  42  1371
  38  1371  38  1411  43  1371  54  1171  67  1071  83  1271  95  1371 106  1571
 110  1471 109  1471 104  1371  94  1371  84  1371  77  1371  73  1371  72  1371
  70  1371  67  1471  64  1471  61  1571  60  1471  60  1471  61  1371  59  1471
  57  1571  56  1671  57  1571  59  1571  63  1471  69  1571  75  1571  79  1571
  82  1571  83  1571  82  1571  78  1471  74  1471  71  1471  69  1371  68  1371
  66  1271  64  1371  61  1571  58  1671  55  1671  53  1571  51  1571  48  1671
  45  1771  44  1811  46  1751  51  1551  59  1411  70  1551  81  1651
027 112   001 104   001 105   001 109   001 109   001 111   001 111   471
 111   671 109   971 104  1171  94  1171  83  1271  72  1171  66  1271  61  1171
  59  1271  56  1371  51  1571  48  1671  45  1771  42  1771  36  1871  28  1871
  21  1971  19  1971  25  1771  37  1571  54  1271  69  1271  85  1371  99  1371
 107  1471 110  1471 107  1571  97  1471  84  1171  72  1171  70  1271  73  1371
  76  1371  76  1471  72  1471  69  1571  67  1671  66  1771  66  1871  67  1971
  69  1971  72  2071  75  1871  78  1671  82  1471  87  1471  92  1471  98  1471
 104  1471 107  1571 106  1671 100  1471  91  1371  82  1171  78  1271  76  1471
  75  1571  72  1671  68  1871  64  1971  60  2071  56  2171  51  2271  45  2271
  41  2371  40  2311  45  2051  54  1751  65  1411  75  1451  83  1551
070  89   001  88   001  92   001  99   001 104   001 106   001 110   471
 112   771 110   971 102  1171  92  1271  81  1371  70  1571  62  1671  55  1771
  50  1771  45  1871  39  1971  36  2071  34  2071  33  2071  29  2171  22  2071
  16  2071  16  2071  24  1871  38  1671  55  1371  72  1371  85  1371  97  1371
 105  1471 107  1471 103  1471  93  1471  77  1471  63  1471  53  1571  45  1671
  40  1871  35  1971  31  2071  29  2071  27  2171  27  2271  27  2371  26  2371
  26  2371  28  2371  33  2071  43  1871  54  1571  66  1471  77  1571  86  1571
  93  1471  94  1471  93  1571  88  1571  82  1471  76  1471  73  1571  72  1671
  71  1771  69  1971  67  2071  64  2171  60  2271  56  2271  52  2371  50  2371
  51  2371  53  2311  58  2051  64  1751  70  1511  75  1551  79  1551
110 114   001 116   001 118   001 123   001 129   001 125   001 129   571
 135   771 137   971 131  1071 121   971 107  1071  97   971  90  1071  86  1171
  83  1271  78  1371  71  1471  64  1571  59  1671  56  1671  53  1771  51  1771
  51  1671  53  1671  59  1571  68  1471  79  1471  91  1471 102  1571 113  1571
 123  1571 129  1471 127  1471 119  1371 105  1171  94  1071  89  1171  89  1371
  89  1471  88  1671  86  1771  84  1971  84  1971  86  1971  87  1971  86  1971
  84  1871  82  1871  82  1771  85  1571  91  1471 101  1471 113  1471 124  1371
 132  1471 135  1571 131  1671 118  1571 101  1271  87  1071  78  1171  73  1271
  70  1371  67  1571  63  1671  60  1871  58  1871  57  1971  56  1971  54  1951
  52  1951  53  1911  57  1851  65  1651  74  1511  84  1551  94  1651
120 110   001 100   001 108   001 114   001 120   001 113   001 112   671
 113   971 113  1071 110  1071 102  1171  92  1171  81  1171  77  1171  75  1071
  73  1071  71  1071  67  1171  62  1171  56  1271  51  1271  46  1371  41  1471
  39  1471  39  1571  44  1571  53  1471  63  1471  74  1471  88  1471  99  1371
 109  1371 115  1271 115  1271 108  1171  96  1171  86  1071  83  1071  86  1071
  88  1071  88  1071  86  1171  84  1171  82  1271  82  1371  81  1471  79  1471
  77  1571  76  1571  77  1571  80  1671  85  1671  91  1671  98  1771 106  1771
 113  1771 117  1771 116  1771 107  1571  95  1471  85  1271  80  1271  76  1271
  75  1271  72  1271  69  1271  65  1271  62  1371  60  1371  56  1471  51  1571
  46  1571  45  1611  49  1651  58  1751  67  1711  75  1751  83  1851
130  75   001  74   001  79   001  85   001  97   001 109   001 119   471
 128   671 133  1071 131  1271 122  1271 110  1371  97  1371  86  1371  77  1471
  70  1571  64  1571  60  1771  56  1811  52  1951  47  1951  40  2011  32  2051
  25  1951  23  1911  30  1871  43  1671  59  1471  75  1571  90  1671 103  1771
 114  1771 120  1871 118  1871 108  1771  94  1671  80  1571  70  1571  64  1471
  63  1471  61  1571  60  1771  58  1871  57  1971  57  2071  57  2171  56  2071
  56  2071  56  1971  55  1771  57  1671  62  1471  73  1571  88  1771 102  1971
 113  1971 116  1971 114  1971 107  1971  96  1871  86  1771  79  1771  74  1771
  71  1871  69  1871  68  1971  65  2071  62  2171  57  2171  51  2271  44  2171
  38  2171  36  2071  41  1951  51  1751  64  1611  77  1751  88  1951
145  99   001  94   001  94   001  95   001 100   001 107   001 110   371
 109   571 105   671 100  1071  91  1171  79  1171  67  1171  57  1271  49  1271
  44  1371  38  1371  33  1471  28  1471  25  1471  21  1571  17  1571  11  1571
   6  1471   7  1471  15  1371  29  1171  47  1071  64  1071  80   971  93   971
 102  1071 104  1071 100  1171  91  1171  77  1071  66  1171  59  1271  55  1371
  53  1471  51  1571  49  1571  48  1671  46  1671  45  1771  44  1771  44  1771
  45  1671  47  1671  50  1471  53  1371  58  1171  65  1171  72  1171  80  1171
  85  1271  87  1371  86  1471  82  1371  76  1371  71  1271  68  1371  67  1371
  67  1471  67  1571  66  1571  65  1671  63  1671  60  1671  56  1671  53  1671
  51  1671  51  1611  52  1551  56  1451  61  1311  68  1251  76  1251
149 100   001  99   001 102   001 102   001 107   001 113   001 118   671
 121   671 120  1071 114  1071 101  1171  85  1171  71  1171  61  1171  55  1271
  50  1371  42  1371  34  1371  26  1471  21  1571  19  1571  16  1671  13  1671
   9  1671   9  1671  14  1471  27  1271  43  1071  64  1071  85  1071 103  1171
 113  1171 116  1171 110  1171  95  1071  79  1071  65   971  55  1171  53  1171
  52  1271  48  1371  44  1471  40  1571  38  1671  40  1671  42  1771  43  1771
  44  1771  45  1771  46  1571  50  1371  56  1171  66  1271  78  1271  88  1371
  95  1471  97  1471  94  1571  87  1471  77  1371  70  1271  69  1271  70  1371
  71  1371  69  1471  66  1471  63  1571  62  1671  61  1671  61  1771  61  1771
  60  1871  59  1811  57  1651  56  1451  60  1211  69  1251  81  1351
156 105   001 106   001 105   001 107   001 111   001 116   001 118   271
 118   471 114   571 108   871 101   971  93   971  84  1071  77   971  71   971
  67   871  62   871  57   971  52   971  49  1071  44  1071  40  1171  35  1271
  32  1271  29  1371  30  1271  36  1071  49   971  67   971  87  1071 103  1071
 112  1071 111  1071 107  1071 100   971  89   971  82   971  77   971  72   871
  70   871  69   971  67   971  66  1071  63  1071  61  1171  60  1171  60  1271
  60  1271  60  1371  59  1371  59  1271  62  1271  70  1271  80  1171  89  1171
  94  1271  95  1271  93  1371  90  1271  87  1171  83  1071  81  1071  80   971
  80   971  80   971  80  1071  80  1071  80  1171  78  1171  76  1271  74  1371
  72  1371  70  1471  67  1351  65  1351  68  1211  76  1251  86  1151
168  85   001  88   001  91   001  94   001 105   001 110   001 113   471
 113   471 112  1071 108  1271 100  1571  88  1671  75  1871  64  1971  54  1871
  46  1871  41  1871  37  1971  33  1971  29  1971  23  2071  18  2071  13  2171
  10  2171  13  2271  23  1971  38  1771  55  1471  70  1571  82  1471  94  1471
 102  1571 105  1571 101  1671  88  1671  69  1771  53  1771  42  1771  36  1871
  31  1771  28  1871  26  1871  25  1971  24  2071  24  2171  23  2271  21  2371
  19  2371  19  2471  24  2171  34  1971  46  1671  61  1671  75  1671  88  1671
  98  1671 102  1771  99  1771  88  1771  76  1671  65  1671  63  1771  65  1771
  67  1871  66  1971  64  2071  59  2171  56  2271  53  2271  52  2371  51  2371
  52  2471  53  2411  55  2251  58  1951  61  1711  65  1751  70  1851
180  82   001  83   001  85   001  90   001  95   001  99   001 103   371
 105   571 102   571  94   771  83   971  70  1471  59  1471  54  1571  52  1571
  50  1671  46  1771  40  1771  35  1871  31  1871  27  1871  24  1871  20  1871
  18  1771  20  1771  28  1771  39  1771  52  1871  61  1771  70  1871  78  1971
  85  1771  90  1571  88  1471  76  1371  60  1471  44  1471  36  1571  31  1871
  28  1971  22  1871  17  1971  12  1971  10  1971   9  1971   9  1971  10  1971
  11  1871  14  1871  19  1971  27  1971  38  2071  53  1971  68  1871  80  1771
  88  1771  91  1671  88  1571  81  1571  72  1471  64  1471  62  1571  64  1771
  66  1971  66  2071  65  2071  63  2071  61  2071  60  2071  60  2071  60  2071
  60  2071  60  2011  59  2051  59  1951  60  1911  63  2051  67  2051
190  93   001 100   001 101   001  94   001 103   001 109   001 113   871
 113   971 111  1071 106  1071  95  1371  80  1371  64  1211  55  1451  50  1551
  47  1711  43  1851  40  1851  37  1911  36  1851  34  1851  32  1711  28  1651
  23  1651  23  1511  28  1651  38  1851  51  1811  64  1951  77  2151  89  2011
  99  1951 103  1871  99  1671  85  1571  65  1471  46  1471  35  1671  29  1771
  25  1971  20  2071  15  2071  12  2171  11  2071  11  1971  12  1871  12  1771
  13  1671  15  1571  20  1671  29  1871  40  2071  56  1871  73  1771  87  1771
  97  1671 101  1571  98  1471  89  1471  76  1371  65  1371  59  1571  56  1771
  56  2071  56  2071  57  2271  57  2271  57  2171  58  1971  60  1871  63  1771
  66  1771  67  1611  66  1851  65  1951  65  2111  68  2151  74  2051
222  83   001  84   001  87   001  88   001  92   001  97   001 109   371
 123   571 131  1071 132  1271 127  1271 118  1171 107   971  97  1071  90  1171
  86  1271  83  1471  82  1571  80  1711  77  1751  73  1751  67  1711  60  1751
  54  1751  51  1711  54  1571  61  1571  73  1371  87  1371 101  1471 114  1571
 124  1671 128  1671 125  1771 114  1471  98  1271  85  1171  75  1271  69  1371
  65  1471  61  1571  57  1771  54  1871  53  1871  53  1871  53  1871  52  1871
  51  1871  51  1871  52  1571  57  1371  65  1171  79  1271  95  1471 110  1571
 122  1571 128  1571 127  1571 120  1471 108  1371  98  1171  92  1271  89  1471
  88  1571  87  1671  86  1771  84  1871  82  1871  79  1771  75  1771  70  1871
  65  1871  62  1971  63  1751  67  1551  74  1311  83  1451  93  1651
240  68   001  73   001  77   001  83   001  96   001 104   001 113   371
 120   571 122   971 117  1171 108  1271  97  1371  84  1371  75  1371  67  1271
  61  1271  54  1271  46  1271  41  1271  36  1271  32  1371  27  1371  21  1471
  15  1471  13  1571  16  1571  25  1571  39  1571  58  1571  78  1571  96  1671
 108  1671 113  1671 110  1671  99  1471  84  1471  70  1471  60  1471  54  1371
  51  1371  48  1371  45  1471  42  1471  39  1471  36  1571  35  1571  35  1571
  36  1671  37  1671  38  1671  41  1771  47  1771  58  1871  71  1871  85  1971
  97  1971 104  2071 105  1971 101  1871  93  1771  84  1771  80  1671  77  1571
  77  1471  75  1471  73  1471  71  1471  69  1471  68  1471  66  1471  64  1571
  61  1571  59  1671  57  1751  57  1751  60  1811  66  1951  74  1951
255  52   001  54   001  57   001  56   001  62   001  73   001  88   471
 102   871 109   971 108  1071 102  1171  94  1071  87   971  79   971  72   971
  66  1071  58   971  50  1071  43  1071  38  1071  33  1171  29  1171  24  1271
  18  1471  16  1571  18  1571  25  1571  36  1471  51  1571  66  1771  82  1871
  95  1771 103  1671 103  1571  96  1371  85  1171  72  1071  63  1171  56  1171
  50  1371  45  1271  42  1371  38  1371  35  1371  33  1371  30  1371  26  1471
  23  1671  23  1771  28  1771  38  1771  50  1671  64  1771  77  1871  91  1971
 103  1871 112  1771 115  1671 111  1471 102  1471  93  1271  87  1271  83  1271
  81  1271  79  1271  76  1371  74  1371  73  1471  73  1471  72  1571  71  1671
  69  1671  66  1711  62  1751  58  1651  57  1611  61  1851  68  1951
260  64   001  61   001  70   001  78   001  84   001  88   001 100   571
 113   671 121   871 120   971 109  1171  93  1471  78  1671  66  1971  57  2071
  52  2371  48  2371  45  2571  42  2511  40  2651  37  2751  33  2811  28  2751
  23  2651  23  2571  28  2371  39  2171  51  1871  66  1871  79  1771  94  1771
 106  1671 112  1471 108  1371  91  1571  67  1571  45  1771  31  1971  25  2271
  23  2571  21  2571  20  2571  19  2571  20  2671  20  2871  20  2971  18  2871
  16  2771  17  2671  24  2671  36  2371  50  2271  66  2171  82  1971  98  1871
 112  1771 121  1671 121  1571 109  1671  92  1871  76  2071  67  2271  64  2271
  63  2471  63  2471  61  2571  61  2571  61  2771  62  2871  64  3071  66  2971
  67  2771  67  2611  64  2451  61  2351  61  2111  65  2151  73  2051
280  81   001  82   001  86   001  94   001 103   001 109   001 114   371
 116   471 115   771 112   971 107   971  97  1171  87  1271  79  1271  73  1371
  68  1371  63  1471  58  1471  53  1511  48  1551  42  1451  36  1411  30  1451
  27  1551  28  1511  35  1671  47  1571  60  1571  72  1571  83  1471  92  1471
  99  1471 102  1371  98  1371  88  1371  74  1371  59  1471  50  1471  44  1371
  39  1271  36  1371  32  1371  29  1471  27  1471  25  1571  23  1571  19  1571
  15  1671  15  1611  21  1571  31  1471  44  1371  58  1371  72  1371  86  1371
  99  1371 108  1271 110  1271 102  1371  89  1271  78  1271  74  1271  75  1171
  77  1271  78  1371  78  1371  77  1471  74  1471  72  1571  70  1571  71  1671
  72  1671  74  1711  74  1651  74  1551  74  1411  76  1551  79  1551
299  92   001  91   001  99   001 113   001 124   001 120   001 117   771
 114   871 110   971 103   871  94  1371  83  1271  73  1271  66  1471  60  1771
  56  1971  52  1971  49  1971  45  1971  41  1971  36  2071  31  2071  26  2071
  23  1971  24  1971  31  1871  41  1771  54  1571  66  1671  77  1671  86  1871
  91  1871  91  1771  85  1871  72  1771  56  1571  41  1471  32  1671  28  1971
  24  2171  20  2271  15  2171  12  2171  11  2171  11  2171  12  2171  13  2171
  14  2071  18  2071  25  1871  36  1771  50  1571  65  1571  81  1771  95  1871
 106  1771 112  1771 109  1671  99  1571  83  1571  69  1471  60  1671  56  1871
  55  2071  56  2071  57  2271  59  2271  60  2271  63  2271  65  2271  67  2271
  69  2171  70  2111  69  2051  68  1851  68  1711  70  1851  73  1951
434  85   001  79   001  84   001  87   001  96   001 104   001 119   371
 133   571 139   871 136   971 125  1071 113   971 100   871  91   871  88   871
  85   871  81   871  76   871  71   871  67   971  65   971  62  1071  57  1171
  52  1271  50  1311  53  1471  61  1371  74  1371  90  1371 108  1271 123  1271
 134  1371 137  1371 134  1371 124  1271 110  1171  98  1071  88  1171  83  1171
  79  1071  75  1071  70  1071  67  1071  64  1171  62  1171  60  1271  57  1371
  54  1371  55  1471  60  1571  70  1571  84  1671 102  1771 121  1871 137  1871
 148  1871 152  1971 150  1871 141  1671 128  1471 117  1371 109  1371 105  1371
 101  1371  96  1371  92  1271  89  1271  88  1371  88  1371  88  1471  87  1571
  85  1671  82  1711  77  1651  73  1651  73  1511  78  1551  86  1551
460  78   001  56   001  71   001  87   001 106   001 101   001 103   571
 107   971 109  1571 106  2171  98  1671  89  1671  79  1571  74  1671  72  1871
  70  1971  69  1971  66  1971  62  1971  56  2071  48  2171  42  2271  38  2271
  36  2371  36  2371  39  2171  42  1871  48  1671  56  1871  63  2071  72  2271
  77  2571  81  2471  80  2471  75  2271  66  1971  55  1771  48  1871  41  2071
  38  2171  36  2171  35  2171  35  2171  31  2271  28  2371  24  2471  22  2471
  21  2571  25  2571  33  2371  46  2071  64  1871  85  2171 108  2371 127  2571
 141  2671 147  2571 145  2671 134  2571 120  2371 107  2071 100  2071  98  2271
  98  2271  99  2271  98  2271  97  2271  95  2371  91  2471  88  2571  85  2671
  83  2671  82  2711  81  2551  81  2351  82  2111  85  2351  89  2651
481  96   001 102   001 105   001 107   001 115   001 110   001 112   671
 114   971 113  1371 107  1571 101  1471  96  1371  93  1271  89  1271  88  1271
  85  1171  82  1271  77  1171  73  1271  70  1371  68  1371  64  1471  58  1471
  52  1371  48  1371  48  1471  52  1571  59  1571  69  1671  79  1771  88  1871
  93  1871  94  1771  90  1771  81  1671  72  1471  63  1471  56  1471  52  1471
  49  1371  45  1471  42  1471  39  1471  38  1471  39  1571  39  1571  38  1571
  38  1671  41  1671  49  1671  62  1471  79  1471  96  1571 114  1771 128  1871
 136  1771 138  1851 136  1711 129  1751 121  1551 114  1411 111  1451 110  1351
 111  1311 112  1451 113  1651 113  1711 113  1751 113  1851 114  1811 115  1851
 115  1851 114  1811 111  1851 107  1851 106  1811 109  2051 115  2151
497  24   001  23   001  28   001  71   001 111   001 142   001 156   671
 157  1171 150  1771 136  1771 114  1471  89  1571  68  1571  58  1571  53  1471
  49  1471  45  1571  40  1671  36  1771  35  1871  36  1971  35  2071  32  2071
  29  2171  29  2171  36  2071  49  1871  67  1671  88  2071 108  2371 122  2671
 125  2771 120  2671 105  2471  86  2171  67  1971  50  1771  41  1771  36  1771
  33  1771  30  1871  28  1871  24  1871  24  1871  24  1971  25  1971  26  2071
  28  2071  34  2171  44  2071  60  1971  80  1771 104  2071 127  2471 143  2771
 148  2671 142  2671 128  2571 108  2271  88  2071  71  1871  61  1871  57  1971
  57  1971  58  1971  59  2071  59  2071  59  2071  58  1971  57  1971  57  1971
  58  2071  60  2071  63  1951  68  1851  76  1711  88  2051 101  2451
510  86   001  88   001  90   001  95   001 107   001 111   001 128   571
 147   571 159  1071 158  1171 146  1071 128  1071 110   971  96  1171  88  1271
  84  1471  79  1571  74  1671  70  1771  65  1671  62  1671  58  1571  53  1571
  50  1571  49  1571  51  1571  58  1571  72  1671  92  1571 116  1571 138  1571
 153  1571 159  1471 156  1471 143  1371 123  1271 105  1171  91  1371  80  1471
  71  1671  65  1771  61  1871  59  1971  57  1871  54  1771  51  1671  46  1671
  42  1671  44  1671  54  1871  70  2071  89  2171 109  2071 128  1971 147  1771
 163  1671 173  1671 174  1471 165  1371 149  1371 133  1271 121  1471 114  1571
 110  1671 108  1771 107  1971 106  2071 105  1971 105  1971 105  1871 105  1871
 105  1871 102  1811  97  1951  91  2151  89  2211  92  2151  98  1951
579  71   001  84   001  94   001 118   001 155   001 173   001 182   271
 186   571 186   871 182  1271 171  1371 155  1171 138  1071 129  1171 123  1371
 119  1471 116  1571 113  1571 112  1671 110  1771 107  1771 103  1871  98  2071
  92  2171  91  2371  97  2171 107  1771 119  1471 130  1471 138  1571 144  1571
 147  1671 148  1671 142  1771 131  1571 117  1571 106  1471 100  1571  96  1571
  93  1571  88  1671  82  1771  77  1871  73  1871  70  1971  64  1971  56  2171
  51  2271  53  2471  67  2071  88  1771 111  1371 132  1471 148  1571 159  1671
 166  1771 168  1671 164  1771 156  1571 145  1471 137  1371 132  1471 132  1571
 131  1671 129  1771 126  1871 124  1971 124  1971 125  2071 125  2071 123  2271
 122  2371 125  2511 133  2151 144  1851 155  1411 164  1551 169  1551
588  87   001  89   001 102   001 123   001 139   001 159   001 173   471
 181   771 181  1271 173  1571 158  1671 137  1571 118  1471 105  1471  98  1471
  93  1471  89  1471  85  1571  81  1571  77  1571  73  1571  67  1571  60  1571
  55  1471  55  1471  63  1471  76  1471  93  1471 112  1671 131  1871 147  2071
 160  2171 165  1971 160  1871 142  1771 120  1671 100  1571  88  1571  82  1671
  79  1671  74  1671  70  1671  66  1671  63  1671  61  1571  58  1571  54  1571
  52  1471  54  1471  62  1371  75  1371  92  1271 109  1571 125  1771 141  2071
 152  2071 157  1971 154  1971 141  1871 124  1771 109  1671  99  1671  94  1671
  93  1671  93  1671  93  1671  92  1671  89  1671  87  1671  85  1671  86  1571
  89  1551  94  1411  99  1351 105  1351 112  1211 119  1551 126  1751
621  76   001  68   001 101   001 144   001 178   001 191   001 196   471
 195   771 191   771 182   971 160  1171 131  1271 106  1571  94  1671  91  1571
  89  1671  86  1771  83  1971  79  2071  78  2071  77  2171  75  2171  71  2171
  68  2271  71  2271  84  2271 104  2171 123  2071 138  1971 150  1771 163  1671
 175  1671 183  1471 178  1471 158  1571 129  1671 104  1871  92  1871  87  1971
  86  2071  84  2171  82  2271  80  2371  80  2271  80  2271  78  2171  72  2271
  69  2271  74  2371  92  2371 119  2371 144  2371 165  2071 179  1871 190  1571
 198  1571 201  1551 193  1611 173  1751 147  1851 126  1911 115  1951 112  1951
 112  2011 110  2151 108  2451 106  2511 107  2451 108  2451 109  2311 107  2351
 104  2451 101  2411  99  2451  99  2551 100  2511 102  2351 105  2151
630  72   001  73   001  89   001 108   001 142   001 168   001 181   471
 187   571 189  1271 186  1371 176  1171 160  1171 140  1271 129  1271 121  1371
 113  1471 107  1471 100  1371  93  1371  88  1271  83  1271  80  1171  77  1271
  77  1271  78  1371  83  1371  90  1571 100  1571 113  1871 126  2171 139  2271
 149  2171 156  1971 156  1871 150  1771 138  1571 128  1471 118  1571 109  1671
 102  1771  95  1671  89  1571  84  1471  80  1371  76  1371  72  1271  68  1371
  66  1371  69  1471  79  1671  94  1771 112  1871 133  2171 151  2271 168  2471
 178  2371 183  2071 181  1971 173  1971 159  1871 148  1771 140  1771 134  1871
 131  1871 128  1871 125  1771 123  1771 122  1771 121  1671 121  1671 121  1671
 120  1771 118  1711 113  1851 109  1951 109  2011 115  2251 125  2451
643 105   001 108   001 124   001 147   001 179   001 200   001 209   371
 210   671 209   771 203  1071 191  1071 173  1071 154   971 142   971 133  1071
 127  1071 120  1171 114  1271 109  1371 105  1371 102  1271  96  1271  90  1271
  85  1371  87  1371  97  1271 114  1071 130   971 144  1071 156  1271 167  1371
 175  1371 179  1471 175  1471 162  1371 144  1271 127  1171 116  1171 111  1171
 106  1171 100  1271  93  1371  88  1471  86  1471  84  1471  82  1471  75  1471
  70  1471  71  1471  83  1371 100  1171 119  1071 135  1271 147  1371 155  1571
 162  1571 165  1571 164  1671 159  1571 151  1371 146  1271 145  1271 145  1171
 146  1271 145  1371 143  1471 142  1571 142  1571 144  1571 144  1571 142  1571
 141  1571 142  1511 147  1351 155  1151 164   911 173  1151 182  1351
645 109   001 113   001 132   001 166   001 185   001 199   001 205   471
 206   871 203  1171 196  1271 182  1171 161  1171 142  1071 130  1071 122  1171
 117  1171 114  1171 111  1271 109  1271 107  1371 104  1471 101  1571  97  1471
  94  1371  96  1271 104  1171 119  1271 133  1171 145  1271 154  1471 162  1571
 168  1671 170  1571 164  1671 150  1571 133  1471 117  1371 107  1471 101  1471
  98  1371  94  1371  90  1371  86  1371  83  1571  79  1671  75  1871  69  1771
  65  1571  69  1471  83  1371 103  1171 124  1071 141  1271 155  1471 164  1671
 168  1571 167  1671 163  1671 155  1571 145  1571 138  1471 136  1471 135  1371
 135  1471 134  1471 130  1471 128  1471 128  1571 130  1671 132  1771 132  1671
 133  1671 136  1511 143  1451 153  1251 163  1111 172  1351 179  1551
650 128   001 129   001 151   001 170   001 174   001 182   001 191   771
 197  1071 199  1271 195  1271 186  1271 175  1171 165  1171 156  1171 149  1271
 141  1271 133  1371 124  1471 116  1571 111  1671 108  1671 105  1771 101  1671
  99  1671 100  1571 106  1571 116  1571 127  1571 139  1571 150  1471 159  1471
 165  1471 167  1471 164  1471 156  1371 145  1271 134  1171 125  1271 118  1371
 111  1371 106  1471 100  1471  97  1571  98  1671 101  1671 104  1771 103  1771
 102  1671 105  1671 115  1571 129  1671 146  1671 161  1571 174  1571 183  1471
 188  1471 188  1471 184  1471 175  1371 166  1271 158  1171 154  1371 152  1371
 150  1471 146  1471 141  1671 138  1671 139  1771 144  1771 148  1871 151  1871
 153  1771 155  1711 159  1751 165  1751 173  1711 181  1751 189  1651
675 150   001 145   001 172   001 180   001 194   001 206   001 217   271
 224   471 222   671 213   671 199   771 184   971 167  1071 153  1171 143  1171
 132  1271 121  1471 111  1571 103  1711  97  1951  93  2051  89  2211  85  2251
  83  2351  84  2371  91  2271 103  2071 122  2071 147  1771 172  1371 193  1071
 205  1071 207  1071 201  1071 186  1071 168  1171 149  1171 135  1271 127  1271
 120  1371 114  1571 109  1671 104  1871 100  2071  98  2171  97  2371  96  2371
  98  2371 102  2371 110  2271 122  2071 136  1971 153  1771 171  1571 184  1371
 191  1371 191  1371 184  1371 171  1371 156  1271 141  1271 131  1371 124  1471
 118  1571 113  1771 107  1871 103  2071 101  2271 100  2371 101  2571 103  2571
 106  2571 111  2511 118  2351 126  2251 136  2011 147  1751 157  1451
690 121   001 126   001 143   001 158   001 181   001 195   001 201   271
 203   271 201   471 196   671 190   771 183   971 174   971 165   971 157   871
 150   871 146   871 144   971 142   971 138   971 134   871 129   871 124   971
 122   971 125  1071 136  1171 152  1071 166  1071 178  1071 187  1171 191  1171
 193   971 193   971 189   871 182   971 173   971 162  1071 153  1071 146  1071
 139   871 136   871 133   971 132   971 130   971 128   971 125   971 121   971
 120  1071 122  1071 129  1071 140  1171 151  1171 160  1171 166  1371 171  1471
 174  1271 175  1271 174  1171 173  1071 169  1171 163  1171 156  1071 150  1071
 145   971 142   871 140   971 139   971 138   971 136  1071 135  1071 135  1171
 135  1171 137  1211 140  1151 145  1151 150  1011 155  1151 161  1151
747  82   001  94   001 122   001 155   001 192   001 209   001 221   371
 228   571 229   771 223  1171 207  1171 185  1271 164  1271 152  1371 146  1471
 140  1471 133  1571 125  1671 118  1771 114  1871 111  2071 108  2171 104  2071
 102  1971 107  1871 121  1771 143  1571 162  1371 177  1371 188  1471 194  1471
 198  1471 197  1471 190  1571 178  1571 162  1471 145  1471 134  1571 126  1671
 120  1771 116  1971 112  2071 111  2271 112  2271 111  2371 109  2371 105  2171
 103  2071 106  1871 116  1671 131  1671 147  1471 161  1571 172  1571 181  1671
 186  1771 188  1771 184  1771 174  1771 162  1671 150  1671 144  1771 141  1971
 139  2071 136  2171 134  2371 132  2471 133  2471 135  2571 137  2571 137  2471
 137  2271 139  2111 146  1951 156  1651 169  1411 182  1451 194  1551
NT  TEDF  78  35 1
20161102112016110206
20161102112016110207
20161102112016110208
20161102112016110209
20161102112016110210
20161102112016110211
20161102112016110212
20161102112016110213
20161102112016110214
20161102112016110215
20161102112016110216
20161102112016110217
20161102112016110218
20161102112016110219
20161102112016110220
20161102112016110221
20161102112016110222
20161102112016110223
20161102112016110300
20161102112016110301
20161102112016110302
20161102112016110303
20161102112016110304
20161102112016110305
20161102112016110306
20161102112016110307
20161102112016110308
20161102112016110309
20161102112016110310
20161102112016110311
20161102112016110312
20161102112016110313
20161102112016110314
20161102112016110315
20161102112016110316
20161102112016110317
20161102112016110318
20161102112016110319
20161102112016110320
20161102112016110321
20161102112016110322
20161102112016110323
20161102112016110400
20161102112016110401
20161102112016110402
20161102112016110403
20161102112016110404
20161102112016110405
20161102112016110406
20161102112016110407
20161102112016110408
20161102112016110409
20161102112016110410
20161102112016110411
20161102112016110412
20161102112016110413
20161102112016110414
20161102112016110415
20161102112016110416
20161102112016110417
20161102112016110418
20161102112016110419
20161102112016110420
20161102112016110421
20161102112016110422
20161102112016110423
20161102112016110500
20161102112016110501
20161102112016110502
20161102112016110503
20161102112016110504
20161102112016110505
20161102112016110506
20161102112016110507
20161102112016110508
20161102112016110509
20161102112016110510
20161102112016110511
002000100010001100120012001217132713271327132713371331143514351431143514351
43114351435143114351435143114351535153115351535153115351535153115351435143114351
43514311435153515311535153515311535163516311735173517311735173517311735173516311
63516351631163515351531153515351531143513351331123512351231123512351331133514351
005300140011001400140015001517152715271427142714371431133513351331123512351
23112351335133114351435143114351435143114351435143114351435143113351335133113351
43514311435153515311535153516311635163516311635173517311735173517311735173517311
73516351631163516351531153515351531153514351431143514351431143514351431143515351
015000100010001000120017001717172717271627162715371431133513351231133513351
43114351435143114351535153115351535153115351535153116351635163116351535153114351
43514311535163516311635163516311635173517311635163516311635173517311735173517311
73517351731173516351631163516351631163516351631153515351431143514351431153516351
027600170017001700170017001617141713271327122712271231123512351231133513351
33113351335133114351435143113351335123112351335133113351335133113351335133113351
33513311335143514311435153516311635163517311735173517311735173517311735163516311
63515351531153515351531153515351531153515351531153514351431153515351531153515351
070500150017001700170017001617162715271427143713371331133513351431143514351
33113351235123113351335143115351635163116351635153115351435153115351535153114351
33512311235133513311435143515311535163516311635163515311535153515311535163516311
63517351731173516351631163516351631163516351531153515351531153516351631163516351
110500140015001700170017001717162715271527142714371331133512351231123512351
23112351235123112351235123112351235123112351235123114351535163116351535153115351
53516311635163516311635163516311635173517311735173516311635163515311535163516311
63516351631153515351531153514351431143514351531163517351731163515351431143514351
120400140015001700170017001717162715271427132712271131113512351231133514351
43113351335123112351235123112351235123112351235123112351235123114351535163116351
63516311535153516311635163517311735173517311735173516311635163516311635163516311
63516351531153515351431143514351431143513351431143515351531163515351531153514351
130500150016001700180018001717162715271427133712371131113511351231123513351
33112351235123112351235133113351335133112351235113111351135123113351435153114351
33512311235133513311435143515311535153515311635163516311735173517311735173517311
63516351631163516351631163516351531153516351631163515351531163516351631163516351
145500170016001700150017001627152714271327132713371331123512351231123512351
23112351235113112351335133113351335123112351235133113351335133113351235123111351
23512311335143514311535153516311635163516311635173517311635163516311635173517311
73517351731163516351631163516351731173516351631163516351631163516351631163516351
149400180017001800170016001517141714271327123712271231123512351231123512351
23112351135113112351335133113351335133112351235133113351335133113351235123112351
23512311335143514311535153516311635163516311635163516311635153515311635163517311
73517351731163516351631163516351731173516351631163516351631163516351631163516351
156400170016001700160017001617142713271327132713271331123512351231123512351
23112351135113112351235133113351335123112351235133113351335133113351235123112351
23513311335143514311535153516311635163516311635163516311635163516311635173517311
73517351731163516351631163516351731173517351631163516351631163516351631163516351
168600160018001800180017001717162715271427133712371231123512351331133513351
23112351235113111351135123113351435143114351435133113351335133113351335133113351
23512311235133514311435143514311435153515311535153515311335123512311235143515311
63516351631163516351631173517351731173517351731173517351731173517351731163516351
180700180018001800180017001617162716271527152714371431133513351231123513351
33113351435153115351635163116351635163116351635163115351535143114351335133113351
43514311435143514311435143515311435143515311535163516311535143514311435153516311
63516351631163516351731173516351631163517351731173517351731173517351731173517351
190700180018001800170017001617161715271527142714371431143514351431143514351
43114351335133113351435143114351535153115351435143114351435143114351435143114351
43514311335133513311335143514311435143514311435153515311435133513311435153516311
73517351631163517351631163515351531153515351631163517351731173517351731173517351
222600160014001700170018001717162715271427132712271231133514351431143514351
33113351335123112351235123112351335133113351335123112351135113111351235123113351
33513311335133513311435153515311535153515311435143514311335133513311435163517311
73517351731173517351731173516351631163516351631163517351731173516351631153515351
240500170018001800180018001827182717371637153714351231123512351231123512351
23112351235133113351435143113351335123112351235113111351135113111351135123112351
23512311235123512311335153516311635163515311535153514311335123512311235143515311
63516351631163516351631163516351731173517351731173517351731173517351731173517351
255300150018001800180018001827182717271627162715351331123512351231113511351
23112351335133113351335133113351235123112351235123112351135113111351135123112351
23512311135113512311235133514311535153515311535153514311335133512311235123512311
33514351531163516351731173516351631163517351731173517351731173516351631163517351
260500170018001800180018001817182717271737163714371331123511351131113511351
13112351335133113351235123111351235123112351235113111351135113111351135113111351
23512311235113512311235133514311435143514311435143514311435133512311235123512311
23513351331143515351631163516351631163516351631173517351731173517351731173517351
280500160016001800170017001717161716271527152714271431133513351331123512351
23112351235123112351235123112351335143113351335123112351235123112351235123112351
13511311235123513311335133513311435143515311535153515311535153514311335123512311
33514351431153515351531153516351631163517351731173517351731173517351731173517351
299500160017001700160017001717162716271627152714271331133513351331133514351
43114351435133113351435143114351535143114351435143114351435143113351335133113351
33513311335133512311235123512311335143514311435133513311335133514311335133513311
33513351431143515351531153514351431143515351531163517351731173517351731173517351
434300150018001600160015001517141713271327123712371231113511351131113512351
23113351335133113351335143113351335133112351235123112351235123112351235113111351
13511311235133513311335133513311335133513311435143514311335133513311335143514311
53515351531153516351631163517351731173517351731173517351731173517351731173517351
460300160017001700170018001717162714271327133712371231123512351231123512351
33113351435143115351535153114351435143114351335133112351235113111351135123112351
23511311135113511311135123512311235113511311135113511311135113511311235123513311
33513351331143515351631163516351631163517351731173517351731173517351731173517351
481300150017001800180018001717162714271337133712371231123512351231123513351
33114351435143115351535153114351435133113351335133112351235123112351235123112351
23512311235123512311235123512311235133513311435143514311435133513311435143515311
53515351531163516351731173517351731163516351631163517351731173517351731173517351
497200100012001300130014001417132713271327132712271231123512351231123512351
23111351135113111351135113112351235123112351135113112351235133113351235123111351
13511311135113511311135113511311135123512311235123512311235123512311235123512311
23513351431153516351631173517351731173516351631173517351731173517351731173517351
510400150016001700170017001617152714271327132713371331123512351231113512351
23112351235123113351335143115351535143113351235113111351135113111351135113111351
13512311235123512311235123513311335143515311535153515311435143513311435153516311
63517351731173517351731173517351731173517351731173517351731173517351731173517351
579300160014001200120013001217122712271127112711371131113511351131113511351
13111351135113111351135113111351135113111351135113111351135113111351135113111351
13511311135113511311135113511311135123512311335143514311535153515311535163517311
73517351731173517351731173517351731173517351731173517351731173517351731173517351
588200120016001200100012001217111711271127113711371131113511351131113511351
13111351135113111351135113111351135113111351135113111351135113111351135113111351
13511311235123512311335133514311435143514311435153515311435123512311235143515311
63517351731163516351631163516351631163516351731173517351731173517351731173517351
621200100010001000100010001017111711271127112711371131113511351131113511351
13111351235123113351335143113351335123112351235123112351235123112351135113111351
13511311235123512311235123512311235133513311335123512311335143515311535163516311
63516351631163516351631163516351731173517351731173517351731173517351731173517351
630300150015001600120010001017102710271127112711271131123512351231123512351
23112351235123112351335133114351435153115351435133113351235113111351235123112351
23511311235123512311235123512311235133513311335133514311435143514311435153515311
63516351631163516351631163516351631163516351631163516351731173517351731173517351
643200120012001100110013001317132712271227122712271131113511351131113511351
13111351135113111351235123112351235113111351135113112351335133113351235123111351
13511311135113511311135123512311235123512311335143515311635163516311735173517311
73517351731173517351731163516351631163517351731173517351731173517351731173517351
645300150011001300120012001217122712271227112711371131113511351131113511351
13111351135113111351135113111351135113111351135113111351135123112351235123111351
13511311135113511311135113511311135113512311335143516311635173517311735173517311
73517351731173517351731163516351631163517351731173517351731173517351731173517351
650300130011001200120012001317142714271427132712271131113511351131113511351
13111351135113111351135113111351135113111351135113111351135113111351135113111351
13511311135113511311135123512311235123512311235123512311335133514311435143515311
53515351531153515351531153515351531153515351631163517351731173517351731173517351
675100110013001200110010001117121712271227132713271231123511351131113511351
13111351135113111351135113112351235133112351235123111351135113112351235123112351
23512311235133513311235123512311335143515311535153514311435133513311435143515311
53515351531143514351431143515351531153515351631163517351731173517351731173517351
690100110015001200110011001117122712271327133713371331123512351131113511351
13111351135113112351235123112351235133113351335133113351335133113351435143114351
43514311435143514311335133512311235123513311335143514311435143514311435143514311
53515351531153515351431143514351431153516351631163517351731173517351731173517351
747300140011001000100012001217121711271127113711371131113511351131113511351
13111351135113112351235123113351335133113351335133113351235123112351235113111351
13511311135123512311335133514311435143514311535153515311435143513311435143515311
53515351531153515351631163517351731163516351631163516351731173517351731173516351
