20161113141430
T2M TEDF  78  35 1
20161113142016111309
20161113142016111310
20161113142016111311
20161113142016111312
20161113142016111313
20161113142016111314
20161113142016111315
20161113142016111316
20161113142016111317
20161113142016111318
20161113142016111319
20161113142016111320
20161113142016111321
20161113142016111322
20161113142016111323
20161113142016111400
20161113142016111401
20161113142016111402
20161113142016111403
20161113142016111404
20161113142016111405
20161113142016111406
20161113142016111407
20161113142016111408
20161113142016111409
20161113142016111410
20161113142016111411
20161113142016111412
20161113142016111413
20161113142016111414
20161113142016111415
20161113142016111416
20161113142016111417
20161113142016111418
20161113142016111419
20161113142016111420
20161113142016111421
20161113142016111422
20161113142016111423
20161113142016111500
20161113142016111501
20161113142016111502
20161113142016111503
20161113142016111504
20161113142016111505
20161113142016111506
20161113142016111507
20161113142016111508
20161113142016111509
20161113142016111510
20161113142016111511
20161113142016111512
20161113142016111513
20161113142016111514
20161113142016111515
20161113142016111516
20161113142016111517
20161113142016111518
20161113142016111519
20161113142016111520
20161113142016111521
20161113142016111522
20161113142016111523
20161113142016111600
20161113142016111601
20161113142016111602
20161113142016111603
20161113142016111604
20161113142016111605
20161113142016111606
20161113142016111607
20161113142016111608
20161113142016111609
20161113142016111610
20161113142016111611
20161113142016111612
20161113142016111613
20161113142016111614
002  83   001  80   001  88   001  94   001 103   001  95   001  92   271
  91   471  91   571  89   771  86   871  83   871  80   871  78   871  76   971
  76   971  77  1071  78  1071  79  1171  79  1171  79  1271  79  1271  80  1271
  82  1171  84  1171  88  1171  89  1071  91  1071  94  1071  97  1171 100  1171
 103  1171 107  1071 109  1071 111  1071 111   971 111   971 111   971 112   971
 113   971 113  1071 116  1071 118  1171 120  1271 122  1271 123  1371 123  1371
 122  1271 122  1271 122  1271 125  1371 127  1371 129  1371 129  1371 129  1371
 127  1371 126  1271 123  1271 122  1271 121  1271 121  1271 122  1271 122  1371
 123  1371 122  1371 121  1371 121  1371 121  1371 121  1471 121  1411 121  1451
 120  1351 121  1311 123  1451 125  1451 127  1511 128  1551 127  1551
005  84   001  91   001  91   001  92   001  94   001  96   001  93   371
  88   571  82   771  78   771  75   771  71   971  69   971  66   971  65   971
  62   971  57  1071  53  1071  49  1171  46  1171  45  1271  47  1271  50  1271
  56  1171  63  1071  72  1171  80  1171  87  1271  92  1271  95  1271  95  1271
  93  1271  91  1071  91  1071  90  1071  92  1071  94  1071  94  1071  95  1171
  95  1171  96  1171  98  1171  99  1171 102  1271 105  1271 109  1371 112  1371
 115  1371 118  1371 120  1371 124  1371 127  1371 129  1371 131  1371 131  1371
 128  1271 124  1271 121  1171 118  1171 117  1171 117  1171 118  1171 119  1271
 119  1271 118  1371 116  1471 114  1571 113  1571 114  1571 115  1571 116  1551
 118  1451 119  1411 120  1451 122  1351 125  1311 128  1351 131  1351
015  54   001  60   001  67   001  74   001  82   001  84   001  80   371
  74   571  67  1371  61  1271  55  1071  51  1171  47  1271  46  1271  46  1271
  45  1271  43  1271  40  1171  37  1171  35  1271  35  1271  36  1311  40  1271
  46  1271  53  1171  62  1271  70  1471  76  1571  80  1471  81  1371  80  1271
  79  1271  78  1271  75  1271  73  1371  72  1371  72  1471  73  1471  75  1571
  78  1571  80  1471  83  1471  85  1371  85  1371  85  1471  87  1471  91  1471
  96  1471 102  1471 109  1571 115  1571 121  1571 125  1471 127  1471 126  1371
 122  1371 116  1371 112  1371 109  1371 108  1271 108  1271 107  1371 108  1471
 108  1571 108  1571 109  1471 109  1471 109  1471 109  1571 109  1511 109  1551
 109  1451 111  1411 115  1551 120  1551 125  1611 128  1651 130  1551
027 112   001 117   001 123   001 121   001 121   001 115   001 108   471
  99   671  90   771  80   871  71   971  66  1071  62  1371  59  1371  54  1571
  50  1571  46  1671  43  1771  39  1871  38  1971  38  1971  40  2071  43  1871
  51  1571  61  1271  75  1271  89  1271 102  1271 112  1271 115  1271 114  1171
 109  1171 102  1071  97  1171  95  1371  96  1571  96  1671  97  1671  98  1571
  98  1571  98  1671  99  1671 100  1771 104  1971 108  2071 112  2271 113  2071
 114  1871 115  1571 120  1471 125  1471 130  1371 134  1271 137  1371 136  1371
 132  1271 127  1171 123  1071 121  1371 120  1571 121  1871 121  1871 120  1971
 118  1971 115  2071 112  2171 110  2271 110  2371 111  2471 112  2511 113  2251
 114  1851 116  1511 120  1451 125  1451 130  1311 134  1351 136  1351
070  48   001  50   001  55   001  58   001  61   001  61   001  60   971
  58  1071  56  1171  50  1371  45  1471  42  1971  35  1871  30  1871  24  1971
  18  1971  14  1971   8  2071   3  2071  -3  2071  -5  2071  -4  2071   2  1871
  12  1571  22  1371  29  1371  35  1371  42  1371  48  1471  53  1571  55  1571
  52  1471  45  1471  39  1571  37  1671  36  1771  36  1971  37  2071  37  2071
  36  2071  36  2171  33  2271  35  2371  40  2371  46  2271  53  2271  58  2071
  62  1871  68  1671  75  1571  82  1571  89  1571  96  1471  99  1471  99  1471
  95  1571  90  1571  87  1671  87  1771  88  1771  90  1871  90  2071  89  2171
  87  2271  86  2371  85  2371  86  2471  87  2371  90  2371  92  2311  94  2151
  97  1851 100  1611 104  1651 108  1651 113  1611 119  1651 124  1651
110 110   001 117   001 126   001 125   001 127   001 122   001 115   471
 107   471  97   771  87   871  79  1071  77  1071  75  1171  74  1271  72  1271
  68  1371  64  1471  60  1571  59  1671  60  1671  63  1671  66  1671  69  1571
  75  1371  85  1371  99  1471 117  1471 131  1571 139  1571 139  1471 134  1471
 123  1271 110  1171 103   971 100  1071 101  1271 104  1371 105  1471 105  1471
 105  1571 104  1671 106  1671 108  1771 111  1771 115  1871 117  1871 118  1771
 119  1571 121  1471 128  1471 137  1471 144  1371 149  1471 149  1671 145  1771
 137  1571 128  1271 121   971 119  1071 120  1171 121  1271 121  1371 119  1571
 117  1671 115  1771 114  1771 114  1871 114  1851 115  1751 116  1711 117  1651
 119  1651 122  1511 127  1551 133  1651 139  1611 143  1751 144  1751
120 111   001 123   001 128   001 119   001 121   001 123   001 117   471
 107   571  95   671  84   871  78   871  76   971  73   971  72   971  69   971
  66   971  64  1071  60  1171  58  1271  57  1371  58  1471  60  1571  64  1471
  72  1471  82  1371  94  1371 106  1471 119  1371 129  1271 132  1271 130  1171
 123  1171 113  1071 104  1071 101  1071 102  1071 104  1071 105  1071 106  1071
 105  1071 105  1171 106  1271 106  1371 107  1471 108  1471 110  1571 113  1571
 117  1471 124  1471 133  1571 140  1571 147  1671 149  1671 148  1571 142  1571
 133  1471 124  1371 116  1271 114  1271 116  1171 118  1171 119  1171 118  1071
 117  1071 115  1071 113  1171 111  1171 110  1271 110  1471 111  1511 113  1551
 117  1451 122  1411 128  1551 134  1551 140  1611 144  1551 144  1551
130 113   001 122   001 133   001 131   001 136   001 129   001 117   371
 103   771  88  1071  76   971  67  1071  60  1171  54  1471  47  1471  41  1671
  35  1771  30  1871  26  2071  24  2171  21  2171  19  2071  19  2071  23  1971
  32  1771  46  1571  62  1671  80  1871  97  1871 108  1871 113  1771 111  1771
 105  1671  97  1471  91  1371  89  1471  91  1471  92  1571  89  1671  84  1871
  80  1971  81  2071  83  2171  86  2271  89  2271  91  2171  92  2171  93  1971
  96  1871 100  1671 108  1771 117  1971 127  2071 134  2071 139  1851 140  1811
 136  1851 129  1651 122  1511 118  1651 116  1651 115  1811 113  1851 111  1951
 109  2011 107  2151 106  2151 105  2211 104  2251 103  2151 104  2111 106  2051
 109  1851 114  1711 120  1851 126  1951 133  2011 139  2051 142  1951
145  71   001  78   001  85   001  90   001  94   001  98   001  94   571
  87   771  79  1071  73  1071  70  1171  69  1171  69  1371  67  1371  66  1371
  65  1371  64  1371  62  1471  60  1471  56  1471  52  1471  50  1471  51  1271
  55  1071  61   871  66   871  72   871  77   871  79   971  79  1071  77  1171
  73  1171  67  1171  64  1271  65  1371  67  1471  70  1571  70  1671  69  1671
  69  1771  70  1771  72  1771  74  1771  75  1771  75  1771  75  1771  75  1571
  77  1371  82  1171  90  1171  99  1071 107  1071 112  1271 114  1371 112  1571
 106  1471 100  1471  96  1371  96  1471  99  1471 101  1571 103  1671 103  1671
 103  1771 103  1771 102  1771 102  1771 102  1771 101  1871 100  1811  98  1651
  96  1451  97  1211 101  1251 108  1251 114  1211 119  1351 121  1451
149  77   001  78   001  79   001  86   001  89   001  94   001  92   471
  87   671  80   771  74   971  71  1071  69  1171  67  1471  64  1371  61  1471
  58  1471  55  1471  51  1571  47  1571  44  1571  42  1671  41  1671  42  1571
  45  1371  50  1271  56  1171  61  1171  68  1171  72  1171  74  1271  74  1271
  71  1171  68  1171  65  1071  66  1171  67  1371  67  1471  66  1571  64  1571
  64  1671  66  1671  67  1771  71  1771  72  1771  72  1871  73  1871  75  1771
  79  1571  85  1471  92  1471 100  1571 107  1571 112  1571 115  1671 114  1671
 109  1571 103  1471 100  1371  99  1471 100  1471 101  1571  99  1671  96  1671
  95  1771  96  1771  97  1871  99  1871 100  1971 101  1971 100  2011  98  1851
  97  1751  99  1511 104  1551 111  1651 118  1611 123  1651 124  1651
156  76   001  80   001  83   001  87   001  91   001  97   001  96   371
  92   471  87   671  82   671  78   671  75   771  73   871  71   871  70   971
  69   971  67  1071  65  1071  62  1171  59  1171  56  1271  54  1271  54  1171
  56  1171  60  1071  66  1071  72  1071  77  1071  80  1071  81  1071  81  1171
  80  1071  77   971  75   971  74   971  75   871  74   871  75   971  75   971
  76  1071  77  1171  78  1171  81  1271  83  1371  83  1371  83  1471  83  1471
  83  1371  87  1371  95  1371 104  1371 113  1371 119  1371 121  1471 120  1471
 118  1371 115  1271 112  1171 110  1171 109  1071 109  1071 109  1171 109  1171
 109  1271 110  1371 109  1371 109  1471 109  1571 107  1571 106  1671 104  1551
 103  1551 104  1411 108  1451 114  1351 120  1311 124  1451 126  1451
168  61   001  63   001  68   001  70   001  67   001  66   001  63   671
  58   971  52  1171  48  1371  47  1771  47  1771  45  1871  39  1871  32  1871
  24  1871  19  1971  15  1971  12  2071   8  2171   4  2271   3  2371   6  2071
  13  1671  22  1371  31  1371  39  1571  47  1571  54  1571  58  1671  56  1671
  50  1671  41  1771  33  1771  29  1771  30  1871  32  1771  32  1871  30  1871
  28  1971  27  2171  27  2271  28  2471  31  2571  35  2571  38  2671  41  2371
  44  1971  50  1671  59  1671  69  1671  80  1671  87  1671  90  1671  89  1671
  84  1771  79  1771  74  1871  74  1871  78  1871  80  1871  79  1971  75  2171
  72  2271  71  2371  72  2471  73  2571  73  2571  75  2671  76  2611  78  2451
  80  2151  84  1911  90  1951  97  1951 104  1911 111  1951 115  1851
180  37   001  42   001  50   001  56   001  60   001  59   001  56   471
  52   771  48  1271  42  1271  37  1571  32  1671  25  1571  20  1671  15  1671
  10  1771   7  1771   4  1771   0  1771  -3  1771  -6  1671  -7  1671  -6  1671
  -2  1771   3  1871  10  1771  19  1771  26  1871  31  1671  34  1571  33  1471
  29  1371  24  1471  17  1471  12  1571  11  1671   9  1671   8  1771   7  1871
   7  1971   7  1971   9  2071  11  2071  14  1971  16  1971  18  1871  19  1971
  20  2071  24  2171  32  1971  42  1771  53  1671  62  1571  69  1471  71  1371
  67  1471  62  1471  57  1571  57  1571  58  1771  60  1771  59  1971  57  1971
  55  2071  54  2171  52  2171  53  2271  55  2171  57  2171  60  2011  63  2051
  66  2151  70  2111  76  2051  83  2051  90  1911  95  1851  97  1651
190  27   001  31   001  40   001  53   001  62   001  58   001  52   271
  46   871  38  1071  31  1171  27  1371  24  1571  21  1771  16  1871  10  1771
   5  1871   1  1871  -1  1871  -3  1811  -5  1751  -7  1551  -7  1411  -5  1551
  -1  1651   4  1711  10  1851  17  2051  24  1811  32  1851  36  1671  36  1471
  27  1371  15  1471   5  1471   2  1671   4  1871   6  2071   6  2071   3  2171
   0  2171  -2  2071  -2  2071   0  1971   3  1871   8  1771  12  1671  15  1771
  19  1871  22  2071  28  1871  36  1671  44  1671  53  1471  59  1371  62  1171
  59  1271  52  1471  47  1571  45  1771  46  2071  47  2271  48  2371  48  2471
  48  2471  47  2371  46  2271  46  2171  48  2071  51  1971  55  1811  59  1951
  64  2051  68  2111  73  2051  77  2051  83  1911  89  1751  94  1551
222 121   001 129   001 134   001 143   001 142   001 143   001 134   471
 119   671 102   771  88   771  75   871  66  1071  59  1271  53  1371  47  1571
  40  1671  37  1671  34  1671  31  1671  28  1771  26  1771  26  1871  30  1671
  39  1571  51  1371  67  1471  83  1471  97  1671 107  1571 112  1471 111  1371
 106  1171  98  1071  91  1071  85  1171  83  1371  80  1471  77  1571  73  1771
  71  1871  72  1871  72  1771  74  1771  76  1871  77  1871  79  1971  81  1571
  84  1371  89  1071  98  1271 108  1471 118  1671 126  1571 131  1251 132  1211
 129  1251 123  1151 118  1111 115  1351 113  1451 111  1611 109  1751 106  1951
 105  2011 106  1951 108  1851 109  1711 108  1851 107  1951 105  2011 105  1751
 107  1451 111  1111 118  1351 127  1551 134  1711 139  1551 141  1451
240 110   001 112   001 113   001 107   001 120   001 121   001 114   471
 104   771  94  1271  88  1371  82  1371  79  1371  75  1371  73  1371  71  1471
  69  1471  67  1471  66  1371  64  1371  61  1471  59  1571  57  1671  57  1771
  58  1671  62  1671  68  1571  76  1571  82  1571  86  1571  87  1671  86  1671
  84  1471  80  1471  76  1471  74  1471  72  1471  72  1471  70  1571  68  1671
  66  1771  64  1771  64  1671  64  1671  64  1771  65  1771  65  1871  65  1771
  66  1871  70  1771  76  1871  86  1871  95  1971 103  1971 109  1871 111  1771
 109  1671 105  1671 102  1671  99  1671  99  1671  99  1671  99  1771 100  1771
  99  1871  96  1771  94  1771  93  1671  93  1771  93  1771  93  1871  93  1851
  92  1851  94  1811  98  1951 104  1951 110  2011 116  1951 120  1951
255  96   001  98   001  94   001  91   001  88   001  91   001  91   471
  89   771  84   771  79   971  75  1071  72  1071  69  1171  67  1071  64  1071
  62  1071  60  1071  58  1171  54  1171  49  1371  44  1471  41  1611  40  1671
  41  1671  43  1571  46  1671  49  1771  54  1871  60  1771  65  1571  67  1371
  65  1271  58  1271  52  1171  47  1171  44  1271  41  1371  39  1271  35  1371
  32  1371  28  1371  24  1371  21  1371  21  1471  23  1671  26  1771  28  1871
  32  1871  38  1971  47  1971  58  1871  69  1971  79  1871  86  1671  89  1571
  88  1471  85  1471  82  1371  80  1371  79  1471  79  1471  78  1471  77  1571
  75  1571  73  1671  72  1671  71  1771  71  1871  71  1871  73  1911  76  1951
  79  1951  83  1911  87  2051  91  2051  96  2111 102  1951 107  1851
260  73   001  80   001  84   001  91   001  90   001  86   001  84   471
  81   871  77  1371  71  1671  66  1871  60  1871  56  2271  51  2271  47  2271
  44  2271  40  2371  39  2371  38  2471  38  2471  37  2371  36  2371  34  2271
  34  2071  35  1871  40  1871  48  1871  55  1871  60  1771  63  1471  61  1371
  55  1571  48  1671  39  1871  34  1971  30  2271  28  2471  26  2371  23  2271
  21  2271  20  2371  20  2571  20  2671  20  2671  20  2571  22  2571  26  2671
  31  2471  40  2471  50  2371  61  2171  71  1971  78  1771  83  1671  83  1471
  79  1671  72  1971  67  2271  65  2471  64  2471  62  2671  59  2671  55  2771
  53  2771  54  2871  58  2871  61  2971  63  2871  63  2671  64  2511  66  2551
  70  2451  76  2411  83  2351  90  2251  98  2111 105  1951 109  1851
280  44   001  47   001  52   001  57   001  60   001  60   001  57   671
  56   771  54   971  52  1171  50  1271  48  1371  45  1271  42  1371  37  1471
  33  1571  28  1571  23  1571  18  1571  14  1571  11  1671  10  1671  12  1771
  16  1771  23  1871  31  1671  39  1671  47  1571  53  1471  55  1371  54  1271
  50  1371  42  1271  36  1471  32  1471  28  1371  25  1271  20  1371  14  1471
  10  1571   7  1571   6  1671   6  1671   8  1671  10  1771  12  1771  13  1771
  15  1571  19  1571  28  1571  37  1471  47  1471  53  1371  58  1271  60  1171
  59  1271  57  1371  54  1371  53  1371  51  1371  51  1471  51  1571  51  1671
  51  1771  50  1771  47  1871  46  1871  46  1971  48  1971  51  2011  54  1951
  58  1951  63  1811  68  1851  74  1851  81  1811  89  1751  96  1651
299  30   001  49   001  64   001  80   001  74   001  69   001  64   471
  57  1371  49  1571  39  1271  31  1471  25  1671  22  1971  20  1971  18  1871
  17  1871  17  1871  18  1971  15  1971  10  1871   5  1871   2  1771   2  1771
   5  1771   9  1671  15  1771  21  1871  27  2071  32  1971  35  1971  34  1971
  27  2071  17  1771   9  1771   3  1971   1  2071  -1  2271  -3  2271  -4  2271
  -5  2171  -5  2071  -3  2071  -2  1971   0  1871   3  1871   6  1771  10  1871
  15  1871  21  1971  30  1971  41  2071  50  2071  57  1971  60  1871  59  1771
  53  1771  47  1671  42  1671  41  1871  43  2171  45  2371  46  2371  47  2471
  48  2471  50  2371  52  2371  54  2271  57  2171  59  2171  61  2011  63  2051
  64  2051  67  2011  71  2151  77  2151  82  2211  87  2151  89  1951
434  79   001  90   001  94   001  95   001  96   001  90   001  87   571
  85   771  80   871  74   871  70   871  67   971  65   971  63   971  61  1071
  58  1071  55  1171  53  1171  50  1271  48  1271  46  1371  45  1371  45  1471
  47  1371  52  1371  57  1371  64  1371  68  1371  71  1471  71  1371  67  1371
  60  1271  53  1071  48   971  46  1171  45  1171  45  1171  43  1171  40  1271
  37  1271  35  1371  34  1371  35  1471  34  1471  32  1471  32  1471  34  1571
  39  1571  46  1671  57  1771  69  1771  80  1671  86  1871  89  1771  87  1871
  80  1571  72  1371  66  1171  63  1271  64  1271  66  1371  67  1471  68  1371
  68  1471  68  1571  67  1571  67  1671  67  1671  67  1771  66  1711  65  1651
  65  1651  68  1511  76  1551  86  1451  96  1411 104  1551 108  1551
460  70   001  76   001  86   001 101   001 119   001 118   001 107   671
  94   871  83  1071  77  1271  74  1571  71  1871  69  1971  68  1971  67  1971
  63  1971  58  2071  52  2171  46  2271  42  2371  40  2371  38  2471  37  2371
  36  2171  35  2071  36  2171  38  2371  40  2471  43  2671  45  2671  47  2571
  46  2371  44  2171  42  1971  41  1971  39  2171  37  2171  35  2271  35  2271
  33  2371  29  2471  25  2471  20  2571  18  2671  15  2671  16  2771  20  2671
  27  2471  36  2371  45  2471  55  2671  63  2671  69  2671  72  2671  73  2671
  69  2671  64  2371  59  2271  58  2271  58  2271  59  2271  60  2271  60  2471
  58  2471  54  2571  51  2571  49  2671  51  2771  54  2871  58  2911  62  2851
  66  2651  72  2511  80  2651  89  2851  98  2911 104  3051 107  3051
481  53   001  65   001  71   001  69   001  74   001  76   001  73   471
  69   571  64   871  60   971  58  1171  58  1171  55  1171  53  1271  51  1171
  50  1271  49  1271  49  1371  47  1371  43  1371  39  1471  35  1471  32  1671
  31  1671  33  1771  35  1771  37  1771  41  1771  43  1871  44  1771  44  1871
  43  1671  41  1571  37  1471  37  1471  33  1471  30  1371  26  1471  22  1471
  19  1471  19  1471  18  1571  18  1571  18  1571  17  1471  16  1471  15  1571
  16  1671  20  1771  28  1871  38  1971  47  2071  54  1971  57  1971  57  1871
  52  1771  46  1771  42  1671  40  1671  41  1571  42  1471  42  1571  42  1671
  42  1771  43  1771  46  1871  48  1871  49  1871  49  1771  50  1711  53  1851
  57  1951  62  2011  68  2151  74  2351  80  2411  86  2451  92  2451
497  17   001  49   001  69   001  59   001  55   001  52   001  48   971
  41   871  34  1171  27  1171  23  1271  23  1271  24  1471  24  1571  25  1771
  23  1871  21  1971  19  1971  17  2071  16  2071  16  2171  16  2171  17  2171
  20  1971  28  1871  40  2171  55  2571  63  2771  63  2771  56  2771  44  2471
  32  2171  22  1971  14  1771   8  1771   6  1671   5  1671   3  1771   2  1871
   1  1871  -1  1871  -3  1971  -4  1971  -5  2071  -6  2171  -6  2271  -4  2271
   2  2171  15  2071  32  2471  51  2671  64  2971  64  2771  56  2771  43  2571
  31  2271  22  2071  14  1871  11  1871   9  1971   8  1971   6  1971   4  2071
   1  2071   0  2071  -1  1971  -2  1971  -3  2071  -4  2071  -2  2171   3  2151
  12  2051  27  2011  48  2351  68  2651  82  2911  84  2851  77  2851
510 127   001 131   001 137   001 140   001 139   001 142   001 138  1371
 129  1271 116  1171 104   971  97  1171  91  1271  88  1471  85  1571  81  1671
  78  1771  76  1671  72  1571  69  1471  66  1471  63  1371  62  1371  64  1471
  70  1671  76  1871  82  1771  87  1871  93  1871  99  1771 102  1771 103  1671
 100  1571  94  1371  88  1271  82  1371  77  1571  72  1671  66  1771  61  1871
  56  1971  52  1871  49  1771  48  1671  48  1671  49  1571  51  1571  54  1971
  58  2171  64  2571  73  2371  85  2271  95  2071 103  1971 108  1671 108  1571
 103  1471  94  1371  87  1271  83  1571  80  1671  77  1871  74  1971  70  2071
  66  2171  64  2071  63  1971  63  1871  64  1871  65  1871  67  1811  69  2051
  73  2251  79  2411  89  2251 101  2151 112  1911 120  1851 125  1751
579  78   001  91   001 107   001 114   001 123   001 125   001 123   471
 118   771 111   871 104   871  99   871  97  1071  93  1171  87  1271  82  1471
  79  1571  76  1571  73  1671  69  1671  63  1871  57  1971  55  2171  59  2071
  69  1871  80  1671  92  1671 101  1571 106  1571 107  1571 103  1571  96  1571
  88  1371  82  1471  75  1371  70  1371  69  1371  66  1271  62  1471  57  1671
  54  1871  52  1871  51  1871  47  1871  40  1971  33  2171  31  2271  36  1971
  48  1771  63  1471  80  1471  95  1571 107  1571 114  1571 115  1571 110  1571
  99  1471  87  1471  75  1471  68  1471  65  1471  63  1471  61  1671  58  1871
  56  2071  54  2071  51  1971  46  1971  38  2071  32  2171  33  2211  44  2051
  62  1851  82  1611  99  1651 112  1651 123  1611 132  1651 136  1651
588  56   001  70   001  81   001 104   001 122   001 126   001 116   471
 100   771  83  1071  71  1071  63  1071  60  1471  57  1671  56  1671  54  1571
  54  1571  52  1571  51  1571  49  1571  43  1571  36  1571  33  1571  36  1671
  47  1671  61  1671  77  1771  92  1871 106  1971 115  1871 118  1871 112  1671
  98  1671  80  1771  63  1771  52  1771  48  1671  44  1671  38  1671  33  1671
  29  1671  27  1671  26  1671  22  1671  15  1671   8  1571   7  1571  16  1571
  30  1671  49  1671  70  1771  88  1971 104  2071 116  1971 121  1871 116  1771
 100  1871  81  1971  62  2071  51  1971  46  1971  43  1871  39  1871  36  1771
  33  1771  32  1771  31  1871  29  1871  24  1871  21  1851  22  1811  32  1751
  48  1751  68  1611  89  1851 109  2051 125  2211 136  2151 139  2051
621 122   001 126   001 120   001 131   001 114   001 123   001 121   271
 114   671 105   871  97  1371  92  1371  87  1471  87  1671  84  1771  82  1871
  81  1871  81  1871  80  1871  78  1871  74  1971  71  1971  69  2071  71  2071
  76  2071  82  2071  86  1971  90  1871  94  1771  98  1671 102  1471 104  1371
 104  1571 101  1771  98  2071  98  1971  99  1971  98  1971  96  1971  94  2071
  91  2071  90  2071  90  2071  87  2071  81  2171  74  2171  70  2271  73  2271
  79  2271  85  2271  90  2071  94  1971  97  1771  98  1671  98  1771  94  1771
  85  1871  74  2071  65  2171  60  2071  58  2071  56  2071  53  2171  48  2271
  45  2371  43  2271  42  2271  40  2171  36  2271  33  2371  34  2411  42  2451
  56  2451  72  2411  88  2351 101  2151 113  2011 121  1951 124  1951
630 129   001 136   001 137   001 134   001 145   001 152   001 146   571
 133   571 120   871 111  1071 106  1271 102  1371  97  1571  95  1571  94  1471
  93  1471  91  1371  90  1371  87  1271  84  1371  81  1371  79  1471  79  1571
  81  1571  85  1571  89  1871  93  2371  97  2471 101  2371 102  2171 102  2071
  98  1871  93  1771  89  1571  86  1571  83  1771  80  1771  77  1671  73  1671
  70  1571  69  1371  67  1271  65  1071  61  1171  57  1271  55  1371  58  1471
  64  1771  73  1871  82  2271  90  2371  97  2671 100  2571 101  2271  98  2171
  92  2171  83  1971  75  1871  70  1871  67  1971  65  1971  63  1971  61  1871
  59  1871  56  1771  53  1671  50  1571  47  1671  46  1771  47  1811  52  1951
  60  2051  71  2111  85  2351  98  2451 110  2611 117  2451 120  2351
643  89   001 118   001 132   001 129   001 131   001 128   001 127   471
 124   771 117   971 107   871 101  1171 101  1171 102  1271 100  1271  98  1371
  97  1371  96  1371  94  1371  88  1371  81  1371  75  1371  73  1371  77  1271
  86  1271  99  1171 114  1271 127  1471 138  1571 145  1571 146  1471 141  1471
 129  1371 113  1271  99  1171  89  1271  83  1271  78  1371  71  1371  66  1471
  61  1471  58  1471  55  1471  50  1471  45  1471  42  1471  42  1471  50  1371
  62  1371  79  1271  96  1371 114  1371 129  1471 140  1471 143  1471 139  1571
 125  1471 108  1371  92  1271  83  1271  78  1371  74  1371  69  1571  64  1571
  59  1671  58  1671  58  1671  56  1671  51  1671  47  1671  48  1611  59  1551
  76  1451  95  1311 113  1451 128  1451 139  1511 146  1551 149  1551
645  88   001 125   001 139   001 140   001 136   001 141   001 138   371
 129   671 115   771 100   871  91  1071  87  1171  86  1371  86  1371  87  1371
  87  1371  85  1471  81  1571  76  1671  72  1571  69  1471  69  1371  75  1271
  85  1371  96  1271 109  1371 120  1471 129  1571 133  1571 131  1571 124  1571
 110  1471  93  1471  78  1371  68  1571  63  1571  60  1571  59  1571  59  1471
  57  1471  55  1671  53  1771  48  1971  43  1871  40  1771  42  1671  51  1571
  65  1371  81  1271  97  1371 111  1471 124  1571 134  1371 138  1371 133  1271
 118  1271  98  1371  81  1371  71  1471  67  1671  65  1771  65  1771  66  1671
  65  1571  63  1771  60  1871  56  2071  52  2071  51  1971  55  1911  67  1751
  84  1651 102  1411 117  1451 130  1551 140  1511 148  1451 152  1251
650  77   001  89   001  96   001 116   001 122   001 122   001 123   471
 122   571 117   571 110   671 104   971 100  1071  99  1371 101  1471 103  1471
 103  1571 102  1671  99  1871  96  1971  93  1971  90  1871  90  1871  93  1771
  99  1671 107  1571 116  1471 125  1271 131  1171 132  1271 129  1271 122  1371
 112  1271 102   971  93   971  84  1071  78  1271  74  1371  73  1471  73  1671
  71  1771  69  1871  65  1971  61  2071  57  2071  54  1971  55  1971  61  1871
  70  1771  83  1771  96  1571 108  1471 120  1371 127  1271 130  1371 128  1271
 119  1171 107  1071  96  1071  86  1271  79  1571  74  1771  70  1871  66  1971
  63  2071  61  2171  60  2271  58  2371  55  2371  54  2271  57  2211  67  2151
  81  1951  96  1811 110  1651 122  1551 132  1311 140  1351 144  1451
675  60   001  97   001 116   001 136   001 151   001 145   001 137   271
 126   471 113   771  99  1171  90  1271  85  1371  82  1471  81  1571  82  1771
  82  1871  82  1971  82  2171  79  2271  73  2271  68  2271  66  2271  68  2271
  76  2371  91  2371 110  1971 130  1571 147  1171 156  1171 157  1071 149  1071
 134  1171 117  1271  99  1371  88  1471  81  1671  76  1771  73  1871  69  1871
  65  1971  62  2071  58  2271  52  2371  45  2371  39  2271  38  2271  45  2271
  60  2271  79  2271 101  1971 123  1771 140  1471 150  1471 151  1371 144  1371
 129  1471 109  1471  93  1571  82  1771  75  1871  70  2071  65  2171  61  2271
  58  2371  57  2471  57  2571  54  2671  48  2771  42  2771  40  2811  46  2751
  60  2551  79  2411 102  2151 126  1851 146  1511 159  1551 164  1451
690 111   001 128   001 148   001 156   001 153   001 156   001 152   371
 143   571 133   971 122  1171 114  1171 107  1071 104   971 102   971 101   971
 101   971 100   971  99   971  97   971  96  1071  96  1171  97  1271 100  1271
 107  1171 116  1071 130  1171 143  1171 154  1271 159  1071 158   971 152   871
 143   971 132  1171 123  1371 115  1271 109  1271 105  1071 102  1071 100   971
  99   971  97   971  95  1071  92  1071  88  1171  86  1271  87  1371  94  1371
 105  1271 117  1271 128  1371 139  1471 145  1671 148  1471 147  1271 142  1171
 134  1171 123  1371 113  1471 105  1471 100  1271  96  1171  93  1071  90  1071
  89  1071  89  1171  88  1271  86  1371  82  1471  78  1571  78  1611  85  1451
  97  1351 111  1111 125  1251 137  1351 145  1411 149  1351 149  1151
747 129   001 122   001 148   001 178   001 172   001 172   001 165   571
 154   671 143   971 132  1271 125  1471 120  1471 119  1471 117  1571 114  1671
 111  1771 109  1871 107  2071 105  2171 102  2071 100  2071 100  1971 105  1871
 112  1571 119  1371 127  1371 131  1371 134  1371 136  1371 135  1471 131  1571
 123  1571 114  1471 107  1471 103  1571 102  1671 101  1771  99  1871  97  2071
  95  2171  94  2271  93  2271  90  2371  85  2271  80  2071  80  1971  88  1771
 100  1671 114  1471 125  1471 134  1471 139  1471 142  1571 143  1771 139  1771
 131  1771 121  1671 111  1671 105  1771 102  1871  99  1971  95  2071  91  2271
  88  2371  86  2471  83  2471  79  2571  73  2471  69  2371  72  2211  85  2051
 104  1751 124  1511 139  1551 149  1451 156  1411 160  1651 160  1751
NT  TEDF  78  35 1
20161113142016111309
20161113142016111310
20161113142016111311
20161113142016111312
20161113142016111313
20161113142016111314
20161113142016111315
20161113142016111316
20161113142016111317
20161113142016111318
20161113142016111319
20161113142016111320
20161113142016111321
20161113142016111322
20161113142016111323
20161113142016111400
20161113142016111401
20161113142016111402
20161113142016111403
20161113142016111404
20161113142016111405
20161113142016111406
20161113142016111407
20161113142016111408
20161113142016111409
20161113142016111410
20161113142016111411
20161113142016111412
20161113142016111413
20161113142016111414
20161113142016111415
20161113142016111416
20161113142016111417
20161113142016111418
20161113142016111419
20161113142016111420
20161113142016111421
20161113142016111422
20161113142016111423
20161113142016111500
20161113142016111501
20161113142016111502
20161113142016111503
20161113142016111504
20161113142016111505
20161113142016111506
20161113142016111507
20161113142016111508
20161113142016111509
20161113142016111510
20161113142016111511
20161113142016111512
20161113142016111513
20161113142016111514
20161113142016111515
20161113142016111516
20161113142016111517
20161113142016111518
20161113142016111519
20161113142016111520
20161113142016111521
20161113142016111522
20161113142016111523
20161113142016111600
20161113142016111601
20161113142016111602
20161113142016111603
20161113142016111604
20161113142016111605
20161113142016111606
20161113142016111607
20161113142016111608
20161113142016111609
20161113142016111610
20161113142016111611
20161113142016111612
20161113142016111613
20161113142016111614
002800180018001700170018001717162715271527142713371331133514351431143515351
53115351535153115351635163116351635163116351735173117351735173117351635163116351
63516311635163516311635153515311535163517311735173517311735173517311735173517311
73517351631163516351631163517351731173517351731173517351731173516351631163516351
005800180018001700180018001717162716271527152714271431143514351531153515351
53115351535163116351635163115351435143115351635173117351735173117351635163116351
63516311635163517311635163516311635173517311735173517311735173517311735173517311
73516351631163516351631163517351731173517351731173517351731173517351731173517351
015800180018001800180018001817172717271627162716371531153514351431143515351
53115351535153115351635163116351635163116351735173117351735173117351735173117351
73517311635163516311635163516311635173517311735173517311735173517311735173516311
63517351731173517351731173517351731173516351631163517351731173517351731173516351
027500140014001500160015001417142713271227122712371231133513351331133514351
43114351435153116351735173116351535143114351435153115351535153115351635163117351
73517311635163517311735173517311735173517311735173517311735173517311735163516311
63516351631163517351731173517351731173517351731173517351731173517351731173517351
070800170018001800180018001717162716271527152715271531143513351331123513351
33114351435153115351635163116351735173117351735173116351635163116351735173117351
73517311735173517311735173517311735173517311735183517311735163516311535153514311
53515351631163516351731173517351731173517351731173517351731173517351731173517351
110200150016001500160014001417142714271427142715371631163516351631153514351
33113351235123113351335143115351635163117351735163115351435143114351635173117351
73517311735173517311735163516311735173517311735173517311735173517311735163515311
63516351631163516351631163516351631163516351631163517351731173517351731173517351
120600160017001600170015001517151714271427142714371431143514351431153515351
53114351335133114351535163115351435133113351435153115351635163116351635173116351
63516311635163517311735163516311635173517311735173517311735173517311735163516311
63516351731173517351731173517351731173516351631163517351731173517351731173517351
130200120011001300140014001417132713271327123712371231123512351331133513351
33113351335133113351435153116351635163114351335123113351535163117351735163116351
73517311635163516311535163516311635173517311735173517311735173517311735163516311
63516351631163516351731173517351731163516351631163517351731173517351731173517351
145800180018001800180018001717162716271627162716371631153514351431143515351
53115351435143115351635173117351735173117351635163117351735173117351735173117351
73517311735173517311635163516311635173517311835183517311735173517311635153515311
53516351731173516351631163516351631163516351631163517351731173517351731173517351
149700180018001800180018001727162716271627162716371631153514351431143515351
53115351535143115351635173117351735173117351635163116351735173117351735173117351
73517311735173517311635163516311635173517311835183518311735173517311635153515311
53516351731173516351631163516351631163516351631163517351731173517351731173517351
156700180018001800180018001717162716271627163716371631153514351331143515351
53115351535143115351635173117351735173117351635163116351735173117351735173117351
73517311735173517311635163516311635173517311835183518311735173517311635153515311
53516351731173516351631163516351631163516351631163517351731173517351731173517351
168800180018001800180018001717172716271627163716371731163516351631163516351
63116351635163116351635163116351535143114351435143115351535153115351535153116351
63517311735173517311735173517311735173517311735173517311735173517311635163515311
53516351631163516351531163516351631173517351731173517351731173517351731173517351
180800170018001700170018001817182718271727172717271731173516351631153515351
53115351535153115351535143113351235113111351135113112351335143114351435143115351
53516311635163517311735173517311735173517311735173517311735173516311635153515311
53515351531153515351531163516351731173517351731173517351731173517351731173517351
190800170017001700160017001717172717271737162716371531153515351531143514351
33114351435143114351335133113351335143113351235113111351235123113351335133113351
43514311535153515311535163517311735173517311735173517311735173517311735163516311
53515351531153515351531153516351631163516351631173517351731173517351731173517351
222200140010001100140015001517142713271227123712371131123512351331133513351
33113351335143115351635173117351735173115351435133113351535163117351735173116351
63516311635173516311635163516311635163517311735173517311735183517311735163516311
63515351531153515351631163516351731173516351631173517351731173517351731173517351
240800180018001800170017001617142714271327132714371531153514351431153515351
53114351335133114351535163117351735163115351435143115351635173117351735173117351
73517311735173517311635163516311635173517311735163516311735173517311735163516311
63516351731173517351731173517351731173517351731173517351731173517351731173517351
255700180018001800180018001717162716271527152715371531163516351631163515351
53115351535153116351635163116351635163115351535143114351435143115351635173117351
63516311635163516311635153515311535153515311635163517311735173517311635163516311
63516351631163516351631163517351731163516351631163517351731173517351731173517351
260800180018001800180018001727172717271627162715371531153516351631163516351
63116351635163117351735173117351735173116351635153115351535153115351535153116351
63516311735173517311635163515311635163517311735173517311735173516311635163516311
63516351631163515351531153516351731163516351531163516351731173517351731173517351
280800180018001800180018001727172717271727172717371731173516351531143513351
33114351435153115351535153115351535153114351335133113351335133114351535153115351
53515311535153515311535153516311635173517311735173517311735173517311635163515311
53515351631163515351531153515351531153516351631163517351731173517351731173517351
299800180017001500160016001617172717271727173717371731163515351431143514351
43114351435143115351535163116351635153114351335123112351335143114351435143114351
43514311335133513311335143514311535153515311535153515311635163517311735163516311
63516351631153515351431143514351531153516351631173517351731173517351731173517351
434800180018001800180018001717162715271427143714371431143514351431153516351
63116351535153115351535163116351735173117351635163115351535143114351535153115351
43514311335123511311135123512311235123512311235123513311335133514311435143514311
43514351531153515351631163516351631163516351631163517351731173517351731173517351
460800180018001800180018001717162715271527152715271631163516351631163516351
63116351735173117351735173117351735173117351735173116351435143114351535153115351
53514311435143513311435143514311435143513311235123512311335143516311635163515311
53514351431143514351431143514351531153515351531163516351731173516351631163516351
481800180018001800180018001827172717271727172717271731173517351731173517351
73116351635163116351635163117351735173117351735173116351635153114351435143114351
53515311535153515311535153515311535153515311535153515311435143514311435153515311
53515351531153515351431143515351431143513351331143516351731173517351631163516351
497100120016001700170017001717182717271727172717271731173517351631163515351
53114351435133113351335123112351235123112351235113111351135113112351235123112351
23512311135113512311235123512311235123511311135113512311235123512311235123512311
23512351331133513351231123512351331133514351431143513351331123512351231123512351
510700180017001800180018001717162715371437133713371331133512351231133513351
43114351435143114351435143115351535163116351635163116351635163116351635153114351
33512311235133514311435153515311535143514311335123512311235123513311435153515311
53514351431133513351331133513351331133513351431143514351431143513351331133513351
579600160016001800160017001717172717271727173717371731173517351731173517351
73116351635153114351435133113351335123112351235123112351135113111351135113111351
13511311135113511311235123513311335123512311235113511311135113511311135113511311
13511351131113512351231123511351131123512351331133513351331133513351331133513351
588100150014001400150017001717162717271727172717271731173517351731173517351
73116351535143114351435143113351235123111351135123112351135113111351135113111351
13511311135113511311135113511311135123512311235123511311135113511311135113511311
13511351131113511351131123512351231113511351231133514351431133512351231113511351
621700170017001800170017001617151714271427142715371531153515351531153515351
53115351535163116351635173116351635163116351635153115351435133113351335133113351
33512311235123512311235133513311335133513311335123512311135113511311235123512311
23513351331133513351331123512351231133514351431143514351331133514351431143513351
630700170018001700170017001717171716271627152714271431143515351631163517351
73117351635173117351735173117351735173117351735163115351435133112351335133113351
33513311435143515311535143514311535163516311535143513311335143514311435133513311
33513351431143515351531153516351631153515351531153515351531153515351531153514351
643700150016001700170017001717162716271627163716371631173517351731173517351
73117351735163116351535143113351335123112351235123112351235123112351135113111351
13511311135113511311135113511311135113511311135113511311135113511311135113511311
13511351131113511351131113511351131123512351231123512351231133514351431153515351
645700140017001700170017001717172717271737173717371731173517351731173517351
73117351735163115351435133112351235123112351135113111351135113111351135113111351
13511311135113511311135123512311235123511311135113511311135113511311135113511311
13511351131113511351131113511351131113512351231133513351431143514351531153515351
650700170015001500170018001817182717271727163716371631163517351731173517351
73117351735173115351335123113351435143114351335133112351235123111351135113111351
13511311135113511311135113511311135113511311235123512311235113511311135113511311
13511351231123512351231113511351131123513351331143514351431133512351231123513351
675600150014001600140013001317131714171427142715271531153516351631173517351
63116351535143114351435143114351435133114351435133113351235113111351135113111351
13511311135113511311135113512311235133514311335133512311235123512311235123511311
13511351131113512351231123512351231123512351231133514351531143514351331133513351
690300160014001500160013001317142714371437152715271631163516351631163515351
53115351535163115351535143114351435143114351335133112351235113111351135113111351
13511311135113511311135113512311235133513311335123512311235123511311235123512311
23512351131113511351231123512351231123512351231133514351531143514351331133514351
747800180017001700170018001727162716271527152714271431143514351431143515351
63116351735163116351535143114351435143113351235123112351235123112351235123112351
23512311235123512311235123512311235123512311235123511311135113511311135123512311
23511351131113511351231113511351131113512351231123512351231123512351231123512351
