20150731061440
T2M TEDF  78  35 1
20150731062015073101
20150731062015073102
20150731062015073103
20150731062015073104
20150731062015073105
20150731062015073106
20150731062015073107
20150731062015073108
20150731062015073109
20150731062015073110
20150731062015073111
20150731062015073112
20150731062015073113
20150731062015073114
20150731062015073115
20150731062015073116
20150731062015073117
20150731062015073118
20150731062015073119
20150731062015073120
20150731062015073121
20150731062015073122
20150731062015073123
20150731062015080100
20150731062015080101
20150731062015080102
20150731062015080103
20150731062015080104
20150731062015080105
20150731062015080106
20150731062015080107
20150731062015080108
20150731062015080109
20150731062015080110
20150731062015080111
20150731062015080112
20150731062015080113
20150731062015080114
20150731062015080115
20150731062015080116
20150731062015080117
20150731062015080118
20150731062015080119
20150731062015080120
20150731062015080121
20150731062015080122
20150731062015080123
20150731062015080200
20150731062015080201
20150731062015080202
20150731062015080203
20150731062015080204
20150731062015080205
20150731062015080206
20150731062015080207
20150731062015080208
20150731062015080209
20150731062015080210
20150731062015080211
20150731062015080212
20150731062015080213
20150731062015080214
20150731062015080215
20150731062015080216
20150731062015080217
20150731062015080218
20150731062015080219
20150731062015080220
20150731062015080221
20150731062015080222
20150731062015080223
20150731062015080300
20150731062015080301
20150731062015080302
20150731062015080303
20150731062015080304
20150731062015080305
20150731062015080306
002 124   001 124   001 118   001 111   001 112   001 132   001 138   471
 144   871 151  1171 158  1171 164  1171 169  1171 174  1251 176  1351 176  1411
 175  1351 172  1251 168  1111 163  1051 159   951 155   811 152  1051 150  1151
 148  1311 145  1351 142  1351 139  1311 137  1251 137  1151 141  1011 149  1151
 158  1151 167  1211 173  1351 176  1351 178  1411 179  1551 179  1651 178  1711
 174  1651 169  1451 164  1311 159  1251 154  1051 150   911 147  1051 144  1151
 141  1211 138  1251 135  1351 133  1311 132  1251 133  1251 138  1111 147  1251
 158  1351 168  1411 175  1551 181  1651 187  1711 194  1851 201  1951 206  2011
 208  1851 208  1751 205  1511 201  1451 197  1251 193  1111 190  1251 188  1451
 187  1511 186  1551 184  1551 183  1511 182  1451 183  1351 185  1211
005  99   001  87   001  83   001  84   001  81   001 102   001 116   471
 133   871 149  1171 163  1271 175  1271 185  1371 192  1351 198  1351 201  1311
 201  1251 196  1251 188  1111 176  1151 162  1051 150  1011 142  1151 136  1151
 131  1211 126  1251 120  1251 115  1211 112  1151 113  1151 122  1011 140  1151
 162  1251 182  1311 194  1551 200  1751 202  1911 202  1951 200  1851 197  1811
 193  1651 187  1551 178  1311 166  1351 152  1251 140  1211 130  1251 123  1251
 118  1211 113  1251 109  1351 107  1311 107  1251 110  1151 119  1011 135  1251
 155  1351 176  1511 193  1751 207  1851 218  2011 225  2051 230  2151 233  2111
 234  1951 232  1751 226  1511 214  1451 201  1451 188  1311 180  1351 175  1451
 172  1411 170  1451 169  1451 167  1411 166  1351 167  1251 174  1111
015  93   001  86   001  89   001  80   001  89   001 114   001 129   371
 145   771 160   871 172  1071 182  1371 190  1571 196  1351 202  1251 206  1011
 206  1051 203  1051 195  1011 183  1051 169  1151 157  1111 148  1251 142  1251
 136  1311 130  1251 124  1151 119  1011 115  1051 116   951 125   911 143  1051
 166  1051 187  1111 201  1351 209  1551 215  1711 220  1651 225  1651 226  1511
 223  1451 216  1451 205  1311 191  1251 175  1251 160  1111 147  1251 137  1251
 129  1311 124  1251 120  1251 118  1111 117  1051 120   951 129   811 145   951
 166  1151 187  1211 204  1451 218  1551 228  1711 235  1851 241  2051 244  2111
 246  2051 244  1951 238  1811 226  1751 210  1651 196  1511 186  1551 179  1651
 175  1611 172  1551 169  1451 167  1311 167  1251 170  1151 179  1011
027  71   001  71   001  58   001  55   001  65   001  88   001 104   371
 121   771 138  1071 155  1271 170  1471 184  1671 195  1751 196  1751 195  1811
 192  1651 186  1451 176  1211 163  1251 149  1251 135  1211 124  1251 115  1351
 109  1311 104  1351 101  1251  99  1211  98  1151 102   951 113   811 133  1051
 157  1351 178  1511 190  1651 195  1751 197  1811 199  1851 200  1951 199  1911
 196  1751 190  1451 179  1211 164  1251 147  1351 132  1311 121  1351 114  1451
 110  1411 107  1451 104  1551 102  1511 101  1351 104  1251 115  1011 137  1251
 165  1551 192  1711 213  1851 227  1951 236  2011 242  2051 245  2051 248  2011
 251  1851 250  1751 243  1511 227  1551 208  1651 191  1611 181  1651 176  1551
 174  1511 171  1551 167  1651 163  1611 159  1551 159  1351 165  1211
070  46   001  45   001  27   001  18   001  38   001  91   001 108   671
 126  1071 146  1071 165  1071 182  1171 198  1171 211  1151 217  1251 222  1211
 224  1351 221  1351 212  1411 195  1451 175  1551 158  1611 147  1751 141  1851
 136  2011 129  2151 122  2251 118  2311 118  1951 124  1651 137  1311 157  1351
 180  1351 202  1311 218  1351 229  1351 237  1311 243  1451 247  1551 249  1611
 248  1551 244  1551 232  1511 213  1551 191  1651 170  1611 155  1851 146  1951
 138  2111 131  2251 124  2451 120  2511 119  2151 124  1751 136  1311 157  1351
 182  1451 206  1411 224  1551 237  1551 247  1511 255  1851 261  2051 266  2211
 269  2251 268  2151 258  2011 239  1951 215  1851 194  1711 181  1951 175  2051
 171  2211 167  2451 163  2551 161  2711 163  2351 170  1851 185  1411
110  92   001  86   001  83   001  85   001  85   001  89   001 108   371
 131   771 151   971 166   971 174  1071 179  1071 181  1051 181  1151 180  1111
 178  1151 173  1051 164  1011 151   951 136   751 124   611 116   751 112   851
 108   911 103  1051  99  1051  95  1111  94  1051  97   951 106   811 123   951
 142  1051 159  1111 169  1151 175  1051 178  1011 181  1251 184  1351 185  1511
 182  1451 176  1251 167  1111 155  1051 142   851 131   711 124   851 120   951
 117  1011 114  1151 111  1351 109  1411 108  1351 112  1151 124  1011 145  1051
 171  1051 194  1011 208  1151 216  1251 219  1311 221  1351 222  1351 223  1311
 222  1251 219  1251 212  1111 200  1051 185   951 173   811 166   951 163  1151
 162  1211 161  1351 160  1351 159  1411 159  1351 161  1351 166  1211
120  91   001  87   001  85   001  86   001  77   001  99   001 111   271
 125   571 139   871 153  1171 164  1371 172  1471 176  1451 175  1451 174  1411
 172  1451 169  1451 162  1411 150  1351 135  1351 122  1211 113  1251 108  1151
 105  1111 103  1151 101  1151 100  1111  99  1151 101  1051 108  1011 122  1151
 139  1351 155  1411 167  1551 176  1551 181  1611 183  1651 184  1651 182  1611
 179  1651 173  1651 165  1611 154  1551 142  1451 131  1311 124  1351 120  1251
 117  1211 115  1251 114  1251 112  1211 111  1151 113  1051 123   911 142  1051
 167  1251 190  1311 207  1551 218  1651 226  1811 233  1851 238  1751 241  1711
 241  1751 236  1851 227  1811 212  1751 196  1551 183  1411 176  1451 173  1451
 171  1411 168  1451 164  1351 161  1311 159  1251 159  1251 164  1111
130  86   001  81   001  79   001  80   001  80   001  90   001 108   371
 130   771 152  1271 173  1371 191  1371 206  1471 216  1551 220  1551 222  1611
 219  1551 212  1451 200  1311 183  1251 165  1151 148  1011 136  1151 127  1251
 120  1311 114  1351 109  1451 105  1411 103  1351 105  1151 115  1011 134  1251
 157  1351 178  1511 193  1551 203  1451 211  1411 218  1651 224  1751 226  1911
 224  1851 216  1751 204  1611 187  1551 168  1351 150  1211 136  1351 127  1351
 120  1411 116  1551 112  1651 110  1711 108  1551 111  1351 123  1111 146  1351
 176  1551 205  1711 227  1751 243  1751 254  1711 261  1951 266  2051 269  2211
 270  2151 267  1951 258  1811 242  1751 222  1551 204  1411 191  1551 182  1551
 175  1611 169  1751 164  1751 160  1811 157  1651 158  1451 164  1211
145 110   001 101   001  93   001  90   001  92   001 120   001 135   571
 151   971 167  1171 181  1271 191  1271 198  1371 203  1351 208  1451 211  1411
 213  1551 213  1551 208  1611 197  1551 184  1351 171  1211 161  1251 154  1151
 147  1111 139  1151 130  1151 123  1111 119  1151 120  1251 130  1211 149  1351
 173  1451 194  1511 208  1551 216  1651 220  1611 223  1651 226  1551 228  1511
 228  1551 226  1651 219  1611 207  1551 191  1551 174  1411 159  1451 146  1351
 136  1311 128  1351 123  1251 119  1211 118  1251 121  1151 132  1111 153  1251
 178  1451 202  1511 220  1751 233  1851 242  2011 249  2151 255  2351 259  2411
 262  2351 263  2251 258  2111 247  1951 231  1851 216  1611 203  1551 194  1351
 187  1211 182  1251 179  1351 176  1311 175  1351 177  1251 186  1211
149 123   001 108   001 102   001 104   001 110   001 131   001 145   771
 161  1171 178  1371 193  1371 205  1271 213  1271 219  1251 223  1151 225  1111
 226  1251 225  1351 220  1411 209  1351 195  1351 182  1211 171  1251 162  1251
 154  1211 145  1251 136  1251 129  1211 126  1151 128  1051 138   911 157  1151
 181  1351 204  1511 221  1551 233  1551 240  1511 243  1451 244  1451 243  1311
 242  1451 239  1451 232  1511 220  1451 204  1351 187  1211 172  1351 159  1351
 148  1411 139  1451 131  1351 126  1311 124  1251 127  1151 138  1011 157  1251
 182  1551 207  1711 229  1751 246  1751 258  1711 266  1951 270  2151 273  2311
 275  2251 274  2151 268  2011 256  1851 241  1651 225  1411 211  1451 200  1451
 191  1411 185  1451 180  1551 177  1511 176  1351 178  1251 188  1011
156 133   001 128   001 123   001 118   001 116   001 132   001 145   371
 163   771 182  1071 196  1171 205  1271 211  1371 216  1351 221  1351 225  1311
 227  1351 226  1451 222  1411 213  1451 202  1351 191  1311 182  1251 174  1151
 168  1011 162   951 156   951 149   811 143   851 140   851 146   811 163  1051
 186  1351 207  1511 222  1551 231  1551 236  1511 240  1551 242  1451 243  1411
 242  1451 239  1551 233  1511 223  1551 209  1451 195  1411 181  1351 169  1251
 159  1111 152  1151 148  1051 144  1011 140  1051 140   951 147   911 165  1151
 190  1351 214  1511 234  1651 248  1651 258  1711 265  1951 270  2151 273  2311
 276  2251 276  2251 271  2111 261  1951 247  1851 234  1611 224  1451 217  1351
 211  1111 206  1051 201  1051 197   911 193  1051 194  1051 201  1111
168 106   001  94   001  74   001  65   001  80   001  94   001 115   571
 138  1071 162  1071 184  1171 204  1071 220  1071 232  1051 236  1151 239  1111
 239  1351 235  1451 223  1611 202  1751 178  1851 159  1911 149  1951 146  2051
 143  2011 137  2151 130  2151 125  2211 124  1951 130  1551 142  1211 162  1251
 185  1251 207  1211 225  1151 238  1151 248  1011 256  1151 261  1151 264  1211
 264  1351 257  1351 243  1411 219  1651 193  1751 171  1911 160  2051 156  2151
 153  2211 146  2351 136  2451 129  2511 127  2151 132  1651 145  1211 165  1351
 190  1451 215  1511 237  1451 254  1351 267  1211 275  1451 280  1651 283  1811
 284  1951 281  2151 268  2211 243  2151 214  2151 190  2011 178  2151 174  2251
 173  2311 170  2451 165  2651 163  2711 165  2351 173  1851 189  1411
180  92   001  84   001  73   001  70   001  81   001 118   001 134   771
 150  1071 168  1271 184  1171 200  1171 214  1071 225  1151 231  1251 234  1311
 234  1351 230  1451 221  1411 206  1551 189  1651 173  1711 161  1651 153  1651
 147  1511 142  1551 138  1651 135  1611 134  1451 138  1351 147  1111 164  1251
 185  1451 207  1511 226  1451 241  1451 252  1311 257  1351 259  1351 260  1311
 260  1451 257  1551 248  1611 230  1651 208  1651 188  1611 174  1551 165  1551
 159  1411 153  1551 148  1751 146  1811 148  1651 154  1451 165  1211 180  1551
 197  1851 216  2111 235  1951 253  1851 268  1611 278  1651 285  1651 287  1611
 286  1751 280  1851 267  1911 248  1951 225  1851 205  1811 191  1751 181  1751
 174  1611 168  1751 164  1851 164  1911 169  1851 179  1751 193  1611
190  90   001  90   001  82   001  78   001 101   001 126   001 143   671
 161  1171 178  1271 195  1271 210  1171 222  1171 232  1151 239  1151 243  1111
 244  1151 240  1251 230  1211 214  1351 195  1351 179  1411 168  1551 162  1751
 156  1811 150  1751 144  1651 141  1511 143  1451 150  1351 162  1211 178  1251
 195  1351 212  1311 226  1351 238  1451 246  1411 252  1451 255  1351 257  1311
 256  1351 252  1351 242  1311 225  1351 206  1451 189  1411 179  1551 174  1751
 170  1811 164  1751 157  1751 154  1611 156  1551 164  1451 177  1311 193  1451
 211  1451 228  1511 243  1651 257  1751 269  1811 279  1751 288  1751 293  1611
 294  1651 290  1751 278  1711 258  1651 235  1651 213  1511 198  1651 188  1651
 180  1711 173  1751 168  1751 167  1711 172  1651 183  1551 199  1411
222 128   001 123   001 127   001 124   001 122   001 126   001 140   471
 155   971 170  1171 185  1271 199  1471 212  1571 223  1451 225  1451 225  1311
 223  1351 218  1251 209  1211 197  1251 182  1251 168  1211 156  1351 147  1351
 139  1411 132  1451 127  1551 122  1511 118  1351 119  1151 127   911 145  1151
 169  1251 191  1411 207  1551 217  1551 224  1611 230  1651 235  1651 236  1611
 233  1551 226  1551 214  1411 197  1351 178  1251 161  1111 149  1251 141  1351
 135  1411 131  1451 128  1551 126  1511 126  1351 130  1251 142  1011 164  1351
 191  1551 217  1811 236  1951 250  1951 260  2011 269  2051 276  2051 278  2011
 274  1951 265  1751 251  1611 234  1551 217  1351 201  1211 189  1351 180  1451
 173  1511 168  1651 164  1651 160  1711 157  1551 157  1451 164  1211
240 129   001 123   001 120   001 114   001 108   001 120   001 138   271
 160   671 180  1071 196  1271 206  1271 213  1271 217  1351 221  1351 223  1411
 223  1351 221  1351 214  1211 203  1251 190  1151 178  1111 169  1151 162  1051
 156  1011 150  1051 143  1051 137  1011 132   951 132   951 140   811 158  1051
 181  1251 202  1411 216  1451 223  1551 228  1511 233  1651 237  1651 241  1711
 243  1651 242  1551 234  1411 219  1351 200  1251 182  1111 167  1151 156  1051
 148  1011 142  1051 137  1151 133  1111 131  1051 133   951 144   811 165  1151
 191  1551 216  1811 236  1951 251  1951 262  2011 270  2151 277  2351 282  2411
 286  2251 285  1951 278  1711 262  1651 242  1551 223  1411 209  1351 200  1351
 193  1211 186  1251 180  1351 174  1311 169  1251 169  1151 177  1011
255 138   001 139   001 132   001 128   001 126   001 135   001 148   371
 162   471 176   871 190  1071 204  1271 216  1371 226  1451 227  1551 227  1611
 225  1551 220  1351 213  1211 203  1151 191  1151 180  1011 171  1051 164  1151
 157  1111 150  1151 144  1151 139  1111 136  1151 137  1051 144  1011 159  1051
 177  1151 196  1111 211  1251 222  1351 230  1411 235  1551 239  1751 241  1811
 243  1751 242  1551 236  1411 224  1351 208  1251 192  1111 180  1151 170  1251
 162  1211 154  1251 146  1351 140  1311 137  1251 139  1151 149  1011 170  1251
 196  1351 221  1511 241  1551 256  1451 266  1411 273  1851 278  2251 281  2611
 283  2551 282  2351 275  2211 261  1951 243  1751 226  1411 212  1451 202  1451
 192  1411 182  1451 173  1551 167  1511 165  1451 168  1451 180  1311
260  74   001  74   001  72   001  68   001  74   001 120   001 138   471
 156   671 175   971 193  1171 209  1171 223  1271 234  1251 236  1351 237  1311
 236  1351 232  1351 222  1311 204  1651 182  1851 161  2111 145  2151 134  2051
 126  2011 121  2051 118  2051 119  2011 123  1751 131  1451 142  1111 157  1151
 175  1251 193  1211 210  1351 224  1451 235  1511 242  1551 246  1651 248  1611
 249  1651 245  1551 235  1511 216  1751 193  2051 173  2211 160  2251 152  2251
 146  2211 139  2351 133  2351 129  2411 130  2051 137  1551 150  1111 170  1351
 195  1451 219  1611 240  1651 256  1751 268  1711 276  1951 281  2251 284  2411
 287  2451 285  2351 273  2311 249  2351 220  2251 195  2211 180  2251 172  2251
 168  2211 163  2351 158  2551 156  2611 159  2251 167  1851 182  1411
280 128   001 125   001 117   001 111   001 116   001 133   001 149   371
 171   771 192  1071 208  1371 221  1471 233  1571 244  1451 253  1251 256  1111
 252  1151 242  1151 229  1111 214  1251 199  1451 186  1511 176  1551 168  1551
 161  1511 155  1651 149  1651 145  1711 144  1551 146  1351 155  1111 170  1251
 188  1351 202  1411 210  1451 214  1551 220  1511 230  1551 242  1551 251  1511
 254  1451 250  1351 240  1211 224  1351 205  1551 189  1611 178  1651 172  1651
 166  1611 159  1751 152  1751 148  1811 149  1651 155  1451 166  1211 182  1451
 200  1551 219  1711 237  1751 254  1851 268  1811 279  1851 287  1951 291  1911
 290  1951 283  2051 270  2011 251  2051 230  2051 211  2011 198  2051 188  1951
 181  1911 174  1951 167  2051 164  2011 166  1851 173  1751 186  1511
299 105   001  92   001  90   001  79   001  82   001 112   001 128   371
 146   971 166  1371 186  1471 204  1271 219  1171 230  1051 239  1051 244   911
 242  1051 235  1051 222  1111 205  1351 187  1451 171  1611 160  1651 153  1651
 148  1611 144  1651 141  1751 140  1711 143  1451 150  1251 162   911 178  1251
 195  1451 209  1711 217  1651 220  1451 220  1311 220  1251 219  1151 219  1011
 219  1151 217  1251 210  1311 196  1451 180  1451 166  1511 159  1551 157  1651
 156  1611 152  1751 148  1751 146  1811 149  1551 158  1251 171   911 188  1251
 207  1551 224  1811 238  1651 250  1551 259  1311 267  1351 273  1351 277  1311
 277  1551 272  1651 258  1811 236  1851 210  1751 189  1711 177  1751 171  1651
 167  1611 161  1751 156  1951 155  2011 160  1751 172  1451 189  1111
434 138   001 133   001 129   001 125   001 126   001 138   001 150   571
 164  1071 178  1271 191  1371 200  1271 206  1271 209  1251 209  1151 207  1111
 202  1251 195  1351 186  1411 177  1351 168  1251 161  1111 157  1151 155  1151
 153  1111 150  1151 146  1151 142  1111 139  1151 138  1051 140  1011 147  1251
 156  1451 165  1611 173  1651 180  1751 187  1711 195  1651 203  1551 210  1411
 214  1551 214  1751 209  1811 199  1651 186  1451 175  1211 168  1251 163  1351
 159  1311 154  1351 148  1251 143  1211 140  1151 142  1151 151  1011 168  1351
 189  1551 210  1811 227  1851 240  1851 251  1811 262  1851 271  1751 276  1711
 277  1951 273  2051 264  2211 252  2051 238  1751 226  1511 217  1551 210  1551
 204  1511 196  1551 189  1551 182  1511 178  1451 179  1451 188  1311
460 108   001 101   001  97   001  83   001  80   001 137   001 152   371
 168   771 184  1271 200  1271 214  1271 227  1171 237  1451 238  1651 237  1911
 234  1851 228  1651 219  1511 207  1551 194  1551 181  1511 171  1551 162  1651
 154  1611 146  1751 140  1751 137  1811 139  1551 144  1351 153  1011 164  1251
 176  1451 189  1611 202  1651 213  1551 222  1511 227  1651 228  1751 229  1811
 229  1751 228  1651 222  1511 210  1551 196  1551 183  1511 175  1651 170  1851
 164  1911 156  1951 147  2051 141  2011 141  1751 147  1451 159  1111 177  1351
 199  1551 222  1711 242  1751 260  1651 273  1611 282  1751 287  1951 290  2011
 291  1951 289  1851 279  1711 261  1651 239  1651 219  1511 206  1651 198  1751
 191  1811 183  1951 175  2051 170  2111 170  1851 176  1451 189  1111
481 141   001 136   001 129   001 118   001 118   001 131   001 146   471
 165   771 186  1071 206  1271 224  1071 239   871 250   951 255  1051 258  1111
 259  1351 257  1451 250  1611 238  1551 222  1551 208  1411 197  1351 189  1351
 182  1211 176  1151 170  1151 167  1011 167  1151 169  1151 172  1211 175  1351
 179  1551 184  1611 190  1451 197  1351 204  1111 210  1251 216  1251 220  1311
 222  1551 221  1651 217  1811 209  1751 199  1551 190  1411 185  1351 181  1351
 176  1211 169  1251 161  1251 155  1211 153  1351 156  1351 164  1411 177  1551
 194  1551 212  1611 231  1551 248  1451 262  1311 272  1451 278  1451 281  1511
 282  1751 280  1851 273  2011 259  1951 243  1751 227  1611 215  1551 207  1451
 200  1311 193  1351 188  1451 184  1411 184  1451 188  1451 198  1411
497 108   001 101   001  96   001  93   001  89   001 115   001 136   371
 161   771 187   971 212  1171 233  1471 247  1571 253  1851 249  2151 240  2411
 230  2251 218  1951 206  1711 193  1651 180  1551 169  1411 161  1451 155  1551
 150  1511 145  1551 140  1451 137  1411 136  1351 138  1151 144  1011 153  1151
 165  1151 178  1211 191  1351 202  1551 207  1611 205  1951 199  2251 191  2511
 184  2351 177  2151 170  1911 161  1751 153  1651 145  1411 139  1451 135  1451
 131  1411 126  1451 121  1451 118  1411 117  1351 122  1251 133  1111 153  1151
 178  1251 205  1211 230  1351 250  1551 262  1611 265  2151 262  2651 254  3111
 244  2851 233  2551 221  2211 208  2051 194  1751 180  1511 168  1551 157  1651
 148  1611 141  1651 137  1651 134  1611 133  1551 137  1351 150  1211
510 166   001 160   001 156   001 155   001 160   001 162   001 164   771
 171  1071 178  1271 183  1271 188  1271 193  1271 198  1151 201  1051 203   911
 202   951 199  1051 193  1011 185  1051 176  1051 168  1011 163  1051 159   951
 156   911 152  1051 149  1051 146  1111 145  1151 147  1151 153  1111 165  1151
 181  1151 198  1111 214  1251 228  1351 238  1411 244  1451 247  1351 247  1311
 245  1351 240  1351 230  1311 215  1351 196  1251 179  1211 165  1151 155   951
 148   811 144  1051 141  1151 139  1311 138  1351 141  1251 151  1211 171  1351
 197  1451 224  1511 248  1651 269  1651 285  1711 298  1651 307  1651 312  1511
 314  1551 311  1651 302  1611 286  1551 265  1551 245  1411 228  1351 214  1251
 205  1111 200  1251 196  1451 193  1511 189  1451 188  1451 194  1311
579 192   001 183   001 175   050 170   001 170   001 179   001 196   271
 217   471 235   671 254   771 269   771 282   671 293   751 300   851 301   911
 295   951 283   951 268   911 253   951 238   851 225   811 214   951 204   951
 197  1011 191  1051 187  1151 185  1111 185  1151 187  1051 191  1011 197  1051
 204   951 211   911 216   851 220   851 224   711 228   851 231  1051 233  1111
 232  1151 229  1051 223  1011 215  1051 206   951 198   911 191  1051 186  1051
 181  1111 176  1251 172  1251 170  1311 170  1251 174  1051 182   911 196  1051
 213  1051 232  1111 250  1051 266  1051 280   911 290  1051 296  1251 298  1311
 295  1351 287  1451 273  1411 254  1351 232  1151 213  1011 199  1151 189  1251
 182  1311 176  1451 172  1551 170  1611 170  1451 174  1251 185  1011
588 168   001 166   001 154   001 149   001 145   001 164   001 183   471
 206   571 230   771 252   971 270  1071 283  1171 289  1451 290  1651 286  1911
 276  1951 263  1851 248  1811 233  1651 218  1451 205  1211 195  1351 187  1451
 181  1511 177  1551 175  1551 173  1511 172  1351 173  1251 176  1011 182  1051
 190   951 200   911 209  1051 217  1151 221  1211 220  1551 217  1751 213  2011
 211  2051 209  1951 206  1911 200  1751 192  1451 183  1211 174  1351 166  1551
 160  1611 156  1651 153  1551 151  1511 150  1351 152  1251 161  1011 178  1051
 201   951 223   911 242  1051 256  1251 265  1311 270  1751 271  2151 269  2511
 266  2451 260  2351 250  2211 236  1951 219  1751 202  1411 187  1551 174  1551
 165  1611 160  1551 157  1551 156  1411 156  1351 161  1151 172  1011
621 123   001 120   001 116   001 124   001 133   001 138   001 143   471
 151  1071 162  1471 176  1671 189  1871 200  1971 206  2051 208  2051 206  2111
 201  1951 193  1751 183  1511 172  1551 161  1451 152  1411 146  1351 141  1251
 138  1111 135  1151 131  1251 129  1211 128  1151 130  1051 136   911 147  1151
 160  1451 173  1611 184  1751 191  1951 195  2011 196  2151 195  2151 196  2211
 199  2151 201  1951 198  1811 188  1751 174  1651 160  1511 150  1451 143  1451
 138  1311 133  1351 128  1451 123  1411 119  1351 119  1251 129  1111 151  1451
 181  1851 211  2111 236  2251 254  2251 267  2311 275  2451 280  2451 282  2511
 283  2351 279  2151 267  1911 245  1851 219  1651 198  1511 187  1551 183  1451
 181  1411 178  1451 173  1451 168  1411 164  1351 165  1251 172  1111
630 136   001 134   001 133   001 130   001 136   001 142   001 158   271
 173   471 186   871 199  1171 212  1371 226  1471 241  1451 255  1351 262  1311
 259  1451 248  1451 232  1511 214  1451 196  1451 183  1311 176  1251 173  1051
 171   911 168   951 164   851 159   811 155   851 152   751 155   711 164   851
 176  1051 188  1111 198  1251 206  1251 214  1311 222  1451 229  1451 234  1511
 236  1651 235  1651 229  1711 218  1651 205  1651 193  1511 183  1351 176  1251
 170  1011 164   951 159   951 154   811 149   851 149   751 155   711 171  1051
 194  1351 218  1611 240  1651 259  1651 275  1611 288  1651 297  1751 302  1711
 302  1851 298  1851 287  1911 270  1951 251  1851 234  1811 222  1651 213  1451
 207  1211 201  1151 196  1151 191  1011 187  1051 187   951 194   911
643 168   001 165   001 159   001 158   001 165   001 185   001 201   571
 219   971 237  1271 253  1271 266  1171 276  1171 280  1251 277  1351 272  1411
 265  1451 256  1351 246  1311 236  1351 226  1251 219  1211 215  1251 212  1151
 209  1111 204  1151 199  1151 196  1111 195  1151 198  1051 202  1011 208  1151
 215  1251 222  1311 229  1351 236  1251 242  1211 246  1351 248  1451 248  1511
 246  1551 242  1551 236  1511 229  1451 221  1451 214  1311 209  1251 205  1251
 201  1111 196  1151 191  1151 187  1111 184  1151 185  1151 192  1111 205  1251
 222  1451 238  1511 250  1451 257  1451 262  1311 264  1451 265  1451 264  1511
 262  1651 257  1851 250  1911 240  1851 229  1651 220  1511 214  1551 210  1451
 206  1411 202  1451 197  1451 193  1411 191  1451 193  1351 201  1311
645 197   001 183   001 185   001 178   001 192   001 209   001 221   371
 236   671 253   671 269   771 282   871 292   871 298   951 301  1151 299  1211
 290  1251 276  1251 260  1211 244  1151 229  1151 217  1011 210  1051 205   951
 202   911 199   951 195  1051 193  1011 192   951 193   851 197   711 203   751
 211   851 220   811 229   851 238   951 245   911 249  1151 250  1251 248  1411
 242  1351 234  1351 226  1211 218  1251 211  1151 204  1111 198  1151 192  1151
 187  1111 183  1151 181  1151 180  1111 180  1051 184   851 192   711 207   851
 225  1051 245  1111 263  1151 277  1151 288  1111 294  1251 296  1451 293  1511
 286  1651 276  1651 261  1711 243  1651 225  1451 210  1311 201  1351 195  1451
 192  1411 189  1451 185  1551 183  1511 183  1351 187  1151 197   911
650 207   001 200   001 187   001 146   001 145   001 184   001 197   371
 215   771 235   871 254   871 271   871 284   771 291   851 290   851 284   911
 274  1051 262  1051 251  1111 243  1051 237  1051 234   911 232   951 230  1051
 226  1011 220  1151 214  1251 210  1311 210  1251 214  1051 217   911 219  1051
 220  1251 222  1311 225  1251 230  1151 234  1011 237  1051 239  1151 239  1111
 237  1251 234  1251 230  1311 225  1351 219  1251 214  1211 210  1251 206  1151
 201  1111 195  1251 190  1251 187  1311 187  1251 191  1251 198  1111 209  1251
 222  1351 237  1411 252  1351 266  1351 275  1211 279  1251 277  1251 273  1211
 267  1351 259  1351 251  1411 242  1451 233  1351 225  1311 218  1351 213  1351
 207  1311 201  1351 195  1451 192  1411 193  1351 198  1251 208  1111
675 194   001 175   001 178   001 167   001 172   001 203   001 219   571
 237   971 256   971 272   971 285  1071 294  1071 299  1051 298  1051 295  1011
 288  1051 279  1151 268  1111 257  1051 246  1051 237   911 230  1051 225  1151
 221  1211 217  1251 214  1351 212  1311 212  1251 215  1251 219  1111 225  1051
 231  1051 235   911 237  1051 237  1251 240  1311 246  1251 253  1251 257  1111
 255  1151 249  1051 241  1011 233   951 225   951 217   811 210  1051 202  1151
 195  1311 188  1451 182  1451 179  1511 180  1351 185  1251 195  1011 211  1051
 230  1151 250  1111 269  1251 285  1451 295  1511 299  1551 298  1551 294  1511
 289  1451 283  1351 274  1211 262  1151 248  1051 234   911 222  1151 213  1251
 204  1411 196  1551 190  1551 186  1611 187  1551 193  1451 205  1311
690 248   001 241   001 236   001 228   001 226   001 240   001 245   371
 251   871 258  1171 264  1171 270  1271 273  1271 275  1251 273  1251 271  1211
 269  1251 266  1351 262  1311 256  1151 248  1051 242   811 238   851 236   851
 234   811 232   851 231   851 230   811 230   851 231   751 233   711 237   951
 242  1051 247  1211 251  1251 253  1251 254  1211 252  1251 250  1151 248  1111
 247  1151 247  1251 245  1211 241  1151 235  1051 229   911 225   951 221   951
 218   911 215   951 212  1051 209  1011 208  1051 209   951 214   911 223  1051
 235  1151 247  1211 257  1351 263  1351 267  1411 268  1451 266  1351 264  1311
 262  1351 259  1251 255  1211 250  1151 243  1051 238   911 234   951 231  1051
 228  1011 224  1051 221  1051 219  1011 219  1051 223  1051 229  1011
747 170   001 167   001 157   001 146   001 148   001 177   001 192   571
 209   971 227  1271 242  1371 255  1371 263  1471 266  1651 262  1751 256  1911
 248  1851 240  1751 232  1611 225  1451 218  1351 213  1111 208  1151 204  1251
 201  1211 198  1251 196  1151 194  1111 192  1051 191   951 192   811 197  1051
 206  1151 217  1311 230  1351 242  1351 251  1311 254  1551 252  1751 249  1911
 246  1851 243  1851 238  1711 232  1551 224  1251 218  1011 214  1151 210  1151
 207  1211 203  1251 198  1151 194  1111 192  1051 192  1051 198   911 209  1151
 225  1251 242  1411 258  1451 271  1551 277  1511 276  1851 270  2051 263  2311
 258  2251 253  2051 247  1911 239  1751 230  1451 223  1211 218  1251 216  1251
 213  1211 209  1251 206  1251 203  1211 203  1251 206  1151 214  1111
NT  TEDF  78  35 1
20150731062015073101
20150731062015073102
20150731062015073103
20150731062015073104
20150731062015073105
20150731062015073106
20150731062015073107
20150731062015073108
20150731062015073109
20150731062015073110
20150731062015073111
20150731062015073112
20150731062015073113
20150731062015073114
20150731062015073115
20150731062015073116
20150731062015073117
20150731062015073118
20150731062015073119
20150731062015073120
20150731062015073121
20150731062015073122
20150731062015073123
20150731062015080100
20150731062015080101
20150731062015080102
20150731062015080103
20150731062015080104
20150731062015080105
20150731062015080106
20150731062015080107
20150731062015080108
20150731062015080109
20150731062015080110
20150731062015080111
20150731062015080112
20150731062015080113
20150731062015080114
20150731062015080115
20150731062015080116
20150731062015080117
20150731062015080118
20150731062015080119
20150731062015080120
20150731062015080121
20150731062015080122
20150731062015080123
20150731062015080200
20150731062015080201
20150731062015080202
20150731062015080203
20150731062015080204
20150731062015080205
20150731062015080206
20150731062015080207
20150731062015080208
20150731062015080209
20150731062015080210
20150731062015080211
20150731062015080212
20150731062015080213
20150731062015080214
20150731062015080215
20150731062015080216
20150731062015080217
20150731062015080218
20150731062015080219
20150731062015080220
20150731062015080221
20150731062015080222
20150731062015080223
20150731062015080300
20150731062015080301
20150731062015080302
20150731062015080303
20150731062015080304
20150731062015080305
20150731062015080306
002000100010001000100011001217122713271327142714271435153515311535153514311
33512351131113511351131123511351131113511351231123513351431143513351331133513351
33112351235113111351235133113351435143114351335133113351435143113351235123112351
23512311235123512311235123512311235123512311135113511311135113511311135113511311
005000100010001000100011001217122712271327132714271435143514311435143514311
33512351231113511351131123512351131113511351231133514351431143513351231123513351
33113351335133113351335133113351235123112351235123112351235123112351235123112351
23512311235133513311335133512311235113511311135113511311135113511311135113512311
015000100010001000100010001117122713271327142714271435143514311435143514311
43514351431133512351131113511351231123513351331143514351431143513351331133513351
43114351435133113351235113112351235123112351235123112351235123112351235123112351
23512311235123512311335133513311235123512311235123512311135113511311135113511311
027000100011001400140012001217132713271327122713271335143515311535143514311
33512351131113511351231123512351231133514351431143514351431143513351331143514351
43114351435143113351235123112351235123112351135123112351335133113351235123112351
33513311435143514311435133513311335123511311135113511311135113511311235123512311
070000100010001000100010001117122713271327132713271335143515311535143514311
43514351431143514351331133512351231113512351231123512351131123512351231133514351
43114351335133112351135113111351135113111351135113111351135113111351135113111351
13512311235123512311235123512311235123512311235133513311435143514311335133513311
110400130014001400170016001617152715271427142713271235123511311135113511311
13511351131123512351231123512351231133513351431143514351431133513351231123512351
23112351235123112351135113112351235123112351235133113351435143113351235123111351
13511311135113511311135123512311135113512311335153516311635163515311535153515311
120400130013001300150017001717162715271427143713371235123512311235113511311
13511351131123512351231123512351231123513351331133514351431143513351331133512351
23112351235123112351235123112351235113111351135123112351335133113351235123112351
23512311235123512311235133513311235123511311135123512311335143515311535153515311
130400130013001300170017001737162716271527142714271335133513311335133513311
33512351131113511351131123512351231123512351231123512351231133513351431133513351
23112351235123112351235113111351235123111351135123112351235123112351235123112351
23512311235123512311335133514311335123511311135113512311235123512311235133513311
145000100010001000100015001527152715271527142714271435143515311535143514311
43513351431143514351431133512351231123512351231123511351131123513351331133512351
23112351335133112351235113111351135113111351135113111351135113111351135113112351
23512311235133513311335133514311335133513311235123512311235123512311235123512311
149000100010001000120016001617162715271527152714371435153515311535143514311
43513351431143514351431133513351331123512351231123511351131123512351331123512351
23112351335133113351235113111351135113111351135113111351135113111351135113111351
23512311235123513311335133514311335133513311235133513311335123512311235123512311
156000100010001000100014001417141714271427142714271435143515311535143514311
43513351431143514351431133513351231123512351231123511351131123513351331133512351
23112351335133113351235113111351135113111351135113111351135113111351135113112351
23512311235133513311335133514311335133513311335123512311235123512311235133513311
168000100010001000120015001517151715171527142714271435153515311535153514311
43513351331123512351331133514351431133512351231113511351231123512351131113512351
23112351335133112351235113111351135113111351135113111351135113111351135113111351
13511311135123512311235123512311235123512311235123512311235133513311335123512311
180000100010001000100010001127112712271227132713371435143515311535143514311
43514351431133513351331143514351431143514351431133512351231123512351231123512351
33113351435143114351335123112351235123112351235123112351235123112351235113111351
13511311135123512311235133513311235123512311135123512311235123512311235123512311
190000100010001000100010001017112711271227122713371335143514311435143514311
43514351331133512351231123513351331133513351231123512351131113511351131123513351
43114351535153115351535153115351435143113351235123112351235133112351235113111351
13512311235123512311235123512311235123512311235133513311335133514311435143514311
222300130015001400160014001427142714271327132713271335133513311335143514311
43513351331123511351131113511351131113512351231123512351231123512351231123512351
23112351235113111351135113111351135113111351135113111351135123112351235123111351
13512311235123513311335133513311335133513311335133513311335143515311535163516311
240000140014001400160017001617151715271427142714271435143514311435143514311
43515351531153515351531153515351431143514351331133513351331123512351231123512351
33113351435133113351235113111351135113111351135113111351135113111351135113111351
13511311135123512311335133514311335123512311235123512311235123512311335133514311
255000130012001400160016001617162716271627152715271435143514311435133514311
43515351531143513351231123513351431143513351331133513351231123512351131113512351
23112351335133114351435143113351235113111351135113111351135113111351135113111351
13511311135113512311235123512311235123512311335133513311335133512311235123512311
260000100012001400140011001227122712271327132713271335133513311335133514311
43515351531153513351231123511351131113511351231123513351331133512351231123512351
23112351235123113351335143113351335123111351135113111351135113111351135113111351
13511311135113512311235113511311135123512311235123512311235123512311235123512311
280000100010001000100010001027112711271227122713271435143515311435143514311
43514351431153515351531153514351331133513351331123512351231123513351431153516351
73116351635153115351435143114351335133113351335133113351335133112351235113111351
13512311235123512311235123512311235113512311235133513311335123512311135113512311
299000100010001000100010001127112711271137113712371235123513311435143514311
43513351331123513351331143515351531143514351331123512351131123513351431153515351
63117351735173117351735173117351635163116351635153115351435133112351235123112351
23512311235123512311235123512311235123512311135113512311235123513311335133513311
434300130014001200150018001727162715271427142714271335133513311435163516311
63515351431133513351331143515351731173517351631163515351531153516351631153514351
33112351235123112351335133113351235123112351235123112351235113111351135113111351
23512311235123512311235123513311235123511311135113512311235123513311235123512311
460000110012001300100012001217121713271327132713371335133513311335123512311
33513351331133512351231133514351531163516351731163516351531153515351531153514351
43114351435143113351235113111351135113111351135113111351235123112351135113111351
13512311235123512311135113511311135113511311235123512311235123512311235123512311
481000100010001000110011001117122712271227122712271235133513311335123512311
13511351131123513351331143514351531163516351731173517351731173517351731173517351
73117351735163116351535143114351435143114351335133113351335133112351235123111351
23512311235123511311135113511311135113511311135113511311135113512311235133513311
497000100010001000100011001117112711271227122713271435143514311435133512311
23512351231133514351531163516351631163517351731173517351731173517351731173517351
73117351735173116351635163115351435133113351335133113351335133112351235123112351
33513311335143514311335133512311235123512311235123511311135113511311235123512311
510300150014001500180018001817172716271527143714371435153516311635163516311
63516351631163516351631153515351531153515351631163515351531143513351231113511351
23112351335133113351235123111351135113111351135113111351135113111351135113111351
13512311135113512311235123513311335133513311235123512311235123512311335133513311
579000100011001000150010001117112711271127113711271135113511311235133514311
43514351431143515351631163516351731173517351731173517351731173517351731173517351
73117351735173116351435123112351235123111351135113111351135113111351135113111351
13511311135113511311135113511311135113511311135113511311135113511311135123512311
588000100010001000100011001217132713171327122712271235133514311435133513311
33513351331143514351531163516351731173517351731173517351731173517351731173517351
73117351735173115351335123111351135123111351135113111351135123112351135113111351
23512311335133513311335123512311135113511311135113511311135113511311135123512311
621200150017001800180017001727172716271627152715271435143515311535163517311
73517351731173517351731173516351631163516351731173517351731163516351631163516351
63115351535143114351335133113351335123112351135113112351235133113351335123112351
23512311235123511311135113511311135113511311135123512311235123512311335143514311
630300140013001500180018001817172715271427122711371135113512311335153515311
63517351731173517351731173517351731173517351731173517351731173516351631153514351
33113351335133113351235123112351235123112351235123112351235123112351235123112351
23511311135113511311135113511311135113511311135113511311135113511311135113512311
643000100010001000100010001127112712271227122713371335123512311135113511311
23513351331143514351431153515351631163516351731173517351731173517351731173517351
73117351635153115351435143114351335133113351235123112351135113111351135113111351
23512311235113511311135113511311135113511311235133513311435143514311335133513311
645000100010001300130010001217132713271227122711271135123512311235133513311
33512351231133514351531163516351731173517351731173517351731173517351731173517351
73117351635163115351435133113351235123112351135113111351135113111351135113111351
13511311135113511311135113511311135113511311135123512311235123512311235123512311
650000100010001000100010001117112711271127112711371135113511311235133514311
43514351431143514351531163516351731173517351731173517351731173517351731173517351
73117351635153114351235113111351135113111351135113111351135113111351135113111351
23512311235113511311135113511311135113511311135113512311135113511311135113512311
675000120010001100100011001117112711271127112712271235123512311235123513311
33513351431143515351531153515351531163516351731173517351731173517351731173517351
73117351735173115351435123112351235123112351235113112351235123112351235123112351
33513311335123512311235123512311235123512311235123512311235123512311235123512311
690000100010001000110010001127112711271227122712371235123512311235113512311
23513351431143514351431143515351631163517351731173517351731173517351731173517351
73117351735163116351435143113351335133113351335123112351235123112351235123112351
23512311235123512311235123512311235123512311235123512311235113511311235123512311
747000100013001400130014001417132713271327132713371335143514311435143514311
43514351531143513351331133513351431153515351531153515351531163516351631163516351
63115351435133112351235123112351235123112351235123112351235133112351235123112351
23512311235123512311235123512311235123512311235133513311335123512311235123513311
