20150127051501
T2M TEDF  78  35 1
20150127052015012700
20150127052015012701
20150127052015012702
20150127052015012703
20150127052015012704
20150127052015012705
20150127052015012706
20150127052015012707
20150127052015012708
20150127052015012709
20150127052015012710
20150127052015012711
20150127052015012712
20150127052015012713
20150127052015012714
20150127052015012715
20150127052015012716
20150127052015012717
20150127052015012718
20150127052015012719
20150127052015012720
20150127052015012721
20150127052015012722
20150127052015012723
20150127052015012800
20150127052015012801
20150127052015012802
20150127052015012803
20150127052015012804
20150127052015012805
20150127052015012806
20150127052015012807
20150127052015012808
20150127052015012809
20150127052015012810
20150127052015012811
20150127052015012812
20150127052015012813
20150127052015012814
20150127052015012815
20150127052015012816
20150127052015012817
20150127052015012818
20150127052015012819
20150127052015012820
20150127052015012821
20150127052015012822
20150127052015012823
20150127052015012900
20150127052015012901
20150127052015012902
20150127052015012903
20150127052015012904
20150127052015012905
20150127052015012906
20150127052015012907
20150127052015012908
20150127052015012909
20150127052015012910
20150127052015012911
20150127052015012912
20150127052015012913
20150127052015012914
20150127052015012915
20150127052015012916
20150127052015012917
20150127052015012918
20150127052015012919
20150127052015012920
20150127052015012921
20150127052015012922
20150127052015012923
20150127052015013000
20150127052015013001
20150127052015013002
20150127052015013003
20150127052015013004
20150127052015013005
002  57   001  54   001  54   001  54   001  54   001  54   001  54   571
  54   871  54  1071  55  1171  56  1071  57   971  59   811  62   951  64  1051
  64  1111  63  1051  61   951  60   811  60   951  60   951  60  1011  60  1151
  60  1251  60  1311  62  1251  64  1251  66  1111  67  1251  68  1251  69  1311
  71  1251  74  1251  78  1111  84  1151  90  1051  93  1011  93   951  89   951
  84   811  78   851  73   951  68   911  65  1051  62  1051  60  1111  58  1151
  56  1251  55  1211  55  1251  55  1151  55  1111  53  1251  51  1251  50  1311
  50  1251  51  1251  52  1111  52  1151  53  1051  54  1011  57  1151  60  1251
  62  1311  60  1251  57  1251  54  1111  53  1251  53  1351  52  1411  50  1451
  47  1551  45  1511  44  1551  44  1451  43  1411  40  1551  37  1551
005  28   001  24   001  23   001  20   001  16   001  23   001  29   571
  35   771  41  1071  48  1171  55  1171  62  1071  68  1011  73   951  73   951
  69   811  63   951  55  1051  49  1111  45  1251  43  1251  42  1311  42  1251
  43  1251  44  1111  46  1151  48  1051  50  1011  53  1051  55  1151  58  1111
  61  1151  64  1151  68  1111  74  1151  81  1151  87  1111  91  1051  92   851
  90   711  84   851  75   951  65  1011  56  1151  49  1251  44  1311  40  1351
  38  1251  38  1211  39  1251  40  1351  41  1311  41  1351  39  1451  38  1411
  37  1451  38  1551  40  1511  45  1451  50  1251  54  1111  56  1251  55  1251
  52  1311  48  1351  42  1351  37  1311  32  1351  28  1451  25  1411  22  1451
  20  1351  20  1311  21  1451  23  1551  24  1611  24  1651  23  1651
015  54   001  42   001  25   001  26   001  26   001  16   001  18   371
  21   671  24   871  30   871  40   971  51  1071  62  1111  69  1151  71  1251
  68  1211  60  1151  51  1151  42  1011  37  1151  34  1151  34  1211  35  1251
  35  1251  36  1211  36  1251  36  1151  37  1111  40  1151  45  1051  49  1011
  52  1051  55   951  57   911  60  1051  64  1151  70  1211  78  1351  84  1451
  87  1511  84  1551  76  1551  67  1511  59  1551  51  1451  44  1411  37  1451
  31  1451  26  1411  23  1451  22  1551  22  1511  23  1551  25  1451  27  1411
  28  1451  30  1551  32  1511  36  1551  41  1451  46  1411  50  1451  52  1551
  50  1511  44  1551  37  1651  29  1611  23  1551  19  1551  16  1411  14  1451
  13  1351  12  1311  11  1451  11  1451  11  1511  11  1551  12  1551
027  60   001  57   001  33   001  26   001  37   001  41   001  43   471
  47   671  52   971  59   971  66   871  74   871  81   711  87   751  87   851
  82   811  73   951  64   951  56  1011  53  1151  53  1251  54  1311  54  1351
  55  1451  55  1411  56  1551  58  1551  60  1611  62  1551  64  1351  66  1211
  70  1251  75  1151  83  1111  93  1051 103   951 109   811 109   851 103   951
  95   911  85  1051  76  1151  67  1211  61  1351  56  1451  53  1511  51  1651
  50  1651  50  1711  50  1851  50  1851  51  1911  52  1851  53  1751  53  1611
  50  1651  47  1551  45  1511  45  1351  48  1251  53  1011  59  1151  64  1151
  65  1211  60  1251  53  1151  46  1111  43  1351  42  1451  43  1611  44  1751
  44  1851  43  1911  41  1951  39  2051  38  2011  38  2051  37  1951
070  27   001  33   001  35   001  35   001  24   001  18   001  16   571
  16   971  19  1171  24  1171  30  1171  37  1271  43  1311  49  1251  51  1251
  50  1211  44  1251  35  1251  27  1311  23  1351  21  1351  20  1311  18  1351
  17  1451  16  1411  17  1551  19  1551  21  1611  22  1651  22  1651  24  1611
  28  1451  34  1351  40  1211  45  1351  49  1451  53  1511  57  1451  61  1451
  65  1311  69  1351  70  1351  68  1311  61  1451  52  1451  42  1411  34  1551
  29  1551  24  1511  20  1651  17  1751  16  1811  16  1851  18  1851  21  1811
  25  1851  29  1751  35  1711  41  1751  47  1851  52  1811  55  1751  54  1751
  51  1611  44  1651  36  1651  28  1511  22  1651  17  1651  13  1611   9  1751
   7  1751   6  1711   7  1851  10  1951  12  2011  13  2051  14  2151
110  77   001  75   001  71   001  50   001  57   001  61   001  62   671
  64   771  67   871  73   871  81   871  90   871  97   811 100   851  99   951
  95   911  89   951  83  1051  78  1011  76  1051  75  1151  74  1111  72  1151
  71  1151  72  1111  77  1151  84  1151  92  1111  98  1151 103  1251 106  1211
 107  1151 107   951 108   811 110   851 113   951 113   911 109   951 103  1051
  97  1011  92  1151  88  1251  84  1311  79  1351  75  1351  71  1311  69  1351
  68  1451  68  1411  69  1451  69  1551  70  1511  70  1551  70  1551  68  1511
  64  1551  61  1451  60  1411  63  1251  69  1051  75   811  78   951  79  1151
  77  1211  73  1351  69  1351  65  1411  62  1451  60  1551  60  1511  61  1651
  62  1651  63  1711  64  1851  64  1951  65  2011  66  2151  66  2251
120  57   001  44   001  50   001  38   001  31   001  46   001  51   371
  57   571  63   871  70   971  76   971  82   971  88   811  91   851  90   951
  85   911  79   951  72   951  67   911  63   951  61   951  59   911  57  1051
  55  1051  55  1111  57  1051  62  1051  67   911  73   951  79   951  86   911
  93   951  99  1051 104  1011 108   951 110   951 109   811 105   951  99   951
  92  1011  84  1051  76   951  69   911  63   951  58  1051  55  1011  54  1051
  55  1151  56  1111  56  1151  57  1151  57  1111  58  1251  59  1251  58  1311
  55  1351  51  1351  48  1311  48  1251  50  1151  53  1011  57  1151  60  1151
  61  1211  58  1251  54  1251  49  1211  46  1251  45  1251  45  1211  45  1351
  46  1351  47  1411  49  1451  50  1451  52  1411  53  1551  54  1651
130  50   001  44   001  49   001  35   001  36   001  36   001  37   471
  39   771  43   971  50  1171  61  1171  74  1071  86  1011  94  1051  97  1051
  93  1011  84  1051  73   951  63   911  57  1051  54  1151  53  1211  52  1451
  50  1551  49  1711  48  1751  48  1651  50  1611  54  1651  60  1551  67  1511
  75  1451  84  1451  92  1311 100  1351 107  1251 112  1211 115  1251 114  1151
 110  1111 102  1051  92  1051  83   911  76  1151  71  1351  67  1511  63  1651
  60  1751  56  1811  53  1851  51  1951  50  1911  51  1951  53  2051  54  2011
  53  2151  51  2251  52  2311  56  2051  62  1851  69  1511  74  1551  76  1551
  75  1511  69  1451  62  1251  55  1111  52  1351  50  1651  50  1811  49  1951
  47  2051  45  2111  43  2251  41  2251  39  2311  38  2351  37  2451
145  41   001  34   001  30   001  26   001  21   001  26   001  24   571
  24   971  27  1071  32  1171  38  1171  46  1271  53  1211  59  1251  63  1151
  62  1111  57  1151  49  1051  42  1011  37  1151  35  1151  33  1211  32  1251
  31  1151  31  1111  32  1251  34  1351  35  1411  35  1451  35  1451  36  1411
  38  1351  41  1351  46  1211  52  1351  59  1351  66  1411  73  1451  80  1451
  84  1411  86  1351  85  1251  81  1111  75  1151  68  1251  60  1211  52  1251
  45  1251  39  1211  35  1351  33  1551  32  1611  32  1651  33  1551  35  1511
  37  1551  39  1651  41  1611  43  1651  45  1751  48  1711  52  1751  55  1751
  55  1711  52  1551  47  1451  41  1211  37  1351  33  1351  31  1411  29  1451
  27  1451  26  1411  25  1551  24  1751  24  1811  24  1851  24  1851
149  51   001  49   001  31   001  36   001  46   001  28   001  30   571
  33  1071  37  1171  41  1071  47  1071  53  1071  59  1011  66  1051  69  1151
  69  1111  64  1151  57  1251  49  1211  42  1351  37  1351  33  1411  30  1451
  29  1451  28  1411  28  1451  29  1551  31  1511  33  1451  35  1351  37  1211
  40  1251  43  1151  48  1111  54  1251  60  1251  68  1311  76  1351  84  1451
  89  1411  91  1451  90  1351  86  1311  80  1351  72  1451  64  1411  55  1551
  47  1551  41  1611  37  1651  35  1751  35  1711  36  1651  37  1651  38  1511
  38  1551  38  1551  40  1511  45  1551  51  1651  58  1611  63  1651  66  1751
  65  1711  60  1651  53  1551  45  1411  39  1551  34  1551  30  1611  28  1751
  26  1751  26  1811  26  1951  27  2051  28  2111  28  2051  28  1951
156  59   001  53   001  51   001  55   001  55   001  55   001  52   571
  50   871  51  1071  52  1171  55  1071  60  1071  64   911  69  1051  72  1051
  72  1111  69  1151  64  1151  59  1111  55  1151  53  1151  51  1111  50  1151
  49  1151  48  1111  47  1151  46  1251  45  1211  45  1251  47  1351  49  1311
  52  1351  56  1251  60  1211  64  1251  69  1351  75  1311  81  1351  88  1451
  93  1411  96  1451  97  1351  95  1311  90  1251  83  1251  76  1111  69  1251
  63  1251  58  1311  54  1451  51  1451  49  1511  48  1551  48  1651  48  1611
  48  1651  48  1551  50  1511  54  1551  58  1651  62  1611  65  1651  66  1751
  65  1711  63  1651  59  1551  55  1411  51  1451  48  1351  46  1311  44  1451
  43  1451  42  1511  42  1651  42  1651  42  1711  42  1751  42  1851
168  32   001  13   001  12   001  12   001   8   001   1   001   6   571
  11   971  18  1271  25  1171  32  1271  40  1271  48  1311  53  1351  54  1451
  53  1411  48  1451  42  1351  36  1311  31  1351  29  1351  27  1311  26  1351
  26  1351  26  1311  26  1451  26  1551  26  1611  27  1651  29  1751  31  1711
  34  1651  37  1451  42  1311  48  1451  54  1551  59  1611  62  1651  65  1551
  68  1511  73  1651  78  1651  80  1711  78  1651  72  1651  64  1511  56  1551
  49  1451  43  1411  39  1651  37  1751  36  1911  36  2051  36  2051  36  2111
  37  2051  39  1951  43  1811  49  1951  55  1951  61  2011  65  1951  66  1951
  63  1811  57  1851  48  1851  40  1811  34  1851  29  1851  25  1811  21  1851
  17  1951  15  1911  16  2051  18  2251  21  2311  23  2451  24  2651
180  45   001  41   001  31   001  31   001  31   001  25   001  25   571
  26   971  27  1171  28  1171  29  1271  31  1371  33  1411  35  1351  35  1351
  33  1211  29  1251  23  1351  18  1311  14  1351  12  1451  11  1411  11  1451
  12  1351  12  1311  11  1351  10  1251   9  1211  10  1251  12  1251  14  1211
  17  1251  20  1251  24  1211  29  1351  34  1551  38  1611  40  1551  40  1451
  42  1311  45  1351  49  1351  52  1311  52  1351  50  1451  47  1411  43  1451
  38  1551  34  1511  30  1551  28  1451  26  1411  25  1551  25  1551  25  1611
  26  1651  27  1651  31  1611  37  1751  43  1751  48  1811  50  1751  49  1751
  46  1611  41  1751  36  1751  31  1811  27  1851  23  1851  20  1811  16  1951
  13  1951  10  2011   9  1951   9  1951  10  1811  11  1951  13  1951
190  21   001  20   001  18   001  26   001  26   001  14   001  11   471
  13   871  18  1071  24  1071  30  1171  36  1371  40  1411  42  1451  42  1551
  38  1511  31  1451  23  1451  16  1311  13  1451  13  1651  14  1711  15  1751
  16  1651  16  1611  15  1551  13  1351  11  1211   9  1251   8  1251   8  1211
   9  1251  12  1151  17  1111  24  1251  32  1451  38  1511  42  1551  44  1651
  45  1611  45  1551  46  1551  47  1411  49  1551  50  1651  51  1711  51  1751
  49  1651  47  1611  44  1551  41  1451  37  1311  32  1351  27  1451  25  1411
  26  1451  31  1551  37  1511  44  1651  50  1651  55  1711  57  1751  55  1751
  52  1711  47  1751  42  1751  38  1711  36  1851  35  1951  33  2011  30  2051
  27  2051  23  2011  20  1951  18  1951  16  1811  15  1851  15  1951
222  60   001  48   001  45   001  49   001  34   001  41   001  40   871
  38  1171  38  1371  43  1571  53  1471  65  1271  78  1111  88  1151  94  1251
  93  1211  85  1251  73  1151  62  1111  54  1251  49  1351  46  1411  43  1551
  40  1651  38  1711  37  1651  37  1651  39  1511  43  1651  49  1751  57  1811
  67  1751  77  1751  87  1611  96  1551 102  1351 108  1211 112  1251 114  1251
 113  1211 109  1251 102  1151  95  1111  88  1351  82  1451  77  1611  74  1851
  72  2051  70  2211  68  2151  65  2051  64  1911  64  2051  65  2251  65  2311
  63  2351  60  2351  59  2311  62  2051  68  1751  76  1411  83  1451  88  1551
  88  1511  82  1551  73  1551  65  1511  60  1751  57  1851  56  2011  55  2251
  54  2351  53  2511  52  2551  51  2651  50  2611  48  2751  45  2951
240  48   001  46   001  50   001  46   001  37   001  31   001  31   571
  32   771  34   971  38  1171  45  1271  54  1371  63  1311  72  1351  78  1251
  78  1211  71  1151  61  1051  50   911  42  1051  38  1051  34  1111  31  1151
  28  1251  27  1211  28  1251  30  1251  31  1211  31  1351  32  1451  33  1511
  37  1451  43  1451  51  1311  61  1451  71  1451  82  1511  92  1551 100  1551
 104  1511 104  1451 100  1251  94  1111  86  1151  78  1251  70  1211  63  1351
  58  1351  55  1411  53  1551  53  1551  53  1611  54  1751  54  1751  53  1811
  50  1751  48  1751  48  1611  53  1651  61  1751  70  1711  78  1751  82  1651
  81  1611  74  1451  63  1351  53  1111  46  1251  43  1351  41  1411  40  1551
  39  1651  39  1711  39  1851  39  2051  38  2111  36  2251  34  2251
255  69   001  66   001  55   001  50   001  40   001  40   001  35   371
  32   771  32   771  35   971  39  1271  44  1371  49  1511  56  1651  61  1651
  62  1711  57  1651  49  1551  41  1411  35  1451  31  1451  28  1411  25  1451
  22  1351  20  1311  18  1351  17  1451  17  1411  17  1451  18  1451  21  1411
  26  1351  33  1351  40  1211  47  1451  53  1651  60  1811  67  1851  74  1851
  80  1811  83  1751  85  1751  84  1611  81  1651  78  1551  73  1511  68  1551
  63  1551  59  1511  55  1651  52  1651  49  1711  47  1751  46  1651  45  1611
  44  1651  45  1651  47  1611  52  1751  58  1851  65  1911  71  1951  74  1951
  74  1911  69  1851  62  1851  54  1711  47  1751  42  1851  38  1811  35  1951
  32  2151  30  2211  28  2351  27  2451  27  2511  28  2551  29  2551
260  69   001  66   001  59   001  45   001  39   001  36   001  33   471
  33   971  33  1171  35  1371  39  1471  43  1671  48  1711  54  1651  56  1551
  55  1411  48  1551  38  1651  29  1711  23  1851  20  1851  19  1911  20  1951
  21  1851  23  1811  25  1851  26  1951  26  1911  25  1751  25  1651  25  1411
  28  1551  32  1551  38  1611  45  1751  52  1951  58  2011  62  1951  65  1751
  67  1611  69  1751  70  1851  71  1911  71  1951  70  1951  67  1911  62  1951
  55  2051  50  2011  47  2151  46  2151  46  2211  46  2151  46  1951  45  1811
  44  1951  44  1951  46  2011  50  2051  56  2151  62  2111  67  2051  69  1851
  68  1711  63  1851  56  2051  47  2111  38  2351  30  2451  24  2611  21  2751
  20  2751  20  2811  21  2951  22  2951  23  3011  25  2951  26  2751
280  29   001  24   001  23   001  33   001  31   001  23   001  22   571
  23   871  25  1171  27  1371  30  1471  34  1771  37  1811  40  1851  42  1951
  41  1911  36  1751  29  1551  22  1311  17  1351  14  1451  13  1411  13  1451
  14  1551  13  1511  11  1551   7  1551   5  1511   4  1551   6  1451   8  1411
  11  1451  15  1551  20  1511  25  1751  30  1951  34  2111  37  2151  40  2151
  43  2111  48  1951  53  1751  57  1511  59  1551  60  1551  59  1511  57  1551
  54  1651  51  1611  48  1651  44  1651  41  1611  38  1651  36  1651  34  1611
  33  1651  33  1651  35  1611  38  1851  42  2051  46  2211  50  2251  53  2251
  54  2211  53  2151  50  1951  46  1811  41  1851  35  1751  29  1711  24  1851
  20  1951  17  2011  14  1951  12  1951  11  1811  10  1851  10  1951
299   7   001  20   001  21   001  21   001  16   001  13   001  16   671
  19   971  22  1371  26  1371  29  1471  33  1471  35  1411  36  1451  33  1451
  29  1411  23  1451  16  1551   9  1511   4  1551   1  1651   1  1611   4  1651
   7  1751   8  1711   6  1751   1  1651  -2  1611  -2  1651  -1  1551   2  1511
   5  1451   8  1451  12  1311  18  1451  25  1451  32  1511  37  1551  40  1651
  40  1611  38  1651  36  1551  37  1511  42  1551  48  1551  54  1511  56  1651
  55  1651  53  1711  50  1751  47  1851  43  1811  38  1851  34  1951  32  1911
  32  1851  35  1751  40  1611  46  1651  51  1551  56  1511  58  1651  58  1651
  55  1711  49  1851  42  1951  36  2011  33  1951  33  1951  32  1811  30  1951
  27  2151  23  2211  20  2251  16  2351  12  2311   8  2351   4  2451
434  33   001  50   001  46   001  45   001  40   001  37   001  36   571
  36   871  36  1071  36  1171  36  1171  36  1171  37  1111  38  1151  37  1151
  36  1111  34  1051  32   851  30   711  28   851  25   951  23  1011  21  1051
  18  1151  16  1111  14  1251  12  1351  10  1411   9  1451   9  1351  10  1311
  12  1251  15  1251  19  1111  25  1151  30  1251  36  1211  40  1251  44  1151
  49  1111  55  1151  60  1051  64  1011  64  1151  62  1251  61  1311  61  1351
  62  1251  62  1211  59  1351  55  1351  51  1411  48  1451  45  1451  44  1411
  43  1451  44  1351  45  1311  48  1351  52  1451  57  1411  63  1451  67  1351
  69  1311  67  1251  62  1251  56  1111  51  1251  47  1351  43  1411  39  1451
  35  1551  32  1511  31  1651  31  1751  31  1811  31  1851  31  1951
460  63   001  52   001  65   001  61   001  52   001  54   001  50   371
  46   771  43   971  43  1171  45  1371  49  1371  53  1411  55  1351  54  1351
  51  1211  45  1451  38  1751  31  1911  25  1951  20  1851  18  1811  18  1951
  19  2051  21  2111  22  2151  22  2251  22  2211  22  2051  23  1751  24  1511
  25  1551  28  1451  34  1411  45  1551  57  1551  67  1611  72  1551  72  1451
  70  1311  68  1551  66  1851  65  2011  66  2151  68  2151  69  2211  69  2251
  69  2351  67  2311  65  2451  62  2451  59  2511  56  2351  53  2151  50  1911
  48  1951  49  1851  52  1811  59  1851  68  1951  75  1911  78  1851  79  1851
  76  1711  72  1951  66  2151  59  2311  51  2451  43  2451  36  2511  31  2651
  28  2851  26  2911  25  2951  26  3051  26  3011  26  2851  26  2751
481  13   001  14   001  15   001  15   001  16   001  17   001  22   571
  26   971  31  1171  35  1271  38  1571  41  1871  43  2011  46  2051  48  2051
  47  2011  41  1851  32  1751  24  1511  19  1551  17  1651  16  1611  15  1651
  13  1751  12  1711  11  1851   9  1851   8  1911   7  1851   7  1851   8  1711
  10  1751  14  1651  19  1611  26  1851  35  2051  43  2211  50  2251  56  2151
  58  2111  57  2051  54  1851  51  1711  49  1751  49  1751  50  1711  51  1851
  53  1951  54  2011  54  2051  53  2151  52  2111  51  2051  50  1851  48  1711
  46  1851  45  1951  45  2011  48  2151  52  2151  58  2211  64  2351  68  2451
  69  2511  67  2351  62  2251  57  2011  53  2051  49  2151  45  2111  40  2151
  34  2151  28  2111  24  2151  21  2251  19  2211  18  2251  18  2151
497 -22   001 -23   001 -23   001 -23   001 -23   001 -23   001 -15   771
  -7  1271   2  1471  12  1671  21  1871  30  2071  36  2111  38  2051  34  1851
  25  1711  13  1651   0  1551 -10  1411 -15  1551 -15  1751 -15  1811 -15  1951
 -17  2051 -21  2111 -27  1951 -33  1851 -37  1611 -38  1751 -39  1751 -40  1811
 -43  1851 -45  1851 -38  1811 -20  1951   3  2151  22  2211  31  2151  32  1951
  25  1811  15  1751   4  1651  -4  1511  -6  1651  -4  1851   1  1911   6  2051
   9  2251  10  2311   8  2151   4  2051   2  1811   2  1851   3  1951   1  1911
  -4  2051  -9  2251  -9  2311   0  2351  13  2351  25  2311  30  2251  29  2051
  26  1911  22  1851  18  1851  15  1711  13  1851  10  1951   7  2011   2  2151
  -3  2351  -8  2411 -12  2351 -17  2151 -22  2011 -29  2051 -37  2051
510  98   001 103   001  86   001  77   001  70   001  63   001  57   971
  54  1171  54  1171  57  1271  62  1371  68  1571  75  1611  82  1651  88  1651
  87  1611  79  1451  66  1351  54  1111  45  1151  39  1251  34  1211  29  1351
  24  1451  21  1511  20  1551  21  1651  23  1611  26  1651  31  1751  36  1711
  43  1751  51  1751  62  1711  75  1851  88  1851  98  1911 103  1851 104  1851
 104  1711 104  1651 104  1451 104  1311 103  1351 102  1451 100  1411  97  1551
  94  1551  90  1611  87  1751  84  1751  82  1811  81  1851  81  1751  80  1711
  78  1851  76  1851  77  1911  82  1951  89  1951  98  1911 106  2051 112  2051
 114  2111 110  1951 102  1751  94  1511  87  1551  81  1651  77  1611  74  1851
  71  1951  69  2111  68  2251  67  2451  66  2511  66  2551  66  2451
579  50   001  55   001  57   001  55   001  57   001  54   001  57   871
  62  1271  68  1571  75  1671  81  1671  86  1371  89  1111  88  1151  83  1151
  77  1111  70  1251  63  1351  56  1411  51  1651  47  1751  44  1911  43  1951
  42  1951  42  1911  41  2051  40  2251  37  2311  34  2351  31  2451  30  2411
  32  2251  37  2151  46  1911  57  1751  69  1551  80  1311  87  1351  90  1251
  88  1211  80  1351  69  1351  59  1411  52  1551  48  1651  48  1711  50  1851
  54  1851  57  1911  58  2151  57  2351  54  2511  50  2551  45  2451  43  2411
  44  2351  48  2251  57  2111  69  1951  82  1651  93  1411  99  1451 101  1551
  99  1511  95  1651  89  1651  82  1711  75  1851  69  1951  65  2011  63  2051
  63  2051  61  2011  57  2251  51  2351  44  2511  36  2451  30  2451
588  22   001  27   001  31   001  44   001  11   001  36   001  41  1171
  48  1671  55  1971  63  2171  70  2071  75  1971  79  1811  81  1851  81  1951
  77  1911  71  2051  62  2051  53  2111  44  2151  36  2051  29  2011  24  2351
  20  2551  17  2811  13  2751   9  2651   5  2511   1  2551  -3  2651  -3  2611
   0  2551   8  2451  19  2311  33  2151  49  2051  63  1811  73  1851  77  1951
  75  1911  65  2151  52  2451  41  2611  35  2451  34  2351  35  2111  36  2451
  37  2651  37  2911  37  2851  37  2751  36  2611  34  2651  32  2551  32  2511
  34  2451  38  2451  44  2311  51  2251  59  2151  65  2011  69  1951  70  1951
  70  1811  69  2151  66  2451  64  2711  61  2651  59  2451  57  2311  55  2551
  54  2851  52  3011  50  2951  45  2951  37  2811  24  2851  11  2751
621  53   001  51   001  52   001  65   001  68   001  76   001  75   871
  73  1271  70  1671  68  1771  68  1771  69  1771  70  1611  73  1651  75  1651
  72  1611  64  1551  53  1551  43  1411  36  1551  32  1651  30  1711  28  1751
  26  1851  24  1811  23  1851  22  1751  19  1711  15  1751  11  1751  11  1711
  17  1751  27  1851  43  1811  62  1851  80  1851  93  1811  98  1851  97  1751
  91  1711  84  1751  77  1751  72  1711  70  1751  71  1751  72  1711  72  1851
  72  1951  72  2011  74  2051  76  1951  77  1911  76  1951  73  1951  69  1911
  64  1951  62  1951  65  1911  76  1951  90  1951 102  1911 107  1951 107  2051
 104  2011  99  2051  94  1951  89  1911  84  2051  79  2051  74  2111  70  2251
  67  2451  65  2511  65  2451  65  2451  66  2311  66  2451  64  2451
630  64   001  67   001  65   001  68   001  73   001  74   001  76   471
  76   771  75   971  73  1071  71  1371  70  1671  69  1811  68  1851  68  1951
  66  1911  63  1951  60  1851  56  1811  52  1851  48  1951  45  1911  42  1851
  40  1651  39  1511  38  1451  38  1451  37  1311  35  1351  34  1351  33  1311
  34  1351  38  1251  46  1211  57  1651  70  1951  81  2311  88  2351  92  2251
  93  2211  91  2251  89  2151  86  2111  85  2151  85  2251  87  2211  90  2151
  93  2151  95  2011  94  2051  91  1951  89  1911  88  1851  88  1851  87  1711
  85  1851  83  1851  83  1911  87  2151  93  2451 100  2611 106  2651 110  2751
 111  2711 109  2651 104  2551  99  2411  95  2451  91  2551  88  2511  84  2451
  81  2351  77  2211  74  2251  72  2351  71  2311  71  2351  71  2451
643  83   001  84   001  88   001  88   001  92   001  86   001  87   671
  89  1171  94  1371 101  1471 109  1471 116  1371 122  1311 125  1351 123  1351
 117  1311 107  1351  96  1251  85  1211  76  1351  70  1551  64  1611  58  1651
  54  1551  51  1511  51  1751  51  1851  49  2011  44  2051  39  1951  37  1911
  40  1851  49  1751  61  1611  76  1551  91  1551 104  1411 112  1451 114  1551
 111  1511 102  1551  92  1551  83  1511  80  1651  80  1651  82  1711  83  1651
  84  1651  85  1511  86  1751  87  2051  88  2211  89  2251  90  2251  90  2211
  89  2251  89  2251  92  2211 100  2051 111  1851 121  1611 127  1751 128  1851
 124  1911 116  1851 107  1851  98  1711  92  1751  89  1751  86  1711  83  1751
  81  1751  79  1711  78  1951  78  2251  78  2411  77  2451  75  2451
645  36   001  33   001  35   001  38   001  40   001  35   001  45   571
  57   971  70  1171  83  1171  94  1371 103  1371 109  1411 109  1451 106  1451
  98  1411  87  1551  75  1651  65  1711  59  1751  56  1651  55  1611  54  1651
  53  1751  51  1711  49  1651  47  1651  44  1511  41  1551  38  1551  39  1511
  44  1451  52  1451  62  1311  73  1351  85  1451  95  1411 103  1451 106  1451
 103  1411  92  1551  78  1751  66  1811  62  1751  63  1651  65  1511  66  1551
  67  1651  68  1611  70  1651  73  1551  74  1511  73  1551  71  1651  70  1611
  70  1651  73  1651  79  1611  88  1651  98  1551 107  1511 113  1551 116  1651
 114  1611 108  1751  99  1851  90  1911  84  1851  79  1851  76  1711  73  1751
  71  1851  69  1811  67  1851  66  1951  63  1911  59  2051  56  2051
650  67   001  63   001  67   001  72   001  76   001  80   001  82   871
  83  1271  83  1271  84  1171  86  1271  89  1271  92  1211  92  1151  90  1151
  86  1011  80  1151  73  1151  67  1211  62  1351  57  1551  53  1611  48  1651
  44  1651  40  1611  37  1751  36  1851  34  1911  32  1951  31  1951  33  1911
  38  1651  46  1451  55  1111  65  1151  74  1251  84  1211  93  1251  99  1251
  98  1211  90  1251  78  1251  68  1211  65  1451  65  1551  67  1711  66  1751
  65  1751  64  1711  65  1851  69  1851  75  1911  82  1951  89  2051  93  2011
  92  1951  90  1951  89  1811  93  1751 101  1551 109  1411 115  1451 118  1351
 118  1311 114  1451 108  1451 101  1511  95  1751  91  1951  88  2111  86  2151
  83  2151  81  2111  78  2251  74  2251  70  2311  66  2451  63  2551
675  54   001  50   001  27   001  28   001  23   001  16   001  21  1071
  31  1771  44  2471  61  2371  78  2271  93  2071 105  1911 114  1651 118  1451
 116  1111 106  1351  92  1651  77  1811  64  2051  52  2151  42  2311  32  2651
  23  2851  17  3111  14  3151  12  3251   9  3211   4  3251  -1  3251  -2  3211
   4  3051  17  2751  35  2511  57  2351  80  2151 100  1911 115  1751 121  1551
 117  1311 101  1551  81  1751  65  1911  59  2251  59  2451  61  2711  60  2951
  56  3051  53  3211  51  3251  52  3251  54  3211  58  3251  63  3351  65  3311
  64  3151  63  3051  67  2811  79  2551  95  2351 109  2011 117  1851 118  1751
 115  1511 108  1751 101  1851  95  2011  92  2251  92  2551  90  2711  86  2951
  80  3051  75  3211  71  3251  67  3251  60  3211  50  3351  39  3351
690  62   001  59   001  59   001  56   001  55   001  55   001  53   471
  56   971  63  1371  75  1571  88  1571 101  1571 112  1511 119  1451 121  1351
 118  1211 110  1351  99  1351  88  1411  79  1551  73  1551  69  1611  66  1551
  64  1451  62  1311  60  1351  58  1351  55  1311  51  1351  47  1251  46  1211
  50  1351  59  1551  71  1611  86  1651 101  1751 114  1711 122  1551 125  1451
 121  1211 110  1351  96  1451  83  1511  75  1651  72  1651  70  1711  68  1651
  66  1451  64  1311  64  1351  65  1351  66  1311  67  1351  69  1451  70  1411
  71  1651  75  1751  83  1911  98  1951 114  1951 127  1911 132  1751 130  1651
 124  1411 115  1551 106  1551  99  1611  96  1651  94  1751  93  1711  90  1651
  87  1651  83  1511  80  1551  78  1551  75  1511  71  1551  67  1451
747  99   001 100   001 102   001 104   001 111   001 119   001 118   771
 119  1371 121  1671 123  1471 123  1471 123  1371 120  1311 116  1351 111  1451
 106  1411 101  1551  96  1751  92  1811  88  1851  84  1951  81  1911  78  1951
  75  1851  73  1811  72  1851  73  1851  73  1811  73  1851  73  1951  74  1911
  76  1751  79  1651  86  1411  96  1451 107  1451 116  1411 121  1451 122  1551
 120  1511 117  1651 112  1751 107  1811 101  1951  97  2151  95  2211  96  2251
 100  2251 104  2211 107  2251 109  2351 110  2311 111  2351 111  2451 112  2411
 114  2351 117  2151 123  2011 131  1951 139  1751 145  1611 146  1751 144  1751
 138  1811 131  1951 123  2051 116  2111 112  2251 109  2351 106  2411 103  2451
  99  2551  96  2511  94  2551  93  2451  93  2411  94  2451  95  2351
NT  TEDF  78  35 1
20150127052015012700
20150127052015012701
20150127052015012702
20150127052015012703
20150127052015012704
20150127052015012705
20150127052015012706
20150127052015012707
20150127052015012708
20150127052015012709
20150127052015012710
20150127052015012711
20150127052015012712
20150127052015012713
20150127052015012714
20150127052015012715
20150127052015012716
20150127052015012717
20150127052015012718
20150127052015012719
20150127052015012720
20150127052015012721
20150127052015012722
20150127052015012723
20150127052015012800
20150127052015012801
20150127052015012802
20150127052015012803
20150127052015012804
20150127052015012805
20150127052015012806
20150127052015012807
20150127052015012808
20150127052015012809
20150127052015012810
20150127052015012811
20150127052015012812
20150127052015012813
20150127052015012814
20150127052015012815
20150127052015012816
20150127052015012817
20150127052015012818
20150127052015012819
20150127052015012820
20150127052015012821
20150127052015012822
20150127052015012823
20150127052015012900
20150127052015012901
20150127052015012902
20150127052015012903
20150127052015012904
20150127052015012905
20150127052015012906
20150127052015012907
20150127052015012908
20150127052015012909
20150127052015012910
20150127052015012911
20150127052015012912
20150127052015012913
20150127052015012914
20150127052015012915
20150127052015012916
20150127052015012917
20150127052015012918
20150127052015012919
20150127052015012920
20150127052015012921
20150127052015012922
20150127052015012923
20150127052015013000
20150127052015013001
20150127052015013002
20150127052015013003
20150127052015013004
20150127052015013005
002400140013001200160014001427142715271527152715271531153516351631163515351
53116351635163115351535143114351535153115351535153116351735173118351735173117351
73516311535133512311135113511311235133514311435143514311435153515311535153515311
53516351631153515351431143513351331143515351531163516351631153515351531153515351
005300140014001000110014001417152715271527162716271631163517351631163516351
63116351635163115351535143114351435153115351535163116351635173117351735173117351
73516311535143513311235113511311235143515311635163516311635153515311535163516311
63516351631153515351431143513351331143514351531163516351631163516351531153514351
015300130011001000140011001227132714271527162716371731163515351531153515351
63116351735163116351535153116351635163116351535143115351635173118351835173117351
73516311435133511311135113512311235133513311335133513311435153517311735173517311
73516351631163516351531153515351531153515351531153516351631163516351531153515351
027600140014001400120014001527162716271627162716271631153515351531143514351
43114351435153115351435143115351535163116351635163116351735173117351735163116351
63516311635153515311435143514311435143515311535163516311635163516311635163516311
73517351731173516351631153514351331133514351431143515351531153515351431143513351
070400150017001300100012001417152716271727172717271731173517351731163515351
43113351335133114351535163116351635163116351535153116351635173117351735173117351
73516311735173517311635153513311235123512311335153516311735173517311735173517311
73517351731173517351731173516351631153515351531153515351531163516351631153514351
110500160015001400150018001827172717271627162716271531153515351531153515351
43113351235123113351435153116351635153115351435153115351635163116351535153115351
53515311535143514311535163516311635153514311435153516311635153515311635163516311
63515351531153515351531153515351531153515351531143514351431143514351331133512351
120400160014001400150017001627162715271527142714371431153515351531153514351
43113351335123112351335133114351435153115351535153116351635173117351635153115351
53515311635163516311635153515311435153515311535153515311535163516311635163516311
63516351631163516351631163515351531153514351431143515351531153515351431143513351
130600170017001400140017001727173717371627162716271531153515351531153514351
43114351435153114351435143114351435153115351535153115351635173118351835173116351
53514311535163517311735163516311635153515311535153515311535163516311735173517311
73517351731173517351631163515351531153515351531143514351331143514351531143513351
145400140015001400150013001327142715271627162717271731163515351431143514351
43114351535153115351535143114351435143113351235133114351635173118351835173117351
73517311735173517311635153515311535153515311535143514311535153516311735173517311
73517351731173517351731163515351531143514351431143514351531143514351331133513351
149300140014001400130012001317142715271627162717271731163515351431143514351
43114351435143114351435153114351435143113351335133114351635173118351835173117351
73517311735173517311635153515311535153515311535153515311535163516311735173517311
73517351731173517351731163515351431143514351431143515351531153514351331133512351
156400140014001400140012001327142715271627162717271731163515351431143514351
43114351435143114351535153115351435143113351335133114351635173118351835173117351
73517311735173517311635153515311435153515311535153515311535163516311635173517311
73517351731173517351731163515351431143514351431153515351531153514351431133513351
168600130014001300140012001317142715271627162717271731173517351631153514351
43114351535163116351535153115351635173117351635163116351735173117351735173117351
73517311735173517311635163516311635163516311635163515311635163517311735173517311
73517351731173517351731173517351631163516351531153515351531153515351631163516351
180700150013001600170014001427152716271637172717371731163516351531153515351
63116351735163116351535153115351635163116351635163117351735173117351735173117351
73517311735173517311735173517311635153514311335133513311435153516311735173517311
73517351731173517351731173516351631163515351431143513351331133514351531163516351
190700140010001100120012001317142715271627162717271731163516351631153515351
63116351635163115351535143114351435153115351635163117351735173117351835173117351
63516311635163517311735173516311635163515311535153515311535153516311635163516311
73517351731173517351731173517351731173517351731163515351531153515351531153516351
222400150017001600140013001427142715271527152715371531153515351531143513351
33113351435143114351435143114351435143114351435153115351635173117351735173117351
63516311535153515311535163517311735173516311635163516311635163516311635173517311
73517351731173517351731163515351431143514351431143513351331133513351331133513351
240300160014001700140017001717172717271727162716271531153515351431133513351
33113351435153114351335133113351435153115351435143115351635173118351835173117351
73517311635163515311535163516311735173517311635163516311635163516311735173517311
73517351731173517351731173516351631163515351531153515351431143513351331133513351
255300140014001400150014001527152716271627152715271531153516351631143513351
23113351535163116351635163116351635163115351535153115351635173117351835173117351
73517311735173516311635163516311635173517311735173516311635163516311635173517311
73517351731173517351631163516351531153515351631163516351531153515351531153515351
260600140014001400140014001517162716271727172717271731173517351631153513351
23113351435163116351635163116351635163116351535153115351635173117351735173117351
73517311735173517311635163516311635173517311735173517311635163516311735173517311
73517351731173517351731163515351531143514351531153515351631163517351731163516351
280700160014001600140013001427152715271627162716271631163515351431133512351
23113351435153115351535153115351535153116351635163117351735173117351735173117351
73517311735163516311735173517311735173516311735173517311635163516311635173517311
73517351731173517351731173517351631163516351631153514351331133514351431153516351
299800170017001700170016001627162716371637173717371631163516351631163517351
63116351535143113351335133113351435143115351535153115351635163116351635163116351
63516311635173517311735163516311635173517311735173517311735173517311735173517311
73517351731173517351731173517351731173517351731163516351531153514351331133513351
434300140014001600170015001527152716271627172717271731173517351631153514351
33113351335143114351435153115351535153114351435143115351635173118351735173117351
73517311735163516311635153515311635163516311735173517311735173517311735173517311
73517351731173517351731173516351631163516351631163516351631163516351631173517351
460700170015001500140014001517162717271727172717271731173516351531153514351
43114351535153115351535153115351535163116351635153116351635173117351735173117351
73517311635163516311635163516311535153515311635163516311635163517311735173517311
73517351731173517351731173517351631163516351631163516351631163516351631163516351
481700160015001500140016001627152715271627162717371731163515351431133513351
23113351335143114351335133113351335143114351435143115351635163116351635153116351
63517311735173517311735173517311735173517311735173517311735173517311735173517311
73517351731173517351731173517351731173517351731163515351531153516351731173517351
497200120013001300130013001427152715271527152715271531153515351531153514351
33113351335133112351235123113351335143114351435133113351335133113351335133113351
33513311435153516311635173517311735173517311735173517311735173517311735173517311
73517351731173517351731173517351731173517351731173517351731173517351731173517351
510400130014001400160017001717172717371737173717371631163516351531143514351
33113351235123113351335133114351435143114351435143115351635163117351735173117351
73517311735173517311635163515311535153515311535153515311635163516311635173517311
73517351731173517351731173517351631163516351631153515351531153515351631163516351
579800160016001300110012001317132714271537153715371531153515351531153514351
33113351435143113351235123112351335143114351335133112351335133113351235123112351
33513311435143515311535163516311635163516311635163516311635163516311735173517311
73517351731173517351731173517351731163516351631163516351631153515351531153516351
588800180018001700150016001517152715271527142714271331133513351331123511351
13112351335133113351235113111351235123113351335143114351435133113351235113112351
23512311235113512311335143515311635173517311635163516311635163516311635173517311
73517351731173517351731173517351731173517351731163516351631163516351731173517351
621600170014001500170017001727172717271727162715271531153515351531143513351
23113351335133113351235123111351135113111351135123112351235133114351535153116351
63515311535153515311535163516311735163516311635153515311535153516311635173517311
73517351731173518351831173517351731173517351731173517351731163516351631163516351
630500160015001800180017001727172717371737173717371731173517351731163515351
43114351435143115351535153116351635153114351335133113351435153115351535163116351
63516311735173516311635163516311635163516311635163515311535153515311635163517311
73517351731173517351731173516351631163516351631163516351631163516351631163516351
643600170018001600140012001227133713271427143714371531153515351531153514351
33113351335133113351235113111351235123112351235123112351335133112351235123112351
33514311435133513311335143515311635163517311735173516311535153514311535153515311
63516351631153515351531153516351631163516351631163516351531153514351431153515351
645700160016001300120011001227132713271427143715371531153516351631153514351
33113351435133113351235113112351235133113351235123112351235123112351135113112351
33513311435143514311435143514311535163517311735163516311535153515311535163516311
73517351731163516351631163516351631153515351531153514351431143514351531153515351
650600180018001800180015001517142714271427142714271431153516351631163516351
63115351335123111351135113111351235123112351135113111351135113111351135113112351
23512311235113511311235133514311435143515311535163516311635153515311535163516311
63516351631163516351631163516351631173517351731163516351631153515351531153515351
675700160018001800170017001617162715271527152714271431153515351531153514351
33112351235113111351135113111351135113111351135113112351335133113351235113112351
23512311235113511311235133514311535153514311435143514311435153515311635163516311
63516351631163517351731173516351631163516351631163515351531153515351531153514351
690800170018001800170017001637162715271437143714271331143514351431143513351
33112351235113111351135113111351135113111351135113112351235133112351235113112351
33513311335133512311235133514311535153516311535153514311435143515311535153515311
53515351531153514351431153515351431143513351231113511351231133513351431143513351
747700150016001600140014001427142714271427152715271531153515351531143514351
33113351335133113351235123112351235123113351335133113351335133112351235123112351
33513311335133514311435143514311535153515311535163516311535153515311535163516311
73517351731173517351731163516351631163516351631163516351631153515351531163516351
