20150323121428
T2M TEDF  78  35 1
20150323122015032307
20150323122015032308
20150323122015032309
20150323122015032310
20150323122015032311
20150323122015032312
20150323122015032313
20150323122015032314
20150323122015032315
20150323122015032316
20150323122015032317
20150323122015032318
20150323122015032319
20150323122015032320
20150323122015032321
20150323122015032322
20150323122015032323
20150323122015032400
20150323122015032401
20150323122015032402
20150323122015032403
20150323122015032404
20150323122015032405
20150323122015032406
20150323122015032407
20150323122015032408
20150323122015032409
20150323122015032410
20150323122015032411
20150323122015032412
20150323122015032413
20150323122015032414
20150323122015032415
20150323122015032416
20150323122015032417
20150323122015032418
20150323122015032419
20150323122015032420
20150323122015032421
20150323122015032422
20150323122015032423
20150323122015032500
20150323122015032501
20150323122015032502
20150323122015032503
20150323122015032504
20150323122015032505
20150323122015032506
20150323122015032507
20150323122015032508
20150323122015032509
20150323122015032510
20150323122015032511
20150323122015032512
20150323122015032513
20150323122015032514
20150323122015032515
20150323122015032516
20150323122015032517
20150323122015032518
20150323122015032519
20150323122015032520
20150323122015032521
20150323122015032522
20150323122015032523
20150323122015032600
20150323122015032601
20150323122015032602
20150323122015032603
20150323122015032604
20150323122015032605
20150323122015032606
20150323122015032607
20150323122015032608
20150323122015032609
20150323122015032610
20150323122015032611
20150323122015032612
002  25   001  35   001  48   001  51   001  55   001  58   001  67   271
  71   471  70   571  68   671  66   771  63   871  61   871  59   871  57   771
  55   871  55   971  55  1071  57  1071  58   971  58   971  57   871  56   871
  56   771  59   871  62   971  65  1071  64  1071  62  1171  60  1171  60  1171
  62  1271  63  1271  63  1271  62  1171  60  1171  60  1071  58  1071  56   971
  54  1071  51  1071  49  1171  48  1171  47  1071  46  1071  45  1071  45   971
  46   971  49   971  53   971  57   971  61  1071  64  1171  68  1271  71  1371
  73  1371  73  1471  70  1371  66  1371  61  1271  57  1171  53  1171  50  1071
  47  1171  44  1271  42  1371  41  1371  41  1271  40  1271  40  1271  39  1251
  40  1211  42  1151  44  1151  47  1011  50  1151  54  1151  58  1211
005  -7   001  26   001  52   001  74   001  89   001  95   001  94   271
  95   571  91   671  82   771  71   871  59   771  48   771  37   871  30   871
  26   971  25   971  26  1071  27  1071  27  1171  28  1171  27  1071  27  1071
  31   971  41   971  53  1071  64  1071  69  1171  70  1371  70  1471  70  1571
  69  1571  67  1671  64  1471  59  1371  55  1071  52  1071  49  1071  47  1071
  47  1071  46  1071  44  1071  42  1171  39  1171  36  1271  35  1271  36  1271
  38  1271  43  1171  50  1171  57  1071  64  1271  70  1371  75  1571  80  1671
  82  1671  82  1771  76  1471  68  1371  58  1171  48  1071  40  1071  35   971
  32  1071  32  1271  32  1371  30  1471  27  1471  25  1571  23  1571  23  1671
  25  1611  29  1551  34  1451  42  1311  51  1451  61  1551  69  1611
015   0   001  25   001  51   001  75   001  85   001  98   001 102   671
 105   871 105  1071 100  1471  92  1371  82  1271  69  1171  57   971  45   871
  36   871  31   971  27   971  26   971  22  1071  20  1071  16  1071  15   971
  18   971  29   971  44  1071  59  1071  70  1271  78  1371  81  1571  81  1671
  78  1671  74  1771  70  1571  65  1371  62  1171  58  1171  52  1071  49  1071
  47  1071  47  1171  47  1171  46  1271  45  1271  45  1371  45  1371  46  1371
  47  1371  48  1271  50  1271  52  1171  57  1271  62  1471  66  1471  70  1571
  73  1771  73  1771  71  1571  67  1371  61  1171  53  1171  47  1071  40  1071
  37  1171  34  1371  32  1471  30  1471  27  1571  23  1571  21  1671  21  1671
  24  1711  30  1651  38  1551  47  1411  56  1551  64  1551  70  1611
027  -5   001  36   001  50   001  73   001  84   001  85   001  98   371
 101   671  99   871  91   871  81   971  70   871  57   871  47   871  38   871
  34   971  35   971  35  1071  35  1071  35  1071  35  1071  37  1071  40  1071
  45  1071  50  1171  56  1071  64  1071  71  1071  77  1071  82  1071  83  1171
  82  1171  78  1171  73  1071  65  1071  58   971  50  1171  42  1071  35  1171
  30  1171  25  1271  22  1271  19  1271  18  1171  16  1171  15  1171  15  1171
  18  1171  24  1171  34  1171  45  1271  56  1271  68  1271  77  1171  82  1371
  83  1551  80  1711  74  1551  65  1451  56  1211  47  1251  38  1151  31  1111
  26  1251  23  1251  21  1311  21  1351  21  1451  21  1411  20  1451  19  1551
  20  1511  25  1551  33  1451  42  1411  51  1351  60  1251  67  1111
070  -2   001  32   001  62   001  84   001 102   001 119   001 123   471
 127   871 126  1271 120  1371 110  1371  98  1371  83  1571  67  1571  56  1571
  49  1671  46  1771  43  1771  39  1771  35  1771  29  1671  21  1771  15  1771
  16  1871  29  1671  49  1471  70  1271  87  1371  97  1571 102  1771 102  1871
 100  1871  94  1871  86  1771  79  1671  70  1571  63  1571  55  1671  50  1771
  46  1971  44  2071  42  2071  40  2071  37  2171  36  2171  34  2171  35  2271
  37  2271  42  1971  46  1871  53  1671  60  1571  66  1671  71  1671  74  1571
  73  1671  72  1671  70  1571  67  1471  61  1371  54  1471  46  1571  40  1671
  36  1871  34  2071  33  2271  31  2271  29  2271  26  2271  24  2271  24  2371
  26  2411  32  2151  41  1851  52  1611  63  1651  73  1751  81  1811
110  15   001  45   001  76   001  90   001  89   001  97   001 101   771
 100   971  96   971  89   971  82   871  75   771  68   771  64   871  59   871
  56   971  55   971  57  1071  62  1171  67  1271  68  1371  67  1371  64  1371
  63  1371  66  1271  71  1071  77   971  81  1171  83  1271  83  1371  82  1371
  79  1271  74  1271  68  1071  61   971  56   771  52   871  50   871  49   971
  48  1071  46  1171  44  1271  42  1371  41  1371  40  1471  38  1471  36  1471
  36  1471  41  1371  49  1271  59  1171  67  1171  75  1271  80  1171  83  1271
  82  1271  80  1371  76  1271  71  1071  64   871  56   971  48  1071  40  1171
  34  1271  31  1371  31  1471  34  1571  40  1571  46  1671  52  1671  58  1571
  62  1511  65  1451  69  1351  73  1211  79  1251  86  1351  92  1311
120  23   001  40   001  52   001  72   001  82   001  85   001  84   471
  84   671  81   871  76   871  70   971  65   971  60   971  54   971  51   971
  46   971  43  1071  45  1071  48  1171  52  1171  55  1271  55  1171  54  1071
  54   971  57   971  63  1071  69  1071  75  1171  80  1171  82  1171  83  1171
  80  1071  76  1071  70  1071  64   971  58   971  54   971  52  1071  49  1071
  47  1071  43  1071  41  1071  39  1071  36  1171  33  1171  28  1171  26  1171
  26  1171  30  1171  38  1071  47  1071  55  1171  62  1271  68  1371  72  1471
  73  1571  73  1671  69  1571  65  1371  58  1271  51  1271  44  1171  37  1171
  33  1171  30  1171  29  1171  29  1171  28  1271  30  1271  33  1271  36  1251
  39  1211  42  1251  46  1251  51  1211  58  1351  67  1451  74  1511
130  -6   001  30   001  66   001  86   001 108   001 118   001 124   571
 126   871 121  1071 114  1071 105  1071  96  1071  86  1071  77   971  70   971
  65  1071  61  1271  56  1371  51  1471  48  1671  45  1771  45  1771  47  1771
  51  1771  57  1671  66  1471  74  1271  83  1371  89  1471  93  1571  94  1571
  91  1571  87  1571  80  1471  73  1371  63  1271  52  1171  42  1071  34  1071
  28  1171  23  1371  20  1471  17  1571  14  1571   8  1671   1  1771  -4  1771
  -4  1871   5  1771  21  1671  40  1571  57  1571  74  1471  86  1471  92  1571
  93  1671  90  1771  84  1771  76  1571  66  1471  56  1371  46  1271  37  1171
  29  1371  24  1471  20  1671  19  1771  18  1871  17  1971  14  1971  11  2071
  12  2011  18  1951  29  1751  42  1611  56  1651  69  1651  79  1611
145  14   001  48   001  74   001  91   001 104   001 109   001 113   771
 117   771 116  1171 111  1271 104  1571  95  1471  84  1371  73  1371  63  1271
  54  1171  46  1171  40  1071  36  1071  32  1071  29  1071  26  1071  25  1071
  28  1071  37  1171  48  1371  59  1471  64  1471  68  1571  70  1571  72  1571
  74  1571  73  1571  68  1471  63  1471  58  1471  53  1471  51  1371  49  1371
  46  1371  43  1271  40  1271  37  1271  33  1171  30  1171  27  1271  25  1371
  26  1471  30  1471  37  1471  46  1471  55  1571  66  1571  74  1671  81  1771
  84  1771  84  1871  80  1771  74  1671  66  1571  57  1571  48  1471  39  1471
  32  1471  26  1471  22  1471  19  1471  18  1371  17  1371  14  1471  12  1671
  14  1711  21  1751  30  1651  41  1611  51  1651  59  1651  67  1611
149  31   001  53   001  77   001  96   001 109   001 119   001 123   571
 126   771 125  1071 121  1071 113  1371 102  1271  90  1371  77  1271  66  1371
  57  1271  51  1371  46  1371  40  1271  35  1171  30  1071  26  1071  24  1071
  26  1071  34  1171  45  1171  57  1271  69  1271  77  1371  81  1471  83  1471
  83  1571  80  1471  76  1471  72  1371  66  1271  61  1271  57  1371  52  1371
  50  1371  49  1271  47  1271  45  1271  41  1271  38  1271  35  1371  34  1371
  34  1471  36  1471  41  1371  48  1371  58  1471  67  1571  75  1671  81  1771
  84  1771  84  1811  81  1751  75  1651  67  1511  59  1451  51  1451  44  1311
  38  1351  33  1451  30  1411  28  1451  26  1351  24  1311  21  1551  18  1651
  19  1811  25  1751  35  1551  47  1411  59  1551  69  1551  78  1611
156  42   001  57   001  89   001 101   001 113   001 124   001 126   571
 127   771 126  1071 121  1071 114  1071 107  1071  99  1071  91  1071  82  1071
  74  1071  67  1171  61  1171  57  1071  54  1071  50   971  47   971  45  1071
  46  1071  51  1171  59  1271  67  1371  73  1471  77  1371  81  1471  84  1471
  84  1471  82  1471  78  1371  74  1171  71  1171  69  1171  68  1171  66  1171
  66  1171  64  1271  64  1271  62  1271  61  1171  59  1171  57  1171  55  1271
  55  1271  57  1271  59  1271  63  1271  68  1371  71  1471  76  1571  80  1671
  83  1671  84  1671  81  1571  76  1471  71  1371  66  1371  62  1271  57  1271
  52  1271  48  1371  44  1371  41  1371  39  1371  37  1371  34  1471  33  1471
  33  1511  36  1451  43  1451  51  1311  60  1451  70  1551  79  1611
168  -2   001  43   001  74   001  99   001 114   001 124   001 130   371
 136   971 135  1271 129  1371 117  1471  99  1571  80  1771  60  1771  43  1771
  32  1871  26  1871  21  1971  18  1871  14  1771  11  1671   6  1771   5  1771
   9  1871  23  1671  43  1471  65  1271  84  1571  98  1671 107  1871 112  1871
 112  1871 107  1871  97  1871  85  1771  72  1771  63  1871  54  1871  49  1871
  44  1971  40  2171  34  2271  31  2171  27  2071  26  1971  25  1971  26  2071
  28  2071  30  1971  33  1771  39  1671  47  1671  58  1771  68  1771  77  1771
  82  1671  83  1671  78  1671  69  1571  59  1571  50  1671  44  1771  39  1871
  35  2071  32  2371  29  2571  27  2371  24  2271  22  2071  20  2171  19  2171
  21  2211  26  2051  35  1851  46  1611  60  1751  74  1751  86  1811
180  16   001  40   001  60   001  92   001 105   001 117   001 126   571
 132   671 133  1071 127  1671 116  1771 101  1771  84  1871  68  1871  54  1871
  43  1971  36  1871  31  1971  29  1871  27  1871  23  1771  18  1771  15  1671
  21  1671  39  1671  64  1671  89  1771 107  1771 119  1771 128  1971 132  1971
 132  1971 128  1971 119  1871 108  1971  97  1871  90  1971  82  1971  78  1971
  71  1971  67  1971  62  2071  58  2071  54  1971  50  1971  47  1971  45  1871
  46  1871  51  1771  58  1571  65  1471  73  1571  79  1671  85  1771  90  1871
  93  1971  91  2071  82  1971  70  1871  59  1771  54  1771  52  1871  50  1971
  47  2071  41  2171  37  2271  34  2171  31  2171  29  2071  28  2071  28  1971
  30  1911  35  1851  43  1851  53  1711  64  1951  75  2051  85  2211
190  50   001  56   001  76   001 100   001 108   001 116   001 131   671
 139   971 140  1171 135  1671 125  1671 112  1571  98  1571  83  1471  69  1471
  57  1571  45  1571  38  1671  33  1571  31  1571  27  1471  20  1571  15  1671
  20  1771  40  1771  70  1871  98  1771 118  2071 132  2571 142  2571 149  2771
 152  2871 150  2871 142  2371 130  2071 117  1771 105  1771  94  1571  84  1571
  74  1671  66  1871  60  1971  58  1971  57  1971  55  1971  50  1971  46  2071
  48  2071  63  1971  83  1971 103  1971 117  1871 124  1971 128  2071 131  2171
 130  2171 124  2271 112  1971  98  1871  86  1571  79  1571  75  1771  73  1771
  68  1871  63  1971  57  2071  54  2071  50  1971  47  1971  44  1971  43  1871
  46  1811  54  1851  64  1751  74  1711  81  1951  85  2251  90  2411
222  35   001  51   001  76   001  97   001 114   001 126   001 129   371
 133   571 134   871 130  1071 123  1171 114  1171 104  1171  96  1171  89  1171
  84  1171  80  1071  78  1071  77  1171  76  1271  73  1371  70  1371  66  1271
  65  1271  66  1171  70  1171  74  1171  78  1271  81  1471  84  1671  88  1671
  92  1671  93  1671  88  1471  78  1471  67  1471  55  1371  46  1371  38  1271
  32  1271  27  1371  24  1371  21  1371  18  1471  12  1471   4  1371  -4  1371
  -5  1271   4  1271  21  1171  42  1171  61  1271  78  1571  92  1671 100  1771
 103  1871 101  1971  96  1971  89  1771  79  1671  69  1571  58  1371  48  1271
  40  1371  33  1371  29  1471  28  1571  27  1571  25  1671  20  1671  16  1771
  16  1711  23  1651  35  1651  49  1511  63  1651  75  1651  86  1711
240  22   001  45   001  68   001  95   001 115   001 124   001 129   371
 135   671 135   971 130  1071 122  1271 112  1271 101  1271  92  1271  84  1271
  76  1171  69  1071  63   971  59  1071  56  1071  53  1171  49  1171  46  1071
  45  1071  47  1071  50  1271  54  1271  56  1371  58  1471  60  1671  61  1671
  63  1571  63  1571  61  1371  60  1271  58  1271  58  1271  57  1271  55  1271
  53  1171  49  1171  45  1071  42  1171  38  1371  34  1471  30  1471  26  1471
  25  1471  30  1471  38  1571  50  1571  64  1671  76  1871  86  1971  91  1971
  93  2071  92  1971  88  1771  80  1571  72  1471  63  1471  55  1371  48  1371
  43  1371  38  1171  34  1171  31  1371  27  1471  23  1671  18  1671  14  1771
  14  1711  19  1651  27  1651  38  1511  50  1651  62  1851  73  1911
255  25   001  57   001  86   001 112   001 125   001 145   001 147   471
 147   771 144  1371 138  1471 129  1471 118  1471 108  1471  98  1471  88  1471
  77  1471  68  1471  60  1471  54  1471  50  1371  47  1371  46  1271  46  1271
  48  1171  54  1171  62  1371  71  1371  80  1571  87  1571  91  1871  90  1971
  84  2071  77  2171  71  1971  66  1771  63  1571  62  1571  61  1671  59  1771
  56  1671  51  1571  47  1471  44  1471  41  1571  39  1571  37  1571  35  1471
  35  1471  37  1571  41  1671  48  1671  57  1771  66  1871  74  1971  79  2071
  81  1971  81  2071  78  1971  73  1871  67  1771  62  1771  57  1671  51  1671
  46  1671  42  1671  38  1671  35  1771  31  1771  27  1871  23  1771  20  1771
  20  1611  26  1651  36  1551  48  1511  61  1751  74  1851  84  2011
260  -4   001  55   001  77   001 101   001 122   001 135   001 141   471
 145  1071 143  1471 137  1671 126  1771 111  1571  94  1771  76  1771  63  1871
  54  1871  48  2071  42  2071  35  2171  29  2171  25  2271  26  2171  31  2071
  39  1971  52  1771  65  1571  80  1371  93  1671 102  1971 109  2271 112  2371
 111  2371 107  2471 100  2271  92  1971  83  1771  75  1871  68  1971  61  2171
  54  2171  46  2171  40  2271  35  2371  30  2371  27  2471  25  2371  26  2171
  29  2071  34  1971  39  1971  47  1771  55  2071  63  2271  71  2471  78  2471
  83  2571  82  2571  76  2371  66  2071  57  1971  53  1971  51  1971  50  1971
  47  2171  41  2371  36  2571  32  2671  29  2671  25  2771  20  2671  16  2471
  17  2311  24  2051  35  1851  49  1511  63  1851  76  2151  87  2411
280  19   001  46   001  70   001  94   001 113   001 130   001 136   371
 143   871 145  1271 139  1471 127  1371 113  1371  99  1571  86  1471  75  1471
  66  1571  58  1571  52  1671  47  1671  42  1671  36  1671  29  1671  25  1671
  28  1671  42  1671  62  1571  83  1471 101  1571 117  1571 129  1671 138  1971
 144  2071 141  2271 131  2071 115  1871 101  1671  93  1671  91  1571  89  1471
  86  1571  83  1571  79  1671  76  1671  73  1671  68  1671  59  1671  50  1671
  45  1671  44  1571  46  1371  50  1271  53  1371  56  1471  61  1571  67  1671
  73  1771  74  1971  68  1871  60  1671  52  1471  49  1471  48  1371  49  1471
  50  1571  49  1671  48  1771  47  1771  44  1671  41  1671  38  1671  35  1671
  36  1611  42  1551  51  1451  61  1311  69  1551  76  1651  83  1811
299  38   001  71   050  94   001 102   001 118   001 130   001 131   471
 135   771 139   971 136  1671 125  1671 108  1571  92  1571  75  1671  62  1771
  51  1771  44  1571  38  1571  34  1571  31  1671  26  1671  18  1671  14  1671
  20  1671  42  1671  73  1671 104  1571 128  1671 144  1771 154  1971 161  2071
 162  2171 158  2371 147  2171 133  1771 118  1571 105  1571  93  1571  84  1671
  76  1571  70  1671  66  1571  63  1671  61  1671  58  1771  55  1771  54  1871
  56  1871  66  1771  81  1671  96  1571 109  1571 119  1671 127  1771 132  1871
 133  1871 127  1971 115  1771 100  1671  86  1471  78  1471  74  1571  72  1571
  66  1571  60  1671  53  1671  47  1771  41  1971  37  2071  34  2071  33  2171
  36  2111  41  1951  49  1751  58  1511  68  1751  78  2051  88  2211
434  44   001  66   001  78   001 108   001 117   001 141   001 142   371
 140   871 136  1171 129  1171 121  1371 112  1271 104  1371  97  1271  93  1371
  85  1271  77  1371  72  1371  70  1371  68  1271  65  1271  61  1271  56  1171
  55  1171  61  1371  70  1471  80  1571  90  1571  97  1671  99  1671  97  1771
  91  1671  82  1771  72  1671  61  1571  53  1471  49  1571  48  1471  46  1371
  45  1471  43  1471  41  1571  39  1571  37  1571  34  1571  29  1471  26  1471
  25  1371  29  1571  36  1671  44  1871  54  2271  64  2371  69  2571  70  2671
  68  2571  64  2671  58  2371  52  2171  46  1871  41  1771  37  1771  34  1571
  32  1571  29  1571  27  1571  25  1571  23  1571  19  1571  15  1571  11  1571
  12  1511  18  1651  29  1651  43  1711  57  1951  71  2151  80  2311
460  23   001  61   001  81   001 101   001 121   001 141   001 143   471
 144   871 142  1371 135  1271 125  1271 111  1171  97  1371  84  1471  74  1471
  70  1471  68  1571  65  1571  60  1671  54  1671  49  1771  45  1671  45  1671
  50  1571  61  1571  75  1571  92  1571 107  1571 119  1671 128  1671 131  1771
 131  1771 124  1771 111  1771  97  1571  85  1571  78  1571  74  1671  68  1671
  59  1671  47  1671  38  1671  31  1771  29  1771  26  1871  25  1871  26  1871
  28  1871  30  1871  32  1771  36  1771  40  1871  46  2071  52  2071  58  2071
  62  2171  62  2171  58  2071  51  1871  46  1771  43  1671  42  1671  41  1571
  39  1671  37  1771  34  1771  30  1871  27  2071  24  2171  21  2071  21  2071
  23  1911  29  1851  37  1851  47  1711  57  1851  66  1951  74  2011
481  28   001  46   001  70   001  91   001 118   001 122   001 134   771
 140  1271 143  1471 141  1471 136  1371 127  1271 116  1371 106  1371  96  1371
  88  1371  82  1371  75  1371  69  1371  63  1271  59  1271  55  1271  55  1271
  59  1271  71  1471  86  1671 104  1771 121  1871 133  1871 143  1971 150  2071
 153  1971 152  2071 147  1871 141  1671 134  1571 126  1571 120  1471 114  1371
 108  1371 104  1271  98  1171  95  1271  91  1271  87  1371  80  1371  71  1471
  62  1471  52  1471  46  1471  42  1471  43  1571  48  1771  53  1871  58  1971
  62  1971  63  2071  62  1971  58  1771  54  1571  52  1471  50  1371  50  1271
  51  1271  51  1271  52  1271  52  1271  50  1371  48  1371  47  1371  46  1471
  46  1411  47  1551  50  1651  55  1711  62  1951  69  2051  76  2211
497  -1   001  38   001  75   001 115   001 131   001 135   001 146   771
 149  1471 144  1871 132  1571 116  1471  99  1671  85  1771  73  1871  63  1871
  54  1971  47  2171  42  2271  38  2171  36  2071  32  1971  27  2071  25  2071
  30  2171  45  2171  68  1971  94  1871 117  2171 136  2371 149  2571 154  2671
 151  2671 143  2471 130  2171 117  2071 103  1871  93  1871  84  1971  78  1971
  73  2071  69  2171  66  2171  62  2171  58  2071  54  2071  50  2071  48  2071
  49  2071  53  2071  61  2071  67  1971  71  2271  73  2571  73  2771  74  2671
  73  2871  70  2771  64  2371  55  2071  46  1771  38  1771  34  1871  30  1871
  30  1971  31  1971  30  2071  28  2071  24  2071  20  2071  19  2171  20  2371
  24  2411  31  2251  41  2151  54  1911  68  2151  82  2251  92  2411
510  76   001  81   001  92   001 108   001 115   001 134   001 139   471
 142   971 143  1271 142  1371 138  1371 133  1371 127  1271 119  1271 111  1171
 105  1171 101  1071  96  1071  92  1171  88  1271  84  1371  79  1371  75  1271
  76  1271  83  1271  94  1371 104  1371 110  1371 113  1471 112  1471 109  1471
 103  1471  97  1471  91  1471  84  1471  79  1471  74  1371  72  1371  69  1271
  65  1271  62  1371  59  1371  55  1371  51  1471  45  1471  40  1471  36  1471
  36  1471  42  1471  53  1671  65  1671  77  1771  88  1971  96  1971 101  2071
 102  2071 100  2171  94  2071  85  1871  76  1771  68  1771  61  1471  55  1371
  48  1471  43  1571  39  1571  38  1671  38  1671  36  1771  30  1771  26  1871
  26  1811  33  1751  47  1751  64  1611  82  1651  98  1751 111  1711
579  76   001  87   001 100   001 117   001 137   001 148   001 149   371
 146   671 141  1071 133  1271 123  1271 112  1171 102  1171  93  1171  87  1071
  84  1071  84  1171  83  1171  81  1271  79  1371  77  1471  75  1471  75  1571
  80  1571  92  1471 109  1471 126  1371 140  1471 151  1671 158  1771 161  1771
 159  1671 153  1671 144  1571 133  1571 123  1571 117  1571 112  1571 108  1471
 108  1471 106  1371 103  1371 100  1471  95  1471  92  1571  90  1571  88  1571
  85  1571  81  1471  75  1371  71  1271  70  1471  71  1571  74  1771  80  1871
  84  1771  86  1871  82  1671  75  1571  70  1471  68  1371  68  1371  69  1271
  68  1271  68  1371  65  1371  63  1471  60  1571  59  1671  57  1671  58  1771
  60  1711  65  1651  73  1451  82  1311  93  1551 103  1751 110  1911
588  59   001  74   001  86   001 109   001 139   001 153   001 149   371
 139   771 129  1271 117  1571 105  1771  93  1771  84  1671  77  1671  72  1571
  66  1571  59  1671  54  1671  53  1771  54  1871  55  1971  54  1871  55  1871
  61  1771  74  1771  94  1771 113  1671 131  1771 145  1771 152  1871 152  2071
 147  2071 139  2171 131  1971 123  1971 116  1871 109  1771 103  1771  99  1671
  94  1771  91  1771  87  1871  85  1971  80  1971  77  2071  77  2071  75  1971
  75  1971  75  1871  76  1771  77  1671  79  1671  80  1771  83  1771  86  1971
  89  2271  92  2471  92  2271  89  2071  84  1871  77  1771  70  1771  61  1671
  55  1771  51  1871  47  1971  44  2071  41  2171  38  2271  35  2271  35  2251
  39  2211  49  2051  62  1951  76  1711  87  1851  96  1851 104  1911
621  50   001  56   001  62   001  67   001  71   001  77   001  89   371
  96   771  99   971  99   971  97  1171  93  1371  87  1371  78  1271  73  1271
  70  1371  69  1471  67  1571  65  1571  61  1471  59  1471  57  1471  58  1371
  62  1371  70  1571  81  1771  91  1971  99  1971 102  1871 102  1871  99  1871
  93  1871  87  1871  80  1771  74  1571  67  1571  61  1471  54  1371  49  1371
  45  1471  42  1571  40  1671  38  1571  36  1571  33  1471  30  1471  27  1571
  28  1571  35  1671  45  1671  55  1871  62  1971  68  2171  71  2271  72  2371
  73  2371  71  2471  66  2271  59  1971  52  1771  45  1571  40  1471  37  1371
  35  1571  33  1771  31  1871  28  1871  25  1771  19  1771  13  1771  11  1851
  15  1811  28  1951  46  1951  63  2011  74  2251  81  2351  85  2511
630  93   001  99   001 114   001 123   001 135   001 152   001 154   271
 153   571 148   771 141   571 131   871 121  1071 111  1071 107   971 102   971
  97   971  93   971  88   971  84  1071  82  1071  79  1171  76  1071  75  1071
  76   971  82   971  90   971 100  1071 111  1171 120  1171 126  1171 130  1171
 131  1271 128  1171 122  1171 114  1071 106  1171  97  1171  90  1071  83  1071
  77  1071  73  1071  69  1071  65  1171  63  1171  59  1271  57  1271  55  1271
  55  1271  56  1171  58  1271  63  1171  71  1271  80  1171  87  1271  91  1371
  91  1271  87  1371  80  1371  72  1371  64  1271  59  1171  54  1171  52  1071
  50  1071  49  1171  48  1171  47  1271  45  1271  44  1371  42  1371  41  1471
  42  1411  47  1351  56  1351  66  1211  77  1351  88  1351  97  1411
643  89   001 108   001 122   001 132   001 148   001 165   001 167   471
 164   671 159   871 151   971 141  1071 131   971 122   971 116  1071 110  1071
 104  1171 100  1271  98  1371  99  1371 101  1271 102  1271  99  1271  97  1271
  97  1271 105  1371 116  1371 130  1571 144  1571 154  1671 161  1671 161  1671
 157  1471 150  1471 142  1371 134  1271 129  1171 125  1171 122  1171 120  1171
 117  1271 112  1471 108  1571 104  1571  99  1571  95  1571  90  1571  85  1471
  81  1471  76  1471  74  1571  74  1571  80  1571  88  1671  95  1671 100  1671
 102  1671 100  1771  95  1571  89  1371  82  1171  78  1171  76  1171  73  1271
  70  1371  69  1471  68  1571  68  1571  68  1671  67  1671  67  1671  66  1671
  68  1611  75  1651  85  1651  97  1611 110  1651 122  1751 132  1711
645  74   001 103   001 127   001 152   001 165   001 167   001 171   471
 171   971 165  1271 156  1271 145  1271 132  1071 119  1271 105  1371  96  1471
  92  1471  91  1371  92  1371  92  1371  92  1271  90  1271  87  1271  86  1271
  90  1271 100  1271 115  1471 130  1471 144  1571 154  1571 160  1671 160  1671
 156  1671 149  1671 141  1571 132  1471 123  1371 117  1571 111  1571 107  1571
 104  1571 100  1571  98  1571  95  1471  94  1471  92  1371  90  1371  86  1371
  81  1371  74  1371  68  1471  66  1471  71  1571  78  1671  85  1771  90  1771
  91  1871  89  1971  83  1771  76  1571  71  1371  68  1471  67  1471  67  1571
  66  1671  66  1571  64  1571  63  1571  62  1571  62  1571  63  1571  64  1671
  68  1611  74  1651  82  1551  92  1511 103  1651 115  1751 124  1811
650  83   001  93   001 115   001 134   001 146   001 164   001 162   471
 157   871 149   871 139   871 129   771 117   771 106   971  96  1071  89  1271
  85  1371  85  1571  85  1671  84  1671  82  1771  83  1771  87  1771  92  1771
  99  1771 110  1571 122  1471 134  1271 146  1271 155  1371 161  1371 162  1371
 159  1271 154  1271 151  1171 146  1071 139  1071 134  1171 129  1271 124  1371
 122  1471 119  1471 117  1571 115  1671 110  1771 107  1871 106  1971 105  1971
 103  2071  99  1671  95  1471  91  1171  88  1271  88  1271  90  1371  94  1271
  97  1371  98  1271  94  1171  89  1071  83   971  79  1071  77  1071  75  1171
  74  1371  72  1671  70  1871  69  1971  68  1971  68  2071  67  2071  67  2171
  69  2111  72  1851  77  1651  85  1311  96  1451 107  1451 117  1511
675  44   001  74   001 114   001 149   001 156   001 170   001 165   371
 155   671 144   871 133  1071 121  1171 109  1271  97  1371  86  1371  78  1471
  73  1571  70  1671  70  1771  72  1871  75  2071  80  2171  84  2171  89  2171
  95  2171 105  2171 118  2071 131  2171 144  1971 156  1571 162  1371 163  1471
 159  1671 153  1771 146  1671 137  1471 132  1371 126  1371 121  1471 115  1471
 110  1671 104  1771  98  1971  93  2071  89  2171  87  2271  86  2271  87  2271
  89  2271  94  2271 100  2171 107  2171 113  2071 118  1871 124  1771 129  1871
 132  1971 131  2071 125  1871 117  1671 109  1471 103  1471  98  1471  93  1471
  86  1671  79  1871  73  2071  70  2171  68  2371  66  2471  64  2471  65  2571
  69  2511  78  2451  90  2251 105  2111 121  2051 135  2051 147  1911
690  94   001 117   001 135   001 156   001 153   001 160   001 154   171
 147   371 141   871 135   871 129  1171 123  1171 116  1171 112  1271 110  1271
 111  1271 114  1271 116  1271 117  1171 115  1171 115  1071 114  1071 115  1171
 119  1171 127  1271 137  1371 146  1471 151  1471 153  1371 153  1371 152  1271
 151  1371 149  1371 147  1371 145  1171 143  1271 139  1271 135  1371 132  1271
 128  1271 127  1371 124  1371 122  1271 119  1171 117  1071 116  1071 116  1171
 117  1171 122  1171 128  1271 134  1271 139  1371 141  1471 143  1671 143  1571
 143  1571 142  1571 140  1371 137  1371 133  1271 128  1371 121  1471 116  1471
 113  1471 110  1371 107  1371 104  1271 100  1071  96   971  93  1071  94  1151
  99  1211 109  1351 121  1351 132  1411 138  1551 140  1551 141  1611
747  99   001 105   001 115   001 123   001 134   001 143   001 145   371
 144   671 141  1071 137   971 133  1071 127  1071 121  1271 114  1371 110  1471
 108  1571 106  1471 108  1471 110  1471 111  1571 111  1571 109  1671 107  1771
 107  1871 112  1871 120  1671 129  1571 136  1671 142  1671 144  1771 143  1671
 140  1571 136  1571 131  1471 128  1371 121  1271 117  1471 111  1671 104  1871
  96  1771  89  1571  81  1471  78  1571  76  1771  74  1871  70  1971  68  1971
  66  2071  66  1971  69  1871  72  1771  78  1871  84  1971  89  2071  93  2071
  94  1971  92  1871  87  1671  81  1571  75  1371  72  1471  71  1671  70  1771
  68  1771  65  1671  63  1671  62  1771  63  1771  63  1871  62  2071  62  2171
  64  2311  70  2151  77  1951  86  1711  94  1851 101  1951 106  2011
NT  TEDF  78  35 1
20150323122015032307
20150323122015032308
20150323122015032309
20150323122015032310
20150323122015032311
20150323122015032312
20150323122015032313
20150323122015032314
20150323122015032315
20150323122015032316
20150323122015032317
20150323122015032318
20150323122015032319
20150323122015032320
20150323122015032321
20150323122015032322
20150323122015032323
20150323122015032400
20150323122015032401
20150323122015032402
20150323122015032403
20150323122015032404
20150323122015032405
20150323122015032406
20150323122015032407
20150323122015032408
20150323122015032409
20150323122015032410
20150323122015032411
20150323122015032412
20150323122015032413
20150323122015032414
20150323122015032415
20150323122015032416
20150323122015032417
20150323122015032418
20150323122015032419
20150323122015032420
20150323122015032421
20150323122015032422
20150323122015032423
20150323122015032500
20150323122015032501
20150323122015032502
20150323122015032503
20150323122015032504
20150323122015032505
20150323122015032506
20150323122015032507
20150323122015032508
20150323122015032509
20150323122015032510
20150323122015032511
20150323122015032512
20150323122015032513
20150323122015032514
20150323122015032515
20150323122015032516
20150323122015032517
20150323122015032518
20150323122015032519
20150323122015032520
20150323122015032521
20150323122015032522
20150323122015032523
20150323122015032600
20150323122015032601
20150323122015032602
20150323122015032603
20150323122015032604
20150323122015032605
20150323122015032606
20150323122015032607
20150323122015032608
20150323122015032609
20150323122015032610
20150323122015032611
20150323122015032612
002100160016001700180017001617152714271327123711271135113512311335143516311
63516351631163517351731173517351731173517351731173517351731163516351531153516351
63116351635163116351535153115351535153115351635163116351635163115351535143113351
33512311235123512311235123513311335143514311435143515311635163517311735173517311
005000100010001000140015001517142713271327122712271235123513311435153516311
63516351631173517351731173517351731173517351731173517351731163516351631163516351
73117351735173117351635163116351635163116351635163116351635163115351535143113351
23512311135113511311235123513311335133513311435143515311635163517311735173517311
015000100010001000100013001317132712271227122712271135113511311235133514311
53515351531153515351531163516351631163517351731173517351731173517351731173517351
73117351735173117351735173117351735173117351735173116351635153115351535153114351
33513311335133513311335143515311535163516311635163516311635163517311735173517311
027000100010001000100010001117122712271327132714271435153516311635163516311
63516351731173517351731173516351631163515351531153515351531143513351231123511351
13112351235123112351235123112351235123113351335133113351335133114351435143113351
23512311135123513311335143515311535143514311435153515311535163516311635163517311
070000100010001000100011001117122712271227123712371235113511311135113511311
23512351231133514351531153515351531153515351531153516351731173517351731173517351
73117351735173117351735173117351735173117351735173117351735173117351735173117351
73517311635153514311335123512311335143514311535143514311435153515311535163516311
110000100010001000130017001717162716271627152715371435143514311435143514311
43513351331123512351231123512351231123513351331133513351331133514351431133512351
23111351135123112351235113111351135123112351235133113351335133113351435133113351
23512311235133514311435153515311635163516311635163515311535153515311435143514311
120000120012001200140016001617161716271627162716271635163515311435143514311
53516351631153514351331133513351331133513351331143515351531153514351331123512351
23112351235123112351235123112351235123112351335133114351435153115351435143113351
23512311235133513311435143514311535163516311635163516311635163516311535153514311
130000100010001000100012001217122713271427153716371635163516311635153516311
63516351731173517351731173516351631163516351531153514351331133513351331133513351
33112351235123112351235123112351235123112351335143114351535153115351535143113351
23511311135113512311235133514311435153515311535153515311535163516311635163516311
145000100010001000100010001117112711271227133713371335133513311335133513311
33514351431153516351731173517351731163516351631173517351731173517351731173517351
73117351635163116351735173117351735173117351735173116351635163115351535153114351
43513311335123512311135113512311235123513311435143515311535163516311635173517311
149000100010001000100010001117112711271227122713371335123512311235133513311
33514351431153515351631173517351731163516351631173517351731173517351731173517351
73117351735173117351735173117351735173117351735173117351635163116351635163115351
53514311335123512311135113512311235133513311435143515311535163516311635173517311
156000100010001000100010001117112711271227122713371335133512311235133513311
33513351431153516351631173517351731163516351631163517351731173517351731173517351
73117351735173117351735173117351735173117351735173117351635163116351635163115351
43514311335123512311135113512311235133513311435143515311535163516311635173517311
168000100010001000100010001117112711271127112711371135113511311135113512311
23513351431163516351731173517351731173517351731173517351731173517351731173517351
73117351735173117351735173117351735173117351735173117351735173117351735173117351
73517311735163516311635163516311635153515311535143514311535153515311535163516311
180000100010001000100010001017112711271127113711371135113511311135113511311
23513351431153516351731173517351631163516351631163516351631163517351731173516351
63117351735173117351735173117351735173117351735173117351735173117351735173117351
73517311735173517311735173517311735173517311735173516311635163515311535143514311
190600150014001300130010001017112711271127113711371135113511311135113511311
13511351231123513351431153516351631163515351431153515351631163516351631163516351
63116351635163116351635163116351635163116351635163116351635163117351735173117351
73517311735173517311735173517311735173517311735173517311735173516311635163516311
222300100010001000100010001217141715271527162715271535143514311435143514311
53516351731173517351731173517351731173516351631163516351631163516351531143512351
13111351135123112351235123112351235123112351135123112351335143114351435133112351
23511311135113512311235123513311335143514311435143515311535163517311735173517311
240000100010001300160017001717172717271627163715271435133513311335133514311
53515351631163517351731173517351731173517351731173517351731173517351731173517351
73117351635163116351635163115351535143114351435143114351435143115351535153114351
43513311235123511311235123512311335143514311435143514311535153516311735173517311
255000100010001000100010001117122712271327142715371535153515311535153515311
63516351731173517351731173517351731173517351731173517351731173517351731173517351
73117351735173117351735173117351735173117351635163116351635163116351635163116351
63515311435133512311235123512311235123513311335133514311435143514311435153515311
260000100010001000100010001117112711271137113712371335143515311535143514311
43515351631173517351731173517351731173517351731173517351731173517351731173517351
73117351735173117351735173117351735173117351735173117351735173117351735173117351
73517311635163515311435133512311235133514311535153515311535153515311635163517311
280000100010001000100010001117112712271227122711371135113512311235133514311
43514351431153516351631173517351631163516351631163516351631163517351731173517351
73117351735173117351735173117351735173117351735173117351735173117351735173117351
73517311735173517311735173517311735173517311735173517311635163515311535143514311
299300140014001200100010001117111711271127112711271135113511311135113511311
23512351331133514351431153515351531143513351231123512351331133514351531153515351
53115351535153115351535163116351735163116351535143114351535163117351735173117351
73517311735173517311735173517311735173517311735173517311735173517311735173517311
434400180017001700130014001417142715271527162716371635153515311435143514311
43515351631163516351631163517351731173517351731173517351731173517351731173517351
73117351735173117351735173117351735173117351635163115351535153114351435143113351
33512311235123512311235123512311235133514311435143514311535153515311535143514311
460000100010001000100011001217132714271527153715371535153514311335123512311
33515351631163516351631163516351631163516351631173517351731173517351731173517351
73117351735173117351735173117351735173117351735173117351735173117351735173117351
73517311735163516311635153515311535143514311435153515311635163515311535153515311
481000100010001000100010001117112711271127112712371235133514311435153515311
53515351631163516351631173516351631163515351531143515351531163517351731173517351
73117351735173117351735173117351735173117351735173117351735173117351735173117351
73517311735173517311735173517311735173517311735173517311735173516311635163515311
497200110011001300140013001317142714271427142714371435143514311435153515311
53515351631163516351631163516351631163516351631173517351731173517351731173517351
73117351735173117351635163116351735173117351735173117351735173117351735173117351
73517311735173517311735163516311635163516311635173517311735173517311735173517311
510700180018001700170017001617162715271527153716371635163515311535153515311
53515351531153515351631163516351731173517351731173517351731173517351731173517351
73116351535153115351535153114351435133113351335133113351335133114351435143113351
23512311135123512311235123511311235123512311335133514311535153516311535153515311
579700170017001600160013001317132713271327142714371535163517311735173517311
73517351731163516351631163516351631163517351731173517351731173517351731173517351
73117351735173117351735173117351735173117351735173117351735173117351735173117351
73517311735173516311635163516311635163516311535153514311335133513311335143514311
588300130013001200110013001317142714271527152715271535153515311535163516311
63515351431143515351531153514351431153516351731173517351731173517351731173517351
73117351735173117351735173117351735173117351735173117351735173117351735173117351
73517311735173517311735173517311635163516311635163516311635163516311535153515311
621800180018001800170017001717172717271727172717271635163516311635153515311
53516351631173517351731173517351731173517351731173517351731173517351731173517351
73117351735173117351735173117351735173117351735173117351735173117351735173117351
73517311635163515311535143514311435143514311335133513311435143515311535153515311
630700170017001700170015001517151714271427142715271435143514311435143515311
53515351531153516351631173517351731173517351731173517351731173517351731173517351
73117351735173117351735173117351735173117351735173116351635163116351635163116351
63516311635163516311635153514311435143514311435133512311235123512311335133514311
643300140015001700150012001217122713271327132714271535163517311735173517311
63516351631163516351731173517351731173517351731173517351731173517351731173517351
73117351735173117351735173117351735173117351735173117351735173117351735173117351
73517311635153514311435133513311235123512311235123512311235123513311435143514311
645700160014001300130011001117122712271227132714371535163516311735173517311
63516351531153515351631163516351731173517351731173517351731173517351731173517351
73117351735173117351735173117351735173117351735173117351735173117351735173117351
73517311635163515311435143513311335133513311335133513311335133513311335133514311
650100140012001000100011001117121713271327132714271435143515311535163516311
63515351531153516351631173517351631173517351731173517351731173517351731173517351
73117351735173117351735173117351735173117351735173117351735173117351735173117351
73517311735173517311735173516311635163516311635153515311435143513311235123512311
675000100010001000100012001317142714271427142713371335143515311535163516311
63515351531163516351631173517351731163516351631163517351731173517351731173517351
73117351735173117351735173117351735173117351735173117351735173117351735173117351
73517311735173517311735173517311735163516311635163516311535153515311535153514311
690000100012001200100010001117122713271337143715371535153516311635173517311
73517351731173517351731163516351531163516351731173517351731173517351731173517351
63117351735173117351735173117351735173117351735173117351735173117351735173117351
73517311735173517311635163516311535153515311535153515311535153515311535153515311
747700180017001800180017001717172717271727163716371635163516311635163517311
73517351731173517351731173517351731173517351731173517351731173517351731173517351
73117351735173117351735173117351735173117351735173117351735173117351735173116351
53514311435143514311535153516311535143514311335133513311335123512311235123512311
