20151112081431
T2M TEDF  78  35 1
20151112082015111203
20151112082015111204
20151112082015111205
20151112082015111206
20151112082015111207
20151112082015111208
20151112082015111209
20151112082015111210
20151112082015111211
20151112082015111212
20151112082015111213
20151112082015111214
20151112082015111215
20151112082015111216
20151112082015111217
20151112082015111218
20151112082015111219
20151112082015111220
20151112082015111221
20151112082015111222
20151112082015111223
20151112082015111300
20151112082015111301
20151112082015111302
20151112082015111303
20151112082015111304
20151112082015111305
20151112082015111306
20151112082015111307
20151112082015111308
20151112082015111309
20151112082015111310
20151112082015111311
20151112082015111312
20151112082015111313
20151112082015111314
20151112082015111315
20151112082015111316
20151112082015111317
20151112082015111318
20151112082015111319
20151112082015111320
20151112082015111321
20151112082015111322
20151112082015111323
20151112082015111400
20151112082015111401
20151112082015111402
20151112082015111403
20151112082015111404
20151112082015111405
20151112082015111406
20151112082015111407
20151112082015111408
20151112082015111409
20151112082015111410
20151112082015111411
20151112082015111412
20151112082015111413
20151112082015111414
20151112082015111415
20151112082015111416
20151112082015111417
20151112082015111418
20151112082015111419
20151112082015111420
20151112082015111421
20151112082015111422
20151112082015111423
20151112082015111500
20151112082015111501
20151112082015111502
20151112082015111503
20151112082015111504
20151112082015111505
20151112082015111506
20151112082015111507
20151112082015111508
002 138   001 137   001 137   001 136   001 135   001 133   001 136   371
 139   571 139   771 140   771 141   871 141  1071 139  1111 136  1051 134   951
 131   811 129   851 128   951 128   911 128   951 128   851 128   811 129   851
 130   851 131   811 131   851 131   951 130   911 129   951 128   851 127   811
 126   851 125   951 123   911 121  1051 118  1051 115  1111 113  1151 111  1051
 109  1011 108  1151 107  1151 106  1211 105  1151 104  1151 104  1011 104  1051
 104  1151 104  1111 103  1151 101  1251 100  1211 101  1251 103  1151 106  1111
 111  1151 115  1051 119  1011 121  1151 120  1151 118  1211 114  1251 110  1151
 108  1111 109  1251 112  1251 115  1311 117  1251 118  1251 119  1111 120  1251
 122  1251 124  1311 126  1351 129  1451 130  1411 130  1351 131  1251
005 114   001 115   001 111   001 113   001 113   001 114   001 121   671
 130   971 138  1171 144  1271 146  1171 146  1371 143  1211 138  1151 133  1151
 129  1011 126  1051 124  1151 122  1111 121  1151 120  1251 120  1211 121  1251
 123  1251 125  1211 126  1151 126  1151 125  1011 124  1151 123  1251 123  1211
 124  1551 126  1651 126  1711 124  1751 120  1651 115  1611 109  1551 104  1351
 100  1111  98  1151  98  1251  97  1211  95  1351  93  1351  92  1411  94  1451
  97  1551  98  1511  97  1551  94  1451  92  1411  92  1551  95  1551  99  1611
 104  1651 108  1751 112  1711 114  1651 114  1451 112  1311 109  1251 105  1251
 102  1211 101  1351 102  1451 103  1511 105  1651 106  1651 107  1711 107  1851
 107  1851 108  1911 110  1851 114  1851 117  1711 120  1751 123  1751
015 120   001 115   001 116   001 117   001 114   001 120   001 126   771
 132   971 138  1071 142  1271 145  1171 146  1151 142  1011 136   951 130   851
 126   711 124   951 123  1051 122  1211 120  1251 117  1251 115  1211 114  1251
 114  1351 115  1311 115  1351 116  1351 117  1311 119  1251 121  1251 124  1111
 128  1251 130  1351 131  1411 128  1451 122  1451 115  1411 107  1351 100  1151
  94  1011  91  1151  89  1251  87  1311  85  1351  82  1451  81  1411  81  1551
  82  1651  82  1711  82  1851  81  1851  82  1911  84  1851  88  1751  94  1611
 101  1651 109  1551 115  1411 119  1451 119  1351 116  1311 110  1251 102  1251
  96  1111  94  1251  94  1351  95  1411  96  1551  96  1651  97  1711  98  1851
 100  1851 102  1911 106  2051 109  2051 113  2111 116  2051 119  1851
027 102   001 103   001 105   001  92   001  96   001 104   001 110   671
 120   771 132   871 142   771 148   871 149   971 146  1011 139  1051 130   951
 122   911 118  1151 118  1251 119  1411 120  1451 121  1551 122  1511 122  1551
 122  1651 121  1611 120  1651 119  1651 118  1611 118  1651 119  1451 121  1311
 124  1251 126  1151 128  1011 129  1051 127  1051 122   911 114   951 105  1051
  97  1111  93  1351  92  1651  93  1711  94  1751  96  1851  97  1811  97  1851
  97  1951  95  1911  92  1951  90  2051  90  2011  93  2051  99  1851 105  1711
 111  1551 117  1251 123   911 128  1051 130  1051 129  1111 123  1151 114  1051
 107  1011 104  1351 104  1551 105  1811 106  1851 106  1951 105  1911 104  2051
 102  2151 101  2211 101  2351 103  2351 106  2411 110  2251 116  2151
070 117   001 115   001 106   001 106   001 104   001 112   001 119   471
 125   871 132  1171 138  1371 142  1171 143  1371 141  1271 135  1271 128  1371
 119  1371 112  1471 106  1471 103  1571  99  1671  97  1671  94  1771  94  1771
  95  1771  96  1771  97  1871 100  1871 103  1871 108  1671 113  1471 119  1271
 123  1471 126  1571 128  1771 128  1671 127  1551 123  1411 117  1351 109  1451
 102  1511  96  1551  90  1651  86  1811  83  1951  80  2051  77  2011  74  2051
  72  2051  71  2011  71  2051  72  2151  75  2111  80  1951  86  1851  93  1611
 100  1651 107  1751 113  1811 117  1651 119  1451 117  1311 111  1351 103  1451
  96  1511  93  1651  93  1751  93  1811  92  2051  91  2151  89  2211  88  2251
  87  2251  87  2211  87  2251  89  2251  93  2311  99  2051 107  1851
110 127   001 129   001 127   001 124   001 122   001 124   001 131   671
 137   871 143   771 147   771 150   771 151   871 149   811 145   851 140   851
 136   811 134   951 134   951 134  1011 134  1151 133  1251 131  1311 128  1351
 124  1351 120  1311 117  1351 115  1451 114  1411 114  1251 116  1051 118   811
 121   851 124   951 126   911 126   851 124   951 120   911 115   951 111   951
 107   911 105  1051 104  1151 103  1211 102  1351 101  1351  99  1411  97  1451
  95  1351  94  1311  94  1351  95  1451  98  1411 102  1251 108  1051 114   811
 121   851 127   951 133   911 137   951 138  1051 135  1211 129  1151 121   951
 115   811 113   951 115  1051 118  1111 121  1251 123  1451 124  1511 124  1551
 124  1551 124  1511 125  1551 126  1651 127  1611 128  1451 131  1151
120 114   001 113   001 114   001 105   001 114   001 115   001 123   671
 131   971 138   971 144   971 147   971 148   971 145   911 139   851 133   851
 128   711 126   851 127   951 128  1011 128  1151 127  1351 125  1411 123  1551
 121  1551 118  1611 113  1551 108  1451 105  1311 105  1251 108  1151 113  1011
 119  1051 124  1051 127   911 128   951 125   851 121   911 115   851 108   751
 102   711  98   851  96  1151  94  1211  92  1351  90  1451  88  1511  87  1551
  85  1651  84  1611  83  1551  82  1551  85  1411  92  1351 100  1251 109  1111
 116  1151 121  1151 126  1111 130  1151 132  1151 131  1111 125  1051 117  1051
 110   911 108  1051 109  1151 111  1211 112  1351 113  1451 113  1511 113  1651
 113  1651 113  1711 113  1751 113  1751 114  1711 117  1551 123  1451
130 100   001 103   001 100   001 102   001 105   001 107   001 117   571
 125   771 133   971 140   971 145   871 148  1071 146   911 140   951 131   851
 124   811 120   951 119  1151 120  1211 123  1351 125  1451 128  1511 129  1651
 129  1751 127  1811 123  1751 119  1751 116  1611 114  1551 115  1451 119  1211
 126  1251 134  1151 140  1111 143  1051 141   951 135   711 124   951 111   951
  99  1011  91  1151  86  1251  84  1411  83  1551  83  1551  82  1611  80  1751
  78  1851  75  1911  72  1851  70  1751  71  1611  77  1551  86  1451  98  1311
 111  1351 123  1251 133  1211 138  1251 139  1151 134  1111 125  1051 114  1051
 105   911 100  1251  99  1451 100  1611 101  1751 102  1751 103  1811 104  1951
 104  1951 105  2011 106  2051 107  2151 108  2111 110  1951 114  1651
145 115   001 109   001  94   001  93   001  84   001  89   001 102   371
 114   971 124  1271 133  1671 137  1571 138  1771 135  1711 130  1651 124  1451
 118  1311 114  1251 111  1251 109  1111 108  1151 107  1051 107  1011 107  1051
 108  1151 110  1111 112  1151 114  1151 115  1111 113  1151 111  1251 111  1211
 114  1451 119  1551 123  1611 124  1651 123  1551 119  1511 113  1451 107  1351
 101  1311  97  1351  95  1351  92  1311  89  1351  85  1351  83  1311  83  1451
  83  1451  83  1511  81  1551  77  1451  75  1411  75  1451  78  1451  84  1411
  92  1551  99  1551 106  1611 110  1551 110  1551 108  1411 103  1451  98  1351
  94  1311  93  1351  95  1351  96  1311  95  1451  94  1451  93  1511  93  1651
  94  1651  95  1711  94  1751  93  1751  93  1711  94  1751  97  1651
149 128   001 119   001 115   001 109   001 107   001 110   001 117   371
 123   871 129  1271 135  1671 140  1471 144  1671 143  1511 138  1451 129  1351
 121  1211 115  1251 110  1251 107  1311 104  1251 102  1351 102  1311 104  1351
 106  1251 109  1211 111  1251 112  1151 113  1111 114  1151 116  1151 119  1111
 123  1251 126  1551 130  1711 132  1651 133  1551 130  1411 123  1351 115  1251
 107  1111 102  1151  98  1351  95  1311  92  1451  88  1451  86  1511  85  1551
  84  1651  83  1611  80  1651  77  1551  76  1511  78  1551  84  1551  91  1511
  99  1651 107  1651 113  1711 117  1651 119  1451 117  1311 111  1351 104  1251
  98  1211  96  1251  96  1351  97  1311  96  1551  94  1651  93  1811  93  1851
  94  1851  95  1811  94  1851  94  1851  94  1811  97  1751 101  1751
156 135   001 124   001 120   001 114   001 113   001 113   001 120   471
 127   771 134  1171 141  1371 145  1471 147  1471 145  1411 141  1351 135  1351
 130  1211 126  1251 122  1151 119  1111 116  1151 114  1051 113  1011 113  1051
 114  1151 116  1111 117  1151 118  1051 119  1011 119  1051 120  1151 122  1111
 126  1351 130  1451 133  1611 134  1551 133  1451 130  1311 124  1251 117  1251
 111  1111 107  1251 104  1251 102  1211  99  1251  97  1351  95  1311  94  1351
  93  1351  92  1311  89  1351  87  1351  85  1311  85  1451  88  1451  93  1511
 100  1551 107  1551 114  1511 118  1451 120  1351 119  1111 115  1151 110  1151
 105  1111 103  1151 102  1251 102  1211 101  1351 100  1451 100  1511 101  1551
 102  1651 103  1611 104  1651 105  1551 105  1511 105  1551 107  1651
168 123   001 118   001 115   001 105   001 100   001 104   001 118   471
 130   771 138  1071 146  1171 152  1071 154  1371 149  1271 134  1471 113  1571
  94  1771  83  1871  79  1771  77  1771  75  1871  73  2071  72  2171  72  2171
  72  2171  72  2171  72  2171  74  2171  79  2111  88  1851  98  1651 109  1311
 118  1351 125  1551 130  1511 133  1351 133  1251 128  1011 118  1351 105  1551
  94  1811  88  1951  85  2051  84  2011  83  2151  82  2351  80  2411  78  2451
  75  2451  71  2411  66  2451  61  2351  61  2311  67  2151  77  1851  89  1611
 100  1651 110  1651 118  1611 123  1451 122  1351 116  1111 103  1351  88  1651
  78  1811  77  1951  81  1951  86  2011  87  2251  84  2451  82  2611  81  2651
  81  2651  81  2611  79  2551  77  2551  78  2411  83  2151  91  1851
180 109   001 109   001 108   001 106   001 105   001 115   001 122   771
 127  1071 131  1571 135  1971 138  1871 139  1971 135  1911 124  1851 110  1851
  96  1711  87  1751  81  1851  77  1811  74  1851  71  1851  69  1811  67  1851
  65  1851  65  1811  66  1751  69  1551  73  1411  79  1551  86  1651  95  1811
 105  2051 114  2251 121  2611 125  2451 126  2451 124  2211 119  2051 112  2051
 105  1811  98  1951  92  2051  86  2011  81  1951  76  2051  72  2011  68  2051
  65  1951  62  1911  61  1851  61  1751  64  1611  69  1751  75  1751  83  1811
  91  2051  98  2351 103  2611 105  2551 104  2351 100  2211  94  2151  86  1951
  81  1811  79  1951  78  1951  78  2111  77  2151  74  2251  71  2211  68  2251
  67  2151  68  2111  72  2151  78  2051  83  2011  87  2051  90  2151
190  60   001  61   001  70   001  73   001  72   001  76   001  88   771
 100  1371 111  1671 123  1871 131  1871 135  2071 132  2071 119  1971 100  1671
  84  1471  73  1571  67  1571  64  1671  62  1671  60  1671  59  1671  58  1671
  56  1771  56  1771  57  1771  59  1671  63  1611  70  1751  79  1851  91  1811
 106  2251 120  2651 131  2811 135  2851 133  3051 128  2911 121  2451 115  1951
 108  1611 102  1651  98  1651  93  1611  89  1651  84  1651  81  1611  78  1751
  76  1851  74  1911  71  1851  70  1851  70  1711  73  1851  79  1951  87  2111
  95  2151 103  2251 109  2411 113  2451 113  2551 108  2511  98  2151  86  1851
  76  1511  72  1551  72  1651  73  1611  73  1651  72  1751  71  1711  70  1851
  70  2051  72  2111  75  2051  80  2051  85  1911  90  2151  94  2251
222  99   001 102   001 110   001 116   001 118   001 122   001 131   671
 139   871 147   971 153   971 157   871 159   971 155  1011 149  1051 141   951
 134   911 129   951 127  1051 126  1011 127  1151 129  1351 131  1411 132  1451
 133  1451 133  1411 132  1351 131  1251 131  1111 132  1151 133  1051 137  1111
 142  1151 148  1051 152  1011 153  1051 151  1051 145  1011 136   951 125  1051
 114  1011 105  1151  98  1251  93  1311  89  1451  86  1551  84  1611  81  1651
  78  1651  75  1611  72  1651  70  1551  72  1511  79  1451  90  1151 104  1011
 118  1051 131  1151 140  1111 143  1251 141  1251 135  1411 127  1351 118  1251
 110  1111 105  1251 103  1351 101  1411  99  1551  96  1751  95  1811  96  1851
  97  1951  96  1911  93  1951  89  1851  88  1811  93  1751 102  1551
240 122   001 118   001 113   001 105   001 101   001 106   001 117   371
 126   771 134   971 143  1171 150  1071 155  1271 154  1111 146  1151 134  1051
 123  1011 116  1051 113  1151 112  1111 111  1151 110  1151 109  1111 109  1151
 108  1151 109  1111 110  1151 112  1251 113  1211 114  1251 116  1451 120  1411
 126  1351 133  1451 140  1411 145  1351 146  1251 143  1111 135  1051 125  1151
 115  1211 108  1251 103  1251  99  1211  95  1251  91  1351  87  1311  84  1351
  82  1451  78  1411  73  1451  68  1551  66  1511  68  1651  74  1751  84  1811
  97  1751 110  1651 121  1511 128  1451 131  1251 128  1111 120  1151 110  1251
 101  1311  95  1451  92  1451  90  1511  88  1551  86  1451  85  1411  84  1451
  84  1551  83  1511  82  1551  81  1651  81  1611  82  1651  85  1751
255  57   001  49   001  52   001  35   001  37   001  56   001  76   871
  97  1271 117  1271 135  1371 149  1371 156  1371 154  1311 141  1251 122  1251
 104  1111  93  1151  88  1151  85  1211  83  1351  81  1351  80  1411  80  1451
  80  1351  79  1311  78  1351  77  1451  78  1411  83  1551  90  1451  99  1411
 109  1451 118  1451 127  1411 134  1451 137  1451 135  1311 127  1351 116  1251
 105  1211  98  1251  94  1251  92  1311  90  1351  87  1351  85  1411  83  1451
  80  1351  74  1311  65  1351  56  1351  52  1311  55  1451  64  1551  76  1511
  88  1551  99  1551 108  1511 115  1451 118  1351 115  1211 106  1251  95  1451
  84  1411  78  1451  75  1451  73  1411  71  1551  68  1551  66  1611  65  1651
  64  1551  62  1511  59  1551  56  1551  56  1511  61  1551  71  1451
260  17   001  10   001  34   001  29   001  35   001  53   001  68   571
  89   971 113   971 133  1171 148  1071 154  1371 149  1311 133  1551 111  1651
  89  1811  74  1951  65  2051  60  2111  59  2251  59  2551  60  2611  60  2651
  60  2551  60  2511  61  2451  63  2351  67  2211  74  2151  84  1851  95  1611
 106  1551 117  1551 127  1311 136  1451 140  1451 138  1511 127  1751 110  1851
  95  2011  85  2151  79  2351  76  2511  74  2751  73  2751  73  2911  73  2851
  72  2851  68  2711  61  2651  54  2551  50  2411  53  2351  62  2151  74  1911
  88  1851 101  1751 113  1511 121  1551 123  1551 117  1511 103  1851  85  2051
  69  2411  59  2551  55  2551  53  2611  52  2851  51  3051  52  3211  54  3151
  56  2951  56  2811  53  2751  51  2651  51  2511  57  2351  68  2051
280  32   001  25   001  23   001  23   001  25   001  22   001  38   471
  55   971  72  1271  87  1671  99  1771 106  1971 109  2011 101  1851  90  1551
  79  1311  70  1551  63  1551  60  1611  60  1651  61  1551  61  1511  59  1551
  54  1551  49  1511  44  1551  42  1651  42  1611  47  1751  55  1651  68  1611
  83  1751  98  1951 110  2011 115  2151 116  2251 112  2211 106  2151 100  1951
  94  1811  89  1951  86  1951  83  2011  81  1951  78  1951  76  1911  73  1951
  69  1851  64  1811  57  1851  50  1851  47  1811  50  1851  57  1751  66  1711
  76  1851  85  1951  92  2111  97  2051  97  2051  93  1911  83  1951  72  1751
  62  1611  57  1851  55  1951  55  2011  54  2151  52  2251  50  2211  49  2151
  49  2051  48  1911  47  1951  46  2051  47  2011  51  2051  58  2151
299   8   001  21   001  17   001  23   001  30   001  45   001  71   771
  94  1171 115  1371 134  1371 145  1471 149  1471 140  1571 122  1771  99  1671
  80  1671  68  1771  61  1771  59  1871  59  1871  59  1671  60  1671  61  1771
  63  1871  63  1971  62  1971  61  2071  63  2071  69  1971  80  1871  95  1671
 113  1671 132  1771 145  1871 150  1971 146  1951 138  2111 127  2151 116  1951
 107  1711 102  1851 101  1951  99  2011  96  1951  92  1951  88  1811  85  1951
  81  2051  76  2111  69  2251  62  2251  60  2311  64  2151  73  1951  85  1711
  98  1651 109  1751 118  1711 122  1851 120  1851 112  1811  98  1751  82  1651
  69  1511  63  1651  63  1751  64  1811  64  1751  63  1851  62  1711  61  1851
  60  1951  60  2011  61  2151  64  2151  69  2211  76  2151  86  1951
434 109   001  90   001  76   001  69   001  88   001  99   001 103   471
 115   671 128   971 141  1171 151  1171 156  1171 153  1211 140  1151 124   951
 111   811 107   951 109   951 110  1011 106  1051 100   951  93   911  89   951
  87   951  85   911  83   951  81  1051  81  1011  83  1051  88  1151  94  1111
 101  1251 108  1351 114  1411 119  1551 121  1351 119  1311 113  1151 105  1051
  98   811  94  1051  92   951  90  1011  87  1051  83  1051  79  1011  76  1051
  73   951  70   911  67   951  64   951  62   911  62  1151  66  1251  73  1411
  84  1751  96  1951 106  2111 111  2151 112  2051 107  1911  98  1651  88  1451
  80  1211  77  1251  77  1351  77  1311  75  1351  73  1151  70  1111  68  1151
  67  1151  66  1111  65  1151  65  1151  67  1111  71  1251  79  1251
460  29   001  16   001  18   001  18   001  26   001  38   001  63   671
  92   971 121  1171 146  1271 164  1271 173  1471 170  1471 154  1371 131  1371
 110  1371  95  1471  86  1471  82  1471  78  1571  76  1771  74  1871  71  1871
  68  1871  62  1871  55  2071  47  2271  46  2471  52  2271  63  1971  76  1771
  89  1671 101  1671 111  1571 119  1771 122  1671 121  1771 114  1771 105  1671
  98  1671  94  1671  94  1671  94  1671  94  1771  92  1771  91  1871  90  1871
  88  1971  83  1971  75  2271  67  2471  62  2711  64  2451  72  2151  82  1811
  93  1851 102  1751 111  1611 117  1751 120  1851 116  1911 105  1851  91  1851
  78  1711  71  1751  67  1651  65  1611  62  1851  58  1851  55  1911  54  1951
  53  2051  49  2011  42  2351  36  2551  35  2811  44  2551  61  2151
481  72   001  65   001  60   001  59   001  59   001  61   001  70   571
  76  1171  80  1471  85  1871  90  1671  96  1871 100  1771  98  1671  93  1471
  87  1371  83  1471  81  1371  81  1371  82  1371  82  1271  84  1271  83  1371
  81  1371  78  1471  75  1371  73  1371  72  1271  74  1471  78  1471  84  1571
  93  1871 103  1971 112  2271 119  2171 123  1971 123  1871 117  1671 108  1571
 101  1471  98  1471  97  1471  96  1371  94  1371  91  1371  89  1271  87  1371
  84  1571  80  1671  75  1671  71  1571  68  1511  70  1551  75  1451  83  1411
  92  1651 100  1851 108  2011 113  1951 115  1951 112  1911 103  1751  91  1751
  80  1511  73  1451  70  1451  68  1311  67  1351  65  1351  62  1311  58  1451
  53  1651  49  1711  46  1751  45  1651  48  1611  54  1751  64  1751
497  40   001  36   001  41   001  41   001  36   001  43   001  77   771
 114  1471 144  1771 164  1771 170  1771 164  2171 149  2211 129  2251 111  2351
  98  2411  90  2651  85  2751  82  2811  80  2951  77  2951  75  3011  73  2951
  70  2951  67  2811  64  2851  62  2951  62  2911  66  2851  76  2751  95  2611
 123  2551 150  2651 168  2511 168  2651 154  2751 135  2511 117  2551 102  2651
  91  2811  85  3051  83  3151  81  3311  78  3351  75  3251  72  3111  70  3051
  69  3051  66  2911  61  2951  57  2951  54  2911  55  2951  62  2851  75  2811
  94  2751 114  2551 127  2411 128  2451 118  2451 104  2511  89  2551  75  2551
  65  2611  60  2751  59  2951  59  3011  57  3051  54  2951  50  2911  46  2951
  43  2851  41  2811  41  2851  43  2951  47  2911  54  2851  66  2751
510  73   001  72   001  66   001  62   001  59   001  69   001  86   571
 104   771 121  1071 136  1071 149   971 156  1571 158  1571 152  1471 141  1271
 129  1171 120  1271 113  1371 110  1471 108  1471 107  1371 107  1371 106  1471
 105  1471 104  1571 105  1571 107  1671 110  1671 115  1471 120  1371 127  1171
 137  1271 145  1371 154  1471 158  1471 161  1451 158  1411 150  1351 140  1151
 130  1011 122  1151 117  1351 112  1411 108  1451 104  1451 100  1411  96  1551
  91  1551  86  1611  80  1751  76  1751  74  1811  77  1851  84  1651  94  1511
 106  1651 119  1751 130  1711 137  1851 139  1851 137  1911 130  1751 119  1451
 108  1211  98  1451  89  1351  82  1411  77  1551  74  1651  71  1611  67  1751
  63  1751  58  1811  54  1951  52  2051  53  2111  59  1951  70  1651
579  69   001  66   001  68   001  62   001  68   001  84   001 103   471
 120   971 136  1171 150  1171 162  1171 169  1371 168  1411 155  1351 137  1251
 120  1111 110  1251 106  1351 104  1411 102  1451 100  1551  98  1511  97  1651
  96  1751  94  1811  91  1851  88  1851  89  1811  94  1851 103  1751 115  1611
 128  1651 141  1651 154  1611 165  1651 172  1651 171  1611 160  1451 145  1551
 132  1411 127  1551 128  1651 130  1611 129  1651 126  1651 122  1611 120  1751
 118  1851 116  1911 113  2051 111  2051 110  2111 112  1951 116  1851 123  1611
 132  1751 142  1751 150  1811 155  1951 155  1951 149  2011 138  1851 125  1551
 115  1411 111  1551 111  1751 110  1811 105  1851  99  1851  94  1811  92  1951
  92  2051  91  2111  87  2151  84  2251  85  2211  93  2051 107  1751
588  60   001  57   001  57   001  54   001  53   001  65   001  88   471
 114   771 138  1071 158  1071 171  1171 176  1471 170  1511 151  1451 126  1451
 103  1311  87  1351  79  1351  74  1311  71  1551  70  1651  69  1811  69  1751
  68  1551  66  1411  63  1451  61  1451  62  1411  69  1351  81  1451  98  1311
 118  1451 138  1551 156  1611 168  1751 172  1851 165  1811 147  1751 123  1551
 103  1411  92  1451  89  1451  89  1411  89  1651  89  1751  88  1911  86  1851
  82  1751  79  1611  76  1651  75  1551  78  1511  85  1551  97  1551 111  1511
 127  1651 142  1751 156  1811 166  2051 170  2151 163  2311 144  2051 119  1851
  96  1511  82  1551  76  1451  73  1411  70  1651  67  1851  65  2011  64  1951
  63  1951  61  1811  59  1851  58  1751  62  1711  72  1751  88  1651
621 109   001 106   001 106   001 107   001 106   001 104   001 118   671
 132  1071 145  1271 157  1471 168  1371 176  1271 174  1011 156  1251 130  1351
 105  1611  90  1651  83  1451  82  1411  83  1651  85  1651  87  1711  87  1751
  86  1851  83  1811  79  1851  77  1951  80  1911  91  1851 107  1851 122  1711
 133  1851 141  1951 147  2011 152  1751 153  1351 149  1011 138  1251 123  1451
 110  1711 101  1651  96  1651  94  1611  93  1751  92  1751  91  1811  89  1851
  85  1951  81  1911  77  2051  75  2151  77  2211  85  2051  97  1751 110  1611
 122  1851 132  2051 142  2211 151  2051 155  1651 151  1411 136  1551 115  1551
  95  1611  82  1551  74  1551  69  1511  66  1751  63  1851  62  1911  61  2051
  60  2051  56  2111  49  2251  44  2451  47  2511  63  2251  87  1951
630  82   001  88   001  93   001  98   001 101   001 104   001 107   571
 111   971 116  1171 120  1171 124  1271 131  1671 133  1811 130  1551 124  1251
 118  1011 113  1251 110  1351 107  1411 103  1451  99  1451  94  1411  89  1551
  84  1651  81  1711  80  1751  82  1851  86  1811  92  1851 100  1751 108  1611
 115  1751 121  1751 125  1711 127  1851 128  1951 127  2011 125  1851 123  1551
 120  1311 117  1451 115  1551 114  1511 113  1551 113  1651 113  1611 112  1751
 111  1751 109  1811 107  1951 106  1951 105  2011 105  2051 107  1851 111  1711
 119  1951 127  1951 135  2111 140  2251 140  2151 137  2111 130  2151 121  1851
 112  1611 106  1651 101  1651  97  1611  92  1651  85  1751  79  1711  73  1851
  67  1951  62  2011  57  2151  55  2151  56  2211  63  2051  74  1951
643  89   001  92   001  88   001  87   001  90   001 110   001 123   471
 136   671 150   671 160   871 166   871 167  1071 163  1011 154  1051 143   951
 132   911 124   951 118  1051 113  1011 108  1051 104  1151 101  1111 101  1151
 101  1151 100  1111  96  1151  93  1151  94  1111 102  1151 115  1051 130  1011
 145  1051 159   951 170   911 177  1051 179  1151 174  1211 163  1151 148  1151
 136  1011 129  1051 126  1151 124  1111 121  1151 118  1251 115  1211 114  1251
 113  1251 111  1211 107  1151 103  1151 103  1011 110  1051 122  1151 137  1111
 153  1151 168  1151 180  1111 186  1151 186  1351 178  1411 163  1351 145  1351
 129  1211 118  1251 112  1251 106  1311 100  1451  93  1451  89  1511  87  1551
  86  1451  82  1411  74  1351  67  1351  70  1211  87  1251 113  1151
645  97   001  90   001  86   001  76   001  81   001  97   001 120   471
 137   871 152  1171 164  1171 172  1271 177  1371 173  1311 159  1251 141  1251
 124  1111 114  1151 110  1251 109  1211 108  1351 107  1351 107  1411 108  1451
 108  1451 105  1411  99  1451  94  1451  95  1411 106  1551 122  1551 139  1511
 152  1651 162  1751 170  1811 177  1851 181  1751 176  1711 161  1551 141  1451
 125  1211 119  1351 121  1451 125  1311 128  1451 129  1451 129  1511 127  1551
 124  1651 119  1611 112  1651 108  1751 108  1711 116  1651 130  1651 144  1511
 156  1651 165  1751 173  1811 179  1851 180  1951 173  2011 156  1751 135  1551
 117  1211 108  1251 106  1351 106  1411 106  1551 105  1651 103  1711 100  1751
  96  1751  90  1711  83  1751  80  1851  86  1811 104  1751 128  1551
650 105   001 101   001  93   001  95   001  99   001 126   001 138   771
 149   871 160  1271 170  1371 179  1271 183  1071 181   911 172   851 157   851
 142   711 132   851 125   951 120  1011 116  1251 112  1351 111  1511 112  1551
 113  1651 111  1611 105  1651  98  1751  97  1711 106  1651 120  1551 135  1411
 146  1451 154  1451 162  1411 171  1251 179  1151 178   911 167   951 151   851
 137   811 132   951 132   951 133  1011 132  1251 129  1351 126  1511 125  1651
 124  1651 121  1711 116  1851 111  1851 111  1911 117  1751 128  1651 139  1511
 148  1451 156  1451 163  1311 170  1251 174  1151 172  1011 161   951 145   951
 130   811 119   951 112   951 107  1011 101  1351  96  1551  93  1711  93  1851
  93  1851  90  1911  84  2051  78  2051  78  2111  89  1851 107  1651
675 132   001 121   001 112   001  96   001 106   001 116   001 125  1171
 143  1571 164  1471 182  1271 193  1271 197  1271 191  1111 175  1151 154  1151
 134  1111 119  1251 108  1351 100  1411  93  1551  88  1551  85  1611  86  1751
  87  1951  87  2011  83  2051  79  2051  78  2011  83  2151  95  2251 114  2311
 138  2151 163  2051 185  1711 198  1651 202  1551 195  1411 178  1351 155  1351
 134  1211 120  1351 111  1551 104  1611  98  1751  92  1751  88  1811  87  1951
  86  2151  85  2211  82  2251  78  2251  79  2211  86  2251  99  2251 117  2211
 139  2151 161  2051 180  1911 193  1851 197  1851 191  1711 173  1651 150  1451
 127  1311 110  1451  99  1651  90  1711  83  1851  77  1851  74  1911  73  2051
  73  2051  71  2111  66  2151  63  2251  64  2211  74  2151  92  2151
690 148   001 145   001 141   001 141   001 142   001 152   001 157   471
 162   671 168   771 174   771 178   671 179   771 176   711 170   851 162   951
 154  1011 146  1051 138  1051 133  1011 130  1051 128  1151 127  1111 126  1151
 124  1051 121  1011 118  1051 116  1051 118  1011 126  1151 137  1251 150  1211
 161  1351 170  1251 176  1211 179  1051 179  1051 177  1011 173   951 167  1051
 160  1011 153  1151 148  1151 143  1011 140  1051 138  1151 136  1111 133  1151
 130  1051 127  1011 124  1051 123  1051 125  1011 131  1151 141  1251 152  1311
 163  1351 173  1451 179  1511 181  1351 180  1351 175  1211 168  1151 160  1151
 152  1111 145  1051 140  1151 135  1011 130  1051 126  1051 123  1111 120  1051
 118  1051 116   911 113   951 112  1051 115  1011 123  1151 134  1251
747  94   001 101   001 108   001 106   001 111   001 114   001 129   471
 144   671 158   771 167   971 172   971 172  1171 168  1111 157  1151 146  1151
 136  1111 131  1151 130  1251 129  1111 127  1351 125  1551 123  1611 123  1751
 122  1751 118  1811 109  1851 102  1751 101  1711 112  1651 131  1451 151  1211
 167  1351 179  1451 187  1511 191  1451 190  1451 183  1411 171  1351 156  1251
 145  1111 140  1251 140  1351 140  1411 138  1551 135  1751 132  1811 130  1851
 129  1951 127  1911 123  1951 121  1951 122  1911 129  1651 142  1551 156  1211
 171  1451 183  1651 192  1811 196  1751 194  1751 186  1511 173  1451 159  1451
 145  1311 135  1451 128  1551 122  1611 116  1751 111  1951 107  2011 105  2051
 103  2051  99  2011  91  2051  85  2051  87  2011 103  1751 128  1551
NT  TEDF  78  35 1
20151112082015111203
20151112082015111204
20151112082015111205
20151112082015111206
20151112082015111207
20151112082015111208
20151112082015111209
20151112082015111210
20151112082015111211
20151112082015111212
20151112082015111213
20151112082015111214
20151112082015111215
20151112082015111216
20151112082015111217
20151112082015111218
20151112082015111219
20151112082015111220
20151112082015111221
20151112082015111222
20151112082015111223
20151112082015111300
20151112082015111301
20151112082015111302
20151112082015111303
20151112082015111304
20151112082015111305
20151112082015111306
20151112082015111307
20151112082015111308
20151112082015111309
20151112082015111310
20151112082015111311
20151112082015111312
20151112082015111313
20151112082015111314
20151112082015111315
20151112082015111316
20151112082015111317
20151112082015111318
20151112082015111319
20151112082015111320
20151112082015111321
20151112082015111322
20151112082015111323
20151112082015111400
20151112082015111401
20151112082015111402
20151112082015111403
20151112082015111404
20151112082015111405
20151112082015111406
20151112082015111407
20151112082015111408
20151112082015111409
20151112082015111410
20151112082015111411
20151112082015111412
20151112082015111413
20151112082015111414
20151112082015111415
20151112082015111416
20151112082015111417
20151112082015111418
20151112082015111419
20151112082015111420
20151112082015111421
20151112082015111422
20151112082015111423
20151112082015111500
20151112082015111501
20151112082015111502
20151112082015111503
20151112082015111504
20151112082015111505
20151112082015111506
20151112082015111507
20151112082015111508
002700140014001400180015001517151715271527152716371631163516351631163516351
63116351735173116351635153115351535143114351335133114351535153115351335123112351
13512311235133514311435143514311435143513311335143514311535153516311635153515311
53516351631173517351631163516351631163516351631163516351531153515351531153516351
005600180014001400170015001517151715271527152715371431153515351531153515351
63116351635163116351535153116351635163116351635153115351535153115351535143114351
33513311335143514311535153515311435143514311435143514311535163517311735173517311
73517351731173517351731173516351631163516351631163516351531153515351531153516351
015600140014001400170016001617161716271627152715271531153515351531163516351
63116351635163116351735173117351735163115351535143115351635163117351735163115351
33512311235133514311435153515311435143514311435143514311435153515311635163516311
73517351731163516351631163516351631163516351531153516351631153515351531163516351
027700170015001400150015001517151715271527162716371631163516351631163516351
63116351635153115351635163116351535153115351435143114351535153115351535153115351
53514311435143514311435143514311435153515311435143514311435153515311635163516311
63516351631163516351631153515351531153515351531163516351631163516351631163517351
070700160014001500160014001517151716271627152715371531153514351431143514351
43114351435143114351535163116351735173117351735173117351735173116351635153115351
63516311535153514311435143514311435143515311535163516311635163516311635173517311
73517351631163516351531153515351631163516351631163516351631163517351731173517351
110600150014001300130014001517152716271627172717371731163516351631153515351
53116351635153114351235123112351335143114351335133113351435143114351335133112351
23512311335133514311435133513311335133513311335143514311435153515311635163516311
63516351631163515351531153515351531153516351631163516351531153515351431143515351
120700140015001400130014001527162716271627162715271531153516351731173517351
73116351635153115351435143113351335133113351435143115351535153115351435143114351
53515311535143514311435143515311535153515311535153515311535143514311535163517311
73517351731163516351531153516351631163516351631163516351631163515351531153515351
130600140016001400170013001427152716271627172717371731173516351631163516351
73117351735173117351635153114351335133113351335143114351535153115351535153114351
43513311335133514311435143514311435133513311335143514311435143514311435153515311
63516351731163516351531153515351531153516351631163516351631153515351531153516351
145400150014001400140014001517152715271527152715371531153514351431143514351
43114351435143115351535163116351635163116351635163116351635153115351535153115351
53515311535143514311435143514311535143514311435153515311535153516311635163516311
63516351631163516351631163516351631163516351631163515351531153515351531163516351
149600150016001400140015001517151715271527152715371531143514351431153515351
43114351435143115351535163116351635163116351635163116351635163115351535153115351
53515311535143514311435143514311435143514311435153515311535163516311635163516311
63516351631163516351631163516351631163516351531153515351531153515351531163516351
156500150015001400140014001417151715271527152715371531143514351431143514351
43114351435153115351535163116351635163116351635163116351635153115351535153115351
53515311535143514311435143514311435143514311435153515311535153515311635163516311
63516351631163516351631163516351631163516351631153515351531153515351531163516351
168600170017001400130015001507141714171427142713271331133513351331123512351
13111351235133113351435153115351635163117351735173117351735173116351635153115351
43514311535153515311535143514311435143514311535153515311535153515311535153515311
53515351531153515351531153516351631163516351631163516351631163516351631163517351
180700170017001600100014001427142714271427142714371431143513351331133514351
43114351335133113351435143115351535153116351735173117351735173117351735173116351
53514311535153516311535153515311435143514311535153515311635163517311735173517311
73517351731173517351731163516351631163516351631163516351631163516351631163517351
190200140015001700170018001817172716271527152714371431133513351231123512351
23112351235123112351235133113351435153115351535163116351735173117351635153115351
63516311535153515311535153515311535153514311435143515311535163517311735173517311
73517351731173516351631163516351631163515351531153515351631163516351631173517351
222400140014001500170018001817182718271727173717371731163516351631153515351
53115351535153115351535153115351535153115351535143114351435143115351535153114351
23512311235133514311435143514311435143514311435143514311435143515311535143514311
53515351531153515351431143514351431143514351431143515351531153515351531163516351
240600160015001500170015001517141714271327132713371231133513351431153516351
63116351535143115351535163116351635163117351735173117351735173116351635153115351
43514311435133513311335143514311435143514311435143514311435143514311535153516311
63516351631163515351531153515351431143514351431143514351531153515351531163517351
255000100011001000100010001017111711171127122712371231123512351231113511351
13112351435153115351535143115351535163116351735173117351735173117351735163115351
53514311435143514311435143515311535143514311535153515311635163516311535153514311
43515351531153515351531143514351431143514351431143514351431143514351431153515351
260000100010001100110010001017102711271127112711371131113512351231123512351
23112351235133114351435153116351635163117351735173117351735173117351635163115351
43514311435143515311535153515311535143514311435143515311535163516311735163516311
53515351431153515351531153514351431143514351431143514351431143514351431143514351
280100140014001400150014001517152714271427132712371231123512351331143515351
53115351535153115351635163115351535153115351635173117351735173117351635163115351
53514311435133513311335143514311435153515311535153515311635163516311635163516311
53515351431143514351431143515351531153515351531163516351631163516351631163516351
299300100010001000100012001217122712271227122712271331133512351231123511351
23112351335133113351335133113351435143114351435143114351435153116351735173116351
53514311435143514311435143514311435143515311535153515311535153515311535153515311
53514351431143515351631163516351631163516351631163516351531153516351631163516351
434200120011001100100010001017111711271127112711371131123512351331133513351
33113351335133113351435143114351435153116351635173117351735173117351735163116351
53514311435143515311535143514311435143514311435143514311435153515311535153514311
43513351331133514351431143513351231123512351231123512351231123512351231123512351
460000100012001000100011001117112711271227122712371231123512351231123512351
23112351235123111351135123113351435153115351535143114351435153115351535153114351
43514311435143514311435143514311435143514311535153516311635153515311435143513311
23512351231123513351331133513351331123512351231123512351331133514351331133513351
481700170017001600150017001617161715271527142714271431143514351431143514351
43114351435143114351435143114351335133113351435143114351435143115351535153114351
33512311235123513311335133513311335133514311435143514311435143514311435153515311
43513351231133513351431153515351531153515351531153514351431133513351331133513351
497000100010001000110013001327122712271127112711271131123513351331133513351
23112351235133113351335133112351235123112351235123112351235123112351335133113351
33513311335133513311435143514311435133512311235123512311235123512311335133512311
23512351231113511351231123512351331133513351231133513351331133514351431143515351
510000140012001400110011001117112711271127112711371231123512351331143514351
53114351435143115351535153115351535153116351635173117351735173117351635153115351
43514311435143514311435143514311435143514311435143515311535163516311635163515311
43514351331133512351231123512351231123512351331133513351331143514351431133512351
579300130012001400140016001517142713271327122712371231123512351131113511351
13112351435143115351435143115351535153114351435133113351335133113351335133113351
43514311335123511311035113511311235133513311435143514311535153515311435123511311
13512351231133513351331123512351231123512351231123512351231123512351231123512351
588400140014001400130016001517151714271327132712271231123512351231123513351
33113351335133113351435143114351335123112351135123111351135113111351135113112351
33514311335123511311135113511311135113512311235133514311435153515311435123511311
13511351131113512351231123513351331133513351331143514351431133513351231133514351
621400130015001300130014001417131713271227122712371231123512351231123512351
23111351135113112351235133113351335133113351335133114351635173117351635163115351
53515311435143513311335133513311235133513311335133513311335143514311435133513311
33512351231113511351131113511351131113511351131113511351231123512351231123511351
630700170017001400170017001617162715271427142713371231123512351231133513351
33113351235123112351235133113351435143115351635173117351635163116351735173116351
53514311435153515311535153514311435143514311435143515311535163517311635153514311
43514351431133513351231123513351331123512351231133515351631163515351431143515351
643400140013001300160013001317132713271327132712271231123511351231123513351
43114351435143115351535153115351435133114351535153115351535153114351435143114351
43514311335123511311135113512311235123512311235133514311435143513311235123511311
13511351131113511351131113511351131113511351131113511351131113511351131113511351
645200140013001300150015001517141714271327132713371331133512351231123512351
33113351435153115351535153115351435143114351335133113351235123113351435143115351
43514311335123511311135113511311235123513311335143514311435143513311235113511311
13512351331133512351131113512351231123512351131113511351131113511351131113511351
650300120014001400140017001717162716271627152715271431133513351331133514351
53115351435143114351435143115351535153114351435143114351435143114351435153115351
43514311335123511311135113511311135113511311235123512311235123511311135113511311
13511351231123512351231123512351231123512351231123512351131113511351131123512351
675000110014001400150016001517151715271427142714371431143514351431143514351
43114351435143114351435143114351435143114351535153114351435133113351335133113351
33513311335123512311235123513311335133513311235123513311335143514311435133512311
23512351231123512351231123513351331143514351431143514351431143514351431143514351
690100110012001300140016001517152714271427142714271431143514351431143514351
43114351335133113351335133113351435143114351535153114351435133113351335143114351
53514311435133512311235123513311335133513311335133513311435143514311435133513311
23512351231123512351231123513351431133513351331133514351431143513351331133514351
747300130013001500150017001617161715171427132712371131123512351231133513351
33113351435143114351535153115351535143114351435133113351335133113351435143114351
43514311335133512311235123512311235123512311235123512311235123512311235123511311
13511351131113511351131113511351131113511351131113511351131113511351131113511351
