20150723181439
T2M TEDF  78  35 1
20150723182015072313
20150723182015072314
20150723182015072315
20150723182015072316
20150723182015072317
20150723182015072318
20150723182015072319
20150723182015072320
20150723182015072321
20150723182015072322
20150723182015072323
20150723182015072400
20150723182015072401
20150723182015072402
20150723182015072403
20150723182015072404
20150723182015072405
20150723182015072406
20150723182015072407
20150723182015072408
20150723182015072409
20150723182015072410
20150723182015072411
20150723182015072412
20150723182015072413
20150723182015072414
20150723182015072415
20150723182015072416
20150723182015072417
20150723182015072418
20150723182015072419
20150723182015072420
20150723182015072421
20150723182015072422
20150723182015072423
20150723182015072500
20150723182015072501
20150723182015072502
20150723182015072503
20150723182015072504
20150723182015072505
20150723182015072506
20150723182015072507
20150723182015072508
20150723182015072509
20150723182015072510
20150723182015072511
20150723182015072512
20150723182015072513
20150723182015072514
20150723182015072515
20150723182015072516
20150723182015072517
20150723182015072518
20150723182015072519
20150723182015072520
20150723182015072521
20150723182015072522
20150723182015072523
20150723182015072600
20150723182015072601
20150723182015072602
20150723182015072603
20150723182015072604
20150723182015072605
20150723182015072606
20150723182015072607
20150723182015072608
20150723182015072609
20150723182015072610
20150723182015072611
20150723182015072612
20150723182015072613
20150723182015072614
20150723182015072615
20150723182015072616
20150723182015072617
20150723182015072618
002 171   001 174   001 164   001 170   001 166   001 163   001 162   671
 160   871 157   871 154  1071 153  1271 151  1371 149  1371 147  1371 146  1371
 145  1271 146  1171 148  1071 153  1171 159  1271 165  1371 170  1371 176  1371
 180  1371 182  1471 182  1471 181  1571 181  1471 177  1471 175  1371 172  1271
 167  1071 164   971 162  1071 160  1171 159  1271 156  1271 151  1371 147  1371
 143  1251 140  1251 138  1111 138  1251 140  1351 142  1411 145  1551 147  1551
 150  1611 153  1751 155  1751 157  1711 159  1751 159  1651 158  1511 155  1451
 151  1251 147  1111 145  1251 143  1351 141  1411 139  1351 137  1351 135  1311
 134  1251 135  1251 136  1111 139  1251 143  1351 148  1411 154  1551 158  1651
 161  1711 161  1851 158  1951 155  2011 153  1951 152  1951 151  1811
005 191   001 195   001 186   001 182   001 180   001 180   001 168   471
 156   871 148   771 143   971 139  1171 137  1271 136  1371 136  1371 136  1471
 137  1371 139  1271 145  1171 154  1271 165  1371 174  1371 181  1571 187  1471
 193  1571 201  1571 207  1571 210  1571 208  1471 202  1471 192  1271 182  1171
 173  1171 165  1071 161  1171 158  1171 155  1271 152  1371 149  1471 143  1571
 138  1371 134  1271 133  1071 137  1271 142  1471 146  1671 149  1671 149  1771
 151  1771 155  1771 161  1771 165  1771 167  1571 165  1671 159  1571 150  1371
 140  1271 130  1071 125  1171 122  1271 120  1371 118  1451 117  1451 116  1511
 117  1351 120  1251 126  1011 134  1251 143  1451 152  1611 160  1751 167  1951
 171  2011 172  2051 171  1951 166  1911 159  1851 151  1851 146  1711
015 231   001 229   001 227   001 224   001 215   001 211   001 196   771
 181  1071 168  1171 159  1171 151  1271 146  1271 143  1271 141  1171 141  1171
 143  1071 148   971 156   871 164   971 175  1071 185  1171 195  1371 203  1471
 211  1671 215  1571 219  1371 219  1271 218  1271 214  1271 207  1271 197  1171
 185  1171 174  1071 169  1171 167  1171 165  1271 163  1271 160  1171 157  1171
 154  1071 152   871 151   771 151   971 151  1071 152  1271 154  1471 156  1671
 160  1771 163  1771 166  1771 169  1671 171  1571 171  1571 167  1571 158  1471
 147  1371 137  1271 131  1271 127  1471 124  1471 122  1251 120  1351 120  1311
 121  1151 123  1051 130   811 141  1051 155  1251 169  1411 181  1651 191  1951
 198  2111 202  2151 201  2151 196  2111 186  2051 173  1951 162  1811
027 197   001 204   001 200   001 196   001 184   001 179   001 174   871
 166   871 158   771 151  1071 148  1371 146  1371 145  1371 142  1471 141  1471
 141  1271 141  1071 144   871 150  1171 158  1371 169  1671 179  1571 189  1571
 196  1571 199  1671 199  1671 197  1771 195  1571 192  1471 187  1271 181  1371
 170  1371 162  1371 156  1371 149  1371 144  1371 139  1471 133  1671 129  1771
 126  1571 125  1271 128  1071 136  1271 147  1571 157  1771 166  1771 173  1771
 178  1771 182  1671 184  1771 185  1771 184  1671 180  1571 173  1471 161  1471
 147  1571 135  1571 127  1571 121  1471 118  1471 114  1551 113  1651 115  1711
 120  1551 126  1251 133  1011 139  1351 143  1551 147  1811 150  1851 154  1951
 158  1911 164  1951 169  1851 173  1811 174  1651 173  1551 169  1311
070 237   001 248   001 237   001 240   001 239   001 230   001 214   871
 198  1371 185  1571 176  1671 171  1771 165  1871 160  1971 154  2071 153  2171
 156  1871 164  1571 174  1271 188  1271 201  1271 216  1271 231  1371 246  1371
 256  1371 262  1571 264  1671 262  1771 257  1671 249  1571 236  1471 220  1571
 202  1571 187  1671 178  1871 175  1971 173  2071 168  2171 165  2271 162  2471
 162  2071 164  1671 167  1271 170  1271 173  1371 175  1571 177  1471 179  1471
 182  1471 186  1571 190  1671 193  1871 195  1771 194  1871 187  1771 174  1671
 159  1571 146  1571 137  1871 132  1971 129  2171 120  2251 119  2451 119  2511
 121  2151 126  1751 136  1311 151  1351 170  1351 188  1311 203  1451 215  1451
 223  1511 226  1751 225  1951 219  2111 209  2151 196  2151 185  2011
110 191   001 186   001 177   001 174   001 159   001 153   001 146   771
 144   871 143   671 142   771 139   771 138   871 137   971 137  1071 138  1171
 137  1071 138   971 141   871 149   971 160  1071 170  1171 176  1271 179  1271
 181  1271 183  1371 184  1471 184  1571 182  1471 176  1471 169  1371 159  1171
 148  1071 140   871 135   971 133  1071 130  1171 128  1271 125  1371 124  1471
 124  1271 126  1171 131   971 139   971 148  1071 158  1071 166  1171 173  1171
 177  1171 179  1271 180  1271 179  1371 177  1471 174  1371 169  1371 161  1271
 153  1071 146   971 141  1071 139  1171 138  1271 134  1451 133  1451 133  1511
 136  1351 141  1251 146  1011 150  1051 154  1151 158  1111 163  1151 167  1251
 171  1211 174  1351 175  1351 176  1411 176  1451 176  1451 173  1411
120 187   001 192   001 184   001 177   001 170   001 164   001 162   771
 160   971 157  1071 156  1071 155  1171 154  1071 154  1071 153  1171 151  1171
 149  1171 149  1171 152  1171 158  1271 168  1271 174  1371 179  1471 179  1471
 178  1471 177  1571 177  1571 179  1671 183  1571 185  1771 183  1771 173  1571
 157  1571 144  1371 137  1371 135  1271 132  1271 130  1271 127  1371 124  1371
 123  1271 124  1271 128  1171 136  1271 146  1271 156  1371 166  1471 173  1471
 177  1571 178  1671 176  1671 174  1771 172  1871 170  2071 165  2171 158  1971
 149  1671 142  1471 139  1471 138  1471 137  1471 127  1451 127  1451 128  1511
 132  1451 138  1351 143  1211 145  1251 146  1351 149  1311 155  1451 162  1551
 169  1611 173  1751 176  1751 179  1811 182  1951 184  1951 182  2011
130 236   001 236   001 235   001 230   001 234   001 214   001 203   671
 190   871 178   971 169   971 163  1271 159  1371 157  1371 153  1471 150  1471
 148  1371 148  1171 153  1071 163  1171 179  1471 191  1571 200  1571 205  1571
 205  1571 203  1771 201  1971 200  2171 201  2071 201  1871 199  1771 192  1571
 181  1371 169  1171 158  1271 150  1371 143  1471 136  1571 131  1771 128  1871
 126  1671 127  1471 133  1271 144  1371 157  1571 171  1671 181  1671 188  1571
 195  1571 201  1771 206  1971 208  2171 206  2171 200  1971 190  1871 178  1771
 165  1471 154  1371 145  1471 139  1571 135  1671 124  1751 123  1951 125  2011
 129  1851 136  1551 142  1311 148  1451 153  1551 158  1611 163  1651 168  1751
 175  1711 183  1951 190  2151 194  2311 194  2251 191  2151 185  2011
145 226   001 229   001 227   001 246   001 238   001 225   001 213  1171
 201  1371 189  1371 177  1371 165  1271 158  1271 155  1271 153  1171 153  1171
 153  1171 156  1271 162  1271 171  1371 183  1471 195  1471 205  1571 214  1471
 222  1471 233  1471 241  1471 244  1471 240  1571 230  1571 218  1671 208  1671
 199  1571 192  1471 185  1471 177  1371 170  1371 161  1371 153  1271 146  1271
 141  1271 138  1271 139  1271 143  1371 150  1371 159  1471 167  1571 175  1671
 182  1771 190  1871 196  2071 200  2171 201  2171 199  2171 193  2171 184  1971
 172  1871 160  1671 147  1571 136  1471 127  1371 125  1251 123  1251 124  1211
 126  1251 131  1351 140  1311 152  1351 167  1451 181  1411 193  1551 202  1751
 210  1811 217  1951 220  2151 216  2211 204  2251 187  2351 172  2311
149 241   001 242   001 243   001 238   001 260   001 247   001 233   771
 218   971 203  1571 190  1171 179  1271 170  1271 163  1271 159  1371 158  1371
 159  1271 163  1071 170   971 180  1071 190  1271 204  1271 218  1271 230  1271
 241  1271 250  1271 254  1371 254  1371 251  1371 244  1471 234  1471 223  1371
 209  1371 199  1271 191  1371 185  1371 177  1471 168  1471 161  1471 153  1471
 149  1371 148  1171 151  1071 156  1271 163  1371 172  1571 181  1571 190  1571
 199  1571 205  1771 211  1871 214  2071 216  1971 215  1971 210  1871 200  1671
 186  1571 170  1371 156  1371 145  1471 136  1471 135  1451 131  1551 129  1511
 130  1351 135  1151 144   911 157  1151 173  1251 190  1411 206  1451 219  1551
 229  1511 235  1751 235  2051 230  2211 218  2251 203  2151 189  2111
156 239   001 235   001 237   001 238   001 253   001 238   001 224   671
 214   771 203  1071 193  1171 186  1171 180  1171 177  1071 175   971 174   871
 173   871 174   871 178   871 186  1071 197  1271 208  1471 221  1471 233  1271
 246  1271 254  1371 259  1371 259  1471 255  1471 248  1571 237  1571 228  1571
 218  1471 208  1371 202  1371 196  1271 189  1271 184  1171 179  1171 171  1071
 165  1071 160   971 158   971 162  1171 168  1371 175  1571 182  1571 190  1471
 196  1471 204  1771 210  1871 214  2071 215  2051 214  1951 209  1911 201  1751
 191  1651 180  1411 169  1351 159  1251 151  1111 155  1151 152  1151 150  1011
 149   951 149   951 155   811 167  1051 182  1351 197  1511 210  1651 219  1651
 226  1711 230  1951 231  2151 227  2311 217  2351 203  2451 190  2411
168 247   001 258   001 256   001 251   001 255   001 250   001 231  1771
 210  1671 194  1871 183  1871 178  1971 174  1971 167  1971 158  1971 154  1971
 157  1671 168  1371 183  1071 203  1071 223  1171 244  1171 264  1171 280  1271
 289  1271 290  1371 287  1371 280  1471 273  1471 264  1471 252  1471 236  1671
 216  1771 200  1871 191  1971 184  2071 179  2171 172  2171 166  2271 163  2271
 167  1871 174  1571 181  1171 186  1271 190  1371 194  1471 200  1371 207  1271
 213  1171 216  1371 218  1471 219  1671 220  1751 219  1751 210  1811 193  1851
 171  1951 153  1911 143  2051 138  2251 133  2311 121  2351 117  2351 116  2411
 121  2051 131  1651 146  1211 164  1251 184  1351 204  1311 222  1351 237  1351
 248  1311 254  1451 255  1551 251  1611 243  1751 232  1951 218  2011
180 264   001 274   001 265   001 260   001 251   001 253   001 241  1471
 230  1771 220  1871 212  1471 205  1371 199  1371 187  1471 179  1471 176  1571
 182  1371 196  1171 211   971 226  1171 241  1271 256  1471 271  1371 285  1371
 299  1271 308  1471 314  1571 314  1771 307  1671 295  1671 280  1671 261  1571
 244  1571 228  1371 215  1371 203  1371 192  1371 183  1471 176  1571 174  1671
 179  1471 187  1371 194  1171 197  1371 199  1671 200  1871 202  1671 205  1471
 208  1371 209  1371 208  1371 206  1371 203  1571 199  1571 193  1771 185  1671
 174  1671 163  1571 153  1671 144  1571 135  1571 127  1551 121  1751 119  1811
 123  1651 133  1351 145  1111 158  1451 173  1651 188  1911 205  1851 220  1651
 232  1511 238  1551 240  1551 240  1511 238  1751 235  2051 228  2211
190 268   001 281   001 271   001 268   001 267   001 259   001 250  1171
 236  1571 223  1671 214  1771 208  1471 202  1571 194  1571 188  1471 186  1471
 191  1371 201  1371 214  1271 228  1371 242  1371 256  1471 270  1571 285  1771
 299  1771 314  1871 325  1771 331  1671 331  1671 324  1671 309  1771 289  1671
 265  1471 245  1371 228  1471 215  1571 206  1671 196  1671 188  1571 185  1571
 189  1471 197  1471 205  1371 210  1371 213  1471 215  1471 217  1471 220  1371
 223  1471 226  1471 227  1371 226  1271 221  1271 212  1371 201  1371 189  1271
 176  1371 165  1271 158  1371 151  1471 144  1571 136  1751 130  1751 128  1711
 133  1651 143  1551 155  1411 168  1451 181  1451 194  1411 207  1551 219  1751
 230  1811 240  1751 249  1551 255  1411 257  1551 255  1651 246  1711
222 249   001 258   001 261   001 260   001 244   001 231   001 219   671
 207   771 195  1271 185  1371 178  1371 175  1471 173  1471 171  1471 169  1471
 167  1271 168  1171 171   971 180  1171 194  1371 204  1571 209  1571 210  1771
 209  1771 205  1771 203  1771 201  1771 201  1471 200  1471 198  1371 190  1271
 182  1271 174  1171 166  1271 160  1371 155  1471 147  1571 141  1571 138  1671
 136  1471 136  1171 142   971 153  1171 166  1371 180  1571 192  1571 201  1771
 208  1771 213  1771 216  1771 215  1771 211  1771 203  1671 192  1571 178  1471
 163  1371 151  1271 142  1371 137  1471 134  1571 134  1551 133  1651 134  1711
 138  1551 145  1251 152  1011 159  1251 167  1551 175  1711 184  1751 192  1851
 200  1811 206  1851 209  1851 209  1811 206  1751 201  1751 193  1611
240 237   001 240   001 246   001 253   001 263   001 258   001 244   971
 228  1071 212  1071 198  1071 186  1071 176  1071 168  1071 164  1071 162  1071
 162   971 164   971 170   871 180  1071 193  1371 207  1571 220  1471 230  1571
 238  1571 242  1571 241  1671 237  1671 230  1571 222  1471 213  1571 204  1371
 196  1171 189   971 183   971 177  1071 171  1071 163  1171 155  1271 147  1371
 141  1271 138  1071 140   971 148  1271 161  1571 174  1871 186  1871 196  1871
 205  1871 212  1871 218  1971 222  1871 223  1751 221  1651 214  1611 202  1551
 187  1451 172  1311 159  1351 149  1251 141  1211 136  1251 133  1451 133  1511
 136  1351 142  1251 151  1011 163  1251 176  1451 189  1611 201  1651 212  1751
 221  1711 227  1751 230  1851 229  1811 224  1851 216  1751 207  1711
255 249   001 262   001 266   001 271   001 257   001 258   001 246   971
 229   971 213  1371 200  1071 192  1171 185  1171 176  1171 168  1071 163  1071
 163  1071 168  1071 179  1071 195  1171 215  1271 233  1371 249  1371 261  1371
 266  1371 266  1471 261  1571 255  1671 249  1471 243  1371 235  1271 225  1271
 214  1171 204  1271 195  1171 188  1171 182  1171 173  1271 164  1271 158  1371
 156  1271 157  1171 161  1071 167  1271 174  1471 181  1571 189  1571 196  1471
 202  1471 209  1571 215  1571 219  1671 222  1551 222  1451 217  1311 206  1251
 193  1251 179  1111 168  1251 159  1351 151  1411 146  1351 140  1351 136  1411
 136  1351 140  1251 150  1111 166  1251 186  1451 205  1511 221  1551 233  1451
 241  1411 246  1651 248  1751 246  1911 241  1851 234  1651 224  1511
260 270   001 260   001 266   001 280   001 259   001 261   001 242   971
 222  1271 205  1571 188  1671 174  1971 164  1871 155  1971 147  1971 146  2071
 150  1771 159  1371 176  1071 197  1071 222  1171 246  1271 266  1271 279  1571
 286  1671 286  1471 282  1471 276  1371 270  1271 263  1271 253  1171 238  1471
 221  1871 205  2271 191  2171 181  2071 172  2071 164  2171 159  2371 158  2471
 163  1971 171  1571 180  1071 186  1271 190  1371 195  1571 200  1671 207  1571
 213  1571 217  1571 220  1471 224  1471 228  1371 228  1371 222  1271 207  1571
 186  1771 165  1971 150  2071 139  2071 130  2171 123  2251 118  2351 117  2511
 122  2151 133  1751 149  1311 168  1351 189  1451 209  1411 227  1551 241  1551
 251  1611 256  1651 256  1651 255  1611 253  1551 249  1551 241  1411
280 284   001 282   001 290   001 287   001 277   001 275   001 258   971
 243  1571 231  1771 219  1671 208  1471 199  1471 191  1571 186  1571 183  1671
 185  1471 193  1271 205  1071 222  1271 241  1471 257  1571 273  1671 287  1671
 302  1771 315  1771 326  1671 328  1671 320  1571 305  1271 286  1271 267  1371
 250  1471 234  1471 220  1571 209  1571 198  1671 189  1671 182  1771 180  1771
 184  1571 191  1371 199  1171 205  1371 209  1371 212  1571 216  1571 219  1571
 225  1571 230  1471 235  1371 237  1271 235  1371 228  1271 219  1271 206  1371
 193  1471 180  1671 169  1671 160  1771 151  1771 141  1651 134  1751 132  1811
 136  1651 145  1351 157  1111 170  1351 184  1551 199  1711 216  1751 233  1651
 248  1611 260  1651 268  1551 271  1511 270  1451 264  1451 254  1311
299 247   001 244   001 251   001 257   001 260   001 257   001 241  1371
 225  1571 211  1771 200  1871 191  1571 184  1571 178  1571 171  1671 170  1671
 176  1471 188  1271 204  1071 222  1371 239  1571 256  1771 271  1671 284  1571
 296  1571 306  1371 314  1371 320  1271 323  1471 319  1471 306  1571 282  1671
 253  1671 228  1871 213  1771 205  1671 198  1571 189  1671 179  1671 176  1771
 183  1571 194  1271 206  1071 212  1271 215  1571 218  1771 220  1471 224  1271
 226  1071 226  1071 225  1171 224  1171 222  1171 219  1271 210  1271 195  1371
 178  1471 162  1571 152  1571 147  1571 142  1571 133  1751 128  1851 126  1911
 130  1651 139  1451 151  1111 165  1351 181  1651 195  1811 208  1751 219  1551
 229  1411 239  1351 248  1351 255  1211 260  1351 259  1351 250  1411
434 247   001 255   001 259   001 263   001 260   001 259   001 248   771
 236   871 224  1371 212  1171 200  1271 189  1271 179  1271 174  1171 170  1171
 170  1171 172  1071 181  1071 196  1371 215  1571 232  1871 245  1771 254  1671
 260  1671 262  1571 262  1471 259  1371 253  1371 244  1271 232  1271 219  1371
 205  1371 192  1271 182  1271 175  1271 168  1271 162  1271 155  1171 149  1171
 145  1171 144  1071 147  1071 154  1371 164  1671 172  1971 179  2071 185  2071
 190  2071 196  1971 203  1971 208  1771 211  1671 210  1571 205  1571 194  1571
 181  1671 169  1571 159  1571 152  1471 147  1471 146  1251 140  1251 136  1211
 135  1251 138  1151 147  1111 162  1351 181  1551 198  1711 211  1751 222  1651
 231  1611 241  1651 250  1551 256  1511 257  1551 253  1551 244  1511
460 269   001 280   001 285   001 283   001 285   001 274   001 258  1071
 241  1071 224  1271 211  1371 201  1571 191  1571 183  1671 176  1671 170  1771
 170  1471 177  1271 193   971 217  1171 244  1471 270  1671 289  1671 302  1571
 309  1571 316  1771 318  1771 315  1871 305  1871 290  1671 272  1671 256  1671
 237  1671 225  1671 214  1771 206  1771 198  1871 191  1971 182  1971 179  2071
 178  1771 183  1371 190  1071 200  1371 209  1571 216  1871 221  1771 223  1671
 224  1471 224  1571 224  1671 225  1771 225  1771 223  1671 217  1671 206  1571
 192  1571 178  1471 170  1671 165  1771 158  1871 145  1951 139  2051 137  2111
 140  1851 149  1451 162  1111 179  1451 198  1751 218  2011 237  1951 254  1851
 266  1711 273  1851 277  1851 277  1911 275  1851 271  1851 263  1711
481 275   001 274   001 289   001 292   001 290   001 282   001 265  1071
 247  1371 233  1471 222  1571 214  1371 209  1271 204  1171 199  1071 195   971
 193  1071 194  1271 202  1371 216  1571 236  1571 258  1671 279  1571 297  1371
 312  1271 324  1271 331  1271 333  1271 329  1371 320  1571 305  1871 286  1971
 265  1971 248  1771 235  1671 225  1471 218  1271 213  1171 207  1171 204  1071
 202  1171 202  1371 205  1471 210  1571 218  1571 226  1671 232  1471 238  1271
 240  1071 240   971 238  1171 236  1171 232  1371 228  1471 221  1571 212  1571
 201  1571 191  1471 185  1371 181  1471 178  1371 168  1251 162  1251 158  1211
 156  1251 158  1351 165  1311 177  1551 193  1651 211  1811 228  1751 244  1651
 258  1511 270  1451 280  1351 287  1211 290  1351 288  1551 281  1611
497 275   001 282   001 291   001 289   001 281   001 248   001 233   671
 218   771 204   971 193  1171 184  1371 177  1371 172  1371 164  1471 159  1471
 159  1371 166  1171 180  1071 203  1271 230  1471 257  1671 278  1671 293  1871
 301  1871 303  1971 300  1951 293  1771 284  1771 271  1871 255  1871 237  1771
 219  1571 204  1471 195  1471 190  1271 185  1271 178  1271 171  1371 166  1371
 165  1271 168  1171 174  1071 183  1171 196  1471 210  1571 225  1671 239  1771
 250  1871 256  1971 256  2071 250  2171 239  1971 224  1971 207  1871 190  1671
 175  1571 164  1371 157  1371 153  1471 149  1471 139  1351 132  1451 126  1411
 124  1351 128  1151 139  1011 158  1251 182  1351 207  1511 229  1551 248  1551
 263  1511 274  1651 279  1751 277  1811 266  1851 250  1751 232  1711
510 255   001 277   001 282   001 289   001 288   001 268   001 247   871
 231   971 216   871 203   971 192   971 183   971 177   971 174  1071 171  1071
 171  1071 175  1171 185  1171 203  1171 224  1271 243  1271 252  1371 255  1471
 257  1571 260  1571 261  1471 260  1471 255  1471 247  1471 236  1471 225  1471
 214  1371 203  1371 195  1271 190  1271 185  1171 181  1271 177  1371 175  1471
 174  1371 175  1371 180  1271 188  1471 197  1671 207  1871 217  1871 225  1971
 232  1871 238  1771 242  1671 243  1571 240  1571 234  1471 223  1471 209  1571
 193  1371 178  1371 168  1371 161  1371 156  1271 151  1351 147  1451 145  1511
 147  1451 152  1351 164  1211 182  1451 202  1551 223  1711 240  1751 255  1851
 267  1811 277  1851 285  1751 287  1711 283  1751 274  1751 261  1711
579 326   001 329   001 332   001 326   001 322   001 312   001 297   671
 283   671 271   671 260   871 252  1071 244  1171 238  1271 232  1371 228  1471
 227  1371 231  1171 241  1071 258  1071 278  1271 296  1271 312  1171 324  1171
 335  1071 344  1171 350  1171 348  1171 337  1071 321  1071 302   971 284   871
 269   871 258   771 248   871 241  1071 235  1171 230  1271 227  1471 225  1571
 226  1371 230  1271 239  1071 251  1071 267  1171 280  1171 288  1171 294  1171
 296  1171 297  1271 295  1271 292  1271 287  1271 280  1271 270  1271 258  1171
 245  1071 233   971 225  1071 218  1271 212  1371 201  1451 194  1551 189  1711
 189  1551 193  1251 203  1011 218  1051 235  1151 253  1111 269  1151 283  1251
 296  1211 307  1351 315  1451 318  1511 315  1451 307  1451 294  1311
588 318   001 334   001 312   001 279   001 271   001 263   001 258   671
 252   771 244   871 235  1171 226  1371 217  1471 210  1571 203  1571 200  1671
 201  1471 206  1171 218   971 236   971 259   971 281  1071 301  1171 316  1171
 321  1271 316  1671 305  2071 294  2471 287  2171 283  1971 277  1771 265  1571
 251  1371 237  1171 224  1271 214  1471 208  1571 203  1571 200  1571 199  1571
 200  1371 206  1071 216   871 234   871 255   971 274   971 288  1071 297  1271
 299  1371 298  1871 294  2371 289  2871 285  2571 279  2171 272  1871 260  1671
 245  1471 231  1271 217  1371 206  1371 198  1471 187  1451 181  1551 177  1511
 174  1351 176  1151 184   911 200   951 222   951 245   911 266  1051 284  1151
 297  1211 304  1751 306  2251 304  2711 300  2451 293  2251 282  1911
621 236   001 244   001 253   001 259   001 261   001 255   001 237   771
 218   971 201  1171 188  1271 179  1271 173  1171 169  1171 167  1171 164  1171
 164  1071 166   971 175   871 193  1171 215  1371 235  1771 251  1871 260  1971
 264  2071 265  2171 262  2271 258  2271 254  2171 248  2071 237  2071 223  1771
 206  1671 190  1471 182  1371 179  1371 176  1271 173  1271 168  1371 164  1371
 162  1271 162  1071 165   971 172  1371 182  1671 193  2171 202  2171 210  2171
 215  2171 218  2271 219  2371 219  2471 218  2251 216  2051 209  1911 197  1751
 183  1551 170  1411 161  1451 155  1451 151  1311 151  1251 148  1351 144  1311
 140  1251 140  1051 148   911 166  1251 190  1551 215  1811 236  1951 253  1951
 265  2011 273  2151 278  2351 280  2411 279  2251 274  2051 263  1811
630 264   001 273   001 279   001 279   001 279   001 276   001 265  1171
 253  1271 241  1171 229  1071 217  1071 205   971 195   971 189   871 184   871
 181   871 183   771 193   771 212   871 238  1171 261  1271 277  1371 289  1371
 297  1371 304  1371 307  1471 306  1371 299  1471 288  1571 275  1671 262  1571
 249  1471 236  1371 225  1271 215  1171 207  1071 200   971 194   971 189   871
 186   871 185   771 188   771 195   971 204  1371 212  1571 220  1571 226  1371
 233  1371 240  1371 247  1271 252  1271 254  1471 251  1671 245  1771 235  1771
 223  1671 211  1671 200  1471 191  1371 183  1171 173  1051 166   951 160   811
 157   851 158   851 166   811 182  1051 202  1151 222  1311 239  1251 254  1251
 267  1111 280  1251 292  1351 302  1411 307  1551 307  1751 300  1811
643 328   001 339   001 334   001 343   001 365   001 338   001 314  1071
 295  1071 282  1171 272  1071 263  1171 255  1171 247  1171 240  1171 234  1171
 233  1171 239  1271 249  1271 266  1271 284  1171 298  1171 307  1171 307  1171
 307  1171 307  1271 306  1271 303  1371 297  1471 290  1471 282  1571 275  1471
 270  1371 264  1271 261  1271 258  1171 253  1171 246  1171 239  1171 234  1171
 233  1151 236  1271 242  1271 252  1371 264  1371 275  1471 283  1471 288  1471
 292  1471 296  1271 298  1171 300  1071 300  1271 297  1571 290  1771 278  1671
 262  1471 249  1371 239  1471 232  1571 225  1571 217  1451 209  1351 204  1311
 203  1351 208  1351 219  1311 235  1451 253  1451 268  1511 278  1551 283  1451
 287  1411 291  1451 294  1551 294  1511 288  1751 280  1851 271  2011
645 343   001 348   001 349   001 348   001 333   001 325   001 307   871
 290   971 275   771 262   971 254  1071 248  1171 243  1171 237  1071 234  1071
 234   971 239   871 248   771 266   871 285   871 305  1071 320  1071 333  1071
 341  1071 347  1171 349  1171 343  1271 329  1271 311  1371 291  1371 275  1371
 261  1171 251  1071 246  1171 243  1171 240  1271 237  1271 234  1171 232  1171
 232  1071 235   971 242   871 252   971 266  1171 278  1271 288  1271 296  1171
 301  1171 305  1171 307  1371 305  1471 299  1471 290  1571 278  1571 264  1471
 250  1271 238  1271 229  1371 222  1471 216  1571 209  1351 205  1351 202  1311
 201  1151 204  1051 213   811 228   951 247  1051 266  1111 283  1151 297  1251
 308  1211 315  1351 319  1551 319  1611 316  1651 309  1651 298  1611
650 342   001 342   001 343   001 338   001 337   001 330   001 316   671
 302   671 289   771 277   871 267  1071 257  1171 249  1271 241  1471 238  1571
 239  1371 245  1271 256  1071 272  1171 290  1171 306  1271 317  1171 324  1171
 328  1071 329  1171 327  1271 321  1371 312  1371 302  1171 289  1171 280  1171
 271  1171 263  1071 257  1071 252  1171 247  1171 241  1271 238  1471 237  1571
 239  1471 244  1271 251  1171 262  1271 272  1171 283  1271 292  1171 299  1171
 304  1071 305  1171 305  1171 303  1171 301  1171 295  1271 288  1271 277  1271
 264  1171 253  1071 245  1271 239  1271 231  1371 220  1251 211  1451 205  1511
 203  1351 205  1251 214  1011 229  1151 248  1351 266  1411 281  1351 292  1351
 300  1211 305  1151 306  1151 304  1011 298  1151 289  1251 279  1311
675 284   001 264   001 288   001 306   001 307   001 311   001 295   671
 278   871 264   971 250  1071 238  1271 228  1271 221  1371 216  1371 215  1471
 216  1471 223  1471 236  1471 256  1371 281  1171 304  1071 323  1171 336  1171
 344  1271 347  1271 345  1171 340  1171 333  1171 325  1271 311  1271 296  1171
 278  1171 264  1071 251  1171 242  1271 233  1371 224  1471 217  1471 212  1571
 212  1571 219  1471 233  1471 257  1371 285  1271 311  1171 331  1171 344  1171
 352  1171 354  1171 353  1271 348  1271 341  1271 332  1271 319  1271 303  1171
 284  1071 268   971 253  1171 241  1271 231  1471 215  1351 205  1451 198  1411
 196  1451 200  1351 213  1311 235  1351 262  1251 289  1211 310  1251 325  1251
 334  1211 337  1251 336  1351 332  1311 327  1351 319  1451 307  1411
690 290   001 291   001 281   001 280   001 279   001 284   001 279   771
 274   771 270   771 266   771 263   771 259   771 255   871 253   871 251   971
 252   871 255   871 262   771 271   771 281   871 288   871 291   871 291   771
 291   671 292   671 294   771 294   771 291   871 285   871 279   971 274  1071
 270   971 269   871 267   871 265   771 262   771 259   871 256   871 254   971
 255   971 258   871 264   871 272   871 281   971 291   971 300   871 307   871
 313   771 317   771 319   771 318   771 315   871 309   871 303   971 297   871
 292   971 285   771 277   771 269   771 262   771 252   851 246   951 243   911
 242   951 245   851 251   811 260   951 270   951 279  1011 285   951 289   951
 290   811 290   851 289   951 288   911 286   951 284  1051 280  1011
747 319   001 322   001 330   001 325   001 321   001 314   001 303  1271
 290  1271 278  1071 267  1171 259  1271 253  1271 244  1271 237  1271 231  1271
 227  1171 229   971 238   871 253   971 273  1171 290  1271 305  1271 313  1271
 316  1271 313  1371 307  1471 301  1671 296  1671 292  1671 287  1671 279  1471
 270  1271 261  1071 255  1071 251  1171 245  1171 240  1171 232  1271 227  1271
 224  1171 223  1071 226   971 232  1071 241  1271 252  1471 262  1471 271  1471
 278  1471 282  1571 283  1671 283  1671 281  1671 278  1571 272  1571 264  1371
 255  1271 245  1071 237  1171 231  1171 226  1271 221  1251 216  1351 212  1311
 210  1251 212  1051 219   911 233  1051 251  1251 269  1311 284  1351 295  1451
 303  1411 307  1551 308  1751 307  1811 305  1851 301  1751 295  1711
NT  TEDF  78  35 1
20150723182015072313
20150723182015072314
20150723182015072315
20150723182015072316
20150723182015072317
20150723182015072318
20150723182015072319
20150723182015072320
20150723182015072321
20150723182015072322
20150723182015072323
20150723182015072400
20150723182015072401
20150723182015072402
20150723182015072403
20150723182015072404
20150723182015072405
20150723182015072406
20150723182015072407
20150723182015072408
20150723182015072409
20150723182015072410
20150723182015072411
20150723182015072412
20150723182015072413
20150723182015072414
20150723182015072415
20150723182015072416
20150723182015072417
20150723182015072418
20150723182015072419
20150723182015072420
20150723182015072421
20150723182015072422
20150723182015072423
20150723182015072500
20150723182015072501
20150723182015072502
20150723182015072503
20150723182015072504
20150723182015072505
20150723182015072506
20150723182015072507
20150723182015072508
20150723182015072509
20150723182015072510
20150723182015072511
20150723182015072512
20150723182015072513
20150723182015072514
20150723182015072515
20150723182015072516
20150723182015072517
20150723182015072518
20150723182015072519
20150723182015072520
20150723182015072521
20150723182015072522
20150723182015072523
20150723182015072600
20150723182015072601
20150723182015072602
20150723182015072603
20150723182015072604
20150723182015072605
20150723182015072606
20150723182015072607
20150723182015072608
20150723182015072609
20150723182015072610
20150723182015072611
20150723182015072612
20150723182015072613
20150723182015072614
20150723182015072615
20150723182015072616
20150723182015072617
20150723182015072618
002300150015001400150015001527152715271527152715371535153516311635173517311
73517351731163517351731173517351731173517351731173517351731173517351731173517351
73117351735173116351535143114351435143113351235123113351435143114351435143114351
43514311435133512311235133513311335133513311435143515311535163516311635163516311
005600150015001600170017001627152715271527163716371635163517311735173517311
73516351631163516351731173517351731173517351731173517351731173517351731173517351
73117351735173117351635163115351535143114351435143114351435143114351435143114351
43514311435143514311435143514311435153515311435133513311435153516311735163516311
015800170017001500150016001527152715271537153715371535163516311635173517311
73517351631163516351531153516351631173517351731163514351331123513351431153516351
73117351735173117351735173117351735173116351635153114351435133113351335133113351
33514311435133513311235133513311435143514311435133513311435153516311735163516311
027700170017001800180018001727162716271627163716371635173517311735173517311
73517351731163516351631173517351731173517351731173516351631163516351631173517351
63115351435133112351235123113351435153115351535143114351335123112351235123113351
43515311535143512311235123512311335143515311535153515311635163516311735173516311
070600160015001500130013001327122713271327142714371435153515311635163517311
63515351531143514351431153515351631163516351731173517351731163515351431143514351
53115351635173117351735173117351735173117351635153114351335123111351235123112351
33513311435143514311535153515311435143513311235123512311235123513311435143515311
110800180018001800180018001827182717271727172717371635163516311635163517311
73517351731173517351731173517351731173517351631153514351331123513351331133513351
33113351335123113351335133113351335133113351435143113351335133113351435153116351
63516311635153515311535163516311635173517311735173517311735173517311635153514311
120700170018001800180018001727172716271627162717371735173517311735173517311
73517351731173517351731173517351731173517351731163516351531153515351531143514351
33113351335133113351435143114351435143113351235123112351235123112351335133114351
53516311635163515311435133513311435153516311735173517311735173516311635153514311
130300140017001600170016001627152715271527152716371635163517311735173517311
63515351531153516351731183518351731163515351431153515351631153515351431143514351
43113351235123113351435153115351535143114351435143114351335133113351335133114351
43515311535153515311435143514311435143515311635163517311735173517311735173517311
145700150014001400130013001427142714271527152715371535153515311635173517311
63515351431143514351431153516351731173517351731163514351431133513351331143515351
63116351635163116351735173116351435133113351435143114351335133113351335143114351
43514311335133513311235123512311335133514311435143514311435163516311735163516311
149700170016001300140011001227132714271427153715371535153515311635163516311
63515351431143514351431153516351731173517351731163516351531143513351331143515351
63116351635163116351635163115351435133114351435153114351435133113351335143114351
43513311335133513311335133513311335143514311435133513311435153516311635163516311
156700150016001300130012001327142714271527153715371535153515311635163517311
63515351431143514351431153516351731173517351731163516351531143514351431143515351
63116351635163116351735163115351435133113351435153114351435133113351335143114351
43513311335133513311235123513311335143514311435133513311435153516311635163515311
168700170016001700150010001027112711271127122713371335133513311435153515311
63516351631153514351431153515351631163517351631163516351531153515351531143513351
33114351535163116351535153115351535153115351535143114351435133113351235123111351
13512311235123513311335123512311235123512311235123512311235133513311435153516311
180700170017001700170015001427132712271227123712371335133513311335133513311
33513351431143514351431143514351431153515351531153515351531163516351731173516351
53113351235123113351435163116351635163116351635163115351435123112351135113112351
23512311235133513311335143514311435133513311235123512311235123513311435153515311
190700170016001700160015001427142713271327123712371235123512311235123512311
23512351131113511351131123512351231123512351231133514351431153515351631163516351
63115351435133112351235133114351635173117351635153115351435143114351435133113351
33513311335133514311435153515311535143513311235123511311235123513311435143515311
222000110012001300140016001627162715271527162716371635163516311635163517311
73517351731173517351731173517351631163515351431133513351231133514351431143513351
23113351335143114351435143113351335133113351435143114351435143114351435143114351
43514311535163516311735173516311635163516311635163517311735173517311635163515311
240700170016001400110010001027112712371227132713371435133514311535153516311
63515351431143515351631163517351731183518351731153513351231113512351331133513351
33114351435143114351435143113351335133113351435143114351335133112351235123113351
33514311435143514311435143514311435133513311235123513311435163517311735163515311
255700170017001500130010001027102710271127112711371235133514311435143513311
43514351431143514351431143515351631163516351631163516351531143513351231123512351
23113351435143114351435133114351435153114351335123112351135113111351235123113351
33514311435143513311335123512311235123512311235123512311235133513311435143515311
260700170017001500110010001027102710271027112711371135113511311335153516311
63515351431143514351431143514351531153516351631153513351231113511351131113511351
13112351335133114351435143114351435143113351235123111351135113112351235123112351
23512311235123511311135113511311235123512311235113512311235133514311435143514311
280700170017001600160014001427132713371237122711371135113511311135113511311
13511351131113511351231123513351431153515351531163516351631163515351531143513351
23112351135123112351335133114351435143115351535143114351335123111351135113112351
23513311235123512311135113512311235123512311235123512311235123512311335143514311
299800180017001300140016001527142713271327122712371135113511311135123512311
23511351131113511351231123512351231123511351131123513351431153516351631163515351
43113351335123112351235123112351235123112351335133112351235123112351235123112351
23512311235123512311335143514311435133512311235113511311235133513311335133512311
434000100010001000100010001027102711371137113711371235123513311235123512311
33514351531153515351431153515351531143513351231113511351131113512351231123512351
23112351335143115351535153115351435133112351235123112351235123112351235123112351
23512311235133513311335143513311335133512311235123512311235123512311235133513311
460100110011001100110011001137113711271127112711371135113511311135113511311
13511351131123512351231123513351331143514351431143513351231123512351131113511351
13112351235123112351235123113351435143114351235123111351135113111351135113111351
23512311235123513311435153515311435133512311135123512311235123512311335133513311
481600140010001000100010001127112712271227122711371135113511311135113511311
13511351131113511351131113511351131133514351531153516351631163516351531143513351
23112351235123112351235113111351135113112351235123112351235113111351135113112351
23512311235123511311135123512311235123511311135113511311135113511311235123513311
497600160016001500150015001427132712271227122712371235123512311335133513311
33513351331133514351531163517351731173516351631153515351531153516351731173516351
63116351635173117351635163114351335133114351535153115351335123111351235123113351
33513311335133513311335133513311235123512311235123512311235123512311235133513311
510000100010001000100010001127112711271137122712371135113511311335143515311
63516351531143514351431133514351431143514351331123512351131123512351331123512351
23111351135123113351435153114351335123112351235133114351435143114351435143113351
33513311435143515311535163515311535143513311235123512311235123512311235133514311
579000100010001000100010001027102710271127112711371135113511311135113511311
13511351131113511351131113511351131123513351431143514351431153515351531163516351
53114351335113111351135113111351135113112351335133113351235113112351235133113351
43513311335123511311135113511311235123512311235113512311235133513311335133513311
588400160017001800180018001727162716271527142713371235133513311335123511311
13511351131113512351231123512351231133513351431143514351431153515351631163515351
43113351235123111351135113111351135113111351235123112351135113111351135113112351
23512311235123511311135113511311135113511311135113511311135113511311135113511311
621300100010001000100010001127112711271127112711371135113511311135123512311
23512351231133515351631173517351731173516351531153515351531153516351631153515351
43114351335143115351635173117351635163116351535153115351435143113351335133113351
33512311235123513311335143515311435133512311135113512311235123511311135113512311
630000100010001000100010001127112711271127112711371135113511311135113511311
13511351131123513351431153515351631163516351631153514351431143515351631163515351
43114351335133112351135113112351435153114351335123112351335133113351335133112351
23513311335133513311335123512311235113511311135113511311135113511311135113511311
643000100010001000100010001027102710271127113711371135113511311135113511311
13511351131113511351131113511351131123514351531153515351531153514351431143514351
33113351235123111351135113111351135123112351135113111351135113111351235123113351
33513311235123511311135113512311235123511311135113512311235133513311435143513311
645000110010001000100010001027102710271027113711371135113511311135113511311
13511351131113511351131113511351131123513351431153515351631163516351631163516351
53114351235113111351135113111351135123112351235113111351135113111351235133113351
33513311235123511311135113511311235123512311235123512311235133514311435143514311
650000100010001000100010001027102710271127112711371135113511311135113511311
13511351131113511351131113511351131113511351231133514351531163516351731173517351
63115351435133112351135113111351135113112351235123112351135113111351135113111351
13511311135113511311135113511311135113511311135113512311235133513311435143514311
675600180017001600160015001527142714271327133713371335143514311435133512311
23512351231123512351231123512351231113511351131123513351331133513351331143515351
53115351335123111351135113111351135113111351135113111351135113111351135113111351
13511311135113511311135113512311235113511311135123512311235123512311235133513311
690500160017001700170017001737163715271537143713371335133513311335133513311
33513351331133513351331133513351331123512351131113511351231133513351431133513351
23112351335133113351235113111351135113111351135113111351135113111351235123112351
23513311335133514311435143515311535153514311435133512311235123513311335123512311
747000100010001000100010001027102711271127112711371135113511311135113511311
13511351131113512351231143515351631173517351731173516351631143513351231133513351
43114351435143115351535153114351335133114351535163116351435133113351235123112351
23512311335133514311435143514311435143514311335133513311335133513311235123512311
