20151127211431
T2M TEDF  78  35 1
20151127212015112716
20151127212015112717
20151127212015112718
20151127212015112719
20151127212015112720
20151127212015112721
20151127212015112722
20151127212015112723
20151127212015112800
20151127212015112801
20151127212015112802
20151127212015112803
20151127212015112804
20151127212015112805
20151127212015112806
20151127212015112807
20151127212015112808
20151127212015112809
20151127212015112810
20151127212015112811
20151127212015112812
20151127212015112813
20151127212015112814
20151127212015112815
20151127212015112816
20151127212015112817
20151127212015112818
20151127212015112819
20151127212015112820
20151127212015112821
20151127212015112822
20151127212015112823
20151127212015112900
20151127212015112901
20151127212015112902
20151127212015112903
20151127212015112904
20151127212015112905
20151127212015112906
20151127212015112907
20151127212015112908
20151127212015112909
20151127212015112910
20151127212015112911
20151127212015112912
20151127212015112913
20151127212015112914
20151127212015112915
20151127212015112916
20151127212015112917
20151127212015112918
20151127212015112919
20151127212015112920
20151127212015112921
20151127212015112922
20151127212015112923
20151127212015113000
20151127212015113001
20151127212015113002
20151127212015113003
20151127212015113004
20151127212015113005
20151127212015113006
20151127212015113007
20151127212015113008
20151127212015113009
20151127212015113010
20151127212015113011
20151127212015113012
20151127212015113013
20151127212015113014
20151127212015113015
20151127212015113016
20151127212015113017
20151127212015113018
20151127212015113019
20151127212015113020
20151127212015113021
002  96   001  90   001  92   001  95   001  96   001  98   001  97   471
  91   671  84   671  80   771  78   771  75   771  71   871  67   871  65   871
  65   871  68   771  74   771  84   771  93   871 100   871  99   971  95  1071
  91  1171  89  1071  90  1071  93   971  97   971 101  1071 105  1071 108  1071
 110   971 111   971 111  1071 112  1071 112  1171 113  1171 114  1271 115  1271
 117  1171 119  1171 121  1071 123  1071 126  1071 128  1071 129  1171 130  1151
 130  1211 130  1151 129  1151 128  1011 126  1151 125  1151 123  1211 122  1251
 122  1151 121  1111 112  1151 111  1151 110  1111 109  1151 107  1251 107  1211
 108  1151 110  1151 113  1011 117  1051 121  1051 124  1011 126  1151 126  1251
 126  1311 126  1251 127  1251 127  1111 127  1151 127  1251 126  1261
005  85   001  84   001  81   001  79   001  79   001  82   001  86   471
  86   771  83  1071  78  1071  71  1171  64  1171  57  1171  51  1271  47  1271
  47  1271  51  1271  59  1171  69  1371  80  1471  87  1671  89  1671  87  1571
  83  1571  79  1371  77  1071  75   871  77   971  80  1071  84  1171  88  1271
  89  1271  91  1371  92  1471  93  1471  95  1571  96  1571  97  1571  99  1571
 101  1571 105  1571 109  1571 114  1571 120  1571 124  1571 127  1471 129  1471
 130  1371 129  1271 127  1171 123  1071 120  1171 118  1271 117  1371 117  1371
 117  1471 116  1471 107  1451 107  1451 106  1511 105  1551 103  1451 102  1411
 102  1451 104  1551 107  1511 111  1651 116  1651 121  1711 124  1651 126  1651
 127  1511 126  1451 125  1351 123  1211 122  1351 122  1351 120  1461
015  59   001  59   001  55   001  51   001  50   001  52   001  56   671
  59   871  62   971  63  1071  63  1271  62  1271  59  1371  53  1371  47  1311
  43  1271  42  1171  45  1071  53  1171  63  1371  72  1471  77  1471  79  1371
  78  1371  75  1271  70  1271  66  1171  65  1271  65  1271  68  1371  72  1371
  76  1471  80  1471  82  1571  84  1571  85  1671  87  1771  89  1871  92  1971
  95  1871  97  1671 100  1571 103  1471 108  1471 112  1271 116  1271 119  1351
 121  1311 121  1251 119  1251 117  1111 116  1251 115  1251 114  1311 114  1451
 113  1551 113  1611 101  1551  99  1551  97  1611  96  1751  95  1751  95  1811
  96  1751  97  1551 100  1411 104  1451 108  1551 113  1511 117  1551 120  1651
 121  1611 121  1551 119  1451 117  1311 115  1451 114  1451 114  1561
027 104   001 106   001 104   001 105   001 111   001  86   001  85   671
  79  1171  72  1271  68  1471  64  1471  59  1571  51  1471  44  1471  40  1371
  41  1371  47  1171  58  1071  71  1071  83   971  92   971  95   971  93  1071
  90   971  85  1071  82  1171  82  1371  86  1571  91  1671  96  1771  99  1771
 100  1871 100  1871 100  1871 102  1771 103  1771 104  1771 106  1671 107  1611
 108  1571 109  1671 113  1571 119  1371 126  1271 132   971 136  1071 137  1171
 135  1271 131  1271 127  1371 124  1371 121  1471 120  1671 119  1771 118  1771
 118  1871 117  1871 116  1851 114  1851 112  1811 111  1851 110  1751 110  1711
 110  1751 110  1651 113  1611 119  1451 126  1251 132  1011 136  1151 137  1251
 135  1311 131  1451 127  1551 123  1611 121  1851 121  1951 119  2161
070  14   001  15   001  16   001  22   001  17   001  19   001  28   771
  35  1171  39  1471  42  1571  45  1671  46  1671  46  1771  45  1671  42  1671
  39  1571  38  1471  41  1371  51  1471  61  1771  71  1871  74  1771  74  1671
  70  1471  66  1471  61  1471  58  1571  57  1671  57  1771  58  1971  60  2071
  61  2071  62  2071  61  2071  61  2071  63  2071  68  2071  76  2071  83  1911
  89  1851  94  1851  98  1811 102  1751 107  1851 112  1811 117  1651 121  1451
 122  1311 119  1451 115  1551 111  1611 109  1751 110  1851 110  1911 110  2051
 108  2251 105  2311  98  2051  94  2051  92  2011  92  2051  95  2051  98  2011
 101  1951 103  1851 106  1711 110  1851 114  1951 118  2111 122  1951 125  1851
 125  1611 123  1751 119  1851 115  1911 113  2051 112  2151 109  2261
110 118   001  92   001  85   001  90   001  90   001  83   001  76   471
  72   771  69   871  66  1071  65  1071  64  1171  64  1271  65  1371  66  1471
  66  1271  69  1171  74   971  84   971  97   971 105   971 106   871 102   871
  98   871  96   971  97  1071  99  1171 101  1271 104  1271 107  1371 109  1371
 110  1371 110  1371 110  1271 110  1271 110  1171 111  1271 113  1371 115  1471
 116  1271 117  1171 120   971 126   971 131  1071 135  1071 135  1071 133  1151
 130  1311 127  1251 124  1251 122  1111 121  1151 120  1251 120  1211 119  1351
 119  1451 118  1511 117  1351 115  1351 114  1211 114  1351 115  1351 116  1411
 117  1351 119  1151 122  1011 126  1151 129  1351 133  1411 136  1551 137  1551
 136  1611 133  1551 129  1451 126  1311 124  1451 124  1451 123  1561
120 110   001 107   001 112   001  81   001  78   001  81   001  67   571
  61   971  57  1171  52  1271  49  1271  46  1271  43  1271  41  1271  40  1171
  41  1171  45  1071  54  1071  67  1071  82  1171  93  1071  96  1071  94   971
  90   971  87   971  87   871  89   871  91   971  93  1171  97  1271 101  1371
 103  1571 105  1671 105  1671 103  1571 102  1571 102  1471 102  1371 104  1271
 107  1271 110  1171 115  1171 122  1271 128  1271 134  1371 136  1371 136  1351
 133  1311 129  1251 124  1151 119  1011 116  1151 113  1151 112  1211 112  1351
 111  1551 111  1611 111  1551 109  1551 107  1511 106  1451 106  1351 107  1211
 109  1251 112  1251 117  1211 123  1251 128  1351 133  1311 135  1351 136  1451
 134  1411 131  1451 127  1351 123  1311 121  1451 120  1551 119  1661
130 111   001 114   001 108   001 107   001  99   001  88   001  76   571
  69  1171  64  1071  60  1271  56  1371  51  1471  45  1571  39  1571  34  1571
  33  1571  37  1371  47  1271  64  1271  82  1371  97  1371 103  1271 103  1171
  98  1071  93  1071  87  1171  85  1171  85  1371  88  1371  91  1571  96  1571
 101  1571 104  1571 105  1671 104  1671 103  1771 103  1771 104  1671 106  1671
 109  1571 113  1571 118  1471 124  1471 131  1471 137  1471 141  1471 143  1451
 141  1411 136  1351 129  1351 123  1111 119  1451 116  1451 115  1611 115  1651
 115  1751 115  1711 113  1551 111  1651 109  1611 108  1651 108  1751 109  1711
 110  1651 113  1651 117  1511 124  1651 131  1651 138  1711 142  1651 143  1651
 141  1511 136  1551 130  1451 124  1411 119  1551 116  1751 114  1861
145  50   001  50   001  47   001  48   001  52   001  55   001  68   571
  77   771  79   771  77   871  72   971  64   971  56   951  47  1051  41  1071
  38  1171  40  1171  45  1271  55  1371  65  1471  73  1571  76  1571  75  1571
  72  1571  69  1471  66  1471  65  1471  65  1471  66  1371  68  1371  72  1371
  76  1271  80  1271  83  1271  84  1371  86  1371  88  1371  90  1271  91  1271
  92  1371  93  1471  97  1571 101  1571 108  1671 114  1671 118  1571 120  1571
 121  1471 120  1471 117  1571 114  1571 112  1571 111  1471 111  1471 111  1471
 112  1471 111  1471 106  1351 105  1451 104  1411 103  1451 102  1351 101  1311
  99  1451  97  1651  98  1711 102  1851 109  1851 115  1911 120  1851 122  1851
 122  1711 120  1751 117  1751 115  1711 114  1751 114  1651 112  1661
149  43   001  44   001  48   001  46   001  45   001  47   001  56   571
  64   771  70   971  73  1071  73  1171  71  1171  67  1271  58  1171  50  1111
  46  1171  45  1271  51  1271  60  1271  73  1471  81  1571  84  1471  83  1471
  78  1371  73  1371  70  1271  67  1271  66  1271  67  1371  70  1371  73  1371
  79  1471  82  1471  85  1571  87  1571  90  1671  93  1671  95  1571  97  1571
  98  1571 100  1671 103  1671 108  1671 114  1671 120  1671 124  1571 127  1451
 127  1311 125  1351 122  1351 119  1311 116  1351 115  1451 115  1411 116  1551
 118  1651 118  1711 113  1651 112  1751 110  1711 109  1751 109  1651 108  1611
 106  1751 105  1751 106  1811 110  1851 116  1851 122  1811 126  1851 129  1751
 129  1711 127  1751 124  1651 121  1611 119  1651 117  1751 115  1761
156  45   001  51   001  52   001  54   001  53   001  55   001  64   371
  71   571  77   771  80   871  80   971  79  1071  75  1071  67   971  59   971
  54  1071  53  1171  57  1271  66  1371  77  1371  85  1471  87  1371  85  1371
  82  1271  80  1171  80  1171  79  1171  79  1171  78  1271  79  1271  81  1271
  84  1271  87  1271  91  1271  95  1371  98  1371 101  1371 103  1371 104  1371
 105  1471 106  1571 108  1671 112  1571 118  1571 123  1571 127  1471 129  1351
 130  1111 130  1151 128  1151 126  1111 124  1151 122  1251 121  1211 122  1351
 123  1451 123  1511 119  1351 118  1351 117  1311 116  1451 114  1451 112  1511
 110  1651 109  1751 110  1811 114  1851 119  1951 124  1911 128  1851 130  1651
 131  1511 131  1551 130  1551 129  1511 127  1551 125  1551 123  1561
168  16   001  16   001  16   001  15   001  13   001  17   001  29   971
  37  1571  43  1871  50  1871  56  1971  60  1871  60  1971  57  1971  53  1871
  50  1671  49  1571  52  1371  58  1571  65  1671  72  1771  74  1671  74  1471
  69  1371  62  1571  53  1671  48  1871  47  2071  49  2171  53  2371  56  2371
  57  2471  60  2571  62  2471  64  2471  68  2371  73  2371  78  2271  83  2271
  86  2071  88  1871  92  1671  98  1671 106  1671 111  1671 114  1571 114  1471
 112  1371 108  1571 105  1771 102  1971 102  2071 103  2271 105  2371 105  2571
 104  2771 103  2971 101  2551 103  2451 104  2311 104  2351 103  2251 102  2211
 102  2051 104  1951 107  1711 111  1851 115  1951 119  2011 121  1851 122  1651
 120  1411 116  1751 111  1951 107  2211 106  2351 106  2451 104  2561
180   3   001  -3   001   0   001   5   001   5   001   5   001   0   871
  -2  1171  -1  1571   2  1771   6  1971  11  1971  16  1771  20  1571  23  1271
  26  1471  30  1671  34  1971  41  2071  48  2371  54  2671  58  2471  58  2371
  54  2171  46  2071  37  1971  31  1871  29  2071  33  2071  37  2171  40  2071
  41  2171  41  2171  39  2171  39  2171  40  2171  43  1971  48  1771  53  1511
  56  1651  59  1851  64  1911  72  2151  81  2351  90  2611  97  2551 101  2351
 103  2211 102  2151 100  2051  98  1911  98  1951  98  2051  99  2111  99  2251
  98  2351  96  2411  92  2351  90  2451  89  2411  90  2251  92  1951  94  1711
  94  1851  94  1951  95  2011  98  2451 103  2851 108  3211 112  3051 114  2851
 114  2611 111  2551 106  2351 103  2211 103  2351 104  2351 102  2461
190  16   001  16   001  18   001  15   001  10   001   9   001   5   871
   3  1171   2  1371   2  1671   3  1971   4  2071   7  2071  11  1971  16  1871
  20  1871  25  1971  30  1871  39  2271  49  2871  55  3071  58  3171  56  3171
  51  3071  43  2571  35  2171  29  1871  27  1971  28  1971  31  2071  33  2071
  35  2071  37  2071  38  2171  40  2171  41  2271  43  2171  45  2171  47  2071
  50  2071  53  2171  58  2171  66  2271  75  2471  83  2771  91  2771  96  2671
  99  2671 100  2371  99  2071  98  1771  96  1871  95  1971  95  2071  95  2071
  97  2271  97  2271  97  2251  95  2251  93  2311  92  2351  93  2251  94  2211
  96  2251  99  2251 102  2211 106  2551 110  2951 114  3211 118  3151 120  3151
 119  3011 115  2751 109  2551 104  2211 101  2251 101  2251  99  2261
222 108   001 111   001 114   001 109   001 109   001 113   001 102   471
  90   771  79   971  70  1071  61  1171  53  1171  46  1271  40  1171  37  1171
  35  1071  39  1071  50  1071  69  1071  89  1071 105  1071 110  1171 107  1271
 101  1371  97  1071  96  1071  96   971  98  1071 100  1071 103  1171 106  1271
 108  1371 110  1471 112  1571 113  1571 114  1671 115  1571 117  1571 118  1471
 120  1351 122  1051 126   911 132  1051 139  1151 144  1111 146  1351 145  1351
 142  1511 137  1451 132  1251 127  1011 124  1151 123  1151 123  1211 123  1351
 122  1551 121  1611 117  1551 117  1651 116  1611 115  1651 114  1551 114  1511
 115  1451 118  1351 123  1211 130  1251 137  1151 143  1111 146  1351 145  1551
 142  1711 137  1551 131  1451 126  1211 123  1251 121  1351 119  1361
240  70   001  71   001  76   001  78   001  79   001  80   001  85   671
  87   871  86  1071  82  1171  76  1271  70  1271  64  1271  58  1171  52  1171
  48  1171  47  1271  50  1271  61  1271  73  1271  83  1371  86  1271  84  1271
  79  1171  75  1071  70  1171  69  1271  68  1271  72  1171  75  1171  78  1271
  81  1371  83  1471  85  1471  88  1571  90  1571  93  1571  95  1471  98  1471
 100  1471 103  1671 108  1671 116  1571 123  1571 130  1471 134  1371 134  1271
 132  1171 127  1271 123  1271 120  1471 117  1471 116  1371 115  1371 114  1471
 113  1471 111  1571 107  1551 106  1651 105  1711 105  1751 104  1751 104  1711
 103  1751 104  1851 107  1811 113  1751 121  1551 128  1411 131  1451 132  1451
 130  1411 127  1551 123  1551 119  1611 116  1551 114  1551 112  1461
255  23   001  15   001  14   001  10   001  12   001  19   001  31   771
  36   871  39  1071  41  1171  42  1271  41  1271  38  1371  35  1571  31  1671
  27  1671  26  1571  30  1471  41  1471  57  1271  69  1271  78  1171  79  1171
  75  1071  66  1171  57  1371  49  1471  45  1471  46  1471  48  1571  50  1671
  52  1571  53  1671  55  1571  57  1471  60  1371  63  1471  66  1571  69  1671
  73  1771  78  1671  85  1671  94  1571 104  1371 112  1271 117  1271 120  1071
 118  1071 113  1271 107  1471 101  1671  99  1671  97  1771  97  1771  97  1771
  96  1871  95  1871  93  1751  92  1651  91  1611  90  1751  90  1751  90  1811
  90  1851  92  1851  95  1811 100  1751 107  1551 113  1411 118  1351 121  1351
 121  1211 116  1451 109  1651 103  1811  99  1851  97  1951  94  1961
260   7   001  10   001   8   001   9   001   9   001   9   001  18   971
  27  1771  36  2171  44  2571  49  2571  52  2671  54  2571  55  2471  54  2271
  52  2171  51  1871  53  1671  59  1571  67  1471  75  1271  80  1271  80  1171
  75  1171  63  1571  49  1871  37  2271  30  2371  29  2671  30  2871  32  2971
  34  3071  34  3171  34  3171  35  3071  39  3071  47  2871  56  2771  65  2571
  70  2571  75  2271  80  2071  88  1871  98  1671 107  1371 114  1371 117  1271
 117  1271 113  1771 106  2171  98  2771  93  2871  89  2871  87  2971  85  3171
  84  3271  82  3471  77  3151  76  3151  78  3111  82  2951  88  2851  92  2611
  94  2451  94  2351  96  2111 101  1951 108  1851 115  1611 120  1551 123  1451
 121  1311 114  1851 105  2251  96  2711  90  2851  86  2851  82  2961
280  10   001   8   001   6   001  -2   001  -1   001   2   001  -1   871
  -1  1071   3  1271   7  1371   9  1471  13  1471  16  1671  21  1771  25  1811
  29  1971  34  2071  41  2171  51  2171  61  2171  69  2171  73  2371  71  2471
  63  2571  50  2471  34  2171  23  2071  19  2271  19  2171  21  2271  22  2271
  22  2071  22  2071  23  2071  24  2071  26  2071  29  2071  32  2171  33  2171
  33  2071  32  2171  36  2171  45  2271  58  2271  71  2471  81  2271  87  2171
  89  2171  87  2171  82  1971  79  1871  79  2071  81  2071  82  2171  82  2271
  81  2371  80  2371  82  2251  80  2151  79  2111  79  2151  80  2151  81  2111
  82  2251  83  2251  87  2311  93  2551 101  2751 108  2911 112  2851 113  2851
 110  2711 104  2651  96  2451  89  2311  85  2451  83  2451  82  2561
299  16   001  12   001   9   001   5   001   4   001   4   001   0   871
  -4  1371  -6  1771  -7  2071  -6  2171  -4  2271  -1  2271   4  2171  10  2071
  14  2071  19  1871  27  1771  35  1771  44  1771  50  1871  53  1971  52  1971
  47  2171  38  2271  27  2171  18  2071  14  2271  15  2371  17  2471  19  2471
  21  2371  22  2271  22  2371  23  2471  25  2571  29  2471  34  2471  38  2371
  41  2271  44  2071  50  1971  59  1871  71  1771  82  1771  89  1871  92  1871
  92  1871  89  1871  84  1771  82  1771  82  1971  83  2071  85  2171  86  2171
  87  2171  86  2171  83  2451  82  2451  82  2511  83  2551  84  2451  86  2411
  88  2251  91  2151  95  1911 102  1951 109  2051 116  2011 120  2051 120  2151
 116  2111 108  2151  98  2051  91  2011  88  2151  88  2251  86  2361
434  62   001  43   001  47   001  51   001  50   001  48   001  51   471
  53   871  54   971  54  1071  54  1171  54  1271  53  1271  50  1171  47  1171
  43  1271  40  1271  40  1271  45  1371  53  1271  59  1371  62  1471  61  1371
  58  1371  53  1171  46  1071  41   871  40  1071  40   971  41  1071  41  1171
  41  1171  41  1271  42  1271  44  1371  46  1371  49  1371  51  1271  54  1271
  56  1371  60  1271  65  1271  73  1471  83  1771  91  1871  95  1871  97  1771
  96  1771  94  1571  92  1371  90  1271  89  1271  88  1371  86  1371  84  1471
  81  1371  79  1471  77  1451  76  1451  76  1411  76  1451  76  1351  75  1311
  74  1351  74  1251  76  1211  82  1351  90  1451  97  1511 101  1551 101  1551
  99  1511  95  1451  90  1351  86  1211  84  1251  82  1251  79  1261
460  25   001  10   001   4   001 -12   001   4   001  -4   001   3   671
  10  1071  16  1371  21  1671  25  1971  28  2071  30  2271  31  2471  31  2671
  32  2471  34  2171  41  1971  48  1871  59  1671  69  1571  75  1671  74  1571
  69  1571  58  1671  44  1571  36  1671  36  1771  39  1871  42  1971  42  2071
  39  2171  36  2271  36  2371  38  2371  40  2471  43  2671  47  2771  51  2971
  56  2671  62  2371  71  2071  81  1971  93  1871 103  1671 110  1671 112  1571
 111  1571 106  1671 101  1771  97  1871  96  1971  97  1971  98  2071  96  2171
  92  2371  88  2471  90  2451  85  2451  81  2511  78  2751  77  2951  79  3111
  83  2851  89  2551  96  2211 102  2151 108  1951 113  1811 118  1851 120  1851
 118  1811 110  1951 100  1951  92  2011  88  2151  88  2151  86  2261
481  27   001  13   001   4   001   1   001  -1   001  -8   001  -8   671
  -7   871  -6  1171  -3  1271   1  1471   6  1471  11  1471  15  1471  19  1471
  24  1671  31  1671  39  1771  46  1971  52  1971  58  2171  65  2071  69  1771
  68  1671  61  1571  52  1371  43  1371  40  1471  36  1371  33  1371  28  1471
  22  1471  19  1471  18  1471  19  1571  22  1571  27  1571  31  1671  34  1671
  36  1671  38  1671  42  1771  49  1871  57  1971  67  2071  77  1971  86  1971
  90  1871  88  1771  81  1671  75  1571  71  1571  70  1471  70  1471  70  1471
  69  1571  68  1571  71  1551  70  1651  67  1611  64  1651  61  1651  62  1611
  68  1851  76  1951  86  2111  95  2351 102  2451 109  2611 115  2451 117  2351
 115  2111 106  1951  95  1851  84  1611  77  1651  74  1751  70  1761
497 -20   001 -34   001 -41   001 -48   001 -52   001 -52   001 -47  1071
 -43  1971 -41  2271 -41  2671 -40  2871 -39  2871 -37  2871 -35  2971 -33  2971
 -30  2871 -27  2571 -21  2371 -11  2471   0  2571   5  2571   2  2571  -8  2471
 -17  2271 -24  2371 -27  2471 -27  2771 -27  2971 -24  3171 -23  3371 -23  3371
 -24  3271 -25  3171 -25  3071 -25  3071 -27  2971 -27  2971 -26  2971 -28  2971
 -30  2971 -29  2871 -22  2871  -4  2671  16  2471  29  2271  28  2171  19  2171
  12  2171  13  2271  17  2571  22  2771  24  2871  24  3071  23  3171  23  3171
  22  3071  22  3071  27  2851  25  2851  22  2711  17  2851  12  2851   8  2911
   6  2851   9  2751  22  2611  46  2451  72  2351  88  2111  87  2151  73  2151
  57  2111  45  2351  36  2451  30  2611  25  2751  20  2751  16  2861
510 103   001 100   001  97   001  99   001 102   001 102   001 101  1071
 101  1071 101  1271 101  1471 101  1571  99  1671  94  1671  88  1771  83  1771
  79  1671  78  1471  81  1371  87  1471  94  1571 102  1671 107  1671 108  1671
 105  1671  96  1571  86  1571  77  1471  75  1571  77  1571  79  1671  80  1671
  80  1671  79  1671  80  1671  82  1771  86  1771  91  1871  95  1971  98  2071
  99  2071 100  1971 106  1871 117  1871 130  1971 140  1871 146  1971 146  1971
 141  2071 133  1871 124  1771 116  1571 113  1671 112  1671 110  1671 105  1771
  99  1871  93  1971  90  1851  88  1951  87  1911  85  2051  84  2051  84  2111
  86  2051  90  2051  99  1911 112  1951 126  2051 138  2011 144  2051 144  2051
 139  2011 130  1951 118  1851 108  1711 101  1851  97  1851  93  1961
579  58   001  53   001  41   001  42   001  45   001  37   001  34   671
  31  1171  29  1371  30  1771  32  1971  34  2271  34  2271  34  2171  38  2171
  47  2171  59  2071  73  1971  84  1871  94  1671  99  1571  99  1571  95  1471
  88  1471  80  1371  69  1571  63  1571  60  1671  59  1871  56  1871  50  1871
  44  1771  39  1771  37  1871  37  2071  36  2171  33  2271  31  2271  32  2371
  39  2271  52  2171  67  2071  84  1871 100  1771 112  1571 119  1571 120  1571
 116  1571 108  1571  98  1571  90  1571  85  1771  82  1971  79  2071  74  2071
  69  1971  66  1971  61  1951  61  2151  59  2211  55  2351  53  2351  54  2411
  62  2351  76  2151  93  2011 110  1851 126  1751 138  1511 144  1651 143  1651
 136  1711 122  1751 106  1751  94  1711  89  1851  88  1951  86  2061
588  77   001  66   001  51   001  39   001  32   001  28   001  23   971
  20  1471  20  1871  22  2071  23  2171  24  2271  23  2071  19  1871  19  1671
  27  1771  40  1871  56  1871  74  1771  90  1671  99  1571 101  1571  97  1571
  88  1471  76  1671  64  1971  53  2171  47  2171  46  2271  44  2371  40  2371
  35  2371  32  2471  31  2471  33  2571  33  2571  32  2371  32  2171  33  1971
  38  2071  47  2071  59  2171  76  2071  91  1871 103  1771 108  1771 108  1851
 103  1811  96  1951  88  2151  81  2211  77  2251  74  2151  72  2111  70  2251
  68  2451  67  2511  63  2551  65  2651  65  2611  62  2451  59  2251  58  2011
  63  2051  74  2151  90  2111 109  2051 129  1851 144  1711 152  1751 151  1851
 141  1811 123  2051 103  2151  85  2311  75  2351  71  2351  67  2361
621  97   001  89   001  87   001  89   001  88   001  94   001  90   871
  87  1171  85  1271  82  1671  81  1771  80  1871  79  1871  78  1971  77  1971
  77  1871  78  1771  78  1671  79  1871  80  2071  83  2271  86  2071  87  1671
  84  1471  73  1671  61  1771  51  2071  45  1971  44  1971  43  1971  39  1971
  35  1871  31  1871  30  1971  32  1971  34  2071  36  2071  39  2071  46  2071
  58  1971  72  1871  87  1871 100  2071 110  2271 117  2471 121  2271 120  2071
 114  1871 102  1971  87  2071  73  2271  63  2171  56  2071  51  2071  47  2071
  43  2071  40  2071  38  2051  34  2151  30  2111  25  2151  22  2051  26  2011
  40  1951  60  1951  82  1811 103  2051 121  2251 135  2411 145  2251 147  2051
 139  1811 120  2051  96  2151  74  2311  61  2351  54  2251  49  2261
630  95   001  77   001  81   001  82   001  78   001  81   001  77   471
  78  1271  81  1171  83  1271  86  1571  88  1571  91  1671  94  1571  96  1571
  95  1671  91  1571  88  1571  86  1871  85  2171  85  2271  85  2271  85  2071
  82  2071  76  1871  68  1771  60  1571  54  1571  50  1671  45  1671  41  1671
  38  1671  37  1671  38  1671  40  1671  43  1671  47  1671  52  1671  57  1671
  63  1871  71  1871  80  1971  91  2271 103  2371 112  2571 118  2471 119  2371
 117  2171 111  2171 103  1971  95  1771  89  1771  84  1671  80  1671  76  1771
  73  1771  71  1871  59  1851  56  1851  52  1811  48  1851  45  1851  46  1811
  53  1851  64  1851  77  1811  91  2151 104  2351 114  2611 121  2551 123  2551
 120  2411 113  2251 103  1951  93  1711  86  1751  80  1651  73  1661
643 101   001  82   001  65   001  60   001  37   001  29   001  30   571
  33  1071  36  1271  40  1371  44  1371  49  1371  54  1371  55  1371  59  1371
  67  1271  78  1271  92  1171 109  1171 124  1071 134  1071 136  1171 132  1171
 122  1271 109  1271  98  1171  86  1171  77  1171  72  1271  68  1271  64  1371
  62  1571  60  1671  59  1571  58  1471  57  1371  57  1371  57  1371  60  1371
  68  1371  81  1271  97  1271 114  1271 131  1171 143  1171 148  1271 148  1371
 142  1571 132  1471 122  1471 113  1371 107  1371 104  1471 102  1471 101  1671
  99  1871  96  1971  96  1651  92  1551  86  1511  80  1551  77  1551  78  1511
  86  1451  98  1351 113  1211 128  1251 142  1251 153  1211 159  1351 159  1551
 153  1611 141  1551 126  1551 112  1411 102  1451  95  1551  87  1561
645  68   001  57   001  45   001  38   001  42   001  30   001  33   671
  36   771  38   971  40  1171  43  1471  45  1571  47  1571  47  1571  52  1471
  63  1571  77  1571  92  1571 106  1671 117  1671 123  1771 126  1771 123  1771
 114  1771  99  1671  82  1471  67  1371  60  1571  57  1671  56  1671  54  1571
  51  1571  49  1471  49  1571  51  1671  51  1771  48  1771  46  1671  49  1671
  59  1671  75  1671  92  1671 109  1671 123  1771 135  1771 142  1771 143  1751
 137  1811 124  1751 108  1551  95  1411  89  1551  88  1551  88  1611  86  1651
  84  1651  82  1511  81  1651  79  1751  76  1911  70  1951  67  1951  69  1911
  81  1851  99  1651 118  1511 134  1651 146  1651 155  1711 161  1851 161  2051
 153  2111 136  1951 114  1751  96  1511  85  1651  81  1751  75  1861
650  78   001  60   001  61   001  57   001  57   001  57   001  50   471
  44   871  40  1271  37  1471  35  1671  34  1771  36  1871  40  1971  48  1971
  59  1771  73  1571  86  1371  99  1471 110  1571 115  1671 115  1471 110  1271
 103  1071  95  1071  88   971  82  1071  75  1071  71  1171  66  1171  62  1371
  59  1471  56  1671  55  1771  56  1871  56  1971  55  1971  55  1971  57  1971
  63  1771  74  1671  87  1571 102  1571 115  1571 125  1571 129  1471 129  1351
 126  1111 120  1051 114  1051 108   911 103  1051 100  1151  97  1211  95  1451
  93  1651  92  1811  90  1751  88  1751  85  1711  81  1851  78  1851  80  1911
  88  1851 102  1651 116  1511 129  1651 140  1651 148  1711 152  1551 153  1451
 149  1211 141  1151 129  1151 117  1011 106  1151  96  1351  89  1461
675 116   001 100   001  76   001  61   001  59   001  54   001  43   771
  34  1371  29  1771  25  1971  22  2271  17  2271  13  2371   9  2371  10  2371
  20  2471  36  2571  58  2671  82  2371 105  1971 124  1571 135  1471 138  1371
 131  1271 117  1271  98  1371  81  1371  70  1571  64  1671  59  1871  53  2071
  47  2171  43  2371  40  2471  37  2571  36  2671  35  2671  35  2771  37  2771
  43  2771  53  2671  70  2671  94  2371 119  2071 140  1771 151  1671 152  1671
 145  1571 131  1571 116  1571 104  1571  98  1771  95  1971  94  2171  91  2371
  87  2471  83  2671  93  2751  91  2851  87  2811  81  2851  76  2951  75  2911
  80  2851  91  2851 107  2711 127  2351 148  1951 166  1511 179  1551 183  1451
 177  1411 159  1451 135  1451 114  1411 101  1651  94  1951  86  2161
690 148   001  99   001  85   001  83   001  81   001  78   001  72   571
  69   771  68   971  65  1071  62  1171  58  1071  56  1071  54  1171  56  1171
  62  1271  73  1371  88  1471 106  1471 125  1271 138  1271 143  1071 141   971
 133   871 124   971 112  1071 102  1271  93  1271  88  1271  84  1171  81  1271
  80  1271  78  1371  74  1271  70  1171  67  1071  65  1071  66  1071  70  1071
  78  1171  89  1371 104  1471 121  1471 138  1471 151  1571 157  1371 155  1271
 149  1171 139  1071 128  1171 117  1171 110  1171 104  1371 101  1371  99  1371
  96  1371  94  1371  95  1351  92  1251  89  1211  86  1251  85  1151  86  1111
  91  1251 100  1351 113  1411 130  1351 147  1351 160  1211 165  1151 162  1051
 155   911 145  1051 134  1051 123  1111 115  1151 109  1251 103  1261
747 110   001 108   001 107   001 101   001  98   001 100   001  97   871
  97  1271  99  1671 101  1871 103  2071 104  2071 106  1971 109  1971 113  1871
 119  1771 126  1571 131  1371 131  1471 131  1671 129  1771 128  1571 126  1471
 122  1371 114  1371 105  1371  98  1371  94  1471  92  1471  91  1571  89  1771
  87  1971  86  2171  85  2171  84  2171  85  2171  87  2171  91  2071  96  2071
 103  1871 112  1671 123  1471 133  1771 144  1971 151  2271 155  2171 156  2051
 153  1811 146  1751 137  1651 129  1511 123  1651 118  1751 114  1811 110  2051
 105  2251 102  2411  94  2251  91  2351  87  2311  80  2351  75  2451  76  2411
  87  2151 105  1851 124  1511 141  1751 154  1851 163  2011 168  2051 167  1951
 161  1911 148  1851 133  1751 118  1611 107  1751 100  1751  93  1861
NT  TEDF  78  35 1
20151127212015112716
20151127212015112717
20151127212015112718
20151127212015112719
20151127212015112720
20151127212015112721
20151127212015112722
20151127212015112723
20151127212015112800
20151127212015112801
20151127212015112802
20151127212015112803
20151127212015112804
20151127212015112805
20151127212015112806
20151127212015112807
20151127212015112808
20151127212015112809
20151127212015112810
20151127212015112811
20151127212015112812
20151127212015112813
20151127212015112814
20151127212015112815
20151127212015112816
20151127212015112817
20151127212015112818
20151127212015112819
20151127212015112820
20151127212015112821
20151127212015112822
20151127212015112823
20151127212015112900
20151127212015112901
20151127212015112902
20151127212015112903
20151127212015112904
20151127212015112905
20151127212015112906
20151127212015112907
20151127212015112908
20151127212015112909
20151127212015112910
20151127212015112911
20151127212015112912
20151127212015112913
20151127212015112914
20151127212015112915
20151127212015112916
20151127212015112917
20151127212015112918
20151127212015112919
20151127212015112920
20151127212015112921
20151127212015112922
20151127212015112923
20151127212015113000
20151127212015113001
20151127212015113002
20151127212015113003
20151127212015113004
20151127212015113005
20151127212015113006
20151127212015113007
20151127212015113008
20151127212015113009
20151127212015113010
20151127212015113011
20151127212015113012
20151127212015113013
20151127212015113014
20151127212015113015
20151127212015113016
20151127212015113017
20151127212015113018
20151127212015113019
20151127212015113020
20151127212015113021
002200120012001300130015001417141714271427132712271135113511311235123512311
23513351331153516351731173517351731173516351631163516351531153515351531153515351
53115351635163116351635163116351735173117351635163116351535153115351535153115351
63517311735173516311635163516311635163516311635163517311735163516311635163516361
005000110010001200110010001217132713271327122711271135113511311135113512311
23513351431153516351731173517351731173517351731173517351731163516351531153516351
63117351735173117351635163116351735173117351735173117351635163116351535153116351
63516311635163516311635163517311735173517311735163516311635163516311635163516361
015000100010001000100011001217132714271427142712371235113511311235123512311
13511351231133515351731173517351731163516351631163516351731173516351631163516351
63117351735173117351735173117351635163116351635163116351635163115351535143114351
53515311535163516311635173517311735173517311735173517311735163515311535153515361
027600130012001000130016001517151714271327132712271235123511311135113511311
33515351731183517351731163516351631163516351631163516351631163516351631163516351
63116351635163116351635163116351635163116351635153115351535153115351535163115351
53515311535153515311535153515311635163517311735163516311535153514311435153515361
070800180018001600140011001217142715271627172717271635153514311335123512311
23512351331143514351531153516351731173517351731173517351731173517351731173517351
73117351735173117351735173117351735163116351635163116351635163116351635163116351
63516311635163516311635163517311735173517311735173516311635163515311535153515361
110700170016001200130012001117111711271127112711271135123512311235123513311
43515351631163516351631163516351631163516351531153515351631163515351531153514351
43114351435153115351535153114351435143115351535153115351535153114351435143114351
43514311435143514311535163517311735163516311635163516311635163516311535153515361
120300100016001400140014001317131712271227112711271235123512311235123512311
33515351631173517351731173516351631153515351531153515351531153515351431143514351
43114351535153115351535153115351535153115351535153115351535153114351435143114351
43514311535153515311535153515311535163516311635163516311535153514311435143514361
130800100011001500160014001417131712271227113711371135113511311235123513311
43515351631163516351631163516351631163515351531163516351631163515351531153515351
53115351535153115351635163116351635153115351435143114351535153114351435143114351
43514311435143515311535153515311635163516311635163516311535143514311435143514361
145600120012001000100013001417141714271427132712271135113511311235123512311
33513351431153516351731173517351631163517351731173517351631163516351631153515351
63116351735173117351735173117351635163115351535153116351635163116351635163116351
63515311535153515311635163517311735173517311735163516311535153515311535153515361
149700160014001200100011001117121712271227122712271235113511311135113512311
33514351531163517351731173516351631163517351731173517351631163516351631163515351
63116351735173117351735173117351635163115351535163116351635163116351635163116351
63515311535153515311535163517311735173517311735173516311635153515311535153515361
156700150014001000100012001217121712271227122711271135113511311135123512311
33514351531163517351731173517351731173517351731173517351631163516351631163516351
63116351735173117351735173117351635163116351635163116351635163116351635163116351
63515311535153515311535163517311735173517311735163516311535153515311535153515361
168800180018001600160014001517161716271727172717271735153514311335133512311
23512351231133514351431153515351631163517351731173517351731173517351731173517351
73117351735173117351735173117351735173116351635163116351635163117351735173117351
73517311635163516311635163517311735173517311735163516311535153515311535153515361
180800180018001800170017001727172717271727172717371735173517311735163516311
63515351531133512351231123513351531163516351631163517351731173517351731173517351
73117351735173117351735173117351735173117351735163116351735173117351735163116351
63516311635173517311735173517311735173517311735173517311735163515311535153516361
190800180018001800180018001827182717271727172717271735173517311735173517311
73517351631153514351331133513351431153516351731163516351531163516351731173517351
73117351735173117351735173117351735173117351735173116351635163116351635163116351
63516311635163516311735173517311735183517311735163516311635163516311635163516361
222600100010001000110014001317121711271127112711271135113511311135113512311
33515351631173516351631163516351731173517351731173517351631163516351631163515351
53115351535153116351635173117351635163115351435143113351335143114351435143114351
43514311435143515311535153515311535153515311535153514311435143514311435143514361
240200100010001000100013001317141714271427133712371135113511311135113512311
23513351431153515351631163517351731173517351631163516351631163517351731173516351
63116351735173117351735173116351635153115351535153115351535153115351535153115351
53515311535153515311635163517311735173517311735163516311535153514311435143514361
255700170016001400110010001117121714271527152715271535133511311135113512311
23512351331143515351631163516351631163516351731173517351731163516351631163516351
63117351735173118351735173117351635163115351535153115351535153115351535153115351
63516311535153515311535163517311735173517311735173517311635163515311535153515361
260800180018001700170013001417141715271627162717271735163515311435133512311
13511351131123514351431153514351531153516351731173517351731173517351731173517351
73117351735173117351735163116351635163115351535153115351535163116351635163116351
53515311535153515311535163517311735173517311735173516311635153515311435143514361
280700160017001700170017001717171717271727172717271735173517311635163516311
73517351731153513351231123513351431153515351631163516351731173517351731173517351
73117351735173117351735173117351635163115351535153116351635163117351635163116351
63516311635153515311635163517311735173517311735163516311535153514311435153515361
299800170017001500140014001417142714271427152715271635163517311735173517311
73517351731173517351631143513351231123514351531163516351631163517351731173517351
73117351735173117351735173117351735173117351635163116351635163116351635163117351
73517311735163516311635173517311835183517311735173516311635153515311535153515361
434000100012001000100010001117131714271527162716271635143513311235123512311
23511351131123513351331143514351531153516351631163516351631163516351631163517351
73117351735173117351735173117351635163115351535143114351435143115351535153115351
53515311535153515311635173517311735173517311735173517311635153515311435143514361
460000100010001000100010001117131714171527162717271735173517311735173517311
73517351631153513351231123513351431143514351431143514351531153516351631163516351
63116351735173117351735173117351735173116351535143114351435143114351435143114351
43514311435143515311535153516311635163515311535143514311335133513311335133513361
481400130011001200120012001317141715271527162717271735173517311735173517311
73517351731173517351631153514351431143515351531153514351431143515351531153515351
53116351635173117351735173117351735173116351635163116351635163116351535153115351
53515311535153515311535163516311535153514311535153515311435133513311335133514361
497000100010001000100010001117112711271127122712271335143515311635173517311
73517351631163516351531143513351231123513351431143515351531153515351531153515351
53116351635173117351735173117351735163116351535153115351535153115351535153115351
53515311535153516311635163515311535143513311335133513311235123512311135113512361
510700110010001000100010001217131714271427142713271235123511311135123512311
33513351331133513351331133514351431143514351431143515351531153515351531153516351
63117351735173117351735173116351635163115351435143113351435143114351435143114351
43514311435143514311535153515311435143513311235123512311235123512311235123512361
579000100010001000100010001017111711271027112712271435163517311635143512311
13512351331133513351231113511351131113511351131113511351231123512351231133514351
43114351435143114351535153115351535153115351435133112351235113111351135113111351
13511311135113511311235123512311235113511311135113511311135113511311135113511361
588000100010001000100010001017111711271127122713271435163516311535143512311
13511351131113511351131113511351131113511351131123513351431133513351231123512351
23112351235123112351435153115351535143113351235123111351135113111351135113111351
13511311135113511311235123511311135113511311135113511311135113511311135113511361
621300110011001100110015001617161717271727172716271635163516311635173517311
73516351631153514351431133512351231123512351231123512351131113511351131123512351
23113351335143114351435143115351535153114351335133112351235123112351235113111351
13511311235123513311235123511311135113511311135113511311135113511311235123512361
630000120017001700120012001317142714271527162716271735163516311735173516311
53513351231123512351231123512351131113512351231123511351131123512351231123511351
23113351435153115351535163116351735173116351535143113351335133112351235123112351
23512311235123512311335143515311535143514311435133514311435143514311435133513361
643000100010001000100010001017101711271127122713271435153515311435133511311
13512351231123512351231113511351131113511351131113511351231113511351231133514351
43115351535153115351535153115351535153114351335123112351235123112351135113111351
13511311135113511311135113511311135113511311135113511311135113511311135113511361
645000100010001000100010001017111711271027112712271335153516311535133511311
13511351131123511351131113511351131113511351131113511351131113512351231133514351
43114351435143114351435143115351535143113351235123111351135113111351135113111351
13511311135113511311135113511311135113511311135113511311135113511311135113511361
650000100010001000100010001017111711271127112711271135113511311235123512311
23511351131113511351131113511351131113511351131113511351131113511351231123513351
33112351235123112351335143114351435143113351335133113351235123112351135113111351
13511311135113511311135113511311135113511311135113511311135113511311135113511361
675000100010001000100010001017111711271127112711271135113511311135113512311
23511351131113511351131113511351131113511351131123512351231123511351131123513351
33113351335133113351435143114351435143114351435133113351335123112351235113111351
13511311135113511311235133513311335123511311135113511311235123512311235123512361
690000100010001000100010001017112711271127112711271135113512311235123512311
23512351131113511351131113511351131113511351131123513351331133513351331133514351
43114351435133113351435143114351435143114351335133113351335133113351235123112351
23513311335133513311435143514311435133512311235123512311235123512311335133513361
747000110010001000100010001117111712271227132713271435163516311635163515311
43513351231123512351231123511351131113511351131123513351331133513351231123512351
23112351335133113351335133113351335133112351235123112351235123112351235123112351
23512311235123512311235123512311235113511311135113511311135113511311135113511361
