20150816211433
T2M TEDF  78  35 1
20150816212015081616
20150816212015081617
20150816212015081618
20150816212015081619
20150816212015081620
20150816212015081621
20150816212015081622
20150816212015081623
20150816212015081700
20150816212015081701
20150816212015081702
20150816212015081703
20150816212015081704
20150816212015081705
20150816212015081706
20150816212015081707
20150816212015081708
20150816212015081709
20150816212015081710
20150816212015081711
20150816212015081712
20150816212015081713
20150816212015081714
20150816212015081715
20150816212015081716
20150816212015081717
20150816212015081718
20150816212015081719
20150816212015081720
20150816212015081721
20150816212015081722
20150816212015081723
20150816212015081800
20150816212015081801
20150816212015081802
20150816212015081803
20150816212015081804
20150816212015081805
20150816212015081806
20150816212015081807
20150816212015081808
20150816212015081809
20150816212015081810
20150816212015081811
20150816212015081812
20150816212015081813
20150816212015081814
20150816212015081815
20150816212015081816
20150816212015081817
20150816212015081818
20150816212015081819
20150816212015081820
20150816212015081821
20150816212015081822
20150816212015081823
20150816212015081900
20150816212015081901
20150816212015081902
20150816212015081903
20150816212015081904
20150816212015081905
20150816212015081906
20150816212015081907
20150816212015081908
20150816212015081909
20150816212015081910
20150816212015081911
20150816212015081912
20150816212015081913
20150816212015081914
20150816212015081915
20150816212015081916
20150816212015081917
20150816212015081918
20150816212015081919
20150816212015081920
20150816212015081921
002 183   001 182   001 175   001 162   001 154   001 153   001 152   371
 149   571 146   671 143   771 141   871 139   971 139   971 141   771 145   671
 150   871 156   971 161  1171 164  1271 166  1271 167  1371 169  1471 170  1571
 170  1671 168  1571 165  1571 162  1471 161  1271 160  1171 158   971 159   971
 158  1071 157  1071 155  1071 152  1171 150  1171 149  1071 150   871 153   771
 158   971 161  1071 167  1271 172  1371 175  1471 178  1571 181  1671 182  1771
 183  1771 182  1771 180  1771 176  1671 172  1571 166  1371 162  1271 159  1271
 157  1171 155  1171 152  1251 149  1151 146  1111 144  1051 145   851 148   711
 155   951 164  1051 173  1211 180  1351 186  1551 190  1611 194  1751 196  1851
 198  1911 198  1751 197  1651 193  1411 188  1351 182  1251 178  1161
005 175   001 173   001 171   001 165   001 155   001 159   001 152   571
 146   871 141  1071 136  1071 131  1171 126  1171 123  1071 124  1071 130   971
 142  1171 157  1271 169  1371 175  1671 175  1771 176  1871 178  1871 181  1971
 183  1971 181  1871 177  1771 169  1571 159  1471 147  1471 139  1371 134  1371
 133  1271 132  1271 131  1371 130  1371 129  1471 128  1371 129  1271 134  1171
 144  1271 155  1471 168  1571 178  1771 188  1871 194  1971 199  2071 201  2171
 201  2171 198  1971 192  1871 183  1871 169  1771 156  1671 145  1571 137  1471
 134  1471 131  1371 126  1351 123  1351 120  1311 118  1251 119  1151 126  1011
 140  1251 158  1351 177  1511 192  1751 204  1951 213  2111 219  2251 222  2251
 223  2311 221  2251 214  2151 204  2011 189  1951 174  1851 163  1761
015 194   001 196   001 185   001 170   001 159   001 147   001 142   671
 138   871 132   971 126  1071 122  1071 120  1071 120  1071 123   971 130   871
 143   971 158   971 171  1071 177  1171 180  1271 181  1371 181  1571 180  1671
 179  1871 178  1871 177  1871 173  1871 165  1671 157  1571 148  1371 141  1371
 135  1371 131  1371 127  1371 124  1371 122  1371 122  1271 125  1071 131   971
 141  1171 153  1271 165  1471 178  1571 189  1571 198  1571 203  1771 205  1771
 204  1971 200  1971 193  1871 184  1871 174  1771 164  1671 154  1471 146  1471
 138  1571 132  1571 125  1451 121  1451 117  1411 115  1251 116  1151 124   911
 139  1151 159  1351 178  1511 194  1651 206  1751 215  1811 221  2051 224  2351
 225  2511 223  2451 218  2351 210  2211 199  2051 186  1951 174  1761
027 171   001 170   001 166   001 160   001 143   001 134   001 126   571
 122   971 122  1171 120  1271 118  1371 115  1471 113  1271 114  1171 120   971
 133  1171 150  1171 168  1271 181  1471 192  1671 198  1871 201  1871 201  1871
 199  1871 195  1771 188  1771 179  1671 167  1671 154  1571 142  1471 136  1471
 133  1571 132  1571 129  1671 125  1671 121  1771 119  1471 120  1271 127   971
 140  1171 159  1271 176  1571 192  1771 202  1871 209  2071 212  1971 213  1971
 211  1971 207  1871 201  1871 190  1871 175  1671 158  1671 144  1571 135  1671
 130  1671 127  1771 121  1651 116  1751 111  1711 108  1451 110  1251 119   911
 137  1051 159  1251 181  1311 199  1551 211  1851 220  2011 225  2051 226  2051
 225  2011 221  2051 214  2051 204  2011 191  1951 178  1751 166  1661
070 213   001 207   001 199   001 185   001 169   001 169   001 156   871
 144  1271 135  1771 128  2071 122  2271 118  2271 116  2071 118  1671 124  1371
 135  1371 148  1371 162  1271 172  1371 179  1371 183  1371 186  1671 188  1871
 188  2071 186  1871 182  1771 175  1771 164  1771 151  1771 138  1871 131  2071
 127  2271 122  2371 116  2471 110  2571 105  2671 105  2271 110  1771 120  1371
 136  1471 155  1671 173  1771 185  1771 195  1771 201  1771 207  1871 211  2071
 213  2271 211  2171 205  2071 195  1971 180  1871 164  1871 149  1771 140  2071
 136  2271 132  2471 121  2451 117  2551 114  2711 112  2351 114  1851 123  1311
 140  1451 162  1651 183  1711 199  1751 211  1851 220  1911 227  2151 231  2351
 233  2511 232  2451 226  2351 215  2211 198  2151 178  2151 162  2061
110 174   001 180   001 171   001 153   001 136   001 128   001 122   371
 116   671 113   771 111   971 108   971 103  1171  98  1171  94  1071  99  1071
 116   971 138   971 159   871 173   971 182  1271 186  1371 187  1471 187  1471
 185  1571 181  1471 178  1271 169  1171 158  1171 144  1071 135  1071 130  1071
 127  1171 126  1171 124  1271 121  1271 119  1371 116  1271 115  1171 120  1071
 131  1071 148   971 162   971 174  1171 182  1271 186  1371 188  1371 188  1371
 187  1371 185  1371 181  1271 172  1171 160  1071 146  1071 135   971 130  1071
 127  1071 127  1171 126  1251 126  1351 125  1311 124  1251 124  1151 128  1011
 137  1051 149  1051 162  1011 173  1151 182  1351 188  1411 190  1451 190  1351
 188  1311 185  1251 181  1251 176  1111 169  1151 161  1251 155  1261
120 162   001 160   001 156   001 149   001 132   001 126   001 117   471
 111   771 108   871 107   971 105  1071 103  1071 100  1071  99   971 105   871
 121   971 139   971 157  1071 167  1271 174  1371 177  1471 180  1471 181  1371
 181  1371 178  1271 173  1271 165  1171 155  1171 143  1171 133  1171 126  1171
 121  1271 118  1271 116  1271 114  1371 113  1371 112  1271 113  1171 119  1071
 131  1071 148  1071 163  1071 177  1271 184  1471 189  1671 191  1671 190  1571
 188  1571 185  1471 180  1471 172  1371 160  1271 149  1271 139  1171 132  1271
 129  1271 128  1371 122  1351 121  1351 120  1411 118  1351 118  1151 124  1011
 137  1051 153  1051 169  1011 180  1251 187  1551 192  1711 195  1751 197  1751
 198  1711 198  1651 195  1551 190  1411 181  1451 170  1451 161  1461
130 192   001 188   001 179   001 165   001 160   001 153   001 141   371
 132   971 125   971 119  1171 112  1471 107  1571 104  1571 105  1371 114  1271
 132  1471 156  1471 178  1571 192  1571 201  1671 208  1671 213  1671 218  1771
 219  1771 214  1771 205  1671 193  1671 180  1571 166  1271 153  1171 143  1271
 138  1371 132  1471 127  1571 122  1771 117  1871 113  1671 112  1471 119  1271
 136  1371 157  1471 179  1571 196  1571 206  1671 216  1671 223  1971 228  1971
 231  2171 231  2171 226  2071 216  1971 199  1771 179  1371 162  1171 149  1271
 140  1471 135  1571 129  1651 125  1751 120  1911 115  1751 114  1651 122  1411
 141  1451 167  1551 192  1511 211  1651 223  1851 233  1911 241  2151 247  2351
 249  2511 247  2551 240  2451 229  2411 214  2151 196  1851 181  1561
145 202   001 195   001 190   001 181   001 178   001 164   001 160   671
 155   871 150  1071 145  1071 141  1171 137  1071 134  1071 133  1071 136  1071
 143  1171 155  1271 163  1371 171  1471 179  1471 184  1571 190  1571 194  1371
 196  1371 195  1371 191  1471 183  1571 175  1471 166  1271 158  1171 151  1271
 145  1271 140  1371 135  1371 130  1371 127  1371 124  1271 124  1171 129  1071
 139  1271 153  1371 169  1571 183  1671 195  1871 204  1971 211  2071 215  2271
 217  2371 216  2271 212  2071 205  1971 195  1771 183  1671 171  1471 162  1471
 155  1571 149  1571 136  1351 133  1451 129  1411 125  1251 125  1151 131   911
 146  1051 167  1251 189  1311 207  1651 221  1851 231  2111 238  2351 241  2451
 243  2611 243  2451 240  2351 233  2111 222  1951 208  1751 195  1561
149 213   001 205   001 197   001 188   001 183   001 175   001 169   671
 162   971 156  1171 150  1171 145  1271 141  1171 139  1171 139  1071 143   971
 151  1171 162  1371 172  1471 181  1471 190  1471 197  1471 203  1371 206  1171
 207  1071 203  1171 197  1271 189  1371 179  1371 170  1371 162  1371 154  1371
 147  1471 139  1471 134  1471 128  1471 125  1471 123  1371 122  1271 128  1171
 141  1371 160  1571 176  1671 190  1771 202  1771 211  1771 219  1871 224  2071
 226  2171 224  2171 218  2071 210  2071 200  1871 190  1771 179  1571 170  1571
 163  1671 155  1671 142  1551 135  1551 129  1511 125  1351 126  1251 134  1011
 152  1251 174  1351 197  1511 215  1651 229  1751 239  1811 247  2051 253  2251
 255  2411 253  2351 247  2251 239  2111 229  2051 217  1851 204  1761
156 202   001 200   001 196   001 192   001 181   001 176   001 173   471
 168   771 162   871 157   971 153  1071 149  1071 146  1071 145   971 148   971
 156  1171 167  1271 177  1471 186  1471 191  1471 195  1471 200  1471 205  1471
 206  1471 202  1471 195  1471 187  1471 182  1471 176  1371 172  1271 166  1271
 161  1371 156  1371 152  1371 149  1271 146  1271 142  1271 138  1171 141  1171
 152  1271 166  1471 182  1571 194  1571 203  1571 211  1571 218  1871 225  2071
 228  2271 226  2171 220  2071 213  1971 205  1771 197  1671 190  1471 181  1471
 173  1471 166  1471 158  1251 154  1151 149  1111 143  1151 140  1051 144  1011
 159  1151 181  1251 203  1311 220  1551 232  1651 241  1811 249  2151 254  2351
 256  2611 253  2451 248  2251 240  2011 232  1851 223  1751 213  1561
168 213   001 213   001 204   001 184   001 172   001 152   001 149   971
 142  1471 138  1871 134  1871 129  2071 126  2171 124  1971 126  1671 131  1271
 142  1271 156  1271 170  1271 181  1271 190  1371 197  1371 203  1471 207  1471
 209  1571 207  1671 202  1671 192  1771 178  1871 161  1971 147  1971 135  2171
 126  2271 119  2471 113  2571 109  2571 107  2671 107  2171 110  1771 120  1271
 134  1371 153  1471 172  1571 189  1571 203  1571 214  1571 223  1771 228  1971
 230  2171 228  2271 221  2271 209  2271 192  2371 174  2271 157  2271 146  2371
 139  2471 133  2571 122  2551 117  2751 113  2911 112  2451 116  1951 126  1411
 144  1551 165  1551 187  1611 205  1751 219  1751 230  1811 238  1951 244  2151
 246  2211 244  2351 238  2451 225  2511 206  2551 185  2451 168  2461
180 198   001 204   001 199   001 191   001 184   001 172   001 159   771
 148  1071 140  1271 134  1471 129  1571 126  1571 126  1471 131  1371 138  1171
 148  1371 160  1471 171  1771 182  1571 193  1571 201  1571 205  1471 208  1471
 208  1471 206  1371 200  1571 192  1571 180  1771 162  1971 149  2071 141  1871
 138  1871 135  1771 130  1871 127  1871 123  1971 124  1771 128  1471 136  1271
 146  1571 158  1871 169  2171 181  1871 193  1771 202  1571 208  1671 212  1871
 215  1871 217  1871 215  1971 207  1971 189  1971 168  1971 150  2071 139  2071
 135  1971 132  1871 130  1851 126  1851 123  1911 124  1751 129  1451 138  1211
 151  1551 167  1951 183  2211 199  2151 213  1951 224  1811 231  1951 235  2051
 237  2111 237  2251 233  2251 224  2311 207  2251 188  2251 171  2161
190 189   001 187   001 182   001 175   001 170   001 165   001 160   971
 155  1271 151  1671 147  1671 144  1771 142  1571 141  1571 145  1371 151  1271
 157  1471 164  1571 171  1771 179  1971 187  2171 196  2171 205  2071 213  1971
 217  1771 215  1571 208  1371 195  1271 180  1571 164  1671 149  1971 141  2071
 138  2071 135  2171 129  2071 124  1871 121  1771 122  1671 128  1471 138  1371
 151  1471 165  1571 180  1771 193  1671 202  1771 210  1871 217  1671 222  1571
 225  1371 226  1471 223  1571 214  1671 197  1671 179  1771 162  1871 151  1971
 143  2071 138  2171 135  2051 130  2051 128  1911 131  1851 137  1651 146  1511
 156  1651 167  1651 179  1711 193  1951 207  2251 219  2411 229  2351 235  2151
 239  2011 239  2051 234  2151 223  2111 205  2151 185  2151 170  2161
222 204   001 200   001 191   001 183   001 178   001 169   001 159   571
 151   871 145   971 140  1071 136  1271 132  1271 130  1271 128  1171 133  1071
 147  1171 165  1471 183  1571 198  1571 208  1771 218  1771 224  1771 230  1771
 231  1771 228  1571 218  1471 205  1471 187  1471 169  1371 157  1371 147  1371
 140  1371 136  1371 131  1471 126  1471 122  1571 119  1471 122  1371 129  1271
 144  1471 162  1471 179  1671 195  1771 208  1971 219  2071 227  2071 232  2071
 233  2071 231  2071 224  2071 213  1971 198  1771 181  1671 165  1471 152  1471
 144  1471 139  1471 136  1451 132  1451 127  1511 123  1451 124  1351 132  1211
 149  1351 172  1551 195  1611 213  1851 226  2051 235  2211 240  2351 242  2551
 242  2611 239  2551 233  2351 221  2211 204  2051 184  1951 169  1761
240 207   001 200   001 191   001 179   001 168   001 162   001 160   671
 156   871 152  1071 147  1171 143  1271 139  1271 136  1171 135   971 140   871
 151  1171 165  1471 181  1771 195  1671 204  1571 211  1571 215  1671 217  1671
 218  1771 218  1571 216  1371 210  1371 198  1271 187  1271 174  1171 165  1271
 158  1271 150  1371 145  1371 141  1371 136  1371 132  1271 130  1171 134  1071
 145  1371 162  1671 179  1971 195  2071 207  2271 217  2271 223  2371 227  2471
 229  2471 230  2271 227  2071 221  1971 208  1871 193  1771 178  1671 168  1671
 161  1471 155  1471 146  1551 141  1651 136  1611 131  1451 129  1251 136  1011
 153  1351 177  1551 201  1811 220  1951 235  2151 245  2211 252  2351 255  2451
 257  2511 257  2451 254  2451 246  2311 232  2251 215  2051 199  1961
255 214   001 203   001 198   001 186   001 176   001 169   001 161   571
 152   671 145   671 138   871 133  1071 129  1171 126  1171 125  1171 131  1171
 144  1371 164  1571 180  1671 193  1771 200  1971 204  2071 207  2071 207  2171
 208  2171 209  2071 208  1771 205  1671 193  1571 182  1571 167  1571 158  1371
 150  1271 143  1171 135  1271 127  1271 123  1371 119  1271 119  1171 125  1071
 138  1471 157  1671 175  2071 190  2071 201  1971 208  2071 214  2271 218  2471
 221  2671 222  2671 219  2571 213  2471 201  2271 187  1971 173  1771 162  1671
 154  1471 146  1371 135  1351 129  1451 122  1511 116  1451 114  1351 121  1211
 140  1451 165  1751 190  1911 210  2051 224  2151 233  2211 239  2451 242  2751
 243  2911 243  2851 240  2651 233  2511 221  2251 205  2051 190  1761
260 211   001 206   001 203   001 170   001 159   001 147   001 133   771
 124  1371 119  1771 116  1971 115  1971 112  1971 113  1671 116  1271 125   971
 141  1171 161  1271 178  1571 192  1771 200  1871 205  2071 206  2171 206  2171
 206  2271 207  2071 206  1871 200  1671 181  1771 162  2071 145  2271 133  2171
 122  2271 116  2271 109  2271 103  2271 101  2271 103  1871 109  1471 121  1071
 138  1471 158  1671 178  2071 195  2171 209  2171 218  2171 223  2471 225  2671
 225  2971 225  2971 222  2871 211  2771 191  2671 168  2571 148  2471 135  2471
 128  2471 122  2471 111  2351 105  2351 101  2311 101  2051 107  1651 120  1311
 141  1551 166  1851 190  2011 210  2251 225  2351 235  2511 240  2751 242  2951
 242  3111 240  3051 234  2951 222  2811 201  2751 177  2551 158  2461
280 195   001 196   001 193   001 186   001 168   001 170   001 163   871
 157  1071 151  1271 146  1371 143  1471 140  1471 138  1471 140  1371 146  1271
 152  1571 162  1671 170  1971 181  1971 192  1971 202  1971 209  2071 214  2071
 216  2071 214  2071 209  2071 197  2071 183  1971 168  1871 154  1771 147  1671
 143  1671 141  1671 135  1671 128  1671 121  1671 119  1571 120  1371 126  1271
 138  1571 152  1671 169  1971 184  1971 197  2071 210  2171 220  2171 227  2171
 230  2271 228  2271 221  2271 209  2271 195  2171 179  2171 165  2071 156  2071
 149  2071 145  1971 136  1651 130  1751 126  1711 125  1651 129  1551 136  1411
 147  1651 162  1951 178  2111 195  2251 210  2351 224  2411 234  2551 240  2551
 242  2611 239  2551 232  2451 220  2311 203  2251 185  2251 172  2161
299 164   001 165   001 168   001 164   001 160   001 153   001 145   771
 140  1071 137  1371 134  1471 131  1671 128  1671 128  1571 130  1271 134  1071
 142  1471 152  1871 161  2271 171  2071 179  2071 190  2071 199  1971 206  1771
 209  1771 205  1871 197  1971 185  1971 170  1971 158  1871 147  1871 139  1771
 134  1671 130  1571 125  1671 122  1771 118  1871 117  1671 119  1371 126  1171
 138  1471 154  1871 168  2171 182  2071 194  1971 203  1871 209  1971 211  1971
 211  1971 208  2071 202  2071 193  2171 180  1971 167  1971 154  1771 145  1671
 138  1571 134  1471 132  1651 129  1751 128  1911 129  1751 133  1451 140  1211
 150  1551 162  1851 174  2111 185  2151 194  2051 203  2011 212  2151 219  2351
 223  2411 223  2451 219  2451 208  2411 191  2351 172  2151 157  2061
434 190   001 183   001 172   001 164   001 159   001 156   001 147   571
 139   871 135   971 132  1071 128   971 125  1071 121  1071 119  1171 121  1171
 131  1471 147  1671 163  1971 177  1871 188  1971 196  1971 200  1871 202  1771
 202  1671 201  1771 198  1871 191  1971 180  1871 169  1571 157  1271 149  1271
 143  1371 139  1371 136  1371 130  1371 126  1371 123  1271 122  1271 126  1171
 137  1571 154  1971 169  2371 183  2571 193  2571 202  2671 207  2671 210  2471
 211  2371 209  2471 204  2671 197  2771 187  2471 176  2171 167  1771 158  1771
 152  1571 146  1571 136  1351 132  1451 127  1411 122  1451 121  1351 126  1311
 141  1651 161  1951 181  2211 197  2351 208  2351 216  2411 222  2451 226  2451
 227  2411 226  2651 222  2751 215  2911 204  2651 191  2451 180  2161
460 207   001 197   001 193   001 183   001 175   001 169   001 161   671
 155   971 148  1271 141  1571 133  1771 128  1871 127  1571 131  1271 139   971
 152  1271 168  1471 181  1771 191  1971 197  2071 203  2271 210  2371 213  2271
 214  2171 211  1971 204  1671 193  1471 185  1471 175  1671 166  1671 158  1871
 153  1971 147  2171 140  2171 132  2171 124  2171 123  1871 125  1471 133  1171
 148  1371 164  1471 182  1671 194  1871 203  1971 211  2071 216  2171 221  2371
 223  2471 223  2271 220  2171 213  1871 199  1871 182  1671 168  1571 157  1871
 150  2071 144  2271 139  2251 132  2351 126  2311 122  1951 123  1651 130  1211
 145  1451 164  1651 184  1811 201  2051 215  2351 224  2511 229  2651 231  2751
 232  2811 232  2651 228  2551 220  2311 205  2251 187  2051 172  1961
481 218   001 213   001 204   001 197   001 190   001 176   001 171   771
 166  1071 162  1371 157  1371 153  1271 151  1171 151  1271 152  1371 158  1471
 168  1671 182  1771 196  1871 206  1871 214  1671 219  1671 218  1971 216  2171
 212  2471 208  2271 204  2171 200  2071 193  2171 185  2071 178  1971 170  1871
 164  1871 157  1771 152  1671 147  1571 142  1471 139  1571 139  1671 144  1771
 156  1771 171  1871 190  1971 207  1971 221  1971 230  1971 233  1971 232  2171
 229  2271 225  2171 221  2071 214  1871 205  1771 194  1871 186  1771 179  1771
 173  1871 167  1871 157  1751 150  1651 144  1511 141  1651 141  1651 147  1711
 159  1851 174  1851 191  1911 207  2051 220  2251 230  2311 235  2451 235  2651
 234  2711 232  2551 228  2451 221  2211 211  2151 200  1951 191  1861
497 190   001 164   001 162   001 150   001 146   001 141   001 136   571
 129  1071 124  1271 117  1371 110  1471 104  1371 100  1271 101  1071 108   971
 121  1071 138  1371 156  1471 171  1571 183  1771 193  1871 195  2571 195  3171
 189  3471 180  2971 168  2671 158  2271 149  2071 142  1871 139  1671 135  1671
 131  1571 126  1571 119  1471 113  1471 108  1371 105  1271 107  1171 114  1071
 125  1271 142  1571 159  1771 176  1971 192  2171 202  2371 206  2871 203  3471
 194  4071 181  3371 167  2871 155  2371 146  2071 141  1871 138  1571 133  1571
 129  1671 124  1671 113  1551 108  1451 104  1411 102  1351 102  1151 108  1011
 120  1251 136  1351 155  1511 175  1651 193  1851 205  1911 210  2651 208  3251
 201  3911 191  3451 180  2851 169  2311 160  2151 152  1951 142  1761
510 226   001 218   001 215   001 204   001 192   001 177   001 164   671
 156   671 151   771 148   871 146  1171 144  1271 142  1171 140  1071 145   971
 158  1171 176  1271 194  1571 210  1571 220  1571 229  1671 236  1671 239  1671
 239  1671 236  1671 230  1571 219  1571 204  1471 190  1371 176  1271 167  1171
 159   971 154   871 150  1071 147  1171 143  1371 139  1271 139  1271 145  1171
 159  1371 178  1571 195  1771 210  1971 222  2071 230  2171 237  2171 240  2071
 241  2071 238  2071 231  2071 221  2071 207  1971 191  1871 176  1771 165  1671
 156  1471 150  1271 142  1251 137  1351 133  1511 130  1451 130  1451 138  1311
 155  1551 178  1751 201  1911 219  2151 234  2351 245  2511 254  2551 260  2651
 262  2611 259  2751 251  2751 238  2811 222  2651 204  2451 189  2261
579 251   001 241   001 228   001 215   001 206   001 193   001 186   571
 181   771 177  1071 173  1271 170  1371 167  1471 165  1371 165  1371 172  1271
 187  1171 209  1271 227  1171 240  1371 248  1571 255  1771 261  1971 267  2071
 269  2271 265  2171 259  2071 248  1971 235  1771 222  1571 210  1271 201  1371
 192  1471 187  1571 182  1671 178  1671 175  1771 171  1671 171  1571 177  1471
 193  1471 213  1471 231  1471 246  1571 256  1671 263  1771 268  1971 270  1971
 269  2171 265  2071 257  2071 248  1971 236  1771 224  1571 212  1271 202  1371
 194  1371 189  1471 186  1551 182  1651 177  1711 172  1651 171  1551 177  1411
 193  1451 214  1551 234  1511 249  1551 258  1651 265  1611 270  1851 274  2051
 274  2211 270  2251 262  2151 251  2111 238  1851 225  1651 214  1361
588 253   001 251   001 227   001 208   001 195   001 187   001 178   671
 170   871 163  1071 156  1271 149  1371 144  1571 142  1471 144  1271 153  1171
 169  1171 190  1271 212  1271 234  1271 253  1371 265  1371 270  1771 269  2271
 264  2671 256  2571 244  2471 230  2371 215  2071 199  1671 184  1371 171  1471
 162  1471 155  1571 151  1571 149  1571 146  1571 143  1471 143  1471 148  1371
 162  1371 182  1471 204  1471 226  1571 246  1571 259  1671 263  2171 262  2671
 256  3171 248  3071 238  2871 227  2771 212  2371 197  1971 184  1571 175  1571
 170  1571 166  1571 162  1551 159  1551 156  1511 153  1451 152  1451 157  1311
 169  1351 187  1351 208  1311 228  1351 245  1351 257  1311 261  1951 260  2651
 257  3211 253  3151 248  2951 240  2811 227  2451 211  2051 197  1661
621 225   001 217   001 203   001 192   001 178   001 180   001 170   571
 161   771 153   771 147   971 142  1171 138  1271 137  1171 136  1071 140   971
 148  1171 163  1271 177  1571 190  1671 202  1871 207  1971 210  2071 211  2271
 210  2271 210  2171 208  1971 205  1971 192  1771 178  1571 167  1471 159  1371
 154  1371 152  1271 151  1371 151  1371 148  1471 143  1371 140  1171 142  1071
 152  1371 166  1571 181  1971 193  2071 201  2171 206  2271 209  2371 210  2371
 209  2471 207  2371 203  2071 194  2071 182  1771 168  1571 155  1371 148  1371
 144  1371 141  1271 142  1351 137  1451 132  1511 126  1451 124  1251 130  1111
 146  1351 168  1651 189  1811 205  1951 215  2151 222  2211 227  2451 231  2651
 234  2811 237  2751 237  2651 229  2511 211  2251 188  2051 168  1761
630 240   001 229   001 219   001 211   001 202   001 186   001 177   371
 167   971 159   871 155   871 153   871 153   871 154   871 155   771 159   771
 168   971 180  1371 194  1571 207  1671 221  1871 231  1871 237  1971 243  1971
 243  2071 239  2071 233  2071 224  2071 214  1871 205  1771 193  1571 182  1471
 173  1371 165  1271 160  1171 156  1071 153   971 151   971 151   871 154   871
 163  1171 176  1571 192  1871 207  1971 220  2071 231  2171 239  2271 243  2171
 242  2171 235  2271 225  2271 214  2171 204  2071 196  1971 187  1871 179  1771
 171  1671 164  1571 159  1151 154  1051 150   911 146   951 145   851 149   811
 161  1151 179  1451 198  1711 215  1951 229  2151 241  2311 251  2451 258  2651
 261  2711 260  2751 256  2651 247  2611 234  2551 220  2351 206  2261
643 237   001 261   001 259   001 231   001 217   001 212   001 201   571
 192  1071 185  1171 178  1271 172  1471 166  1471 163  1371 165  1171 173  1071
 192  1171 215  1271 234  1371 248  1671 254  1871 257  2071 259  2171 259  2071
 258  2171 255  2171 252  2271 244  2271 234  2171 223  1971 212  1871 204  1771
 198  1671 191  1571 186  1571 179  1671 174  1671 173  1571 175  1471 184  1371
 200  1471 220  1471 238  1571 249  1771 255  2071 258  2171 260  2171 261  2071
 259  2071 254  2071 246  2071 237  2071 228  2071 219  1871 211  1771 204  1771
 198  1671 194  1571 189  1651 183  1651 178  1611 176  1551 178  1351 187  1211
 204  1351 225  1351 245  1411 259  1651 269  1951 274  2111 276  2151 276  2251
 274  2211 269  2351 263  2451 253  2511 241  2351 228  2251 218  2061
645 265   001 252   001 240   001 219   001 210   001 201   001 193  1371
 187  1471 181  1571 177  1471 173  1471 171  1371 168  1271 170  1271 180  1171
 200  1171 225  1171 245  1171 259  1571 265  2071 270  2471 278  2371 284  2271
 285  2171 278  2171 264  2071 248  2171 231  1971 217  1771 205  1471 197  1571
 192  1671 188  1771 185  1771 181  1671 179  1671 177  1671 179  1571 188  1571
 205  1471 226  1471 246  1371 260  1671 268  2071 274  2371 278  2371 281  2271
 279  2471 272  2371 261  2171 249  2071 235  1971 222  1671 210  1471 201  1671
 194  1671 190  1771 185  1751 181  1751 178  1711 176  1651 178  1651 187  1511
 206  1551 230  1551 252  1511 267  1751 276  2051 282  2211 287  2351 289  2451
 288  2511 282  2451 272  2451 258  2311 242  2151 226  1851 213  1661
650 273   001 259   001 240   001 231   001 230   001 221   001 213   471
 204   671 194   871 185   971 178  1271 173  1371 171  1371 175  1271 185  1171
 202  1271 222  1271 242  1371 257  1371 268  1371 274  1371 278  1471 278  1571
 275  1671 269  1671 259  1471 248  1471 237  1471 227  1471 216  1371 207  1271
 198  1171 190  1071 184  1271 178  1371 174  1571 173  1571 176  1471 183  1471
 196  1371 214  1471 231  1471 246  1471 260  1371 268  1371 272  1371 271  1471
 267  1471 259  1471 251  1471 241  1471 233  1371 226  1371 218  1271 211  1271
 203  1171 196  1071 190  1351 186  1451 183  1611 182  1551 185  1551 192  1411
 205  1551 221  1551 238  1611 254  1551 266  1551 275  1411 279  1551 279  1651
 277  1711 273  1751 266  1751 258  1711 248  1651 236  1451 225  1361
675 284   001 280   001 259   001 239   001 226   001 212   001 203   571
 195   971 187  1271 179  1371 171  1471 165  1471 161  1371 161  1371 172  1271
 198  1271 232  1271 262  1271 281  1771 291  2071 296  2471 299  2071 300  1771
 300  1471 296  1371 289  1371 277  1271 259  1171 240  1171 219  1071 205  1171
 196  1371 189  1471 182  1471 175  1371 168  1371 161  1271 160  1271 169  1171
 193  1271 223  1471 251  1571 268  1871 278  2171 282  2471 284  2271 285  1971
 284  1771 279  1671 271  1571 260  1471 246  1371 232  1271 217  1171 204  1271
 193  1371 184  1471 186  1451 180  1451 174  1411 168  1351 166  1351 174  1211
 194  1351 221  1351 245  1411 260  1951 268  2451 271  2911 273  2651 274  2351
 274  2011 272  1951 267  1751 257  1611 242  1451 223  1351 208  1161
690 234   001 239   001 234   001 225   001 213   001 207   001 207   571
 207   771 207   871 204  1071 201  1071 197  1071 196  1071 195   971 200   971
 214  1271 230  1371 243  1671 249  1671 250  1471 251  1471 254  1271 257  1371
 259  1271 258  1271 251  1171 244  1271 237  1271 231  1371 226  1271 223  1271
 220  1271 217  1271 213  1271 209  1271 204  1271 202  1271 202  1271 208  1271
 220  1371 234  1471 248  1571 257  1571 261  1571 263  1671 264  1571 264  1471
 262  1471 259  1371 254  1271 247  1271 240  1371 234  1471 228  1471 223  1471
 219  1371 215  1371 210  1351 207  1351 204  1211 202  1251 203  1251 207  1211
 216  1351 227  1551 237  1611 244  1651 249  1751 251  1711 252  1651 252  1651
 250  1511 247  1451 242  1451 237  1311 232  1351 227  1351 222  1361
747 265   001 258   001 245   001 230   001 216   001 213   001 209   671
 205   871 201   971 195  1071 190  1171 185  1171 182  1071 182   951 188   871
 199  1071 213  1271 229  1471 242  1471 251  1571 255  1571 254  1871 249  2271
 243  2571 237  2271 233  2071 229  1871 224  1671 220  1571 215  1371 211  1371
 209  1371 207  1371 205  1271 202  1271 200  1171 199  1071 199  1071 203   971
 213  1171 224  1271 234  1571 240  1671 245  1771 247  1871 249  2171 251  2571
 251  2871 250  2571 246  2371 240  2171 232  1971 224  1771 215  1571 209  1571
 204  1471 201  1471 199  1351 196  1251 193  1211 189  1151 188  1151 193  1011
 205  1251 222  1451 237  1611 248  1751 255  1751 259  1811 262  2251 264  2651
 265  3011 263  2851 259  2651 252  2411 241  2251 229  2051 220  1861
NT  TEDF  78  35 1
20150816212015081616
20150816212015081617
20150816212015081618
20150816212015081619
20150816212015081620
20150816212015081621
20150816212015081622
20150816212015081623
20150816212015081700
20150816212015081701
20150816212015081702
20150816212015081703
20150816212015081704
20150816212015081705
20150816212015081706
20150816212015081707
20150816212015081708
20150816212015081709
20150816212015081710
20150816212015081711
20150816212015081712
20150816212015081713
20150816212015081714
20150816212015081715
20150816212015081716
20150816212015081717
20150816212015081718
20150816212015081719
20150816212015081720
20150816212015081721
20150816212015081722
20150816212015081723
20150816212015081800
20150816212015081801
20150816212015081802
20150816212015081803
20150816212015081804
20150816212015081805
20150816212015081806
20150816212015081807
20150816212015081808
20150816212015081809
20150816212015081810
20150816212015081811
20150816212015081812
20150816212015081813
20150816212015081814
20150816212015081815
20150816212015081816
20150816212015081817
20150816212015081818
20150816212015081819
20150816212015081820
20150816212015081821
20150816212015081822
20150816212015081823
20150816212015081900
20150816212015081901
20150816212015081902
20150816212015081903
20150816212015081904
20150816212015081905
20150816212015081906
20150816212015081907
20150816212015081908
20150816212015081909
20150816212015081910
20150816212015081911
20150816212015081912
20150816212015081913
20150816212015081914
20150816212015081915
20150816212015081916
20150816212015081917
20150816212015081918
20150816212015081919
20150816212015081920
20150816212015081921
002700160016001500150014001417141714271427142714271435143514311435153515311
43514351431143515351531163516351631163516351631163516351631163516351631163516351
63116351535153115351535153115351535153114351435143113351335133113351435143114351
43514311435153515311435133512311235133514311435133512311235123512311235123512361
005800180018001800170017001617152714271427142714271435153515311535153515311
53515351531153516351731173516351631163516351631153514351431143515351631163516351
63116351735173117351635163116351635153115351435133112351235123112351235133113351
33513311335143513311335123512311235123512311235133513311335133512311235123512361
015700160015001100120011001117112712271227132714371435153516311635173517311
73517351731173516351631163516351731173517351631153514351331143515351631173517351
63115351535143115351535163116351735173116351535143113351335133113351335133113351
43514311535153515311535143513311235123512311335133513311335123512311235113512361
027800180017001600140014001417141715271527152715271535153515311435143513311
33512351231133514351531153515351531153515351431143514351431143514351431153515351
63115351535143113351335133114351535163116351635153115351435143113351335133113351
33513311335143514311335133513311335133513311335133513311435143515311435143514361
070600160016001500160017001717162716271527152715271535153516311635163516311
63516351731173517351731173517351631153514351331143515351631153513351231123513351
43114351435153116351735173116351435143114351435153114351335123112351235123112351
23512311235123512311235123512311235133513311335133513311335123512311235123512361
110700170016001100100011001017101710271027102711271135113511311235123512311
23512351231123512351231123511351131113512351231133514351531153514351431143514351
43115351535153114351335123111351135123112351235123112351235123112351335133114351
43514311535163517311635163515311435133513311335143515311535163516311635163516361
120800170016001400120012001217121712271227122712271235123512311235123512311
23512351231123512351231123512351231113511351131123512351231123512351231123512351
33113351335133113351335133113351335133113351335133112351235123113351435143114351
33513311335133513311435143513311335133513311335133513311435153515311535143514361
130800180018001600160016001617151715271427133712371235113512311235133513311
33513351331133513351431133513351331133513351231123512351231123513351331133512351
23112351235123112351235123112351235123112351235123112351235123113351335143114351
43514311435153516311535143514311335133513311435143514311435143514311435143514361
145700180017001400140017001717161716271627162716271635173517311635143513311
33513351431153516351731173517351631163515351531143514351431153516351631153514351
23112351335133113351335133113351435143114351335133112351235123112351235123112351
23512311235123512311235123512311335133513311335133513311335133513311335133513361
149600170016001400150017001717161716271627162716271635163516311535143513311
33513351431153516351731173517351631153515351431143513351431143515351631153513351
23112351335133113351335133113351435153114351435133113351235123112351235123112351
23512311235123512311235123512311235123513311335133513311335133513311335133513361
156700170017001500140016001617151715271527152715271635173517311635143513311
33513351431153516351731173516351631153515351431143514351431153516351631153513351
23112351335133113351335133113351435153114351435133112351235123112351235123112351
23512311235123512311235123512311235123512311335133513311335133513311335133513361
168700170016001600140015001517151715271527152714271435143514311435153515311
53514351331133513351331133512351231123512351231123512351231123512351231123512351
33112351235123111351135123112351335143114351435143113351235123111351135123112351
23512311235123512311235123512311235123512311335143514311435143514311335123513361
180800170016001700180018001827172717271627162716371635163517311635163515311
53514351431153515351531153515351431143513351231123512351331133513351331133512351
23112351235123112351135113112351235123113351435143114351335133112351235123112351
23512311235123512311235123512311235123512311235133513311335133513311335123512361
190700160016001800160015001527162716271627162717271735173517311735163515311
53515351531163516351631163516351531153515351431143513351331123512351231123512351
23112351235123112351135123113351335143113351335123113351335143114351435133113351
33513311335133512311235123512311135113511311235123513311335143513311335123512361
222800180018001700170017001617161716271527152715271535153514311335123512311
23512351231123512351231133514351431143513351231123512351231133513351431143513351
33112351235123112351235123112351135123112351335143113351335123113351335133113351
33513311335133513311335123512311235133513311335133513311335133513311335133513361
240600180018001800160016001517141713271327133712371235133513311335133512311
23512351331143516351631163515351431133512351231123512351231133514351531163516351
63116351435143113351335143114351535153114351335123111351135123112351335133113351
33513311335143514311435133513311235123513311435143515311435143513311335133513361
255700170017001500170017001717171716271627152714271435123512311135113511311
13511351231133515351631163515351531143513351331123512351231123512351231133514351
43115351435143114351435143114351435133113351335123112351235123112351235123112351
23512311235123512311235123512311235123513311435143514311435133513311335133513361
260600170015001600150016001617161716271627162716271535153514311335133512311
13511351231133514351531143513351231123512351231123512351131113511351131123512351
23113351435143114351435133113351335133112351235123112351235123112351235123112351
13511311135113511311235133513311335133513311435143514311435143514311435153514361
280700170017001600160016001617161715271427142714271535163516311635143512311
23512351231123513351331133514351431143514351331133512351231123513351331133512351
23112351235133113351235133113351435143114351435133113351235123113351335133113351
23511311135113511311135113511311135113512311235123513311335133512311235123512361
299700170016001500140014001417152715271527162716271735173517311635143513311
23512351231133515351631163517351631153513351231113511351231123512351231123512351
23112351235113112351235133113351335133113351335133113351335133114351535153115351
43514311435153516311635153514311335133513311435153515311435133512311235123512361
434600170017001600180015001417141713271327122712271135113512311235133514311
43513351331133513351331133513351331123512351231133514351531153515351431143515351
53114351335133113351435143114351335133112351235123111351135113111351135113111351
13512311235123512311235123512311235123512311235123512311235123512311235123512361
460600170014001500140017001617151714171327122712271135113512311235123512311
23512351231133513351431133513351331133513351331133512351231123512351331153516351
73116351535143114351435143115351535163116351635153114351335123112351235123111351
13511311135123512311235123512311235123512311235123512311235123511311135113511361
481700170017001800140012001217131713271427142714271535143513311235123512311
23512351231123512351231123511351131113511351131113511351131113512351231123513351
33113351335123112351235123112351235123113351435143115351435143114351435133113351
23512311235123513311235123512311135113512311235133513311335123512311135113512361
497700160015001100100010001017102711271127122713271335143514311435143514311
53515351531143514351431143514351431143514351431143514351331133512351231133513351
43115351635163116351635163116351635163116351535153115351535153115351635153115351
53515311535153515311535153514311435153515311435143514311435143514311335133513361
510600170017001700180017001617151714271327122712271235133513311435143514311
33513351331133514351431153515351531153514351431143514351431153515351631163516351
53116351635153114351235123112351435143114351335123111351235123113351335133114351
43514311435143514311435133512311235123512311235123512311235123512311235113511361
579000110013001000100010001117111711271227122712271335123511311135113511311
13511351131113511351131123512351231123512351131113511351131123513351431143514351
43113351335133112351235113111351235123113351435153114351335123112351135113111351
13511311135113511311135113512311235123512311235113511311135113511311135113511361
588600140011001000120011001117111711271127112711271135113511311135113511311
13511351131113511351131113511351131113511351131113511351131113511351231133514351
43113351235113112351335143114351235113112351235133113351235123112351235123112351
23511311135113511311135113511311135113511311135113511311135113511311135113511361
621600170017001600170017001617161716271627162717271735173517311735173517311
73517351731173516351631163515351531143514351431143515351531163516351631163516351
63116351635163115351535153115351535153115351435143113351335133114351435143114351
33512311235133514311435133513311335133513311335133513311335123512311235113512361
630200150012001000100013001317132713271427142714271335133513311335133512311
23512351231133514351531153514351431133513351431143514351531153515351531153515351
53115351435133113351435143114351335123112351235123112351235123112351235123112351
23512311335133513311235123512311135113511311135113511311135113511311135113511361
643700180015001400140014001317131712271227122711271135113511311135113511311
13511351131113511351131123514351431133512351131113512351331133514351431143514351
43113351235123112351235123112351235123112351235123112351235123112351235123112351
13511311135113511311135113511311135113512311135113511311135113511311135113511361
645300170014001400120012001217121712271227122712271235123511311135113511311
13511351131113511351131113512351231123511351131113511351231133513351431143514351
43114351435143113351335123112351235133114351535153114351335123112351135113111351
13511311135113511311135113511311135113511311135113511311135113511311135113511361
650000150016001400140011001117111711271127112711271135113511311135113511311
13511351131113511351131113511351231123512351231123511351131123513351331143514351
43114351535153115351535153114351335123112351335133113351235123112351235123112351
13511311135113511311135113511311135113511311135113511311135113511311135113511361
675100110010001100130011001117111711271127112711271135113511311135113511311
13511351131113511351131113511351131113511351131113511351131123512351331143515351
53115351435143114351535153116351635153115351435143114351435143114351435143113351
23511311135113511311135113511311135113511311135113511311135113511311135113512361
690500120010001000100010001017102711271127112711271135123512311235123511311
13511351131113511351131113511351131113511351131113511351131113511351231133514351
53114351435133113351435153115351635163114351335123111351135123112351335133112351
23512311135113512311235123513311335123512311235123512311235123512311235123512361
747400140014001400140013001317121712271127112711271135123513311435153515311
53515351531153516351731173517351631163515351431143514351431153515351631163516351
63116351635163116351635163116351535153116351635163115351335123111351135113111351
13511311135123512311235123512311235123512311235123512311235113511311135113512361
