20151209131425
T2M TEDF  78  35 1
20151209132015120908
20151209132015120909
20151209132015120910
20151209132015120911
20151209132015120912
20151209132015120913
20151209132015120914
20151209132015120915
20151209132015120916
20151209132015120917
20151209132015120918
20151209132015120919
20151209132015120920
20151209132015120921
20151209132015120922
20151209132015120923
20151209132015121000
20151209132015121001
20151209132015121002
20151209132015121003
20151209132015121004
20151209132015121005
20151209132015121006
20151209132015121007
20151209132015121008
20151209132015121009
20151209132015121010
20151209132015121011
20151209132015121012
20151209132015121013
20151209132015121014
20151209132015121015
20151209132015121016
20151209132015121017
20151209132015121018
20151209132015121019
20151209132015121020
20151209132015121021
20151209132015121022
20151209132015121023
20151209132015121100
20151209132015121101
20151209132015121102
20151209132015121103
20151209132015121104
20151209132015121105
20151209132015121106
20151209132015121107
20151209132015121108
20151209132015121109
20151209132015121110
20151209132015121111
20151209132015121112
20151209132015121113
20151209132015121114
20151209132015121115
20151209132015121116
20151209132015121117
20151209132015121118
20151209132015121119
20151209132015121120
20151209132015121121
20151209132015121122
20151209132015121123
20151209132015121200
20151209132015121201
20151209132015121202
20151209132015121203
20151209132015121204
20151209132015121205
20151209132015121206
20151209132015121207
20151209132015121208
20151209132015121209
20151209132015121210
20151209132015121211
20151209132015121212
20151209132015121213
002  90   001  93   001 103   001 112   001 113   001 110   001 104   271
  99   471  94   571  92   571  89   771  87   871  87   871  86   871  86   871
  85   871  84   871  84   871  84   771  83   771  80   771  76   871  73   871
  70   871  69   771  71   771  74   771  78   871  82   871  85   971  86   971
  86  1071  84  1071  82  1071  82  1071  84  1071  88  1071  90  1071  89  1071
  89  1071  90  1071  92  1071  97  1171  99  1171  99  1171  98  1071  95  1071
  94  1071  94  1071  96  1071 100  1071 105   971 108   971 109   971 108  1071
 106  1071 103  1171 102  1171 101  1271 100  1271  99  1171  97  1171  95  1171
  92  1171  89  1171  87  1171  86  1171  84  1171  82  1071  78  1071  75   971
  72   971  69   851  68   811  69   951  72   951  75  1011  76  1051
005  63   001  75   001  87   001 100   001 101   001 110   001 108   271
 100   471  90   671  81   771  75   671  70   771  69   971  68   971  67   971
  65   971  62   971  61   971  58  1071  56  1071  54  1071  52  1171  50  1171
  48  1271  48  1171  50  1171  56  1271  62  1471  69  1571  74  1571  75  1571
  73  1571  68  1371  63  1071  59   871  59   971  61   971  64  1071  66  1071
  67  1171  67  1171  68  1271  70  1371  72  1471  73  1471  74  1371  74  1371
  74  1271  74  1271  76  1171  82  1271  90  1271  97  1371 102  1371 103  1371
 103  1371 101  1271  98  1171  94  1071  90  1171  85  1271  81  1371  78  1371
  76  1371  74  1371  72  1471  71  1471  69  1571  66  1471  62  1371  58  1271
  54  1271  52  1151  53  1111  57  1151  64  1151  70  1111  75  1151
015  33   001  51   001  71   001  90   001  97   001 105   001 103   471
  95   571  87   771  78   771  71   871  65   871  61  1071  59  1071  59  1071
  60  1071  59  1071  58  1071  57  1071  55  1071  53  1071  52  1171  50  1171
  48  1171  46  1071  47  1071  50  1171  55  1271  59  1371  61  1371  61  1371
  59  1371  53  1271  48  1271  45  1171  44  1171  45  1271  47  1271  48  1271
  48  1371  50  1371  52  1371  55  1371  58  1371  61  1471  63  1571  63  1671
  62  1571  62  1471  64  1371  71  1371  79  1371  86  1271  89  1271  89  1151
  87  1111  85  1151  83  1051  81  1011  78  1151  75  1151  72  1211  71  1351
  70  1551  68  1611  65  1651  61  1551  57  1511  54  1551  52  1651  51  1611
  50  1551  50  1451  53  1311  59  1351  66  1251  72  1211  75  1251
027  47   001  59   001  76   001  97   001 103   001 113   001 109   471
  98   671  84   771  69   971  58  1071  50  1171  47  1371  47  1471  47  1471
  45  1571  44  1571  43  1471  41  1271  39  1171  34  1171  28  1271  24  1271
  22  1271  24  1271  32  1171  45  1171  60  1071  75  1071  86  1071  90   871
  88   871  83   971  75  1071  70  1271  68  1371  71  1471  74  1471  76  1571
  78  1571  80  1671  84  1671  87  1571  87  1571  87  1471  87  1471  87  1371
  88  1371  90  1271  94  1371 101  1271 108  1271 113  1071 116  1071 116  1171
 112  1171 107  1171 102  1271  96  1271  92  1371  89  1471  85  1571  83  1571
  81  1571  79  1571  78  1671  76  1671  75  1771  73  1771  72  1671  70  1671
  69  1571  70  1351  74  1211  82  1251  91  1151  99  1111 103  1151
070  27   001  54   001  77   001  92   001 101   001  96   001  86   771
  75   971  67  1071  59  1271  53  1371  49  1571  49  1771  49  1671  48  1771
  47  1871  44  1871  42  1871  39  1871  35  1871  30  1871  26  1871  23  1771
  23  1671  27  1571  33  1471  40  1571  48  1771  53  1871  56  1771  55  1671
  51  1571  44  1471  38  1571  33  1571  30  1671  29  1771  29  1971  28  2071
  27  2071  25  2071  24  2171  23  2171  24  2271  27  2171  30  2071  35  2071
  40  1971  45  1971  50  1871  57  1771  63  1771  68  1871  72  1571  75  1471
  77  1371  78  1471  76  1571  76  1671  75  1871  75  1971  74  2071  71  2171
  67  2371  63  2471  57  2471  52  2471  50  2471  51  2371  54  2371  58  2371
  61  2251  63  2051  65  1911  68  1951  71  1851  74  1811  77  1751
110  59   001  77   001  94   001 112   001 123   001 126   001 121   271
 113   271 107   571 104   871 102   971 101  1071  99  1071 100  1071 102  1071
 104   971 107   971 107   971 107   871 106   871 105  1071 103  1171 103  1371
 103  1171 104  1071 107   871 113   871 119   971 125   971 125   871 123   771
 119   771 116   971 112  1071 111  1271 110  1271 112  1271 114  1271 116  1271
 117  1171 117  1171 118  1171 118  1071 117  1071 115  1171 114  1371 113  1471
 111  1271 111  1171 114   971 118  1071 124  1071 127  1171 128  1071 125  1071
 120  1171 112  1171 104  1271  98  1271  95  1271  93  1371  92  1371  89  1371
  86  1371  84  1371  85  1371  89  1471  93  1471  96  1671  98  1771  99  1971
  99  1671  99  1351 101  1011 107  1051 114  1051 120  1011 122  1051
120  66   001  76   001  81   001  98   001 110   001 116   001 111   371
 100   471  88   471  77   771  69   771  62   871  59   871  57   871  55   971
  54  1071  53  1171  52  1171  51  1271  50  1271  50  1271  49  1271  47  1271
  45  1171  47   971  54   871  68   971  85   971 101   971 109   871 111   871
 109   871 106   871 103   871 101   971 100   971  99  1171  99  1171  99  1271
  99  1371  99  1471 100  1471 101  1571 102  1571 103  1471 103  1471 102  1371
 101  1271 100  1271 103  1171 110  1171 117  1171 122  1171 121  1171 117  1071
 111  1071 105  1071 100  1171  96  1171  94  1171  91  1171  89  1171  86  1271
  83  1471  80  1571  79  1671  80  1671  80  1771  80  1771  79  1771  79  1771
  80  1671  82  1451  88  1311  97  1251 107  1251 114  1111 116  1151
130  14   001  30   001  63   001  96   001 115   001 121   001 115   271
 103   371  90   471  75   771  61   871  50  1071  42  1171  39  1471  39  1271
  37  1271  34  1171  32  1171  26  1271  21  1271  16  1371  12  1371   7  1471
   2  1471   2  1371   9  1271  26  1271  49  1171  72  1171  88  1171  96  1071
  97  1071  90  1071  82  1071  76  1071  75  1071  78  1271  81  1371  82  1371
  81  1371  81  1371  80  1471  81  1471  82  1571  81  1571  81  1671  81  1671
  81  1571  83  1571  88  1471  96  1371 107  1271 115  1171 120  1271 122  1271
 120  1371 114  1271 107  1371 100  1171  96  1371  94  1271  92  1371  90  1471
  89  1471  87  1571  85  1571  83  1671  80  1671  76  1771  73  1871  70  1971
  69  1851  71  1751  77  1611  86  1551  97  1351 107  1211 113  1251
145  37   001  54   001  75   001  88   001 101   001 104   001  97   371
  87   871  76  1171  66  1271  57  1171  51  1171  47  1171  46  1171  46  1171
  45  1171  43  1171  39  1171  36  1171  33  1171  31  1171  31  1171  30  1171
  29  1171  30  1171  32  1171  37  1271  46  1371  52  1471  56  1471  57  1471
  55  1471  48  1371  41  1271  34  1271  30  1271  30  1271  30  1271  30  1371
  30  1371  31  1471  32  1471  33  1571  36  1571  39  1471  43  1471  46  1371
  48  1371  51  1371  56  1371  65  1371  73  1471  81  1471  84  1471  85  1471
  83  1471  81  1471  79  1571  78  1571  78  1571  79  1571  79  1571  78  1571
  77  1571  75  1571  74  1571  72  1671  70  1671  69  1671  68  1571  66  1571
  62  1551  58  1451  57  1411  61  1451  67  1551  74  1511  79  1551
149  25   001  47   001  66   001  84   001  95   001 101   001  97   471
  87   871  76   871  66  1071  58  1071  53  1071  50  1271  49  1371  48  1371
  48  1371  47  1471  44  1471  41  1471  37  1471  33  1471  30  1371  27  1371
  25  1371  25  1271  29  1271  37  1271  46  1471  54  1571  58  1571  59  1471
  56  1471  51  1371  44  1271  37  1171  34  1171  31  1271  30  1271  29  1371
  28  1571  27  1671  29  1671  31  1571  32  1571  34  1571  36  1571  38  1571
  40  1571  44  1571  51  1571  61  1571  72  1671  81  1671  86  1571  87  1571
  86  1471  84  1471  81  1571  79  1571  77  1571  78  1571  78  1571  78  1671
  78  1771  78  1871  76  1871  74  1871  73  1871  71  1871  69  1871  67  1871
  64  1751  62  1751  62  1611  67  1651  73  1751  80  1711  85  1651
156  63   001  68   001  78   001  92   001 107   001 114   001 108   371
  97   671  86   671  78   871  72   971  66   971  62  1171  59  1171  57  1171
  54  1171  52  1171  51  1171  50  1171  48  1171  46  1171  43  1171  41  1171
  39  1271  39  1271  42  1371  47  1471  54  1371  60  1471  63  1371  63  1371
  61  1271  57  1171  52  1171  48  1171  45  1171  44  1171  43  1171  41  1271
  39  1271  40  1371  43  1371  47  1371  51  1371  54  1371  55  1471  55  1471
  56  1471  58  1571  63  1571  72  1571  82  1571  90  1671  94  1671  94  1471
  93  1371  92  1371  91  1271  90  1271  88  1271  86  1371  85  1371  85  1471
  84  1471  83  1571  82  1571  81  1571  81  1571  80  1571  78  1671  75  1671
  70  1651  67  1651  66  1611  70  1651  77  1751  84  1711  87  1651
168  48   001  66   001  76   001  73   001  75   001  70   001  69  1071
  68  1271  64  1471  58  1571  54  1771  53  1971  52  1871  50  1871  43  2071
  35  2171  30  2371  29  2271  30  2171  29  2071  23  1971  15  1971   9  1871
   8  1771  13  1771  23  1671  37  1771  52  1871  64  1871  70  1771  69  1571
  63  1471  52  1671  39  1771  30  1971  26  2071  26  2171  25  2271  21  2271
  16  2471  12  2571  12  2571  14  2471  16  2471  18  2371  19  2271  21  2171
  25  2071  32  1971  42  1871  56  1871  70  1771  80  1771  84  1671  83  1671
  79  1571  75  1771  72  1971  71  2071  71  2271  72  2371  72  2471  70  2671
  67  2871  65  3071  64  2971  65  2871  66  2771  67  2671  66  2671  65  2571
  63  2351  62  2251  64  2011  70  1951  78  1951  85  1811  89  1751
180  75   001  74   001  76   001  80   001  84   001  96   001  95   471
  87   771  76  1071  67  1371  61  1371  55  1671  51  1671  47  1771  42  1971
  36  1971  30  2171  25  2171  21  2171  16  2171  11  1971   6  1771   4  1571
   5  1671  10  1671  20  1871  37  1971  54  2271  66  2571  70  2371  67  2371
  59  2171  48  1971  37  1771  28  1571  23  1771  23  1871  22  1971  21  1971
  19  2171  18  2271  17  2271  18  2271  17  2271  15  2171  13  1971  13  1871
  17  1871  25  1771  35  1771  46  1971  58  2271  67  2471  74  2371  77  2171
  77  2071  74  1871  70  1671  67  1471  67  1671  68  1771  69  2071  70  2271
  69  2571  68  2771  67  2771  67  2771  66  2771  64  2671  62  2571  60  2471
  59  2351  59  2251  62  2111  69  2351  77  2551  84  2711  87  2551
190  83   001 100   001  98   001 100   001 106   001 106   001 101   571
  91   871  80  1471  67  1471  56  1371  47  1571  41  1571  38  1671  36  1771
  35  1771  32  1871  27  1971  20  1971  14  2071  10  1971   8  1971   9  1871
  12  1871  17  1671  25  1671  36  1971  49  2371  59  2471  63  2671  62  2671
  56  2771  47  2271  36  1971  26  1671  19  1771  16  1771  14  1871  15  1871
  17  1971  19  1971  19  2071  17  2071  15  2171  12  2171  10  2171  10  2171
  13  1971  20  1871  32  1771  48  1771  64  1971  77  2071  83  2171  83  2171
  80  2171  74  1971  69  1771  65  1571  64  1571  64  1771  67  1771  69  1871
  71  1971  72  2071  71  2171  70  2271  68  2371  65  2371  63  2471  62  2471
  62  2351  64  2151  68  2011  75  2251  83  2351  90  2511  93  2551
222  25   001  36   001  64   001  95   001 119   001 127   001 119   371
 104   571  87   871  73   871  61   871  52   971  48   971  45  1071  42  1071
  37  1171  33  1171  29  1271  25  1271  18  1371  13  1371   9  1471   6  1471
   7  1271  11  1171  21  1071  36  1071  53  1071  72  1071  86  1071  93  1271
  92  1171  83  1071  69  1071  61  1071  58  1071  57  1171  61  1171  63  1271
  65  1271  66  1371  65  1471  63  1571  63  1671  61  1771  61  1771  62  1871
  65  1571  71  1471  81  1271  93  1171 106  1171 117  1071 124  1171 126  1271
 123  1471 115  1371 106  1271  96  1171  91  1271  89  1271  88  1371  87  1571
  86  1671  84  1871  81  1971  77  1971  73  2071  70  2071  67  2171  66  2171
  67  2051  70  1851  77  1711  87  1551  99  1451 109  1211 114  1351
240  16   001  30   001  65   001  85   001 103   001 107   001 102   471
  93   671  82   871  68  1171  53  1071  46  1071  41  1171  40  1171  38  1171
  36  1271  31  1271  26  1371  21  1471  18  1571  16  1571  16  1471  16  1471
  15  1571  15  1671  18  1771  26  1671  37  1571  47  1571  54  1471  57  1471
  55  1371  48  1171  41  1171  34  1171  32  1171  32  1171  33  1171  35  1271
  37  1371  38  1471  37  1571  36  1671  38  1771  43  1771  48  1671  52  1671
  52  1771  51  1871  54  1971  63  1871  76  1871  88  1771  95  1671  98  1671
  97  1471  93  1471  89  1471  84  1571  81  1571  79  1471  77  1471  75  1571
  73  1671  70  1771  68  1871  66  2071  65  2171  66  2071  68  1971  69  1871
  67  1951  66  2051  67  2111  73  2051  82  1951  91  1811  96  1751
255  39   001  37   001  41   001  45   001  49   001  50   001  55   471
  58   671  57   971  49  1171  40  1271  35  1571  32  1671  30  1871  28  1971
  27  1871  24  1971  21  1971  17  1951  14  1911  12  1951  11  1951  10  1911
   9  1971  11  1971  17  1871  27  1771  41  1771  53  1571  61  1471  63  1571
  60  1371  52  1471  42  1471  31  1571  24  1671  19  1771  15  1971  13  1971
  11  1971   9  1971   9  2071   9  2071   9  2171   9  2171  10  2071  11  2071
  15  2171  22  2071  33  2171  47  1971  62  1871  76  1771  84  1671  88  1471
  87  1371  82  1471  74  1771  67  1871  63  1971  61  2171  59  2271  57  2271
  56  2371  54  2371  52  2471  50  2471  48  2571  47  2571  46  2571  46  2571
  48  2451  51  2451  56  2311  63  2151  71  2051  78  1811  83  1751
260  64   001  66   001  67   001  72   001  73   001  77   001  76   571
  73   771  68  1271  62  1871  55  2271  48  2471  42  2571  37  2671  32  2771
  28  3071  24  3171  18  3071  13  3071  10  2971  11  2671  13  2471  16  2171
  18  2071  21  1971  27  1771  39  1771  54  1771  66  1771  72  1671  73  1571
  69  1471  59  1871  48  2071  35  2471  24  2571  16  2771  12  2971  12  3171
  14  3171  16  3371  16  3271  16  3271  16  3171  17  2971  19  2671  23  2471
  28  2571  35  2371  44  2371  56  2371  67  2071  78  1971  84  1871  86  1871
  85  1771  81  2071  74  2571  67  2871  59  2971  53  3171  49  3171  47  3271
  48  3471  47  3571  46  3471  44  3471  43  3371  43  3171  45  2971  47  2771
  49  2651  52  2451  57  2311  64  2251  72  2251  80  2111  85  2051
280  62   001  78   001  92   001 103   001 100   001 108   001 104   571
  94  1171  81  1471  68  1371  57  1271  49  1671  45  1771  40  1871  35  1871
  30  1871  23  1871  17  1871  12  1851   8  1811   5  1951   2  2051   1  2111
   1  2151   4  2171  11  2171  24  2171  37  2171  49  2171  54  2371  55  2371
  50  2471  43  2271  35  2071  28  1871  26  2071  24  2171  22  2371  20  2371
  18  2271  13  2271  10  2271   6  2271   3  2271   1  2271  -1  2271  -3  2271
  -3  2171   1  2071  11  2071  29  2071  49  2071  65  2171  75  2071  77  1971
  74  1871  68  1871  61  1771  55  1571  53  1771  52  1971  52  2071  51  2271
  49  2371  46  2471  45  2471  42  2371  40  2371  38  2371  37  2471  36  2471
  35  2451  36  2451  41  2411  51  2551  63  2751  73  2811  78  2751
299  76   001  75   001  82   001 104   001 104   001 107   001 100   571
  87   771  73  1871  59  1771  46  1971  34  1971  30  1971  27  2071  25  2071
  23  2071  20  2071  16  2171  11  2271   7  2371   5  2271   4  2171   4  2071
   5  1971   9  1871  18  1671  32  1671  49  1771  61  1871  67  1971  66  1971
  57  2171  43  2271  29  2071  18  1971  13  2071  11  2171  12  2271  14  2371
  15  2371  16  2371  18  2471  18  2471  16  2571  11  2471   7  2371   6  2271
  11  2071  22  1971  36  1771  50  1671  64  1771  74  1771  81  1771  82  1871
  79  1771  71  1771  61  1771  53  1771  51  1871  52  1871  54  1971  57  1971
  58  2171  58  2171  59  2371  58  2471  57  2671  55  2671  52  2571  51  2571
  52  2351  55  2151  61  1911  70  1951  80  2051  89  2011  94  2051
434  54   001  58   001  70   001  79   001  88   001  91   001  89   571
  84   771  77   971  67   971  57   871  51   971  47   951  44  1011  39  1151
  35  1151  31  1211  30  1251  30  1351  30  1311  27  1351  24  1351  21  1311
  21  1451  26  1571  35  1571  49  1571  64  1371  79  1371  88  1371  91  1271
  89  1171  83  1071  73   971  65   871  61  1071  59   971  58  1071  56  1171
  52  1271  50  1371  50  1371  50  1471  50  1471  49  1471  47  1571  45  1571
  44  1671  45  1671  50  1771  61  1871  74  1871  84  1871  91  1771  92  1671
  89  1471  84  1371  77  1371  72  1271  69  1271  68  1271  66  1271  64  1371
  60  1471  56  1571  53  1571  50  1671  48  1671  46  1771  45  1771  44  1871
  45  1851  47  1851  54  1811  65  1851  77  1751  87  1711  92  1651
460  69   001  86   001  81   001  87   001  85   001  83   001  82   371
  79   771  72  1071  60  1171  49  1671  43  1771  42  2071  42  2071  39  1971
  36  1971  33  1871  28  1971  22  2071  18  2171  12  2371   8  2471   7  2671
  10  2371  19  2071  33  1771  52  1671  74  1671  93  1571 105  1671 108  1471
 104  1471  91  1671  74  1871  59  2071  46  2071  40  2171  37  2171  37  2171
  39  2171  41  2171  40  2271  37  2371  33  2471  27  2671  23  2771  23  2971
  29  2671  40  2271  54  1971  70  1971  86  1971  99  1871 107  1871 108  1871
 104  1871  95  2071  83  2171  70  2271  62  2271  56  2471  53  2471  52  2471
  52  2571  51  2571  49  2671  46  2671  42  2771  38  2871  36  3071  35  3171
  37  2851  43  2551  52  2211  65  2151  78  2051  90  1911  97  1951
481  70   001  76   001  87   001  96   001 100   001  99   001  96   771
  91  1071  83  1071  76  1171  67  1171  62  1471  59  1471  55  1471  50  1471
  43  1371  37  1371  33  1371  31  1471  30  1471  29  1571  28  1571  27  1671
  27  1771  29  1771  35  1771  45  1871  59  1971  73  2071  85  1971  93  1671
  95  1571  89  1471  80  1371  70  1371  64  1471  61  1571  58  1571  56  1671
  53  1671  50  1671  50  1671  51  1771  50  1771  47  1771  43  1771  40  1771
  40  1671  45  1771  53  1771  66  1871  80  1971  92  2071  98  1971  99  1971
  95  1871  88  1771  80  1671  72  1571  66  1571  62  1571  59  1571  55  1571
  52  1671  50  1671  49  1771  49  1871  48  1971  45  1971  42  1871  40  1871
  41  1951  46  1951  53  2011  62  2251  72  2551  80  2711  86  2551
497  38   001  38   001  45   001  50   001  54   001  64   001  61   671
  50  1071  38  1071  28  1371  21  1571  17  2171  14  2571  10  2671   6  2771
   0  2771  -4  2871  -8  2871 -11  2771 -13  2771 -15  2871 -17  2871 -20  2971
 -24  2771 -22  2571  -8  2271  22  2371  57  2371  82  2371  86  2271  75  2171
  58  1871  42  1971  29  2171  20  2271  14  2571  10  2571   8  2871   8  2771
   8  2771   9  2671   8  2771   6  2771   3  2871   0  2871  -3  2871  -7  2871
 -11  2871  -9  2871   4  2871  31  2671  64  2471  86  2271  90  2071  79  1971
  62  1871  43  1971  27  2071  15  2271  10  2371   9  2371   9  2471   7  2471
   4  2371   1  2371  -3  2371  -6  2371  -9  2371 -11  2271 -14  2271 -16  2171
 -18  2171 -14  2151   1  2111  29  2051  60  2051  82  1911  84  1851
510  43   001  65   001  72   001  79   001  78   001  79   001  87   971
  95  1271  95  1471  86  1471  76  1371  69  1471  66  1471  62  1571  56  1671
  49  1671  43  1771  37  1771  34  1871  32  1871  30  1871  28  1771  26  1771
  25  1771  29  1671  39  1771  58  1771  80  1871 100  1971 112  1871 115  1771
 111  1671 103  1671  92  1571  84  1571  79  1671  77  1771  75  1871  70  1871
  64  1971  59  1971  57  1971  57  2071  57  2071  56  2071  54  2171  55  2171
  59  2251  66  2171  76  2171  89  2271 102  2271 114  2271 121  2171 123  1871
 120  1771 113  1671 102  1671  93  1571  86  1771  81  1671  77  1771  71  1871
  65  2171  61  2271  58  2271  55  2271  53  2271  50  2271  48  2271  48  2271
  52  2251  59  2251  70  2211  83  2351  97  2351 109  2411 116  2351
579 117   001 122   001 125   001 130   001 130   001 133   001 128   371
 119   671 110   971 101  1271  93  1271  88  1371  85  1571  84  1571  82  1571
  79  1671  76  1671  71  1871  66  1971  60  2171  54  2171  49  2271  48  2271
  51  2271  59  2171  71  2071  86  1871 102  1771 117  1571 127  1471 131  1371
 129  1171 118  1271 106  1471  95  1571  90  1671  90  1671  93  1671  94  1671
  94  1771  92  1771  91  1871  89  1971  86  2071  84  2171  83  2171  85  2271
  91  2171  98  2071 105  1971 111  1871 115  1671 119  1571 122  1571 123  1371
 117  1371 104  1471  87  1471  72  1571  65  1771  63  1971  62  2071  61  2071
  59  2071  57  2071  57  2071  55  2171  52  2171  47  2171  44  2271  46  2271
  55  2151  69  2051  85  1911  99  1851 110  1751 119  1611 124  1651
588  87   001 101   001 119   001 127   001 135   001 137   001 132   371
 122   771 107  1271  90  1771  74  2071  61  1971  52  2071  48  1971  46  2071
  45  2271  45  2371  44  2371  42  2271  39  2271  35  2071  30  1971  28  1771
  29  1871  35  1971  47  1971  66  1971  88  1971 108  1971 121  1871 124  1871
 120  1671 109  1871  94  2171  80  2371  72  2371  67  2371  65  2471  64  2371
  64  2471  64  2471  64  2471  64  2571  61  2571  59  2371  56  2271  56  2071
  59  2171  66  2271  74  2371  84  2371  93  2271 101  2271 106  2171 108  2171
 104  2071  92  2171  75  2271  58  2371  47  2371  40  2271  36  2271  33  2371
  32  2371  31  2471  31  2471  31  2571  29  2571  25  2371  22  2271  22  2011
  28  2051  39  2051  54  2011  71  2151  88  2251 102  2311 112  2251
621  89   001  98   001 108   001 122   001 122   001 126   001 128   371
 124   571 109   871  88  1271  70  1971  61  1871  61  1971  60  1871  56  1871
  49  1971  43  1971  40  1971  38  1971  36  1971  33  2071  31  2071  32  2171
  39  2071  53  2071  72  1971  96  2171 120  2171 140  2271 151  2071 152  1671
 139  1471 115  1771  86  1971  62  2371  52  2271  51  2171  52  2071  50  2071
  45  1971  41  1971  39  1971  39  1971  39  1971  38  2071  38  2171  42  2271
  52  2171  66  1971  81  1971  97  2071 111  2271 124  2371 132  2171 133  1971
 125  1771 106  2071  83  2171  63  2471  53  2371  51  2371  50  2271  47  2271
  42  2371  37  2371  34  2371  32  2271  30  2271  28  2271  27  2271  30  2271
  38  2151  51  1951  68  1811  88  1951 108  2151 125  2211 135  2151
630 103   001 106   001 106   001 117   001 125   001 135   001 132   671
 122  1071 109   771  96  1071  85  1271  77  1471  72  1571  67  1771  58  1671
  48  1671  39  1571  32  1571  28  1671  26  1671  26  1671  26  1671  25  1671
  22  1671  23  1671  32  1571  54  1871  82  2271 106  2371 119  2371 122  2171
 117  2171 106  2071  93  1971  80  1871  72  1871  66  1971  62  1971  59  1871
  57  1671  55  1571  51  1571  47  1671  43  1671  39  1571  36  1571  36  1471
  40  1671  48  1871  61  1971  79  2371  97  2371 113  2671 122  2571 125  2471
 122  2271 113  2271 102  2171  91  1971  82  1971  76  2071  70  2071  65  2071
  59  1971  54  1971  50  1971  45  1971  41  1971  36  1871  32  1871  30  1771
  32  1851  40  2051  53  2111  71  2451  91  2651 107  2911 115  2851
643  98   001 111   001 139   001 149   001 156   001 159   001 155   371
 147   571 134   871 120  1171 108  1171  98  1271  90  1371  83  1371  75  1471
  67  1571  59  1671  52  1671  46  1771  41  1771  37  1771  35  1871  37  1871
  44  1771  56  1571  73  1571  93  1471 112  1271 127  1171 134  1171 134  1171
 130  1171 123  1171 115  1271 107  1271 101  1371  97  1371  93  1471  89  1571
  84  1771  79  1871  75  1871  71  1871  68  1871  66  1871  66  1771  68  1771
  73  1571  81  1471  91  1271 104  1271 116  1171 126  1171 130  1171 130  1371
 125  1471 117  1371 106  1371  97  1271  88  1371  80  1471  74  1571  70  1771
  66  1871  63  1971  60  1971  55  2071  50  2071  44  2071  40  2071  42  2011
  52  1851  68  1751  87  1511 106  1551 122  1451 134  1411 139  1551
645 104   001 122   001 139   001 145   001 152   001 151   001 144   971
 134  1271 123  1371 110  1271  99  1171  90  1271  84  1371  80  1371  78  1371
  76  1371  75  1371  73  1571  69  1671  64  1871  58  1771  53  1771  53  1671
  60  1771  72  1671  88  1671 107  1671 125  1771 137  1771 142  1771 141  1671
 133  1671 122  1571 109  1571  99  1471  91  1671  87  1671  84  1671  82  1671
  80  1571  80  1571  79  1671  78  1871  77  1971  76  1871  76  1771  79  1671
  85  1671  93  1671 105  1671 117  1671 128  1771 135  1771 137  1671 135  1771
 126  1771 112  1671  96  1571  84  1471  76  1571  72  1671  70  1771  68  1871
  67  1771  65  1771  63  1871  61  1971  58  2071  54  2071  52  2071  55  2011
  66  1851  82  1751 100  1511 117  1651 132  1851 142  1911 147  2051
650  96   001 123   001 135   001 139   001 143   001 148   001 143   471
 134   671 123   771 112   771 102   971  96  1071  91  1271  86  1371  80  1571
  72  1671  68  1871  67  1871  67  1951  66  1911  63  1951  60  2051  61  2071
  68  1871  79  1571  95  1371 112  1471 128  1471 141  1571 148  1371 148  1171
 144   971 138   971 128   971 120  1071 112  1171 106  1271 101  1371  97  1571
  95  1671  96  1871  98  1971 101  1971 101  2071  98  2071  95  2071  94  2071
  98  1871 106  1671 114  1571 122  1571 129  1471 133  1471 134  1271 132  1271
 125  1071 114  1071 101  1071  90  1171  82  1271  78  1371  74  1471  70  1671
  66  1871  64  2071  64  2071  64  2171  63  2171  60  2171  58  2271  59  2211
  65  2051  76  1851  89  1611 104  1651 117  1551 128  1511 134  1451
675 117   001 137   001 147   001 157   001 163   001 167   001 165   271
 157   471 143   771 123   971 106  1371  95  1571  89  1671  84  1871  79  1971
  74  2171  70  2271  68  2371  65  2371  61  2471  55  2571  49  2671  48  2771
  53  2671  65  2671  83  2571 107  2271 131  2071 148  1671 156  1571 155  1371
 148  1271 137  1371 122  1371 110  1471 100  1671  93  1871  88  2071  85  2271
  83  2371  83  2571  82  2571  79  2671  76  2671  70  2671  67  2771  68  2771
  76  2771  88  2771 101  2771 115  2471 126  2171 135  1871 139  1771 138  1651
 132  1511 119  1551 103  1651  89  1611  80  1851  76  2051  72  2211  67  2451
  63  2551  59  2711  57  2751  56  2851  52  2811  45  2951  39  3051  37  3111
  43  3151  55  3051  71  3011  88  2651 105  2151 119  1711 129  1651
690 100   001 115   001 132   001 151   001 170   001 163   001 158   171
 152   571 143   671 129   971 117  1171 107  1171 102  1171 100  1171  99  1271
  96  1271  95  1371  93  1371  91  1251  89  1211  86  1251  83  1251  82  1211
  84  1471  91  1471 102  1671 120  1671 139  1671 154  1571 160  1371 159  1271
 151  1171 140  1271 128  1171 118  1371 111  1371 109  1371 107  1271 106  1371
 104  1371 104  1471 102  1371 100  1371  97  1271  95  1271  93  1271  92  1271
  94  1371  99  1571 108  1671 120  1671 132  1671 142  1771 146  1571 146  1371
 139  1271 128  1171 115  1171 105  1171  99  1171  96  1371  94  1371  91  1371
  88  1371  85  1371  83  1371  82  1371  80  1371  77  1371  75  1371  75  1371
  78  1451  86  1551  97  1611 111  1551 126  1451 138  1311 144  1251
747 137   001 145   001 150   001 150   001 157   001 158   001 158   371
 154   671 144   771 132  1071 119  1271 110  1471 101  1671  93  1771  83  1971
  72  2171  63  2371  57  2271  52  2271  48  2171  44  2171  42  2071  46  2071
  57  1971  73  1871  90  1671 108  1771 123  1771 132  1871 135  1671 133  1571
 127  1471 119  1471 112  1471 107  1471 103  1571  99  1871  96  1871  91  2071
  86  2171  80  2371  74  2371  70  2371  67  2371  67  2271  69  2271  72  2171
  76  2171  82  1971  92  1871 106  1971 121  2271 133  2271 139  2171 138  2151
 134  1911 127  1851 118  1751 109  1611 100  1751  93  1851  86  1911  80  2151
  76  2351  72  2511  69  2651  67  2651  63  2711  58  2751  55  2751  56  2711
  64  2451  77  2051  94  1711 112  1951 129  2051 141  2211 147  2251
NT  TEDF  78  35 1
20151209132015120908
20151209132015120909
20151209132015120910
20151209132015120911
20151209132015120912
20151209132015120913
20151209132015120914
20151209132015120915
20151209132015120916
20151209132015120917
20151209132015120918
20151209132015120919
20151209132015120920
20151209132015120921
20151209132015120922
20151209132015120923
20151209132015121000
20151209132015121001
20151209132015121002
20151209132015121003
20151209132015121004
20151209132015121005
20151209132015121006
20151209132015121007
20151209132015121008
20151209132015121009
20151209132015121010
20151209132015121011
20151209132015121012
20151209132015121013
20151209132015121014
20151209132015121015
20151209132015121016
20151209132015121017
20151209132015121018
20151209132015121019
20151209132015121020
20151209132015121021
20151209132015121022
20151209132015121023
20151209132015121100
20151209132015121101
20151209132015121102
20151209132015121103
20151209132015121104
20151209132015121105
20151209132015121106
20151209132015121107
20151209132015121108
20151209132015121109
20151209132015121110
20151209132015121111
20151209132015121112
20151209132015121113
20151209132015121114
20151209132015121115
20151209132015121116
20151209132015121117
20151209132015121118
20151209132015121119
20151209132015121120
20151209132015121121
20151209132015121122
20151209132015121123
20151209132015121200
20151209132015121201
20151209132015121202
20151209132015121203
20151209132015121204
20151209132015121205
20151209132015121206
20151209132015121207
20151209132015121208
20151209132015121209
20151209132015121210
20151209132015121211
20151209132015121212
20151209132015121213
002100110015001300150012001317132714271427152715371535153115351535143114351
43514311435143514311535153515311535153515311635153515311535153515311635163517311
73517351631163517351731173516351631163516351731173517351731173517351631163516351
53115351535153114351435143114351335133113351335143114351535163116351635163116351
005200120010001000100010001117122712271327142714271535153114351435143114351
43515311535153515311535153515311535163516311535153514311435143515311535163516311
63516351631163516351731173517351731173517351731173517351731173517351731163516351
63116351635163115351535143115351535163115351535153115351635173117351735173117351
015000100010001000100010001117122713271427142715271635163116351535153115351
63516311635153515311535153515311635163515311535153514311435153515311535163516311
63516351631163517351731173517351731173517351731173517351731173517351731163516351
63115351535153115351435143114351435153115351535163116351635163116351635163116351
027000100010001000100010001127122712271327132714271435153114351335133112351
33513311435143514311435153515311535153515311535143514311435143515311535153515311
53515351631163516351631163516351631173517351731173517351731173517351731173516351
63116351635153115351535143115351535163116351535153116351635163117351735163116351
070000100010001000120014001417142714271427152715371535153115351535143114351
43514311435143514311435143514311435143513311235123512311235133514311535153515311
53514351431143514351431153515351531163516351731173517351731173517351631163516351
63116351635163115351535153115351535163116351635163116351635163117351735173117351
110000110012001300140014001417142713271327122712371235123112351235123113351
33514311435143514311435153515311635163516311535153514311435143515311535153516311
63516351631163516351631163516351631163517351731173517351731173517351731173516351
63116351735163116351535153115351635163116351535153115351635173117351735173116351
120000100011001000120012001217122713271327132713271235123112351235123113351
43514311435143514311435143514311535153516311635163516311535153515311535153515311
53515351531163516351731173517351731173517351731163516351631163516351631163516351
63115351535153115351435143115351535153115351535153115351635163116351535153115351
130000100010001000100010001017112711271127112712371235123111351135113112351
23512311335133513311435143514311435143514311535153516311635153515311535153515311
63516351631153515351431143514351531153516351731173517351731173517351731163516351
63115351535153115351535153115351535153115351535153115351535153115351635153115351
145000100010001000100010001127112712271327142715271635173116351535143114351
43515311535153515311435143514311435133513311335133513311335133514311535153515311
53515351431143514351431153515351531163516351731173518351731173517351731173517351
73117351635163116351635163116351635163116351635163116351635173117351735173116351
149000100010001000100012001217122713271427142715371635163116351535143114351
43515311535153515311435143514311335133513311235123513311335143514311535153515311
53515351431143514351431143515351531163516351731173517351731173517351731173517351
73117351635163116351635163115351535153115351635163116351635163117351735173117351
156000100010001000100010001127112712271327142715371635173116351535143114351
53515311535153515311535143514311435133513311235123513311335143514311535153516311
53515351431143514351431153515351531163516351731173517351731173517351731173517351
73117351635163116351635163116351535153116351635163116351635163117351735173117351
168100120014001600180018001817172717271627153715371435143114351335123112351
23513311335133513311335143514311435133513311235123512311235123512311235133513311
33513351331133514351431143514351431153516351631173517351731173517351731173516351
63116351635163116351635163116351635163116351635163116351735173117351735163116351
180800160015001300110010001017112711271127112712271235123112351235123112351
23513311335133513311335143514311335133512311235123512311235133513311335133513311
33513351331133513351431143514351431153515351631173517351731173516351631163516351
63116351635163117351735173117351735163116351635163117351735173117351735173116351
190100150017001500130013001317122712271237113711371135113111351135113111351
13512311235123512311235123513311335133513311235123512311335133514311335133512311
23511351131123512351231123512351231133515351531153514351431143514351531153515351
53115351535153116351635173117351735163116351635173117351735173117351635163116351
222000100010001000100010001117111711271127112711371135113112351235123112351
23513311335133514311435143514311435133513311235123511311135123512311235123513311
33514351431143514351331133514351431153515351531153515351631163516351731163516351
63115351535153115351535153115351535153115351535153115351635163117351735163116351
240000100010001000100010001117112712271227132714371435153115351535153115351
43514311435143514311435133513311235123512311235113511311135113512311335143515311
53514351431143515351531153515351531153516351731173517351731173517351731163516351
53116351635173117351635163117351735173116351535153115351635173117351735173116351
255800170017001800170018001727162716271527153715371535163116351535143114351
43514311435143513311335133513311335133512311235123512311235123513311235123511311
13511351231133514351431153515351531153516351731173517351731173517351731163516351
53115351535153115351535153115351635163116351635163117351735173117351735173116351
260800180018001800180018001617152714271427142714271435133113351335133113351
43514311435143514311435143514311335133512311235123513311335133513311335123511311
13511351131123513351331143514351531153516351631173517351731173517351631163516351
53115351535153115351535153115351535153115351535163116351635173116351635153115351
280000100010001200100010001117122712271227123712371135113111351135113112351
23513311435143515311535143514311435143514311335123511311235133514311435143514311
43514351431143514351431143514351431143515351531153516351631153515351531153515351
53115351435143115351535153115351535153114351535153116351635173116351635153115351
299700170016001700170017001617152714271427132713371235123112351235123112351
23512311135113512311235133514311435143514311335123512311235123512311235123512311
13511351131113511351131113511351231133514351431143514351431133513351331133514351
43115351535153114351335133114351535163116351735163116351635163116351635163116351
434300130013001300120010001027102710271027112711371135113111351135113111351
13511311135113511311135113511311235123511311135113511311135123512311235123512311
23513351331143514351431143515351531163516351731173517351731173516351631153515351
43114351435143113351335133114351435143114351335133113351335133113351335133112351
460200110011001400150014001417142713271327132713371235133113351335123112351
13511311135113511311135113511311135113511311135113511311235123512311235123512311
23512351231123512351231123512351231123512351231123512351331133514351431143514351
33113351435143114351535153114351435143114351435143114351335133113351235123112351
481300160017001500160017001627152714271327133713371335143114351435143114351
53515311535143513311335133513311335133513311335133513311235123512311335143514311
43513351331123513351331133512351231133513351431143514351431133512351231123512351
33113351335143114351335133113351335133113351235123113351435153115351535153114351
497700170017001700170017001517142713271227112711271135113111351135113111351
13511311135113511311135113511311135113511311135113511311135123512311235133513311
33513351231123511351131113511351131113511351131113511351131113511351131113511351
13111351135113112351235123112351235123112351235123111351135113111351135113111351
510100130017001700170018001617152714271337123711371135113112351235123112351
23512311235133513311435143514311435143514311435143514311435133513311435143514311
43515351531153514351431143514351431143515351531163516351731173516351631153514351
43114351435153115351435143113351335133113351235123112351235123112351235123112351
579000100010001000100010001117112711271127112711371135113111351135113111351
13511311135113511311135113511311135113511311135113511311235123513311335133513311
43515351531153514351431143515351531163516351631153514351431133512351231123512351
23112351235123113351335133113351335123112351135113111351135113111351135113111351
588000100010001000100010001117112711271127112711371135113111351135113111351
13511311135113511311135113511311135113511311135113511311135113511311135113512311
23513351331133514351331133512351231133514351531143512351131113511351131113511351
13112351235133112351235113111351135113111351135113111351135113111351135113111351
621500170017001300150014001317132712271227122711271135113112351235123112351
23512311335133514311335123512311135113512311235123512311235123512311235123512311
23512351231123512351231123513351331143514351431133512351231123512351231123511351
13111351235123112351235113111351135113112351235123112351235113111351135113111351
630100150015001100100010001017101711271227122713271435143114351335133113351
43514311335133513311335143515311435133512311235123512311235123512311235133513311
33513351331133513351331133513351331133514351431143514351431133513351231123512351
23112351235113111351235123112351135113111351235123112351335133113351335123112351
643000100010001000100010001017112711271127112711371135113111351135113111351
13511311135113511311135113511311135113512311235123513311335123513311335143514311
43514351431153516351631163515351431153515351631153514351331123512351231123512351
13111351135113112351335133113351235123111351235123112351235123112351235123112351
645000100010001000100010001117112711271127113711371135113111351135113111351
13511311135113511311135113511311135113512311235123513311335133513311335143514311
53515351531143514351431143515351531163516351631153515351431133513351231123511351
13111351135113111351235123112351135113111351135123112351135113111351135123112351
650000100010001000100010001117112711271127112711371135113111351135113111351
13511311135113511311135113511311135123512311335133513311335123512311235133513311
43514351431143514351431143515351531153515351431143513351331133513351331123512351
23112351335143114351435143114351335133113351235123112351335133113351235123112351
675000100010001000100010001127112711271127112711371135113111351135113111351
13511311135113511311135123512311235123511311135123512311135113511311235123513311
33512351231123513351431143514351431143515351531143513351231123512351231123511351
13111351135113112351235123112351235113111351135123112351335143113351335123112351
690100110011001000100010001127122712371237113711271135113111351135113111351
13511311135113511311135123512311235113511311135113511311135113511311235123513311
33513351331133513351331133513351331143514351531143513351231123512351231123512351
23111351135113111351135113112351235123112351235123113351335143113351335123112351
747100120012001000100010001027112711271137113711371135113111351135113111351
13511311135113511311135123512311235113511311135123513311335143514311435133513311
33513351331143514351431143513351331143514351431143514351331133514351431143514351
33113351335133113351335133113351335133112351335133113351435143113351235123113351
