20150528071428
T2M TEDF  78  35 1
20150528072015052802
20150528072015052803
20150528072015052804
20150528072015052805
20150528072015052806
20150528072015052807
20150528072015052808
20150528072015052809
20150528072015052810
20150528072015052811
20150528072015052812
20150528072015052813
20150528072015052814
20150528072015052815
20150528072015052816
20150528072015052817
20150528072015052818
20150528072015052819
20150528072015052820
20150528072015052821
20150528072015052822
20150528072015052823
20150528072015052900
20150528072015052901
20150528072015052902
20150528072015052903
20150528072015052904
20150528072015052905
20150528072015052906
20150528072015052907
20150528072015052908
20150528072015052909
20150528072015052910
20150528072015052911
20150528072015052912
20150528072015052913
20150528072015052914
20150528072015052915
20150528072015052916
20150528072015052917
20150528072015052918
20150528072015052919
20150528072015052920
20150528072015052921
20150528072015052922
20150528072015052923
20150528072015053000
20150528072015053001
20150528072015053002
20150528072015053003
20150528072015053004
20150528072015053005
20150528072015053006
20150528072015053007
20150528072015053008
20150528072015053009
20150528072015053010
20150528072015053011
20150528072015053012
20150528072015053013
20150528072015053014
20150528072015053015
20150528072015053016
20150528072015053017
20150528072015053018
20150528072015053019
20150528072015053020
20150528072015053021
20150528072015053022
20150528072015053023
20150528072015053100
20150528072015053101
20150528072015053102
20150528072015053103
20150528072015053104
20150528072015053105
20150528072015053106
20150528072015053107
002 122   001 119   001 117   001 117   001 119   001 121   001 125   471
 129   971 133  1071 136  1071 138  1071 140   971 140   871 138   771 136   771
 132   771 128   771 124   771 121   671 118   671 117   671 114   671 112   671
 110   771 108   771 107   871 108   871 111   771 114   771 118   971 121  1071
 124  1271 127  1271 128  1171 130  1171 131  1071 131   971 131   871 130   871
 127   771 123   771 119   771 116   771 112   771 111   771 110   771 109   771
 106   871 104   871 102   971 102   951 103   851 105   811 108   951 112  1151
 116  1211 119  1251 122  1251 125  1211 127  1251 129  1151 129  1111 128  1151
 126  1151 123  1111 120  1051 118  1051 116   911 115   951 114   951 114   911
 114  1051 113  1051 114  1111 116  1151 119  1051 124  1011 131  1151
005 117   001 122   001 122   001 122   001 123   001 128   001 135   671
 142  1271 148  1271 153  1171 158  1071 160  1071 161  1071 158  1071 154   971
 148   971 140   871 134   871 127   871 121   871 117   971 112   971 108  1071
 103  1071  99  1171  97  1171  98  1071 102   971 108   871 118  1071 127  1171
 136  1371 144  1271 149  1271 151  1171 151  1171 149  1271 146  1271 142  1171
 137  1071 130   971 123   971 116  1071 109  1071 105  1171 102  1171  99  1271
  95  1271  91  1371  89  1371  89  1171  91  1051  97   811 107  1151 118  1351
 129  1611 137  1551 143  1351 147  1211 151  1351 153  1451 154  1511 152  1451
 148  1451 141  1311 131  1351 121  1351 111  1311 104  1351  99  1451  97  1411
  96  1451  97  1551 100  1511 105  1451 111  1251 120  1111 131  1351
015 130   001 129   001 129   001 129   001 134   001 133   001 141   571
 148   771 156   871 163   871 170   871 175   971 180  1071 181  1171 179  1171
 173  1071 164  1071 153   971 141   971 131   871 124   971 120  1071 117  1171
 113  1171 109  1271 107  1271 107  1171 109   971 115   871 122   871 133   971
 142   971 151  1071 157  1071 161  1171 161  1171 158  1271 154  1271 151  1271
 147  1271 140  1271 129  1171 118  1171 109  1071 105  1171 103  1371 101  1471
  96  1471  91  1471  87  1471  88  1251  93  1151 101   911 112  1051 123  1051
 133  1111 141  1251 147  1251 152  1311 157  1351 162  1351 166  1311 167  1351
 164  1351 157  1311 144  1251 129  1251 116  1111 107  1351 102  1451  98  1611
  95  1651  93  1751  94  1711  99  1551 108  1351 121  1111 138  1151
027 103   001  99   001  98   001 108   001 117   001 126   001 139   371
 149   771 157   971 163  1071 167  1171 170  1171 171  1071 170  1071 166   971
 160   971 151   871 137   971 124  1071 113  1171 103  1271  98  1371  94  1471
  90  1471  87  1371  87  1371  90  1271  96  1071 105   971 113   971 123  1071
 134  1071 145  1071 155  1171 160  1171 161  1171 158  1171 155  1171 153  1071
 150  1071 143   971 133  1071 121  1171 110  1271 103  1371  97  1571  92  1671
  87  1671  83  1671  81  1671  82  1471  88  1151  97   911 110  1051 125  1151
 138  1211 148  1251 156  1151 162  1111 168  1351 172  1451 174  1611 173  1551
 168  1451 160  1311 149  1351 137  1451 126  1411 118  1551 113  1651 109  1711
 106  1851 104  1851 105  1911 108  1651 115  1451 123  1111 133  1251
070  61   001  94   001 114   001 132   001 146   001 154   001 162   671
 168   971 172  1071 175  1171 177  1171 180  1171 182  1171 183  1171 182  1171
 178  1271 170  1271 157  1371 144  1571 131  1671 125  1771 120  1871 117  1871
 113  1971 108  2071 107  2071 110  1871 117  1671 125  1371 133  1371 141  1371
 150  1271 158  1371 167  1371 174  1471 179  1471 183  1471 183  1471 181  1471
 175  1371 166  1371 154  1571 142  1671 131  1771 125  1871 119  1971 115  2071
 110  2171 103  2271 100  2371 100  2051 103  1851 110  1511 120  1551 131  1451
 141  1411 150  1451 156  1551 162  1511 167  1551 170  1551 172  1411 172  1451
 168  1451 160  1411 146  1551 130  1651 115  1711 104  1951  97  2051  93  2211
  92  2351  93  2451  96  2611 102  2251 111  1951 123  1611 138  1551
110  98   001 112   001 114   001 118   001 120   001 124   001 129   371
 137   671 144   871 150   971 156  1071 159  1071 161  1071 160  1071 156  1071
 149   971 141   971 132   971 124   871 116   871 109   971 104  1071 100  1171
  98  1171  97  1271  98  1271 101  1171 106  1171 111  1071 117   971 123   971
 127   871 131   971 134   971 136  1071 139  1171 141  1171 141  1271 138  1171
 134  1171 128  1071 121  1071 114   971 109   971 106  1171 103  1271 102  1471
 101  1471 101  1571 100  1571 100  1471 101  1351 106  1211 114  1251 125  1151
 135  1111 144  1151 151  1151 156  1111 159  1251 160  1251 158  1311 154  1251
 149  1251 143  1111 137  1051 132  1051 128   911 125  1051 122  1251 121  1311
 121  1451 122  1451 124  1511 127  1451 130  1451 132  1311 134  1351
120  92   001  92   001 101   001 106   001 114   001 123   001 132   271
 142   671 150  1071 157  1171 161  1271 161  1371 158  1371 154  1471 150  1271
 144  1071 137   871 126   971 114   971 103  1071  95  1071  91  1071  89  1071
  88  1071  87  1071  88  1071  90   971  94   971 101   871 109   971 120   971
 130  1071 138  1171 146  1271 150  1371 151  1471 150  1471 148  1571 146  1371
 142  1271 136  1071 125  1171 113  1171 102  1271  95  1271  92  1371  91  1371
  89  1371  88  1271  87  1271  88  1171  92  1151  99  1011 110  1151 122  1251
 134  1311 143  1451 149  1451 153  1511 156  1651 157  1651 158  1711 158  1651
 156  1451 151  1311 142  1351 131  1351 121  1311 115  1351 112  1451 111  1411
 110  1451 110  1351 111  1311 115  1251 120  1251 126  1111 131  1251
130 117   001 120   001 122   001 108   001 121   001 132   001 142   371
 151   771 159   971 168  1071 175  1171 180  1171 181  1171 181  1171 178  1071
 173   971 164   871 151   971 136  1071 123  1171 115  1171 111  1271 107  1271
 102  1371  99  1371  97  1471  98  1371 103  1371 111  1271 122  1171 134  1071
 146   971 157  1071 165  1271 170  1371 170  1371 169  1271 168  1271 170  1171
 170  1171 166  1071 153  1071 137  1171 122  1171 112  1171 106  1271 103  1271
 100  1371  97  1471  95  1571  94  1571  97  1451 103  1411 114  1451 129  1351
 142  1311 152  1351 160  1351 167  1311 173  1451 179  1451 183  1511 185  1351
 184  1251 177  1011 164  1151 148  1151 134  1211 124  1351 119  1551 115  1611
 112  1751 110  1851 110  1911 113  1751 119  1651 127  1411 136  1451
145 112   001 106   001 116   001 117   001 111   001 124   001 138   371
 150   671 161   971 168   971 174  1171 178  1171 180  1271 182  1271 182  1271
 178  1171 172  1171 161  1071 149   971 137   871 130   871 125   971 120   971
 115   971 110   971 107   971 108   971 112   871 118   871 124   871 131   971
 140   971 148  1071 156  1171 162  1271 167  1271 169  1171 171  1111 172  1151
 170  1151 164  1111 154  1051 141  1051 131   911 125   951 122  1051 118  1011
 112  1051 105  1051  99  1011  97   951  99   951 106   811 117   951 129  1051
 140  1111 148  1251 153  1251 158  1311 163  1451 168  1551 172  1611 175  1551
 174  1451 169  1311 158  1351 145  1351 133  1311 125  1351 119  1451 115  1411
 111  1451 107  1351 106  1311 108  1251 114  1151 124  1011 138  1151
149 109   001 101   001  95   001 111   001 132   001 143   001 151   571
 161   771 172   971 183  1171 191  1371 197  1371 201  1371 202  1371 201  1371
 196  1271 188  1271 177  1271 164  1271 153  1271 146  1271 141  1371 135  1371
 128  1371 119  1271 116  1271 117  1171 122  1071 130   971 137   971 146  1071
 154  1071 162  1171 172  1371 180  1471 186  1471 190  1371 192  1371 190  1371
 184  1271 175  1271 164  1371 153  1371 144  1471 138  1471 134  1571 129  1571
 121  1571 112  1671 106  1671 106  1471 110  1251 119  1011 130  1051 142  1151
 152  1111 160  1251 165  1351 170  1411 175  1551 179  1651 181  1711 181  1651
 179  1651 173  1511 164  1551 153  1651 142  1611 133  1651 126  1751 119  1711
 113  1751 109  1751 108  1711 112  1551 120  1251 132  1011 148  1151
156 142   001 132   001 141   001 140   001 135   001 143   001 156   471
 168   771 179   971 188  1071 195  1071 200  1271 202  1271 202  1371 200  1371
 196  1271 190  1271 181  1271 171  1171 161  1171 155  1171 150  1171 145  1171
 139  1071 133  1071 128   971 126   971 127   971 131   971 137  1071 145  1071
 154  1171 165  1171 175  1271 183  1271 188  1271 191  1371 192  1371 191  1371
 187  1371 180  1371 171  1271 160  1271 151  1171 145  1171 140  1171 136  1171
 131  1171 124  1171 119  1171 116  1171 117  1151 122  1111 131  1251 143  1251
 154  1311 162  1351 168  1351 173  1311 177  1451 180  1651 183  1711 184  1651
 183  1651 179  1511 171  1551 161  1451 152  1411 145  1451 140  1351 136  1311
 132  1351 128  1251 126  1211 126  1251 129  1151 137  1111 150  1251
168  74   001  78   001  78   001  94   001 124   001 155   001 163   471
 172   771 184   971 195  1071 202  1171 207  1171 210  1271 212  1271 211  1271
 205  1271 193  1271 171  1471 147  1771 127  1971 117  1971 114  1871 114  1871
 110  1971 107  1971 106  2071 111  1771 120  1571 131  1271 142  1271 152  1271
 161  1271 170  1371 178  1471 185  1571 192  1571 197  1671 201  1671 202  1571
 198  1571 187  1471 168  1671 147  1771 130  1971 120  1971 117  2071 114  2071
 109  2271 103  2371 100  2571 101  2251 107  1851 117  1511 130  1451 143  1451
 156  1311 166  1451 172  1451 177  1511 180  1551 182  1651 184  1611 185  1551
 183  1551 174  1411 155  1551 133  1751 113  1811 101  1951  96  1951  93  2011
  90  2251  87  2351  89  2511  96  2251 109  1851 126  1511 145  1451
180  58   001  58   001  54   001  73   001 101   001 138   001 150   671
 162   971 173  1171 185  1371 194  1471 200  1371 202  1271 201  1171 196  1271
 188  1271 176  1371 161  1371 147  1471 134  1471 126  1671 120  1771 114  1971
 107  1871 100  1871  97  1771 101  1571 111  1371 125  1171 139  1271 154  1371
 166  1471 173  1671 179  1771 183  1971 188  1871 191  1871 192  1771 189  1671
 183  1671 173  1571 162  1571 150  1671 141  1671 134  1771 130  1971 125  2071
 117  2071 110  2071 106  2071 108  1851 115  1551 124  1311 134  1351 143  1451
 151  1411 157  1551 162  1751 166  1811 171  1851 175  1851 178  1811 178  1851
 173  1751 164  1711 150  1651 135  1651 122  1511 114  1651 109  1851 104  1911
  97  2051  90  2051  88  2111  93  1951 104  1651 119  1411 137  1551
190  69   001  64   001  61   001  78   001 102   001 128   001 142   771
 160   971 180  1071 198  1271 214  1371 226  1271 230  1271 230  1171 225  1171
 216  1271 202  1271 186  1271 172  1371 157  1371 146  1371 139  1271 132  1271
 124  1271 118  1171 116  1171 120  1171 129  1271 141  1271 157  1371 172  1371
 185  1471 194  1571 200  1571 204  1671 208  1671 210  1671 211  1671 208  1571
 203  1571 194  1471 182  1471 170  1471 159  1471 151  1471 144  1471 139  1471
 134  1471 131  1471 129  1471 130  1451 134  1351 142  1311 153  1451 165  1451
 175  1511 181  1651 183  1751 185  1811 187  1851 189  1751 190  1711 188  1651
 184  1651 176  1511 165  1551 153  1551 141  1511 132  1551 125  1551 119  1511
 114  1551 110  1551 109  1511 112  1551 119  1551 131  1511 148  1651
222  89   001  88   001  87   001  98   001 111   001 115   001 130   471
 146   771 160   871 171  1071 180  1071 186  1071 190  1151 191  1111 190  1171
 185  1071 177  1071 163  1171 149  1371 136  1471 129  1471 125  1571 122  1571
 116  1571 110  1471 107  1471 108  1371 113  1371 122  1271 134  1171 147  1071
 158   971 164   971 167  1071 168  1071 170  1171 171  1171 171  1271 169  1271
 164  1171 156  1171 147  1271 137  1271 129  1371 123  1471 118  1571 115  1671
 113  1671 111  1771 110  1771 110  1571 113  1451 121  1211 134  1251 148  1151
 160  1111 167  1151 170  1251 173  1211 177  1251 182  1351 185  1311 185  1351
 181  1251 173  1211 160  1251 146  1351 134  1311 126  1451 122  1651 120  1711
 118  1851 116  1851 117  1911 121  1751 127  1451 136  1211 147  1251
240 109   001  95   001  98   001  98   001 119   001 128   001 141   471
 158   871 174  1171 188  1071 198  1171 205  1171 210  1071 212  1071 211  1071
 207   971 197   971 181  1071 162  1071 147  1171 136  1171 130  1171 124  1171
 117  1171 111  1271 107  1271 108  1171 112  1071 119   971 128  1071 139  1171
 150  1271 163  1271 176  1371 185  1371 190  1371 192  1271 192  1271 190  1171
 186   971 178   871 165  1071 152  1271 140  1471 131  1371 125  1371 119  1271
 114  1371 110  1471 108  1571 108  1471 110  1251 116  1111 126  1251 137  1351
 149  1411 159  1451 167  1451 173  1411 178  1451 182  1551 186  1511 189  1351
 189  1251 184  1011 173  1151 159  1351 145  1411 135  1351 128  1351 123  1211
 119  1451 116  1551 114  1711 115  1551 118  1451 126  1211 138  1351
255 105   001  88   001  88   001  87   001 114   001 144   001 157   271
 170   771 185  1271 199  1471 212  1771 221  1671 227  1571 230  1471 229  1471
 224  1371 212  1371 196  1271 178  1271 162  1171 151  1171 144  1271 137  1271
 129  1271 121  1271 117  1271 118  1171 124  1071 134   971 147  1071 160  1071
 172  1171 182  1471 189  1671 195  1971 202  1871 207  1771 210  1671 209  1571
 205  1371 196  1271 184  1271 170  1271 158  1271 148  1371 141  1371 134  1471
 127  1471 119  1571 115  1571 114  1471 117  1251 125  1111 137  1251 150  1451
 162  1511 170  1751 174  1851 178  2011 182  2051 186  1951 189  1911 190  1751
 189  1651 183  1411 173  1351 161  1351 149  1211 140  1351 134  1351 128  1411
 122  1551 118  1751 115  1811 116  1651 121  1551 131  1311 147  1351
260  54   001  49   001  40   001  51   001 106   001 140   001 150   371
 164   771 183  1071 200  1271 214  1471 224  1471 229  1471 232  1471 232  1371
 226  1271 210  1171 186  1471 157  1871 135  2171 123  2271 118  2371 115  2471
 107  2471 100  2571  98  2571 104  2151 116  1751 132  1311 149  1251 165  1251
 179  1111 190  1351 198  1451 204  1611 208  1651 211  1651 212  1611 211  1551
 206  1351 195  1211 176  1551 155  1951 136  2211 125  2451 119  2651 113  2811
 105  2851  97  2751  94  2711  98  2351 108  1851 123  1411 140  1451 156  1351
 169  1311 177  1451 182  1651 186  1711 190  1851 193  1851 195  1911 194  1751
 189  1451 178  1211 161  1551 143  1751 126  2011 115  2251 108  2551 103  2711
  97  2851  93  2951  93  3011 100  2651 114  2251 131  1811 150  1651
280  75   001  58   001  51   001  68   001  97   001 133   001 147   371
 161   571 177   771 192   971 206   971 216  1171 220  1371 221  1571 220  1471
 216  1271 204  1171 185  1171 162  1271 143  1271 133  1271 128  1371 125  1371
 119  1471 111  1571 107  1671 109  1571 119  1371 134  1271 156  1171 178  1171
 196  1071 207  1071 210  1171 211  1171 210  1371 208  1571 207  1771 206  1671
 203  1471 195  1371 179  1371 160  1371 144  1371 134  1471 128  1471 124  1571
 119  1771 114  1871 112  2071 115  1871 124  1651 136  1411 151  1351 166  1351
 179  1211 187  1251 192  1251 193  1211 193  1451 192  1751 191  1911 191  1751
 188  1551 181  1311 167  1351 150  1451 135  1411 127  1451 123  1551 119  1511
 112  1751 106  1951 103  2111 107  1951 118  1651 133  1411 152  1451
299  53   001  50   001  58   001  79   001 101   001 125   001 139   471
 159   871 178   871 193  1071 204  1071 214  1071 220  1171 222  1171 218  1271
 209  1471 195  1571 178  1571 160  1471 143  1471 134  1571 128  1571 122  1671
 115  1771 108  1771 106  1871 110  1671 121  1371 138  1171 158  1171 180  1271
 197  1271 207  1271 211  1371 214  1371 218  1471 221  1471 222  1571 217  1671
 208  1671 195  1771 181  1771 166  1671 154  1671 145  1671 138  1771 133  1771
 126  1871 121  1971 120  2071 123  1851 131  1551 142  1311 155  1351 167  1351
 177  1311 182  1451 184  1651 186  1711 189  1851 192  2051 193  2111 190  2051
 182  1851 172  1711 160  1651 147  1551 136  1411 128  1551 123  1551 118  1611
 113  1851 109  1951 108  2111 111  1851 119  1651 132  1311 151  1451
434 111   001 102   001 100   001  97   001 104   001 131   001 142   671
 153   971 165  1171 176  1371 186  1471 195  1371 203  1371 206  1271 206  1171
 203  1171 195  1071 184  1071 169   971 155   971 144  1071 135  1171 128  1271
 124  1271 120  1171 118  1171 118  1171 120  1271 127  1271 138  1271 152  1271
 164  1271 173  1371 180  1371 185  1471 191  1371 195  1271 197  1171 194  1171
 188  1071 177  1071 165   971 151   971 138   871 128   971 120  1171 114  1271
 110  1271 107  1171 104  1171 103  1271 105  1251 111  1311 122  1451 134  1451
 146  1511 154  1551 159  1651 164  1611 170  1551 176  1551 181  1411 182  1451
 180  1351 174  1311 165  1251 154  1251 144  1111 136  1251 130  1251 126  1311
 122  1351 120  1451 118  1411 117  1451 120  1451 126  1411 137  1451
460  73   001  81   001  84   001  86   001 108   001 130   001 160   471
 182  1071 198  1271 209  1471 218  1671 224  1571 227  1471 229  1371 229  1271
 223  1271 211  1171 192  1271 167  1471 148  1571 134  1671 125  1671 115  1771
 102  1871  87  1871  79  1971  83  1871  96  1771 117  1671 142  1571 168  1371
 190  1271 207  1371 219  1471 227  1571 234  1571 238  1571 238  1571 233  1471
 224  1271 211  1171 194  1371 179  1571 165  1771 155  1771 147  1871 138  1871
 126  1971 115  1971 110  2071 114  1871 124  1651 137  1411 150  1451 161  1451
 172  1411 182  1451 191  1551 199  1511 204  1551 207  1651 207  1611 204  1551
 198  1451 189  1311 178  1451 166  1651 156  1711 149  1851 144  1851 138  1911
 130  2151 122  2251 118  2411 121  2151 130  1851 143  1511 158  1551
481 104   001 100   001  97   001 105   001 124   001 138   001 159   271
 179   471 193   871 205   971 214  1271 221  1371 226  1551 230  1611 231  1571
 229  1371 223  1271 211  1171 196  1171 181  1071 171  1071 163  1071 155  1071
 147  1071 141   971 137   971 138   971 145   971 158   971 176   971 197   971
 216   971 230  1171 240  1371 245  1571 249  1571 251  1671 251  1671 249  1571
 243  1371 233  1271 218  1271 202  1271 188  1271 178  1271 171  1171 164  1171
 156  1171 147  1171 142  1171 141  1051 145  1051 154   911 166   951 180  1051
 193  1011 204  1151 212  1351 217  1411 220  1551 220  1751 219  1811 216  1751
 211  1551 204  1411 194  1451 182  1351 172  1311 164  1351 158  1251 153  1211
 147  1251 141  1351 138  1311 138  1251 143  1251 152  1111 166  1151
497  66   001  62   001  56   001  60   001  92   001 119   001 135   571
 155  1071 176  1671 193  2071 206  2371 213  2471 213  2571 208  2671 198  2471
 186  2371 172  2171 158  2071 142  1971 128  1871 114  1871 102  1871  92  1871
  84  1771  78  1671  77  1571  81  1471  91  1371 107  1271 130  1471 155  1771
 180  1971 198  2171 212  2371 220  2571 223  2671 221  2671 216  2771 207  2571
 195  2371 183  2171 169  2071 156  2071 144  1971 135  1871 128  1871 122  1771
 116  1771 110  1671 107  1671 107  1571 111  1451 120  1311 135  1651 153  1951
 171  2211 186  2451 197  2751 205  2911 209  3051 209  3151 204  3211 194  2951
 181  2551 167  2211 153  2051 140  1951 129  1711 121  1751 115  1751 110  1711
 106  1651 102  1651 100  1511 101  1451 106  1251 117  1111 135  1451
510 116   001 110   001 103   001 103   001 127   001 155   001 167   771
 178  1471 190  1771 201  1871 211  1971 218  1871 220  1671 220  1571 216  1471
 207  1271 195  1171 179  1071 161  1071 147   971 137  1071 129  1271 124  1371
 120  1471 118  1471 117  1571 119  1471 124  1371 133  1271 148  1471 165  1571
 179  1771 190  1871 198  1871 204  1971 208  1771 211  1671 210  1471 205  1371
 196  1371 183  1271 167  1171 153  1171 139  1071 129  1171 124  1271 121  1371
 120  1471 118  1571 119  1671 121  1571 126  1451 134  1311 147  1651 162  1851
 175  2111 184  2151 189  2251 194  2211 199  2151 205  1951 208  1811 208  1751
 204  1551 194  1411 179  1351 163  1351 149  1211 141  1351 137  1451 135  1511
 134  1651 134  1751 133  1811 133  1651 135  1551 142  1311 156  1651
579 151   001 145   001 141   001 147   001 163   001 184   001 197   371
 217   671 231   971 242  1171 251  1171 260  1271 266  1271 269  1371 267  1271
 259  1271 243  1171 219  1171 193  1171 171  1171 156  1171 146  1171 140  1171
 134  1271 129  1271 127  1371 130  1271 139  1171 155  1071 175  1071 200  1071
 223  1071 243  1171 257  1171 269  1271 276  1371 279  1571 277  1671 269  1571
 255  1471 238  1371 217  1371 195  1371 178  1371 166  1371 160  1371 155  1371
 149  1371 143  1471 141  1471 144  1371 152  1251 165  1111 183  1251 203  1351
 223  1411 239  1451 252  1451 262  1411 269  1651 272  1851 271  2011 265  1851
 255  1751 241  1511 224  1451 206  1451 192  1311 183  1351 177  1351 173  1311
 168  1451 163  1451 160  1511 161  1451 166  1251 176  1111 192  1251
588 123   001 114   001 117   001 120   001 132   001 157   001 184   471
 207   771 225  1071 238  1171 248  1271 256  1271 262  1271 263  1271 258  1271
 246  1371 230  1371 210  1271 189  1271 170  1171 155  1271 143  1371 133  1471
 125  1571 119  1571 117  1671 120  1471 129  1271 144  1071 165  1071 188  1071
 211  1071 228  1171 243  1271 253  1371 260  1371 263  1371 260  1371 250  1371
 235  1371 219  1371 201  1371 185  1271 170  1271 157  1371 145  1371 137  1471
 129  1571 124  1671 123  1771 127  1551 136  1251 151  1011 172  1251 196  1351
 218  1511 235  1451 247  1451 255  1311 261  1351 263  1451 261  1411 254  1451
 244  1451 229  1411 212  1351 195  1351 180  1211 170  1351 162  1351 156  1411
 149  1551 142  1651 138  1711 138  1551 145  1251 157  1011 176  1151
621  97   001  97   001  90   001  90   001 120   001 141   001 151   571
 163  1071 177  1271 188  1571 197  1571 204  1771 209  1971 212  2071 211  1971
 206  1971 196  1871 182  1771 165  1671 152  1571 144  1671 140  1671 135  1771
 128  1671 122  1671 118  1571 117  1471 120  1271 125  1171 132  1271 140  1371
 150  1471 161  1571 171  1571 179  1671 181  1771 181  1971 179  2071 176  1971
 173  1871 168  1771 162  1771 155  1671 148  1671 143  1771 140  1771 135  1871
 129  1771 123  1771 119  1671 117  1571 118  1551 123  1411 131  1451 140  1551
 150  1511 158  1751 166  1951 172  2111 178  2351 182  2551 186  2711 188  2451
 187  2251 181  1911 170  1851 158  1851 148  1711 143  1851 141  1951 139  2011
 134  1951 127  1951 121  1811 119  1751 121  1551 127  1411 138  1551
630 100   001  94   001  89   001  97   001 123   001 154   001 166   371
 179   871 192  1171 205  1371 216  1471 226  1571 233  1571 238  1671 239  1671
 235  1571 227  1571 215  1471 200  1471 186  1371 172  1371 162  1271 151  1271
 141  1171 132  1171 128  1071 127  1071 130   951 137   911 148  1051 162  1151
 177  1211 191  1251 204  1351 214  1311 222  1451 227  1551 229  1611 228  1651
 225  1551 218  1511 208  1451 196  1451 185  1311 176  1351 169  1351 162  1311
 154  1351 146  1251 140  1211 136  1151 136  1151 141  1011 152  1251 166  1451
 180  1611 190  1651 199  1751 206  1711 214  1751 222  1851 227  1811 229  1851
 227  1751 220  1711 209  1651 197  1651 185  1511 176  1451 169  1451 163  1311
 157  1351 151  1451 147  1411 145  1351 147  1251 153  1111 163  1351
643 136   001 133   001 110   001 128   001 161   001 190   001 202   571
 213  1071 224  1071 233  1171 238  1171 241  1171 241  1271 239  1371 231  1271
 219  1171 208  1071 198  1071 191   971 186   971 180  1071 173  1171 166  1271
 158  1271 151  1371 147  1371 149  1271 157  1071 171   971 191  1071 210  1271
 226  1371 232  1271 231  1271 227  1171 224  1271 220  1271 216  1371 211  1371
 204  1271 199  1271 193  1171 189  1071 184   971 180  1071 174  1271 169  1371
 165  1371 161  1471 160  1471 162  1251 168  1151 179   911 195  1151 212  1451
 227  1611 236  1651 241  1551 244  1511 246  1651 248  1751 246  1811 240  1651
 232  1551 223  1311 214  1251 207  1251 200  1111 194  1351 189  1451 184  1611
 179  1651 175  1651 173  1611 173  1451 177  1351 186  1111 200  1451
645 155   001 151   001 146   001 152   001 171   001 192   001 210   771
 225  1071 240  1171 250  1171 258  1071 263  1171 268  1271 269  1371 265  1271
 255  1271 239  1171 216  1171 191  1071 171  1071 160  1171 154  1171 150  1271
 144  1271 139  1171 137  1171 141  1151 151  1271 167  1271 189  1371 211  1571
 232  1671 249  1471 260  1371 266  1171 269  1271 268  1471 264  1571 257  1471
 246  1371 230  1271 211  1271 192  1271 176  1271 165  1271 159  1371 154  1371
 149  1371 145  1371 145  1371 150  1351 160  1351 175  1311 194  1551 213  1751
 231  1911 244  1751 254  1551 261  1311 267  1551 270  1651 269  1811 263  1751
 251  1751 236  1611 218  1551 200  1551 187  1411 180  1451 178  1451 177  1411
 174  1451 170  1551 168  1511 169  1451 174  1451 184  1311 199  1551
650 113   001 105   001 103   001 128   001 153   001 172   001 184   471
 198   771 214   971 229  1171 242  1271 250  1271 252  1271 250  1271 246  1171
 238  1071 226   971 210   971 194  1071 178  1071 168  1171 160  1371 154  1471
 147  1471 140  1571 138  1571 142  1371 153  1271 168  1071 186  1171 204  1271
 220  1371 231  1371 238  1271 241  1271 241  1271 239  1371 234  1371 226  1271
 217  1271 206  1171 194  1171 182  1171 173  1171 168  1271 166  1371 162  1471
 155  1571 149  1571 146  1671 150  1451 159  1351 173  1111 190  1251 207  1451
 223  1511 235  1551 244  1451 250  1411 254  1451 254  1551 251  1511 243  1451
 232  1451 220  1311 209  1351 200  1251 193  1211 188  1351 183  1451 178  1511
 172  1651 167  1751 165  1811 167  1651 174  1451 185  1211 199  1351
675 106   001  95   001  86   001 101   001 138   001 183   001 197   971
 211  1271 224  1371 236  1271 247  1271 254  1471 259  1571 254  1771 249  1771
 241  1771 229  1771 211  1571 193  1471 176  1271 164  1371 159  1371 152  1471
 143  1671 134  1871 128  2071 128  1871 136  1771 152  1571 177  1471 205  1471
 231  1371 249  1371 259  1371 263  1371 262  1571 258  1671 252  1871 246  1871
 238  1771 227  1771 212  1671 195  1471 181  1371 170  1471 163  1471 156  1571
 149  1771 142  1971 137  2171 137  1971 142  1751 156  1511 178  1651 205  1651
 229  1711 247  1751 257  1751 262  1711 262  1951 258  2051 252  2211 246  2151
 237  2051 226  1911 211  1751 195  1451 181  1211 172  1351 167  1451 161  1511
 153  1751 146  1951 141  2111 142  2051 150  1951 165  1811 186  1851
690 168   001 164   001 160   001 167   001 182   001 202   001 207   671
 210   971 212   971 213   871 212   771 210   771 207   871 204   871 201   871
 197   971 192   971 187   971 181   871 176   871 172   971 171   971 168  1071
 164  1171 158  1271 157  1371 160  1371 167  1271 175  1271 184  1171 192  1171
 198  1071 201   971 202   871 202   771 201   871 200   871 198   971 194   971
 190   971 186   971 183   971 181   971 179   971 178   971 178  1071 176  1071
 172  1171 168  1171 166  1271 168  1271 173  1251 180  1211 189  1251 197  1251
 203  1211 204  1151 203  1051 201   911 200  1051 200  1051 199  1111 197  1151
 194  1151 190  1111 187  1051 184  1051 181   911 179   951 177  1051 174  1011
 171  1051 168  1151 167  1111 169  1151 173  1251 181  1211 191  1251
747 171   001 166   001 145   001 131   001 163   001 199   001 206   471
 213   771 221  1171 228  1571 234  1971 239  1871 243  1671 242  1571 239  1471
 235  1271 229  1171 220  1171 211  1071 201  1071 192  1071 185  1171 178  1171
 173  1171 169  1071 166  1071 165  1071 168  1071 177  1071 193  1171 214  1271
 231  1371 240  1571 243  1871 243  2071 242  1971 241  1871 238  1771 234  1671
 228  1471 223  1371 217  1371 212  1271 208  1271 205  1271 202  1271 199  1271
 196  1271 192  1271 187  1271 182  1171 179  1151 183  1011 195  1251 210  1451
 223  1611 228  1851 229  2051 228  2211 230  2151 232  2051 232  1911 229  1751
 223  1651 216  1411 210  1451 206  1351 202  1311 199  1451 195  1451 192  1511
 188  1451 185  1451 183  1311 183  1251 185  1251 191  1111 201  1351
NT  TEDF  78  35 1
20150528072015052802
20150528072015052803
20150528072015052804
20150528072015052805
20150528072015052806
20150528072015052807
20150528072015052808
20150528072015052809
20150528072015052810
20150528072015052811
20150528072015052812
20150528072015052813
20150528072015052814
20150528072015052815
20150528072015052816
20150528072015052817
20150528072015052818
20150528072015052819
20150528072015052820
20150528072015052821
20150528072015052822
20150528072015052823
20150528072015052900
20150528072015052901
20150528072015052902
20150528072015052903
20150528072015052904
20150528072015052905
20150528072015052906
20150528072015052907
20150528072015052908
20150528072015052909
20150528072015052910
20150528072015052911
20150528072015052912
20150528072015052913
20150528072015052914
20150528072015052915
20150528072015052916
20150528072015052917
20150528072015052918
20150528072015052919
20150528072015052920
20150528072015052921
20150528072015052922
20150528072015052923
20150528072015053000
20150528072015053001
20150528072015053002
20150528072015053003
20150528072015053004
20150528072015053005
20150528072015053006
20150528072015053007
20150528072015053008
20150528072015053009
20150528072015053010
20150528072015053011
20150528072015053012
20150528072015053013
20150528072015053014
20150528072015053015
20150528072015053016
20150528072015053017
20150528072015053018
20150528072015053019
20150528072015053020
20150528072015053021
20150528072015053022
20150528072015053023
20150528072015053100
20150528072015053101
20150528072015053102
20150528072015053103
20150528072015053104
20150528072015053105
20150528072015053106
20150528072015053107
002600150016001800180017001717161715271527142714271335143114351435143114351
53515311535153514311435143514311435143514311435153516311635173517311735183517311
53514351331123513351431143514351431133513351231133513351431143514351431143514351
43115351535143114351335123112351335143114351435143114351435153115351535153115351
005500160018001700170018001717172716271627152715271535143114351335133114351
43515311535143514311435143515311535153515311535153515311635163516311735173516311
63516351531143513351231133513351431143514351431143515351531153515351431143514351
43115351535143114351335123112351335143114351435153115351535153115351535163116351
015700170017001700170017001717161716271627152715271535143114351435143114351
43514311435143514311435143514311435143515311535153515311535143514311535163517311
73517351731163515351431143514351431153516351631153515351431143515351531153514351
43114351435143115351535143114351335133113351335133113351335143114351535153115351
027200140016001700160018001817181717171727172716371535153115351535143114351
33513311335133514311435153515311535143514311535153516311635173517311735173517311
63515351431143514351431143514351331133513351331133514351431143514351431143514351
53115351535163116351535153114351435133114351435153115351535153115351535153116351
070400150016001600160015001417141714271527162717271735163115351535143114351
43514311435143514311435143515311535163517311735163516311635163516311635163516311
63516351631153515351431133513351231133513351431153515351531153515351531143514351
43114351535153115351535153115351535153115351535153114351435143115351535163116351
110300110015001700180018001717162716271527142714271435143114351435143114351
33513311435143515311535153516311635163517311735173517311735173517311635163516311
53515351531153514351431143514351531153516351631163515351531163516351631163516351
53115351635163116351635163116351635163116351635163116351635173117351735173117351
120200150014001600160017001727172716271637153715371435143114351435143114351
33513311335133514311435143514311535153516311735173517311735173517311735163516311
73517351631153513351231133513351431143514351431143515351531163516351631163516351
63116351635163116351635163116351535153115351435153115351635163117351735173117351
130700160012001200120014001427152716271627172717271735173116351635153115351
43514311435143514311435143514311435143515311535153516311635173517311735163516311
63516351631153514351331133513351331133514351431153515351631163516351631173517351
73116351635153115351535153115351535153115351635163116351635153115351535153116351
145100150015001500160015001517151715271527152715271635163116351535153114351
43514311435153515311535153515311535153515311535153515311535143514311535163516311
73517351631153513351231123513351531153515351531153514351431143514351431143515351
53115351535153114351435143114351435153115351635163115351535153115351535163116351
149300120012001600150017001717172717271727162716271635163116351635153115351
43514311435153515311635163516311635163516311635163515311535153515311535163516311
73517351731153514351331133513351431153515351531153514351431143514351431153515351
53115351535153115351435143114351435153115351535153115351535153115351635163116351
156200130015001500150017001717161716271627162716271635163116351535153114351
43514311435143515311535153516311635163516311635163516311535153515311535163516311
73517351731153514351231123513351431153515351531143514351431143514351431143515351
53115351535153115351435143114351435153115351535153115351535153115351635163116351
168300120014001300140015001417141714271427152715271535153115351535153115351
53516311635153515311535153515311535163516311635173517311735163516311635173517311
63516351531153516351631153514351331133514351531163516351631163516351631153515351
53116351635173117351635163116351535153115351535143114351435143115351635163116351
180400140015001300150015001417132713271327142714371535163116351535143114351
43515311535163516311635163515311635163516311735163516311635173517311735163516311
63517351731173516351631163516351631153515351531163516351731173516351631163516351
63116351635163116351635163115351335123112351235123113351335133114351535163116351
190400140016001400100013001327122712271227133713371435153115351535143115351
53515311635163515311535153515311635163516311635163515311535163516311635173517311
73517351731163516351631163516351631163516351631163516351631163517351731163516351
63116351635173117351635163116351635153115351435133112351335133114351535153114351
222400130012001400160018001717172716271627162716371635153115351435143114351
43514311435143514311435143514311435143514311435153515311635163517311735173517311
63516351531153514351431143514351431153515351631173517351731173516351631163516351
63116351635163115351535153115351535153115351535153115351535163116351635163116351
240200110010001000110013001317141714271527152715271635163116351535143114351
43514311435143515311535163516311635153515311435143514311435143515311535163517311
73516351531143513351231123513351331143514351531153516351631173517351731173517351
73117351735173116351635153115351435143114351435143114351435143115351535153115351
255200130015001000100010001017112711271127122713371435153115351435133114351
43514311435143514311535163517311735173517311735163516311635163516311635163516311
53515351531153515351531153515351531153515351631163516351631163516351631163516351
73117351735173116351535143114351435143114351435143114351535153115351635153115351
260300120014001200100010001017111711271227122712371235123112351235123114351
53516311635153515311435133513311435153516311635153515311535153515311535153515311
53515351431143514351331133512351231133513351431153516351631173517351631173517351
73117351735173116351535143114351435153115351535153115351535153115351535163116351
280200130014001000130011001217121713271327142714271435133114351435153115351
53514311435143514311435143514311535153515311535143514311535153516311635163516311
53515351531143513351331133513351331133513351331133514351531153515351531153515351
63116351635173117351635163115351535143114351435143113351335143114351535163116351
299300140015001600120010001027112711271127112711371235123112351335133113351
33513311335133513311335133513311435143513311335123512311335143514311435133513311
33514351531153515351531143513351231123512351231143515351631163516351631153515351
53116351635173117351735173117351735173117351635163114351335133114351535163115351
434100110012001000100010001017112711271227122712271235113111351135113111351
13511311135123512311235123512311235133513311435133513311335133513311335133513311
33513351331133513351331133513351331143514351431153515351531153515351631163516351
63116351635163116351535153115351435143114351435143114351435153115351535153115351
460200120013001000110010001017111711271127122712371235123112351235113111351
13511311135113511311135123512311335133513311335123512311235123513311335123512311
23512351231123512351231123512351231123512351231123512351231133513351331133513351
33114351535163116351635163115351535143114351435143114351435133113351335143114351
481000120013001500110010001017102711271127112711271135113111351135113111351
13511311135113511311235123512311235123512311135113511311135113511311235133513311
43514351431143513351331133514351431143513351331133513351331123512351231113511351
23112351335143115351535153115351535153115351535153114351435143114351535153114351
497200110011001200130010001017102711271127112711271235123112351135113111351
13511311135113512311235123512311235133513311335123511311135113511311235123512311
23511351131113512351231133514351431143514351431153515351631153514351331133512351
23112351335133113351335133113351435143114351435133113351335143115351635173116351
510300130011001100100010001017102710271127113711371135113111351135123112351
23512311235123512311235123512311335143514311435143514311435143514311435143514311
33513351231123512351331143514351431143513351331143515351631163515351431143514351
43114351435143113351235123113351335143115351635163116351635163116351635163116351
579000100012001200100010001017102710271127112711271135113111351135113111351
13511311135113511311135113511311135113511311135113511311135113512311235123512311
23512351231133513351331133513351231123512351131113511351131113511351131113511351
23112351235123112351335133113351335133113351335133113351335133113351435143115351
588000100010001300100010001027101711271127112711271135113111351135113111351
13511311135113511311135113511311135113511311135113511311135113511311135113512311
23512351331133513351331133514351331133512351231123512351231113511351131123513351
33113351335123112351235113111351135123112351335143114351435143113351335133113351
621100110012001100150014001427142714271427142714271435143113351335123112351
23512311235123512311235123513311435143515311535153515311535163516311635173516311
63515351431143514351431143513351331133513351431143515351531153516351631163516351
63116351635163116351535153115351535163116351635163115351535153116351635173117351
630100120012001300100012001217122712271227122711271135113111351135113111351
13511311135113511311135113511311235123513311335133513311335133513311335143514311
33513351231123512351231133514351431143513351331143514351531143513351331133514351
43114351335133113351335133113351335123112351235133114351535163116351635163116351
643000100010001300150011001117112711271127113711371135113111351135113111351
13511311135113511311235143515311535153514311335123512311335143515311535143514311
43514351531153514351431143514351431153515351531143513351231113511351231123513351
33113351335143114351435153114351435143114351435143114351335133114351435143114351
645000100010001200100010001017101710271127112711271135113111351135113111351
13511311135113512311235123512311335133513311235123512311235123512311235133513311
33514351431143514351431143514351431143514351331133512351131113511351231123512351
33113351335123112351235123112351335133113351335143114351435143114351435143114351
650000100010001100100010001017101711271127112711271135113111351135113111351
13511311135113511311135123512311235123513311335143514311335133513311335143514311
43513351331133513351431153515351531153514351431133513351331133513351331133514351
43114351335133113351335133113351335133113351335133113351335133113351335133114351
675000100010001000100010001027112711271127112711271235123111351135113111351
13511311135113511311135113511311135123512311235133513311335133513311335143514311
43513351331133513351331133513351431153515351631153514351431143514351431143513351
33113351335133113351335133113351435143114351435143114351435143114351435143115351
690000100010001000100010001017112711271127112711271235113111351135113111351
13511311135123512311235123512311235123513311335133513311235123512311235123512311
23513351431143515351531153514351431143515351531153514351331143514351531153514351
43114351435133113351335133114351435143114351435143114351435133113351435143115351
747000100010001000100010001027112712271227132713271435143114351435143113351
33513311235123512311135113511311235123513311335123512311335143514311535153515311
53516351731173516351531153514351431133512351231123512351231123512351331143515351
63117351735173116351635153115351435143113351335133113351335133113351335143114351
