20150224061443
T2M TEDF  78  35 1
20150224062015022401
20150224062015022402
20150224062015022403
20150224062015022404
20150224062015022405
20150224062015022406
20150224062015022407
20150224062015022408
20150224062015022409
20150224062015022410
20150224062015022411
20150224062015022412
20150224062015022413
20150224062015022414
20150224062015022415
20150224062015022416
20150224062015022417
20150224062015022418
20150224062015022419
20150224062015022420
20150224062015022421
20150224062015022422
20150224062015022423
20150224062015022500
20150224062015022501
20150224062015022502
20150224062015022503
20150224062015022504
20150224062015022505
20150224062015022506
20150224062015022507
20150224062015022508
20150224062015022509
20150224062015022510
20150224062015022511
20150224062015022512
20150224062015022513
20150224062015022514
20150224062015022515
20150224062015022516
20150224062015022517
20150224062015022518
20150224062015022519
20150224062015022520
20150224062015022521
20150224062015022522
20150224062015022523
20150224062015022600
20150224062015022601
20150224062015022602
20150224062015022603
20150224062015022604
20150224062015022605
20150224062015022606
20150224062015022607
20150224062015022608
20150224062015022609
20150224062015022610
20150224062015022611
20150224062015022612
20150224062015022613
20150224062015022614
20150224062015022615
20150224062015022616
20150224062015022617
20150224062015022618
20150224062015022619
20150224062015022620
20150224062015022621
20150224062015022622
20150224062015022623
20150224062015022700
20150224062015022701
20150224062015022702
20150224062015022703
20150224062015022704
20150224062015022705
20150224062015022706
002  71   001  61   001  72   001  74   001  72   001  71   001  70   371
  70   671  71   871  73   871  75   971  77   971  78   951  78  1051  77  1011
  74  1051  71   951  67   911  63   951  59   851  56   811  55   851  55   951
  56   911  57   951  57   951  57   911  57   851  56   851  57   711  59   751
  61   751  64   711  67   851  69   951  73  1011  78  1051  82  1151  83  1111
  80  1151  75  1051  69  1011  64  1051  60   951  57   911  55   951  55   951
  55   911  56   951  57   951  59   911  61   951  63   851  65   811  67   851
  71   851  75   811  81   951  87  1151  91  1211  93  1251  92  1351  88  1311
  82  1251  76  1151  70  1011  65  1051  61   951  58   911  55   951  52   951
  50   911  49   951  49   951  47   911  43   951  39  1051  38  1011
005  37   001  42   001  43   001  44   001  41   001  46   001  48   471
  52   671  60   871  69   871  77   971  84   971  87  1051  86  1151  82  1211
  76  1151  68  1051  61   911  56   951  51   951  48   911  45   951  42   951
  40   911  39   951  39  1051  40  1011  41  1051  42   951  44   911  47   951
  50   851  56   811  63   951  71  1051  79  1111  85  1251  88  1351  87  1411
  82  1251  75  1151  66   911  58   951  52  1051  47  1011  44  1051  44  1051
  44  1011  45  1051  47  1051  48  1011  49  1051  51   951  52   911  54   951
  57   951  63   911  72  1051  83  1251  92  1311  98  1451 101  1551 100  1611
  95  1451  88  1351  79  1111  69  1151  59  1151  51  1111  45  1151  42  1151
  41  1111  41  1151  41  1251  39  1211  33  1251  27  1351  24  1311
015  36   001  33   001  34   001  34   001  32   001  35   001  39   471
  46   871  54   871  64  1071  73  1271  80  1471  83  1451  83  1551  80  1511
  74  1451  67  1251  59  1111  51  1151  45  1151  39  1111  35  1151  31  1151
  28  1111  25  1151  23  1051  21  1011  20  1051  20  1151  23  1111  29  1051
  37  1051  45   911  52  1151  58  1351  62  1511  65  1551  66  1651  66  1611
  64  1451  61  1351  56  1111  51  1151  45  1151  41  1111  38  1151  36  1251
  34  1211  31  1251  28  1251  26  1211  25  1251  25  1351  27  1311  30  1351
  35  1251  42  1211  51  1351  61  1451  69  1511  73  1551  75  1651  76  1611
  78  1551  79  1451  77  1311  71  1351  63  1351  55  1311  49  1351  44  1351
  40  1311  36  1351  32  1351  27  1311  21  1351  16  1451  15  1411
027  35   001  38   001  42   001  44   001  51   001  54   001  56   371
  59   771  64   971  72   971  81   971  89   971  93   951  92   851  87   811
  79   851  69   851  60   811  53   851  49   951  47   911  47   951  47  1051
  48  1011  49  1151  50  1151  51  1211  53  1151  55  1151  59  1011  64  1051
  70  1051  77  1011  86  1051  95  1051 104  1011 110   951 113   951 112   811
 106   851  96   851  88   811  83   951  80  1151  78  1211  77  1251  76  1251
  75  1211  74  1251  75  1351  77  1311  82  1251  88  1251  92  1111  93  1151
  92  1051  94  1011  99  1051 107   951 112   911 113  1051 110  1051 104  1111
  95  1151  84  1051  73  1011  63  1151  54  1251  49  1311  47  1251  47  1251
  47  1111  45  1251  42  1251  38  1311  35  1351  33  1451  34  1411
070  29   001  26   001  25   001  27   001  21   001  19   001  23   671
  31  1071  42  1171  54  1271  66  1371  77  1571  83  1551  85  1551  81  1511
  73  1451  62  1351  52  1211  44  1251  38  1251  33  1211  29  1251  24  1351
  20  1311  16  1451  11  1451   7  1511   4  1451   3  1451   5  1311  12  1351
  22  1251  33  1111  43  1351  51  1451  57  1511  59  1551  59  1651  58  1611
  56  1551  54  1451  51  1211  48  1351  44  1351  40  1311  35  1451  30  1451
  26  1511  22  1651  19  1751  16  1811  13  1751  11  1651  12  1511  18  1551
  27  1451  37  1411  47  1551  56  1651  64  1711  70  1751  73  1751  75  1711
  74  1651  72  1451  68  1311  63  1451  59  1551  55  1511  52  1651  49  1751
  46  1811  41  1951  34  1951  27  1911  20  1951  15  1851  15  1811
110  68   001  67   001  69   001  67   001  50   001  63   001  64   471
  67   871  71   971  76  1071  80  1271  84  1371  88  1251  91  1151  90  1011
  85  1051  78  1051  71  1011  66  1051  63   951  64   911  68  1051  73  1051
  78  1111  81  1251  84  1451  86  1511  89  1451  91  1351  94  1211  96  1251
  98  1151 100  1111 103  1251 106  1351 110  1411 114  1351 117  1251 117  1111
 114  1151 110  1251 105  1211 102  1251 100  1251 100  1211 101  1351 102  1351
 102  1411 101  1551 100  1751  99  1811 100  1751 101  1751 101  1611  98  1651
  95  1551  92  1511  92  1451  94  1451  97  1311  99  1351  99  1251  96  1211
  90  1251  81  1151  73  1111  67  1251  62  1351  59  1411  56  1551  54  1651
  53  1711  52  1951  51  2051  49  2211  46  2251  45  2151  46  2111
120  37   001  43   001  40   001  43   001  49   001  49   001  52   271
  57   571  63   871  70  1071  77  1171  83  1171  86  1051  86   951  83   811
  77   851  70   951  62   911  55   951  51  1051  49  1011  51  1151  55  1151
  59  1211  61  1251  62  1251  65  1211  70  1251  76  1151  82  1111  87  1151
  90  1251  94  1211  98  1251 102  1251 106  1211 109  1151 111  1151 110  1011
 107  1051 102  1051  97  1011  94  1051  92  1151  91  1111  91  1151  92  1151
  92  1111  91  1251  91  1251  91  1311  92  1351  94  1451  95  1411  94  1551
  93  1551  93  1611  96  1551 101  1451 104  1311 103  1351  99  1451  92  1411
  83  1351  73  1251  64  1111  57  1151  53  1251  50  1211  49  1251  48  1351
  47  1311  45  1451  43  1651  40  1711  37  1751  37  1851  39  1811
130  29   001  28   001  27   001  34   001  44   001  42   001  47   471
  53   771  62  1071  73  1171  84  1171  92  1271  98  1151  99  1151  95  1011
  88  1051  78  1051  67  1011  56  1051  47  1151  41  1111  40  1251  42  1251
  45  1311  48  1351  50  1351  53  1311  56  1351  61  1451  67  1411  75  1451
  83  1351  91  1311  97  1351 101  1251 105  1211 110  1251 114  1251 117  1211
 117  1151 114  1151 109  1011 103  1151  98  1151  94  1211  93  1351  93  1351
  93  1411  93  1551  92  1551  92  1611  92  1751  93  1751  94  1811  95  1851
  96  1851  99  1811 104  1651 110  1551 115  1311 118  1451 118  1551 113  1611
 103  1551  91  1351  78  1211  68  1251  59  1351  53  1311  48  1451  44  1651
  42  1711  41  1851  40  1851  37  1911  33  2051  28  2051  28  2111
145  25   001  22   001  21   001  17   001  16   050  19   001  24   571
  36   971  45  1071  55  1071  65  1171  74  1171  78  1251  77  1251  74  1311
  69  1351  62  1251  55  1211  48  1251  41  1351  35  1311  29  1351  24  1251
  21  1211  19  1251  19  1151  19  1111  20  1151  22  1051  25  1011  29  1051
  34  1151  40  1111  45  1151  51  1151  56  1111  61  1251  66  1351  70  1411
  72  1451  72  1351  70  1311  65  1351  59  1351  54  1311  50  1351  47  1451
  45  1411  43  1451  40  1351  39  1311  39  1351  40  1251  42  1211  46  1251
  51  1351  58  1311  67  1351  75  1251  82  1211  85  1351  86  1351  86  1411
  86  1451  85  1351  82  1311  75  1351  67  1451  59  1411  53  1551  49  1551
  45  1611  40  1651  33  1551  26  1511  19  1551  14  1551  13  1511
149  23   001  22   001  20   001  20   001  18   001  23   001  31   771
  41  1071  52  1071  63  1171  73  1371  80  1471  85  1451  85  1351  81  1311
  75  1251  68  1251  60  1111  53  1251  46  1251  39  1311  33  1351  27  1351
  23  1311  20  1251  19  1151  18  1011  18  1051  20  1151  24  1111  31  1151
  39  1051  46  1011  51  1151  55  1351  59  1411  63  1451  67  1451  71  1411
  74  1351  74  1351  73  1211  69  1251  64  1351  59  1311  55  1351  51  1351
  47  1311  42  1251  36  1251  32  1111  31  1251  32  1351  35  1411  40  1451
  47  1451  55  1411  64  1451  74  1451  82  1411  87  1451  91  1551  92  1511
  92  1451  91  1351  87  1211  81  1251  74  1351  67  1311  62  1451  57  1451
  52  1511  46  1551  38  1451  30  1411  23  1551  18  1651  18  1711
156  35   001  34   001  29   001  28   001  25   001  29   001  38   571
  48   771  58   971  69   971  78   971  85   971  90  1051  89  1151  85  1211
  80  1251  75  1151  69  1111  63  1251  57  1251  51  1311  46  1251  42  1251
  38  1111  35  1151  33  1051  32  1011  32  1051  32  1151  35  1111  40  1151
  46  1151  52  1111  58  1151  63  1151  67  1111  70  1151  73  1251  76  1211
  79  1251  81  1251  81  1211  78  1251  74  1351  69  1311  66  1351  63  1251
  60  1211  56  1251  52  1151  49  1111  48  1251  48  1251  50  1311  54  1351
  59  1351  66  1311  74  1351  82  1351  89  1311  93  1351  96  1351  97  1311
  97  1351  96  1351  94  1311  90  1351  84  1351  78  1311  71  1351  65  1351
  60  1311  56  1351  52  1251  46  1211  39  1351  32  1351  30  1411
168  37   001  32   001  19   001  17   001   8   001  15   001  22   671
  32  1071  46  1071  60  1171  73  1371  82  1471  87  1451  85  1351  79  1311
  71  1351  63  1251  54  1211  47  1251  40  1251  35  1211  31  1251  27  1351
  22  1311  16  1451  10  1451   6  1511   4  1551   5  1451   9  1411  16  1351
  25  1151  36  1011  48  1151  58  1351  65  1411  66  1451  62  1451  58  1411
  54  1451  52  1351  51  1311  51  1351  50  1451  50  1411  49  1451  47  1551
  43  1511  38  1651  33  1851  29  1911  26  1851  26  1851  27  1711  30  1651
  36  1551  44  1411  55  1551  66  1651  75  1711  80  1751  82  1751  82  1711
  81  1651  78  1551  75  1411  71  1551  66  1551  62  1611  60  1751  58  1951
  54  2011  48  2151  40  2251  32  2311  26  2251  22  2251  23  2111
180  38   001  41   001  33   001  35   001  26   001  31   001  34   771
  39  1271  45  1371  52  1571  58  1671  63  1871  67  1851  67  1951  64  1911
  58  1851  51  1751  42  1611  34  1551  26  1551  19  1411  14  1451  11  1551
   9  1511   9  1551   9  1451   9  1411   7  1351   5  1351   6  1211  10  1351
  18  1351  27  1411  37  1651  46  1751  53  1911  57  2051  59  2051  57  2111
  52  2051  46  1851  40  1711  35  1751  30  1651  26  1611  22  1651  19  1651
  17  1611  15  1651  14  1751  13  1711  11  1651  10  1551  12  1411  17  1551
  24  1651  32  1711  39  1851  46  1951  53  2011  60  2151  66  2151  68  2211
  66  2151  62  2151  57  2011  54  2051  51  2051  49  2011  46  2051  43  2051
  40  2011  38  1951  37  1951  35  1811  33  1851  31  1751  31  1711
190  24   001  10   001  47   001  32   001  34   001  28   001  31   671
  38  1271  46  1171  54  1371  61  1571  66  1771  69  1851  69  1951  66  2011
  60  1751  52  1551  45  1211  39  1251  34  1251  29  1211  23  1351  18  1451
  14  1511  12  1451  11  1451  10  1311   8  1351   7  1451   8  1411  13  1451
  21  1451  31  1411  41  1751  51  1951  59  2211  65  2251  68  2351  67  2311
  61  2051  52  1751  42  1411  34  1451  28  1351  23  1311  19  1551  17  1651
  15  1811  14  1851  14  1751  12  1711   8  1751   5  1851   6  1811  13  1851
  23  1951  34  1911  43  2151  51  2351  58  2511  64  2551  69  2551  70  2511
  66  2351  60  2051  53  1811  47  1751  44  1751  41  1611  39  1751  39  1951
  38  2011  38  1951  37  1951  36  1811  35  1851  34  1851  34  1811
222  39   001  34   001  27   001  35   001  35   001  37   001  47   571
  59   971  72  1071  84  1071  95  1071 103  1071 108  1051 108   951 103   911
  95   951  85  1051  74  1011  65  1151  57  1151  51  1211  47  1351  44  1451
  44  1511  46  1551  50  1451  54  1411  58  1451  62  1351  68  1311  76  1251
  84  1251  93  1111 100  1151 106  1251 111  1211 115  1151 117  1151 118  1011
 117  1151 114  1151 110  1211 106  1251 102  1351  99  1311  96  1451  94  1651
  93  1711  92  1751  92  1651  93  1611  95  1651  97  1551  98  1511  98  1551
  99  1651 102  1611 108  1551 116  1351 122  1211 125  1251 124  1351 120  1311
 112  1351 102  1451  91  1411  81  1551  72  1551  65  1611  59  1751  54  1851
  50  1911  47  1951  44  1951  40  1911  35  1951  31  1951  31  1911
240  35   001  33   001  28   001  25   001  23   001  20   001  28   271
  38   671  51   871  64  1171  76  1171  87  1271  94  1251  93  1251  89  1211
  83  1251  75  1151  67  1111  59  1151  52  1151  45  1111  39  1151  33  1151
  29  1111  27  1151  26  1251  26  1211  27  1251  30  1151  34  1111  40  1151
  48  1151  56  1111  65  1251  73  1351  81  1411  88  1451  94  1351  98  1311
 100  1351  99  1251  97  1211  93  1251  88  1251  84  1211  81  1251  79  1251
  76  1211  72  1351  69  1351  67  1411  68  1451  70  1451  72  1411  73  1351
  75  1351  79  1211  87  1351  98  1351 107  1411 113  1551 115  1551 114  1611
 110  1551 103  1351  95  1211  86  1251  76  1351  68  1311  62  1351  57  1351
  52  1311  47  1451  41  1451  35  1511  29  1651  24  1651  23  1711
255  39   001  37   001  35   001  29   001  24   001  23   001  29   371
  38   471  49   871  60  1171  71  1371  80  1571  85  1551  85  1451  81  1411
  74  1351  66  1351  57  1211  49  1251  42  1251  35  1211  29  1251  23  1351
  17  1311  12  1351   8  1351   6  1311   6  1251   8  1251  13  1111  21  1151
  30  1051  40  1011  49  1251  56  1451  62  1611  66  1651  70  1651  72  1611
  74  1551  75  1551  74  1411  72  1451  69  1551  66  1511  64  1551  63  1651
  61  1611  59  1651  56  1551  54  1511  52  1551  52  1451  53  1411  56  1451
  60  1451  66  1411  73  1551  81  1751  88  1811  95  1851  99  1951 102  1911
 102  1851  98  1651  92  1511  84  1551  75  1651  67  1611  62  1751  59  1751
  55  1811  50  1851  44  1951  36  1911  28  1951  22  1951  21  1911
260  38   001  29   001  28   001  32   001  34   001  29   001  36   671
  43   871  50   871  58  1171  65  1471  71  1671  77  1651  79  1651  77  1611
  70  1551  60  1351  50  1211  43  1351  37  1351  33  1411  29  1551  24  1651
  19  1711  14  1651   8  1651   4  1511   1  1451   1  1451   5  1311  14  1251
  25  1151  37  1011  46  1251  53  1451  57  1611  59  1651  58  1751  57  1711
  55  1651  54  1551  53  1411  54  1551  55  1651  57  1711  58  1851  57  1851
  56  1911  54  1851  51  1851  47  1711  43  1751  41  1751  41  1711  44  1651
  50  1551  57  1411  63  1651  70  1751  76  1911  83  2051  88  2051  91  2111
  90  1951  86  1751  80  1511  74  1751  68  1951  64  2111  62  2151  62  2251
  60  2211  56  2251  49  2151  40  2111  31  2151  23  2251  21  2211
280  39   001  31   001  31   001  27   001  15   001  15   001  19   471
  28   871  40  1171  52  1371  64  1471  73  1471  79  1551  80  1551  76  1611
  67  1451  57  1351  47  1111  41  1151  38  1051  36  1011  34  1151  31  1251
  27  1311  23  1451  18  1551  13  1611   7  1651   3  1751   4  1711  11  1651
  22  1451  33  1311  41  1351  48  1451  53  1411  59  1551  63  1751  64  1811
  60  1751  54  1551  48  1411  44  1351  42  1351  41  1211  40  1351  39  1451
  37  1511  34  1651  30  1751  27  1811  25  1951  25  1951  28  2011  33  1951
  40  1751  47  1611  52  1651  57  1751  62  1711  69  1951  76  2051  80  2211
  79  2051  75  1851  69  1611  64  1551  60  1551  58  1411  58  1551  58  1651
  57  1711  54  1751  49  1851  43  1811  37  1951  32  1951  31  2011
299  55   001  49   001  39   001  38   001  27   001  26   001  27   471
  31   771  36   971  42  1171  49  1371  56  1471  61  1551  64  1551  63  1611
  57  1551  48  1351  40  1211  36  1251  34  1351  32  1311  29  1351  24  1451
  20  1411  16  1551  13  1551  10  1611   8  1651   7  1551   9  1511  14  1451
  22  1351  30  1211  38  1351  46  1451  54  1511  63  1651  70  1751  70  1811
  62  1651  49  1551  35  1311  25  1351  18  1451  14  1411  11  1551   8  1551
   5  1611   1  1751  -2  1851  -5  1911  -6  1951  -5  1951  -1  1911   7  1851
  17  1751  29  1611  41  1651  52  1751  62  1711  70  1851  74  1851  73  1911
  66  1851  57  1751  49  1611  45  1651  44  1751  43  1711  41  1851  38  1851
  34  1911  30  2051  26  2151  24  2211  25  2251  27  2251  30  2211
434  25   001  22   001  17   001  19   001  15   001  17   001  22   571
  28   771  37   971  46   971  54  1071  61  1071  66  1151  67  1151  64  1211
  59  1151  52   951  45   811  39   851  33   851  28   811  24   851  20   851
  18   811  16   851  15   851  14   811  13   951  12   951  14  1011  19  1051
  25  1051  32  1011  38  1151  43  1151  47  1211  51  1351  55  1451  59  1511
  63  1351  66  1151  68   911  67   951  65   951  64   911  65   951  66   951
  67   911  66   951  64  1051  62  1011  61  1151  60  1151  60  1211  59  1251
  59  1351  61  1311  66  1451  73  1451  80  1511  86  1651  90  1751  92  1811
  91  1551  87  1351  81  1011  75  1051  68   951  62   911  57   951  53   951
  50   911  46   951  41  1051  35  1011  27  1151  19  1351  15  1411
460  52   001  45   001  32   001  52   001  41   001  47   001  52   371
  57   771  62   871  68  1171  73  1271  78  1371  82  1451  82  1451  78  1511
  70  1451  61  1451  53  1311  48  1451  44  1551  41  1611  36  1651  31  1751
  26  1711  23  1751  21  1751  18  1711  14  1651  11  1451  11  1311  16  1351
  24  1251  36  1211  50  1251  62  1351  70  1311  72  1451  69  1551  65  1611
  63  1551  62  1551  62  1411  63  1651  65  1851  66  2011  67  2051  67  2151
  66  2111  64  2151  61  2151  59  2111  57  2051  57  1851  57  1711  58  1651
  62  1551  67  1411  75  1551  84  1551  93  1611 100  1751 104  1751 104  1811
 100  1751  94  1551  87  1411  81  1751  76  1951  73  2211  72  2251  71  2351
  69  2311  66  2451  60  2451  53  2511  44  2351  36  2251  32  2011
481  36   001  36   001  28   001  22   001  27   001  23   001  29   371
  36   671  44   971  52  1371  60  1471  66  1471  71  1451  74  1551  73  1511
  67  1551  58  1451  50  1411  45  1451  43  1351  43  1311  44  1351  44  1351
  43  1311  40  1351  37  1251  32  1211  27  1251  24  1251  22  1211  23  1351
  26  1351  32  1411  39  1551  47  1551  54  1611  60  1651  64  1651  65  1611
  62  1551  56  1551  51  1411  48  1351  46  1351  46  1211  47  1251  47  1351
  48  1311  48  1351  47  1251  46  1211  45  1251  45  1251  46  1211  48  1351
  51  1451  55  1511  59  1551  64  1651  70  1611  77  1751  82  1951  85  2011
  83  1951  78  1751  72  1611  67  1551  63  1551  62  1411  63  1551  66  1551
  67  1611  66  1651  63  1651  59  1611  56  1651  53  1751  51  1711
497   4   001   3   001   4   001   6   001   4   001   3   001   7   571
  12   971  19  1271  27  1671  34  1971  40  2171  43  2051  40  2051  33  1911
  22  1851   9  1751   0  1611  -4  1851  -4  1951  -3  2111  -3  2251  -4  2451
  -5  2511  -7  2351  -9  2151 -13  1911 -18  1851 -21  1651 -21  1511 -15  1551
  -5  1551   9  1511  24  1751  39  1951  50  2111  56  2051  56  1951  50  1811
  39  1751  25  1751  13  1611   5  1751   0  1951  -3  2011  -5  2251  -8  2351
 -11  2511 -15  2351 -20  2151 -26  1911 -32  1851 -37  1751 -38  1611 -33  1751
 -22  1851  -4  1911  20  2051  44  2251  63  2311  71  2251  69  2251  60  2111
  47  1951  33  1851  20  1611  11  1751   5  1951   2  2011   1  2151   1  2351
   0  2411  -2  2251  -3  2151  -4  1911  -3  1851  -1  1851  -1  1711
510  48   001  46   001  42   001  55   001  49   001  47   001  55   771
  64   871  74  1071  83  1071  91  1171  97  1171 102  1151 103  1051 101  1011
  95  1051  88  1151  81  1111  76  1151  73  1051  69  1011  63  1151  57  1151
  51  1211  48  1251  46  1351  47  1311  49  1351  54  1251  59  1211  66  1251
  73  1251  82  1211  91  1251 100  1251 107  1211 111  1251 114  1251 115  1211
 116  1251 116  1351 115  1311 114  1351 112  1351 111  1311 110  1451 109  1451
 107  1511 104  1551 102  1551 100  1511 100  1551 101  1551 102  1511 102  1451
 102  1451 103  1311 107  1351 113  1451 120  1411 127  1651 132  1851 133  2011
 130  1851 124  1751 116  1511 108  1451 101  1451  95  1311  90  1451  86  1551
  81  1611  75  1751  69  1751  63  1811  58  1851  54  1951  53  1911
579  88   001  74   001  60   001  71   001  51   001  37   001  45   371
  57   771  68  1071  79  1271  90  1271  99  1271 104  1151 104  1051 100   911
  92   951  83   951  75   911  70   951  68   851  67   811  66  1051  64  1251
  62  1411  60  1451  59  1551  57  1511  55  1551  54  1651  54  1611  56  1551
  60  1351  68  1211  79  1251  90  1251 100  1211 106  1151 107  1151 103  1011
  95  1051  86  1051  78  1011  73   951  70   951  68   811  66  1051  64  1151
  62  1311  61  1451  61  1551  59  1611  55  1651  52  1651  53  1611  60  1551
  71  1551  84  1411  97  1451 109  1451 119  1411 125  1451 127  1351 124  1311
 117  1251 107  1051  98   911  91   951  87   851  83   811  80  1051  77  1251
  73  1411  69  1551  64  1651  60  1711  57  1751  55  1851  55  1811
588  45   001  75   001  75   001  73   001  69   001  68   001  70   571
  72   971  73  1271  75  1471  76  1471  77  1571  77  1651  79  1851  76  1911
  67  1851  56  1751  47  1611  44  1651  45  1551  48  1511  50  1651  50  1651
  50  1711  49  1651  47  1551  45  1411  43  1451  41  1451  41  1411  42  1451
  46  1351  54  1311  66  1351  81  1451  94  1411 103  1651 105  1951 101  2111
  89  2051  74  1851  60  1711  51  1651  46  1651  43  1511  39  1651  34  1651
  30  1711  27  1751  24  1651  22  1611  21  1651  21  1551  24  1511  31  1551
  43  1651  57  1611  73  1651  90  1651 105  1611 116  1851 120  2151 115  2311
 100  2151  81  1851  63  1611  52  1651  47  1551  44  1511  41  1651  37  1651
  33  1711  30  1751  28  1751  28  1711  30  1751  34  1751  40  1711
621  39   001  35   001  32   001  29   001  16   001  15   001  23   571
  31  1071  39  1371  48  1571  56  1771  65  1871  72  1751  71  1751  67  1611
  63  1551  59  1551  57  1411  57  1351  57  1351  57  1211  55  1251  52  1251
  50  1211  49  1251  49  1251  50  1211  51  1251  52  1251  55  1211  60  1351
  66  1451  72  1511  78  1651  82  1851  85  1911  86  1951  86  1851  87  1811
  89  1751  91  1551  93  1411  94  1451  95  1351  95  1311  96  1451  97  1451
  97  1511  96  1551  95  1451  94  1411  94  1551  94  1551  93  1611  91  1651
  89  1551  89  1511  92  1751  98  1851 103  2011 107  2151 109  2251 108  2311
 104  2051 100  1851  95  1511  92  1551  90  1551  89  1511  88  1551  86  1551
  83  1511  79  1651  73  1751  68  1811  63  1951  58  1951  55  2011
630  65   001  57   001  42   001  45   001  44   001  49   001  55   371
  62   571  70   871  78  1071  85  1071  90  1071  92  1051  90   951  85   911
  78   951  71   951  65   911  62   951  61  1051  60  1011  59  1051  57  1151
  54  1111  50  1251  46  1251  43  1311  42  1351  44  1351  48  1311  53  1251
  60  1051  68   911  76  1051  83  1151  88  1211  89  1251  89  1151  89  1111
  91  1151  94  1251  97  1211  99  1351 100  1351 102  1411 105  1451 107  1451
 108  1411 106  1451 102  1551  99  1511  99  1551 100  1651 102  1611 102  1551
 103  1551 104  1411 107  1451 112  1351 117  1311 121  1351 124  1451 124  1411
 120  1451 115  1451 109  1411 105  1451 104  1551 103  1511 103  1551 102  1551
  99  1511  93  1551  86  1551  78  1511  71  1651  67  1651  65  1711
643  98   001  95   001  84   001  86   001  86   001  77   001  84   571
  90   971  95  1071 102  1171 109  1171 118  1271 126  1151 131  1151 131  1011
 123  1051 110  1151  99  1111  92  1151  89  1151  87  1111  84  1251  80  1251
  77  1311  74  1451  72  1451  69  1511  66  1551  64  1651  66  1611  72  1551
  82  1351  94  1211 106  1251 118  1251 129  1211 138  1251 144  1251 142  1211
 132  1351 118  1351 105  1411  99  1451  96  1351  95  1311  92  1451  88  1451
  85  1511  83  1651  83  1651  82  1711  80  1751  79  1651  80  1611  85  1651
  95  1551 107  1511 121  1651 135  1651 148  1711 157  1751 161  1851 158  1811
 147  1851 132  1751 120  1711 114  1651 113  1651 113  1511 111  1551 107  1651
 101  1611  95  1751  89  1851  84  1911  81  1851  80  1851  81  1711
645  99   001  92   001  90   001  82   001  76   001  68   001  72   571
  80   871  88   971  97  1171 106  1371 114  1471 119  1351 121  1351 117  1211
 107  1251  94  1151  83  1111  77  1251  75  1451  74  1511  72  1551  69  1451
  66  1411  64  1451  63  1451  62  1411  61  1451  61  1451  63  1411  68  1351
  75  1351  85  1211  97  1351 108  1351 118  1411 124  1451 124  1351 120  1311
 111  1351  99  1251  89  1211  83  1351  79  1551  77  1611  74  1651  71  1551
  69  1511  67  1551  66  1551  65  1511  64  1551  63  1551  67  1511  75  1451
  87  1451 101  1311 114  1451 126  1551 137  1611 145  1651 149  1651 146  1611
 134  1551 118  1451 105  1311  98  1551  96  1651  95  1811  91  1751  86  1751
  81  1611  78  1651  75  1751  73  1711  70  1751  67  1651  67  1611
650  90   001  89   001  88   001  76   001  74   001  68   001  72   571
  77   971  83   971  89  1171  96  1271 103  1371 109  1251 112  1151 111  1011
 105   951  97   851  89   711  84   751  82   851  81   811  79  1151  77  1351
  75  1611  73  1651  72  1651  70  1611  68  1651  66  1551  65  1511  66  1351
  69  1251  75  1011  85  1151  96  1251 107  1311 114  1251 118  1051 116   911
 109   851 100   851  91   711  84   851  80   851  76   911  72  1151  69  1351
  67  1511  66  1651  65  1751  63  1811  60  1851  58  1951  59  1911  65  1851
  75  1651  87  1511 100  1451 113  1451 124  1311 132  1451 136  1451 135  1511
 128  1251 117  1051 106   711  98   851  92   951  88  1011  84  1351  79  1551
  74  1811  69  1951  64  1951  62  2011  62  2051  65  2051  68  2011
675 112   001 105   001 103   001  98   001  95   001  90   001  96   871
 101  1771 108  1771 114  1671 119  1471 125  1371 130  1451 126  1651 118  1711
 110  1651 102  1451  95  1311  89  1351  84  1451  80  1411  76  1551  73  1751
  70  1811  68  1851  65  1751  62  1711  58  1851  54  1851  54  1911  59  1951
  69  1851  85  1811 106  1751 129  1551 147  1411 157  1651 158  1751 151  1911
 137  1751 119  1651 100  1411  84  1451  71  1451  59  1411  49  1651  40  1851
  34  2011  30  2051  27  1951  23  1911  17  1951  12  1951  12  1911  20  1951
  37  1951  62  1911  93  1851 123  1651 146  1511 156  1751 155  2051 146  2211
 133  2051 118  1751 102  1511  88  1551  75  1551  63  1511  52  1751  44  1951
  38  2111  36  2151  38  2051  42  2011  48  2151  55  2151  61  2211
690  80   001  82   001  83   001  83   001  83   001  83   001  87   471
  95   971 103  1271 112  1271 118  1171 122  1171 121  1251 117  1251 113  1311
 110  1451 108  1451 105  1511 100  1551  95  1451  90  1411  88  1351  86  1351
  85  1211  82  1351  78  1351  74  1411  70  1351  68  1351  71  1211  80  1251
  92  1351 106  1311 119  1351 129  1251 137  1211 141  1351 140  1351 136  1411
 128  1451 118  1551 107  1511  97  1451  88  1451  81  1311  77  1351  74  1451
  73  1411  72  1451  70  1451  67  1411  61  1351  57  1351  58  1211  67  1251
  82  1351 100  1311 117  1351 132  1351 142  1311 146  1451 145  1451 140  1511
 131  1551 121  1651 110  1611 100  1551  92  1551  86  1411  83  1451  82  1451
  82  1411  81  1451  79  1551  78  1511  78  1551  79  1551  81  1511
747  83   001  81   001  81   001  71   001  61   001  57   001  63   871
  71  1371  80  1371  89  1371  98  1271 105  1271 111  1351 112  1351 109  1411
 103  1351  95  1151  88  1011  83  1151  80  1351  79  1411  78  1351  77  1351
  76  1211  74  1251  71  1351  70  1311  71  1451  73  1651  76  1711  79  1651
  84  1551  91  1411 100  1451 110  1351 118  1311 121  1551 121  1651 118  1811
 114  1651 111  1351 109  1111 109  1351 110  1451 112  1611 114  1651 115  1551
 116  1511 115  1651 114  1651 114  1711 115  1751 117  1851 120  1811 123  1751
 126  1651 130  1511 136  1551 143  1651 149  1611 153  1851 153  1951 151  2111
 145  1851 138  1651 132  1311 128  1451 126  1551 125  1611 125  1651 125  1751
 122  1711 116  1751 108  1651 101  1611  98  1751  98  1751  98  1811
NT  TEDF  78  35 1
20150224062015022401
20150224062015022402
20150224062015022403
20150224062015022404
20150224062015022405
20150224062015022406
20150224062015022407
20150224062015022408
20150224062015022409
20150224062015022410
20150224062015022411
20150224062015022412
20150224062015022413
20150224062015022414
20150224062015022415
20150224062015022416
20150224062015022417
20150224062015022418
20150224062015022419
20150224062015022420
20150224062015022421
20150224062015022422
20150224062015022423
20150224062015022500
20150224062015022501
20150224062015022502
20150224062015022503
20150224062015022504
20150224062015022505
20150224062015022506
20150224062015022507
20150224062015022508
20150224062015022509
20150224062015022510
20150224062015022511
20150224062015022512
20150224062015022513
20150224062015022514
20150224062015022515
20150224062015022516
20150224062015022517
20150224062015022518
20150224062015022519
20150224062015022520
20150224062015022521
20150224062015022522
20150224062015022523
20150224062015022600
20150224062015022601
20150224062015022602
20150224062015022603
20150224062015022604
20150224062015022605
20150224062015022606
20150224062015022607
20150224062015022608
20150224062015022609
20150224062015022610
20150224062015022611
20150224062015022612
20150224062015022613
20150224062015022614
20150224062015022615
20150224062015022616
20150224062015022617
20150224062015022618
20150224062015022619
20150224062015022620
20150224062015022621
20150224062015022622
20150224062015022623
20150224062015022700
20150224062015022701
20150224062015022702
20150224062015022703
20150224062015022704
20150224062015022705
20150224062015022706
002500160015001300150017001617162715271527142714271335133513311335133513311
23512351131123514351531163516351631163517351731173517351731173517351731173516351
53115351535153116351635163116351635163116351635163116351635173117351735173117351
73517311735173517311735163516311535143513311235123512311235123512311335133514311
005400150013001400110012001217132713271327132713271335133514311435143513311
33512351131123512351431153515351631163516351631163517351731173517351731173517351
73117351735173116351635163116351635163116351635173117351735173117351735173117351
73517311735173517311735163516311535143514311335123512311235133513311335133513311
015400140016001700130014001417142715271527152715271535143513311235123512311
23512351231113511351231133514351531163517351731173517351731173517351731173517351
73117351735173116351635153116351635173117351635163116351635163116351735173117351
73517311735173517311735173517311735163515311435133512311135123512311335143514311
027100130017001500150015001517152716271627162716271535153514311335123512311
23512351331143515351531163516351731173517351731173517351731173518351831173517351
73116351635163116351735173117351635163116351635163117351735173117351735173117351
73517311735173516311635153515311435133512311235123512311235123513311335133513311
070000100010001000100011001217142715271627172717271735163515311435123512311
13511351231123512351231123512351331143516351731173517351731173517351731173517351
73116351635153115351535163115351535153115351535163116351635173117351735173117351
73517311735173517311735173517311735163516311535143513311435143515311435143513311
110600150014001200140011001117122712271327142714271435133512311235133513311
53516351631173516351631173517351731163515351531153516351731183518351731173517351
73116351535153115351535153116351635173117351735173117351635163117351735173117351
73516311635153514311335123512311235123512311235123512311235133513311435143514311
120100160014001300100011001217122712271327143715371435133513311335133513311
43515351531153516351631163517351731173516351631163517351731173517351731173517351
73116351635163116351635163116351635163116351635173116351635163116351635173117351
73517311735173516311535143513311235123512311235123513311335143514311535153515311
130000100014001500120011001037112712271427162717271735153514311335133513311
33514351431153515351631163517351731173516351631163517351731173517351731173517351
73116351635163116351635163116351635163116351635163116351735173117351735173117351
83518311735173516311535143513311335123512311135113512311235133514311435143514311
145000100010001000120012001327152716271627172717271635163515311435133512311
13511351131113511351231133515351631173517351731173517351731173517351731173517351
73116351635163115351535153115351535153116351635173117351635163117351735173117351
73517311735173517311735173517311735173516311535133512311135123512311235123513311
149000100010001000100015001617162717271727172717371635163515311435133512311
13511351131113511351231133515351631163516351631163517351731173518351731173517351
73117351635163115351535153115351535153116351635163116351635163117351735173117351
73517311735173517311735173517311735173516311535133512311235123512311235123512311
156000100010001000100014001517161716271727172717271635163515311435133512311
13511351131113511351231133515351631173516351631163517351731173517351731173517351
73117351635163115351535143114351535153116351635173116351635163116351735173117351
73517311735173517311735173517311735173516311535133512311235123512311235123512311
168300100010001000100011001217131714171527162717271735163515311435133512311
23512351231123512351231123512351231133514351531163516351731173517351731173517351
73117351635163115351535153115351535163116351635173117351735173117351735173117351
73517311735173517311735173517311735163516311635163516311535153515311435143513311
180500140014001500120017001727172717271727172717371735183517311635153513311
23512351231133515351531163515351531143514351531163516351731173517351731173516351
63116351635163116351735163115351435133113351335133114351435153115351635173117351
63516311635163516311635173517311735173517311735173517311735173516311635153514311
190200140014001400150012001217132713271427142715371635163517311735173516311
53514351231123512351231123513351331133513351331133513351431143514351531153515351
53115351435133113351335133112351235123112351235123112351235123112351235123112351
23512311335143515311635163517311735173517311735173517311735163516311635163516311
222200100010001500150014001427142714271527152715271535153514311335123511311
23513351431153515351531163516351631163516351631163517351731173517351731173517351
73116351535153115351635163116351635163116351635163116351635163117351735173117351
73517311735173517311535133512311135113511311135113511311135123512311335143514311
240300120010001000100012001217121713271427152716271635163515311435123511311
13511351131123513351431153516351631163517351731173517351731173517351731173517351
73117351735163116351635163116351735173117351735163116351635173117351735173117351
73517311735173517311635163515311435133512311235123512311235123512311235123512311
255200120011001400120010001117112712271327142715271635163516311535143513311
23512351131113511351231133514351531163516351631163517351731173517351731173517351
73116351635163116351635173116351635153116351635173117351635163116351735173117351
73517311735173517311735173517311735173516311635153514311435133513311235123512311
260300140014001600160014001427152715271527152715271535153515311535143513311
33512351231113511351131123513351531153516351631163517351731173517351731173517351
73117351735163116351635163116351735173117351735173117351735173117351735173117351
73517311735173517311735173517311735163515311435133513311235133513311335133514311
280400120013001300140016001527152715271527152715271635163516311635173516311
53514351231123512351331133513351331133513351431153516351731173517351731173517351
73116351635153115351435143115351535153115351535153115351535163116351735173117351
73517311735173517311735173517311735173517311735173517311735173516311535133512311
299500160014001400140014001427142715271537153715371535163516311635163516311
53515351431143514351431143514351331133512351231133514351531153514351431143514351
33113351235123112351135113112351235123112351235123112351235123112351235123112351
23512311235123513311435153516311735173517311735173517311735173517311735173517311
434600140014001500140016001627152714271427132713271435143515311535153514311
33512351231123513351431153516351731173517351731173517351731183518351831173517351
73117351735163116351535153115351635163117351735173117351735173117351735173117351
73517311735173517311735163516311535153514311435143514311435143514311435143514311
460400140014001400160015001617171717271627152714371335133513311335143514311
53515351531153514351431143514351431153516351631173517351731173517351731183518351
73117351635153116351635163116351635163116351635163116351635173117351735173117351
73517311735173517311735173517311635163516311535143514311435143515311435143515311
481800160015001500140014001417132713271327132713271335143514311535153515311
63517351731163515351431143514351531153515351531163516351631163516351631163516351
63116351635163116351635163115351535153114351435133113351335133114351535153115351
53515311535163516311635173517311735173517311735173517311735173517311735173517311
497800180018001700170018001817172718271827182717271735163515311535163516311
63516351631163515351531153515351531153515351431133513351331123511351231123513351
43114351335123112351135113111351135113112351235123112351235113111351135113111351
13511311135113511311135123512311335153516311635173517311735173517311735173517311
510600160014001400160015001517152715271527163716371735173516311635153514311
33512351131123513351431153515351531153515351631163517351731173517351731173518351
73117351635163115351535153115351535153115351635163116351635153115351635163116351
73517311735173517311735163516311635153514311435133512311235123512311235133514311
579700170016001400110011001117112711271227123712271335123512311235113511311
23512351331133512351231113511351231123512351231123513351331133514351431143514351
43113351235113111351135113111351135113112351235123112351235123112351235123112351
23512311235123513311335143515311635163517311735173517311635163515311335123512311
588800180018001700140014001317122712171127112711271135113511311335143516311
63515351431143514351431133512351131123512351331123512351131113511351131113511351
23111351135113111351135113111351135113111351135113111351135113111351135123111351
13511311135113511311135113511311335153516311735173517311535143512311235113511311
621600160017001700170016001627162716271727172717271735173517311735173517311
63516351531153514351531153516351631163517351731173517351731183518351831183518351
83117351735173117351735173117351635163116351635163117351735173117351735173117351
73517311835183518311735173517311735173517311635153514311435143515311535163516311
630500160014001500150015001517152715271627172717371735173516311535143514311
43515351531143513351231123514351531153516351631163517351731183517351731173517351
73117351635163116351735173116351635163116351735173117351735173117351735173117351
73517311735173517311735173517311735163516311535143514311435153516311535153515311
643800180013001400160013001327132713271327132712371235123511311135113511311
13511351131113511351131113511351131113511351131123512351331133514351531153515351
43114351335133113351335133113351335133113351335133113351235123112351235123112351
23513311335143515311635163517311635153514311435143514311435143513311235123511311
645800180015001200140013001317132713271327132713271235123511311135113511311
13511351131113511351131113511351131103510351131123513351331143514351431143515351
43114351235113111351135123112351235113112351235123112351235123112351235113112351
23512311335133514311535153516311635163516311635163516311635153515311435123512311
650800180018001400100010001017102710271027102710371135113511311135113511311
13512351231123512351231123513351331133512351131113510351131113512351331143515351
53114351335123111351135113111351135113111351135113111351135113111351135113111351
13511311235133514311435143515311535163517311735173517311735163516311435123511311
675700170018001800160015001417122711271027112711271135113511311235133514311
43513351331143515351531143513351231113511351131113511351131113511351131113511351
13111351135113111351135113111351135113111351135113111351135113111351135113111351
13511311135113511311135113511311235143515311635163516311535143513311235123511311
690800180017001700180014001427152715271627162717371735173517311735163516311
63516351631163516351631163515351431133513351231123512351131113511351131113511351
13111351135113111351135113111351135113111351135113111351135113111351135113111351
13511311135113511311135113512311235133513311435143515311535153515311435143514311
747700120014001200110013001317132714271427142714371435143513311235123512311
23512351231123512351231123512351231123513351431153516351731173517351731173517351
73117351635153115351635163116351535153115351535153115351435143114351435143114351
43515311535153515311535143514311435143514311435133512311235123512311235123513311
