20150204081441
T2M TEDF  78  35 1
20150204082015020403
20150204082015020404
20150204082015020405
20150204082015020406
20150204082015020407
20150204082015020408
20150204082015020409
20150204082015020410
20150204082015020411
20150204082015020412
20150204082015020413
20150204082015020414
20150204082015020415
20150204082015020416
20150204082015020417
20150204082015020418
20150204082015020419
20150204082015020420
20150204082015020421
20150204082015020422
20150204082015020423
20150204082015020500
20150204082015020501
20150204082015020502
20150204082015020503
20150204082015020504
20150204082015020505
20150204082015020506
20150204082015020507
20150204082015020508
20150204082015020509
20150204082015020510
20150204082015020511
20150204082015020512
20150204082015020513
20150204082015020514
20150204082015020515
20150204082015020516
20150204082015020517
20150204082015020518
20150204082015020519
20150204082015020520
20150204082015020521
20150204082015020522
20150204082015020523
20150204082015020600
20150204082015020601
20150204082015020602
20150204082015020603
20150204082015020604
20150204082015020605
20150204082015020606
20150204082015020607
20150204082015020608
20150204082015020609
20150204082015020610
20150204082015020611
20150204082015020612
20150204082015020613
20150204082015020614
20150204082015020615
20150204082015020616
20150204082015020617
20150204082015020618
20150204082015020619
20150204082015020620
20150204082015020621
20150204082015020622
20150204082015020623
20150204082015020700
20150204082015020701
20150204082015020702
20150204082015020703
20150204082015020704
20150204082015020705
20150204082015020706
20150204082015020707
20150204082015020708
002  15   001  18   001  13   001  14   001  10   001  16   001  20   571
  27   771  34   771  40   771  43   871  43  1171  41  1271  39  1171  36  1071
  33   971  32  1071  32  1071  30  1171  27  1171  23  1171  18  1171  15  1171
  13  1171  11  1171   9  1171   7  1271   6  1271   5  1271   5  1171   9  1171
  16  1171  25  1171  31  1171  34  1171  34  1071  30  1071  24  1071  16  1071
  10  1071   5  1071   0  1171  -3  1171  -6  1171  -8  1171 -11  1171 -12  1171
 -12  1271 -12  1271 -12  1271 -13  1371 -13  1311 -13  1251 -12  1251  -9  1111
  -2  1151   5  1151  11  1111  13  1251  12  1251  10  1311   9  1351   9  1251
   8  1211   7  1251   5  1351   3  1311   1  1351  -2  1451  -3  1411  -3  1451
  -3  1451  -2  1411  -2  1451  -2  1551   0  1511   4  1451   9  1351
005   1   001  -2   001 -16   001 -13   001  -9   001 -14   001  -3   571
  11   771  23   871  33   971  39   871  41   971  39   971  31  1071  25  1071
  17  1171  13  1271  10  1271   8  1371   7  1271   6  1271   4  1171   0  1171
  -5  1071 -10  1071 -13  1071 -14  1071 -15  1071 -15  1171 -14  1271  -8  1271
   4  1271  16  1371  28  1371  33  1271  33  1271  29  1171  21  1171  13  1071
   4  1071  -4  1171  -8  1271 -11  1371 -12  1371 -13  1271 -14  1271 -16  1271
 -19  1371 -22  1371 -22  1371 -21  1271 -21  1271 -23  1351 -24  1451 -22  1511
 -14  1351  -3  1251   6  1011   9  1151   7  1351   4  1411   1  1351  -2  1351
  -5  1311  -8  1351 -10  1451 -11  1411 -11  1451 -10  1351 -10  1311 -12  1351
 -15  1451 -18  1411 -19  1551 -19  1551 -17  1611 -14  1751 -10  1751
015   1   001  -1   001   2   001   3   001  -2   001  -2   001   9   471
  22   671  34   771  44   971  51   971  54  1171  51  1271  41  1271  28  1271
  17  1271  10  1171   7  1271   4  1271   1  1271  -4  1371  -9  1371 -13  1271
 -18  1271 -24  1171 -29  1171 -33  1171 -35  1171 -34  1071 -30   971 -21   871
  -9  1071   4  1171  16  1371  23  1471  24  1471  20  1571  11  1571   2  1571
  -7  1571 -11  1571 -13  1471 -14  1471 -14  1471 -15  1471 -17  1471 -19  1471
 -23  1471 -25  1471 -26  1471 -27  1471 -28  1411 -29  1451 -28  1551 -25  1511
 -18  1551  -9  1451  -2  1311   2  1351   3  1451   2  1411  -1  1451  -4  1551
  -7  1511  -8  1551  -8  1451  -8  1411  -9  1451 -12  1451 -14  1411 -16  1451
 -17  1451 -19  1411 -21  1451 -22  1451 -22  1411 -19  1551 -14  1551
027 -12   001   0   001  14   001  16   001  13   001  12   001  13   871
  19   871  27   971  35   871  41   871  43   871  40   871  36   971  31   971
  27  1071  28  1171  28  1171  29  1271  28  1271  26  1471  25  1471  24  1471
  25  1571  25  1571  24  1471  22  1271  19  1171  16  1271  15  1271  17  1271
  23  1271  32  1171  39  1171  43  1171  44  1071  42   971  37  1071  30  1171
  25  1371  20  1471  18  1571  14  1571  11  1571   8  1671   5  1671   2  1771
  -1  1771  -2  1871  -2  1771  -1  1671  -1  1571  -2  1551  -2  1651   1  1611
   8  1451  16  1351  24  1011  29  1151  31  1151  30  1211  27  1251  22  1251
  18  1211  15  1351  14  1551  13  1611  12  1651  11  1751  10  1711   9  1851
   8  1851   6  1911   4  1851   2  1851   2  1711   4  1951   9  2051
070 -21   001  -6   001  -7   001  -3   001  -2   001  -2   001  -1   471
   6   871  15  1071  23  1271  30  1171  35  1271  32  1271  21  1271   7  1271
  -5  1371 -10  1271 -11  1271 -10  1271  -7  1271  -5  1271  -5  1371  -6  1371
  -8  1371 -10  1471 -12  1471 -13  1471 -14  1371 -15  1371 -15  1271 -11  1171
  -3  1271   6  1471  12  1671  15  1671  13  1571   8  1571  -1  1371 -10  1371
 -18  1371 -21  1371 -22  1371 -23  1571 -24  1571 -26  1471 -28  1571 -29  1671
 -30  1771 -32  1871 -35  1871 -37  1771 -38  1711 -36  1751 -32  1751 -25  1711
 -16  1651  -6  1751   1  1811   4  1651   3  1651   0  1611  -4  1551  -7  1551
 -11  1411 -14  1451 -17  1551 -20  1511 -22  1751 -24  1751 -25  1811 -26  1851
 -28  1951 -31  2011 -36  2051 -41  2051 -41  2011 -35  2051 -24  1951
110  31   001  35   001  36   001  25   001  37   001  41   001  43   571
  48   871  54   871  59   971  62   971  62   971  57   971  47  1071  38  1071
  31  1171  28  1171  29  1171  30  1171  30  1171  29  1071  28  1071  26  1171
  25  1171  25  1271  27  1271  30  1171  32  1171  33  1071  34   871  38   771
  45   871  54  1071  61  1171  64  1171  63  1071  58  1071  49  1171  39  1371
  32  1471  30  1471  31  1371  31  1371  30  1471  28  1471  26  1571  24  1571
  23  1671  23  1671  23  1671  22  1571  22  1571  22  1451  23  1451  27  1311
  36  1251  45  1051  53   911  56   951  54  1051  51  1211  48  1351  45  1351
  43  1411  41  1451  40  1451  39  1511  39  1551  39  1551  39  1611  39  1751
  39  1851  40  1911  41  1951  42  2051  42  2011  42  1951  42  1951
120  21   001  33   001  25   001  29   001  35   001  37   001  36   571
  38   871  41   971  43   971  44   971  44   971  41   971  36   971  31   971
  26   971  23   971  22  1071  22  1071  21  1071  20  1171  19  1171  18  1071
  18  1071  17   971  16   971  15   971  15   971  16   971  18  1071  23  1071
  29  1071  36   971  42   971  44   871  43   971  39   971  33   971  28   871
  22   871  19   971  17  1071  15  1171  13  1171  12  1271  11  1271  12  1271
  13  1171  14  1171  14  1171  14  1271  14  1271  14  1251  16  1351  19  1311
  24  1251  30  1251  35  1111  39  1251  42  1251  42  1311  40  1251  37  1251
  34  1111  32  1251  31  1251  31  1311  30  1351  30  1351  30  1311  31  1351
  31  1451  32  1411  32  1551  32  1551  32  1611  33  1751  35  1751
130  -8   001 -14   001 -12   001  -3   001  -2   001  10   001  20   671
  33   871  45   871  56   971  62   871  63  1071  59  1071  50  1071  40   971
  30   971  24  1071  21  1071  17  1171  14  1271  12  1471   9  1571   7  1571
   6  1471   6  1471   6  1471   6  1371   6  1371   5  1471   6  1471  12  1471
  24  1471  38  1371  49  1371  54  1371  53  1271  48  1271  40  1171  29  1171
  22  1071  18  1171  16  1271  13  1471   8  1571   2  1771  -3  1871  -6  1871
  -8  1871  -8  1871  -7  1871  -7  1971  -8  1971 -10  2051 -12  2351  -8  2411
   3  2151  17  1951  29  1511  35  1551  36  1651  33  1611  28  1651  23  1451
  18  1311  15  1551  13  1551  11  1811   8  1851   4  1951   1  2011  -1  2051
  -3  2151  -4  2111  -6  2151  -7  2251  -8  2211  -7  2451  -3  2751
145 -11   001  -5   001  -4   001  -7   001 -10   001  -7   001  -4   471
   3   871  11   971  21  1171  29  1071  33  1171  33  1171  26  1171  17  1171
   8  1171   4  1271   3  1371   3  1471   2  1371   0  1271  -1  1171  -1  1271
   0  1271  -1  1371  -4  1371  -7  1271 -11  1271 -13  1271 -14  1271 -11  1271
  -5  1371   4  1471  12  1571  19  1571  24  1371  23  1371  16  1371   5  1271
  -4  1371  -8  1371 -10  1371 -10  1371 -12  1371 -15  1371 -17  1371 -19  1471
 -20  1571 -21  1671 -23  1571 -26  1571 -29  1411 -31  1451 -31  1551 -28  1511
 -21  1651 -12  1651  -4  1711   0  1751   1  1751   0  1711  -1  1651  -3  1451
  -5  1311  -7  1451 -10  1451 -12  1511 -14  1551 -15  1551 -16  1511 -18  1651
 -20  1651 -22  1711 -24  1751 -26  1751 -26  1711 -23  1751 -18  1751
149  -5   001  -7   001   0   001  -6   001  -1   001  -1   001  -1   471
   5   771  15   871  24  1071  30  1071  34  1171  33  1171  27  1271  17  1271
  10  1371   4  1471   1  1471  -1  1671  -4  1671  -5  1471  -6  1471  -8  1471
 -10  1471 -11  1471 -11  1371 -11  1271 -12  1171 -14  1071 -15  1071 -13   971
  -6  1071   3  1171  13  1371  20  1371  23  1371  22  1371  16  1371   8  1371
   0  1371  -4  1371  -7  1371  -9  1471 -11  1571 -15  1571 -18  1671 -20  1671
 -19  1671 -20  1671 -21  1671 -23  1571 -24  1571 -25  1551 -24  1451 -20  1411
 -12  1551  -3  1651   4  1711   7  1751   8  1751   7  1711   6  1651   5  1651
   3  1511   0  1551  -3  1651  -7  1611 -10  1751 -13  1751 -15  1811 -16  1851
 -17  1851 -18  1811 -20  1851 -23  1851 -23  1811 -20  1751 -15  1751
156   9   001   7   001   5   001   4   001   3   001   4   001  10   471
  17   771  26   871  34   971  40   971  44  1171  43  1171  38  1171  32  1271
  25  1271  21  1271  18  1371  17  1371  15  1271  13  1271  11  1171  10  1171
   9  1271   8  1271   8  1271   7  1271   6  1271   5  1271   5  1171   7  1171
  11  1271  17  1271  24  1371  30  1371  34  1371  33  1371  26  1371  17  1371
   8  1371   4  1471   3  1371   2  1371  -2  1371  -6  1471 -11  1471 -12  1471
 -11  1571 -11  1571 -12  1571 -14  1671 -16  1671 -17  1651 -16  1551 -12  1511
  -6  1551   1  1551   7  1611  10  1751  12  1751  12  1711  12  1651  11  1651
  10  1511   8  1551   6  1451   4  1411   1  1451  -1  1551  -3  1511  -5  1551
  -6  1551  -8  1511 -10  1651 -12  1751 -12  1811  -8  1751  -2  1751
168 -13   001 -13   001 -19   001 -16   001 -19   001 -18   001 -10   471
  -5   771   0   971   5  1071  10  1071  13  1371  13  1371   8  1371   2  1371
  -5  1371  -6  1471  -6  1371  -7  1371 -10  1371 -13  1471 -16  1471 -15  1471
 -14  1571 -13  1571 -12  1571 -11  1671 -10  1671  -9  1471  -6  1371  -4  1171
   1  1371   5  1571  10  1771  13  1671  14  1651  11  1511   4  1651  -5  1651
 -11  1711 -13  1751 -12  1651 -11  1511 -12  1551 -14  1551 -16  1511 -17  1651
 -17  1851 -18  1911 -21  1951 -24  2051 -26  2011 -26  1951 -23  1751 -17  1611
  -9  1751   0  1851   6  1911   9  1951   8  1851   5  1811   1  1851  -2  1751
  -4  1711  -4  1851  -3  1851  -3  1911  -5  1951  -8  2051 -12  2011 -15  2151
 -17  2251 -20  2311 -24  2451 -26  2451 -26  2511 -21  2351 -13  2251
180 -27   001 -34   001 -35   001 -42   001 -27   001 -21   001 -19   571
 -14   771  -7  1071  -2  1171   3  1171   5  1071   4  1071   0  1071  -7  1271
 -13  1271 -20  1271 -24  1371 -27  1371 -29  1271 -29  1371 -30  1371 -30  1371
 -30  1371 -31  1371 -33  1371 -34  1271 -35  1271 -34  1271 -32  1271 -27  1271
 -20  1371 -13  1471  -7  1671  -5  1471  -5  1371  -7  1271 -10  1271 -14  1171
 -17  1171 -19  1171 -20  1171 -21  1171 -21  1271 -21  1371 -21  1471 -22  1471
 -24  1471 -26  1471 -27  1471 -27  1571 -27  1511 -26  1551 -23  1651 -19  1611
 -12  1551  -5  1651   0  1611   1  1551   0  1551  -2  1411  -4  1451  -5  1451
  -7  1411 -10  1451 -14  1551 -17  1511 -19  1751 -21  1851 -22  1911 -23  1951
 -24  1851 -26  1811 -29  1951 -31  1951 -31  2011 -28  2051 -23  1951
190 -20   001 -18   001 -21   001 -22   001 -25   001 -18   001 -11   971
  -4  1071   2  1371   9  1471  14  1471  15  1571  12  1571   5  1571  -2  1571
  -8  1471 -11  1571 -11  1671 -10  1771 -10  1671 -13  1471 -15  1371 -16  1271
 -16  1271 -17  1171 -19  1171 -22  1171 -24  1171 -24  1271 -21  1171 -17  1171
 -11  1471  -6  1771   0  1871   4  1971   5  1971   4  1971   1  1671  -4  1571
  -7  1471  -9  1571  -9  1471  -8  1571  -8  1471  -9  1471 -11  1371 -13  1371
 -15  1271 -17  1271 -18  1271 -19  1371 -19  1311 -19  1351 -18  1351 -14  1311
  -6  1351   3  1451  10  1511  12  1551  10  1551   7  1511   6  1451   5  1451
   4  1311   2  1451  -2  1651  -5  1711  -8  1751 -10  1751 -12  1711 -14  1751
 -16  1651 -19  1611 -22  1751 -25  1751 -27  1811 -26  1751 -22  1651
222   6   001   7   001   6   001   6   001   2   001   3   001  10   871
  21  1071  31  1071  42  1071  50   971  54  1071  53  1171  46  1171  38  1071
  29  1071  22  1171  18  1271  13  1371   8  1471   2  1671  -1  1771  -3  1671
  -4  1571  -4  1471  -4  1571  -5  1571  -5  1671  -5  1571  -2  1671   5  1571
  16  1471  31  1471  43  1471  51  1471  54  1471  51  1471  43  1271  33  1171
  23  1171  16  1271  11  1471   6  1571   1  1771  -4  1971  -7  2171  -9  2071
 -11  1971 -12  1871 -14  1971 -17  2171 -19  2211 -19  2251 -17  2251 -11  2211
  -2  2051   9  1751  19  1411  26  1451  29  1451  29  1411  25  1551  19  1551
  13  1511   9  1651   5  1851   2  1911  -2  2151  -6  2251  -9  2411 -11  2451
 -13  2351 -14  2311 -15  2551 -15  2651 -15  2811 -14  2951 -10  2951
240   2   001   4   001   6   001   6   001   5   001   6   001   9   371
  13   671  19   871  25   971  30   971  34  1271  34  1271  31  1171  24  1071
  18   971  13  1071   9  1071   5  1171   2  1171  -1  1171  -3  1171  -4  1171
  -6  1271  -7  1271  -8  1271  -9  1371 -11  1371 -13  1271 -15  1371 -13  1271
  -7  1271   3  1471  12  1571  19  1571  24  1571  24  1571  20  1371  15  1171
   8  1171   4  1171   0  1271  -3  1271  -7  1371 -11  1371 -14  1471 -16  1571
 -16  1571 -17  1671 -20  1671 -23  1771 -26  1771 -28  1751 -27  1751 -24  1711
 -17  1751  -9  1751  -2  1711   3  1751   6  1651   7  1511   7  1451   6  1251
   4  1211   2  1351  -1  1451  -4  1511  -7  1651 -10  1551 -12  1611 -14  1751
 -16  1851 -18  1911 -21  2051 -23  2151 -25  2211 -24  2251 -21  2151
255   0   001  -2   001  -3   001  -4   001  -3   001  -2   001   0   571
   4   971   9  1171  14  1271  19  1171  23  1471  24  1371  21  1371  17  1471
  10  1471   4  1471   1  1471  -3  1571  -4  1471  -7  1371  -8  1271 -10  1271
 -12  1371 -15  1371 -15  1371 -14  1471 -13  1471 -13  1471 -13  1471 -12  1371
 -10  1571  -6  1771  -1  1971   6  1871  12  1871  14  1771  11  1771   4  1671
  -2  1671  -6  1671  -8  1671 -10  1771 -12  1771 -14  1571 -16  1571 -18  1671
 -19  1671 -20  1771 -21  1771 -21  1771 -22  1711 -23  1851 -23  1751 -21  1811
 -17  1851 -11  1951  -5  2011   0  1951   4  1751   6  1611   7  1651   6  1851
   5  1811   3  1851   0  1851  -3  1811  -5  1951  -7  2051  -9  2111 -10  2251
 -12  2251 -14  2311 -17  2351 -21  2351 -22  2311 -20  2351 -16  2251
260  -7   001  -8   001  -7   001  -6   001  -8   001  -5   001  -1   471
   3  1071   6  1171  10  1471  13  1271  15  1471  14  1371  12  1371   8  1471
   4  1471   2  1571  -1  1671  -3  1771  -6  1771  -9  1771 -10  1771 -13  1771
 -13  1671 -14  1671 -14  1571 -14  1571 -14  1471 -13  1471 -11  1471  -8  1471
  -3  1671   1  1871   7  2071  12  1971  15  1771  14  1671   8  1671  -1  1571
  -9  1571 -13  1771 -15  1971 -16  2171 -18  2071 -20  1971 -21  1971 -21  1971
 -21  1871 -21  1871 -21  1871 -21  1871 -22  1811 -23  1951 -24  1951 -21  1911
 -14  2051  -5  2051   2  2011   5  1951   4  1851   3  1711   2  1851   1  1851
   0  2011  -2  2251  -5  2351  -8  2511 -11  2551 -13  2551 -15  2511 -16  2551
 -17  2451 -19  2411 -22  2451 -25  2351 -26  2311 -24  2251 -18  2251
280 -15   001 -18   001 -19   001 -23   001 -22   001 -18   001  -9   471
  -1   971   6  1171  11  1471  13  1471  13  1571  10  1571   6  1471   2  1271
  -1  1171  -4  1171  -5  1271  -7  1271  -9  1371 -11  1271 -13  1371 -13  1371
 -14  1471 -16  1471 -19  1471 -23  1371 -25  1371 -24  1471 -20  1371 -15  1371
  -8  1571  -2  1771   2  1971   4  2071   4  2071   2  2071  -3  1771  -8  1571
 -11  1471 -13  1471 -13  1371 -13  1271 -14  1371 -15  1371 -16  1471 -16  1571
 -16  1571 -16  1671 -16  1671 -16  1771 -16  1771 -15  1651 -13  1551  -9  1411
  -4  1551   2  1651   6  1711   8  1751   8  1751   7  1811   6  1751   5  1751
   4  1511   2  1551   0  1451  -2  1511  -4  1651  -7  1751  -8  1811  -9  1851
 -10  1851 -12  1811 -17  1851 -21  1951 -24  1911 -23  1951 -17  1851
299 -34   001 -40   001 -42   001 -48   001 -39   001 -33   001 -24   971
 -14  1271  -6  1471   0  1471   4  1471   4  1471   2  1471   0  1671  -3  1671
  -5  1671  -4  1571  -4  1571  -6  1571  -9  1571 -13  1571 -16  1571 -18  1571
 -20  1671 -21  1671 -23  1671 -24  1571 -25  1571 -24  1571 -22  1571 -18  1471
 -13  1571  -9  1571  -6  1771  -5  1771  -5  1871  -6  1971  -6  2071  -7  1771
  -7  1771  -6  1771  -6  1671  -6  1771  -8  1671 -10  1671 -12  1571 -15  1671
 -17  1771 -18  1871 -18  1871 -16  1971 -15  1911 -14  1751 -13  1651 -10  1411
  -5  1351   1  1451   6  1411   8  1551   8  1651   7  1711   6  1751   4  1751
   3  1711   2  1751   0  1651  -2  1611  -5  1751  -8  1951 -12  2011 -16  2051
 -19  2051 -23  2011 -27  2051 -30  2151 -31  2111 -29  1951 -25  1851
434 -20   001 -20   001 -17   001 -19   001 -21   001 -20   001 -14   471
  -9   671  -5   871  -2   971   1   971   2   971   0  1071  -4   971  -9   971
 -12   871 -15   971 -17  1071 -18  1271 -20  1171 -19  1071 -21  1071 -22  1071
 -23  1171 -23  1171 -23  1171 -23  1271 -23  1271 -22  1371 -21  1271 -19  1271
 -17  1271 -13  1271 -11  1271  -9  1371  -8  1171  -8  1171 -10  1071 -15  1071
 -18   971 -20  1171 -23  1271 -25  1271 -27  1271 -29  1171 -31  1171 -33  1171
 -34  1271 -34  1271 -35  1371 -36  1371 -38  1471 -40  1551 -42  1551 -41  1611
 -37  1751 -31  1751 -24  1611 -18  1751 -14  1551 -12  1411 -11  1351 -11  1351
 -12  1211 -13  1351 -13  1351 -15  1411 -18  1451 -21  1251 -23  1211 -24  1251
 -25  1351 -27  1311 -30  1451 -33  1551 -35  1611 -34  1651 -29  1651
460 -12   001 -10   001 -10   001 -14   001 -15   001 -14   001  -8   471
  -1   871   4  1071   8  1271  10  1171   9  1271   5  1171  -1  1371  -5  1471
  -7  1671  -8  1671  -7  1771  -7  1771  -9  1871 -12  1871 -15  1971 -17  1971
 -19  1971 -22  1971 -27  1771 -31  1671 -33  1471 -30  1471 -24  1371 -16  1371
  -8  1471  -3  1471   1  1571   3  1571   2  1371  -1  1271  -5  1471 -10  1471
 -14  1671 -15  1771 -17  2071 -18  2171 -20  2171 -21  2171 -23  2171 -24  2171
 -24  2271 -25  2271 -26  2171 -27  1971 -28  1811 -29  1751 -28  1751 -24  1611
 -16  1751  -7  1851  -1  1811   1  1751  -1  1651  -3  1511  -3  1651  -2  1851
  -1  1811  -1  1951  -2  2251  -4  2311  -5  2451  -7  2651  -8  2711 -10  2751
 -11  2651 -14  2611 -17  2551 -20  2351 -22  2211 -22  2151 -19  2151
481  -3   001  -2   001  -3   001  -6   001  -7   001  -8   001  -1   471
   7  1071  13  1371  19  1771  23  1671  24  1871  22  1871  17  1671   9  1571
   3  1371   0  1471  -2  1571  -3  1571  -4  1571  -6  1471  -8  1471 -10  1571
 -12  1671 -14  1771 -14  1671 -14  1671 -14  1571 -14  1571 -14  1571 -13  1471
  -9  1771  -5  1871   0  2171   3  2071   4  1971   2  1871  -2  1671  -9  1571
 -13  1471 -14  1571 -13  1571 -11  1571 -12  1671 -14  1671 -16  1671 -17  1771
 -16  1771 -15  1871 -12  1771  -9  1671  -8  1511 -10  1651 -12  1551 -11  1611
  -6  1751   1  1851   8  1911  11  1951  12  2051  10  2011   7  1951   4  1751
   2  1511   2  1651   2  1551   1  1511  -2  1551  -6  1751  -9  1711 -10  1851
 -11  1851 -12  1911 -15  1951 -17  1851 -19  1811 -18  1851 -14  1951
497 -53   001 -54   001 -50   001 -43   001 -46   001 -42   001 -30  1171
 -15  1671  -2  1971   9  2171  13  2071   8  1871  -2  1771 -10  1571 -17  1571
 -22  1571 -27  1671 -30  1771 -32  1871 -32  1971 -32  2171 -31  2271 -31  2071
 -33  1971 -34  1771 -35  1871 -37  1871 -39  1971 -43  2071 -44  1971 -41  1971
 -31  2171 -20  2371 -10  2471  -6  2371  -9  2271 -15  1971 -22  1871 -30  1871
 -35  1771 -38  1871 -39  2071 -39  2171 -39  2271 -38  2371 -38  2371 -38  2271
 -40  2071 -42  1971 -45  1971 -49  2071 -51  2071 -50  2251 -47  2451 -39  2611
 -27  2651 -14  2551  -4  2511   1  2351   0  2151  -5  2011 -13  1851 -22  1851
 -28  1711 -30  1851 -30  2051 -29  2111 -30  2251 -32  2251 -34  2311 -35  2251
 -36  2151 -38  2011 -42  2051 -47  2051 -49  2011 -47  2151 -39  2251
510  -5   001  -9   001 -10   001  -4   001   1   001   4   001  11   671
  20   871  31  1071  41  1071  49   971  54  1371  53  1371  46  1271  34  1271
  26  1171  21  1171  20  1171  18  1171  16  1271  13  1271  10  1371   7  1471
   4  1471   1  1571  -2  1571  -5  1571  -5  1571  -2  1571   3  1471  10  1571
  18  1571  27  1571  37  1671  47  1671  53  1571  53  1571  43  1471  29  1471
  16  1371   9  1371   5  1471   3  1471  -1  1471  -6  1571 -10  1571 -13  1571
 -14  1671 -15  1671 -15  1671 -16  1571 -18  1511 -21  1651 -23  1751 -21  1711
 -14  1751  -4  1851   7  1711  15  1851  20  1951  20  2011  16  1851  11  1651
   6  1411   5  1551   5  1451   4  1411   1  1651  -4  1751  -8  1811 -11  1951
 -13  2051 -14  2111 -16  2151 -17  2151 -18  2111 -18  2151 -15  2051
579   9   001  11   001  12   001  11   001  12   001  14   001  20   671
  27  1171  34  1171  39  1071  42   971  41  1071  38  1071  35  1171  32  1271
  29  1371  25  1471  21  1671  17  1771  11  1871   6  1871   3  1971   2  2071
   2  2171   1  2271   0  2271  -2  2271  -3  2271  -2  2271   2  2071   7  1971
  15  1771  23  1571  28  1371  32  1271  32  1171  30   971  26  1071  21  1271
  17  1471  14  1571  12  1671   9  1671   6  1771   1  1971  -2  2071  -4  2171
  -4  2371  -4  2471  -3  2471  -3  2371  -2  2311  -2  2251   0  2151   5  2011
  14  1851  25  1651  33  1411  36  1451  35  1351  31  1311  26  1351  21  1451
  17  1411  14  1651  13  1751  11  1811   9  1951   7  1951   6  2011   6  2151
   6  2251   6  2311   5  2251   5  2251   5  2111   8  2051  13  2051
588  -3   001  -4   001  -5   001  -4   001  -1   001   3   001  11   871
  18  1271  27  1371  34  1571  41  1571  49  1871  54  1971  52  1971  45  1971
  36  1971  29  1971  22  1871  16  1871  13  2271  12  2571  11  2971  10  2771
   9  2571   8  2371   7  2371   6  2371   6  2371   6  2371   8  2371  11  2271
  16  2271  23  1971  28  1871  32  1871  34  1771  34  1671  32  1871  30  2071
  27  2271  23  2171  19  2071  15  1971  12  2271  10  2571   6  2871   1  2771
  -4  2571  -7  2471  -7  2371  -5  2371  -4  2211  -4  2251  -3  2251   2  2211
  12  2151  26  1951  39  1811  48  1851  53  1751  51  1711  44  1951  33  2151
  24  2311  18  2251  16  2151  14  2011  12  2351   9  2551   6  2811   4  2751
   2  2551   0  2411  -1  2351  -2  2251  -2  2111  -1  2051   1  2051
621 -35   001 -49   001 -39   001 -47   001 -51   001 -30   001 -22   771
 -13  1171  -3  1371   6  1471  12  1571  12  1571   8  1771   4  1571   0  1471
  -2  1471  -2  1571  -1  1571  -3  1671  -8  1771 -15  1771 -22  1771 -25  1771
 -27  1771 -27  1771 -29  1771 -31  1771 -32  1771 -31  1871 -27  2071 -20  2171
  -9  2271   3  2071  14  2071  21  2071  24  1871  20  1871   9  1771  -2  1771
 -12  1771 -15  1671 -15  1571 -15  1571 -19  1671 -24  1871 -30  1971 -34  1971
 -36  1871 -38  1871 -40  1871 -42  1971 -44  1911 -44  1951 -42  2151 -36  2111
 -25  2151 -14  2151  -5  2111  -3  2251  -5  2151 -10  2211 -15  2151 -20  2051
 -23  1911 -24  1851 -24  1751 -25  1711 -28  1851 -31  2151 -35  2211 -38  2251
 -40  2151 -42  2111 -43  2251 -44  2351 -43  2411 -40  2351 -34  2251
630 -30   001 -35   001 -36   001 -30   001 -29   001 -30   001 -18   371
  -5   771   5  1271  13  1371  19  1271  21  1571  21  1571  19  1471  16  1371
  13  1371  10  1471  10  1471   7  1671   4  1571   1  1571  -2  1471  -5  1371
  -8  1271 -10  1171 -12  1171 -13  1271 -13  1271 -10  1271  -6  1271   0  1271
   7  1571  12  2071  18  2171  21  2071  22  1971  20  1811  15  1851   8  1751
   2  1711  -3  1851  -7  1951 -10  2011 -13  1951 -16  1851 -19  1711 -21  1651
 -21  1651 -21  1511 -19  1551 -18  1651 -19  1611 -23  1751 -26  1851 -25  1811
 -17  2151  -6  2151   3  2311   6  2351   5  2351   2  2211  -1  2351  -4  2151
  -7  2011 -10  2151 -12  2151 -14  2211 -16  2151 -18  2051 -19  1911 -20  1951
 -21  1851 -21  1811 -21  1851 -21  1951 -22  1911 -23  1951 -22  1851
643  -3   001  -6   001  -5   001  -3   001  -2   001   1   001  13   671
  27   871  39   971  49  1071  55  1071  58  1271  57  1271  51  1271  45  1271
  41  1271  37  1371  37  1471  35  1571  30  1571  25  1571  21  1571  20  1671
  22  1871  22  1971  20  1971  17  1971  17  1971  21  1871  29  1671  39  1671
  49  1571  60  1571  68  1371  72  1371  72  1371  68  1371  59  1471  48  1471
  40  1571  35  1671  33  1671  30  1771  25  1771  18  1671  14  1671  12  1871
  13  1971  13  2171  10  2171   6  2171   4  2111   7  2151  14  2051  25  2011
  37  1951  49  1851  59  1611  64  1751  65  1651  61  1711  53  1651  42  1751
  33  1611  27  1651  23  1651  20  1611  16  1751  13  1851  11  1811  12  1951
  14  2151  16  2211  15  2251  14  2251  14  2211  18  2151  25  2051
645  11   001  12   001  17   001  18   001  14   001  22   001  31   471
  38   871  44  1071  49  1071  51  1171  50  1271  46  1271  39  1371  33  1571
  28  1671  23  1671  20  1571  18  1471  15  1671  13  1671  10  1771   9  1671
   9  1671   9  1571   8  1471   7  1471   7  1371   9  1371  14  1471  21  1471
  31  1471  41  1371  49  1371  52  1371  50  1251  46  1211  39  1451  32  1551
  24  1711  18  1851  13  1751   9  1611   6  1651   4  1751   3  1711   2  1751
   1  1651   0  1611  -1  1551  -1  1551  -1  1411   1  1551   6  1551  14  1611
  26  1651  40  1551  50  1511  54  1451  53  1551  47  1511  37  1651  27  1551
  18  1611  13  1751  11  1651  10  1611   9  1851   8  1851   7  1911   7  1951
   8  1951   9  1911   9  1951   9  1951  11  1911  15  1851  22  1751
650  23   001  26   001  26   001  27   001  27   001  26   001  35   771
  44   871  51  1171  57  1371  61  1271  63  1171  61  1071  56  1071  50  1071
  45  1071  42  1171  39  1271  36  1371  33  1471  29  1571  26  1671  24  1771
  22  1771  20  1871  20  1871  20  1971  19  1911  18  1651  17  1351  19  1011
  24  1151  32  1251  38  1311  42  1251  43  1251  41  1111  37  1151  32  1051
  28  1011  25  1251  22  1451  20  1511  17  1551  14  1651  11  1611   8  1751
   4  1851   1  1911  -2  2051  -3  2151  -2  2211   2  2051   9  1851  17  1711
  25  1551  32  1551  39  1411  44  1251  47  1351  47  1111  43  1151  36  1251
  30  1211  26  1451  24  1651  23  1811  23  1851  22  2051  22  2011  22  2151
  21  2151  21  2211  21  2351  22  2551  24  2611  27  2451  31  2151
675  21   001  21   001  14   001  23   001  22   001  22   001  36  1271
  51  1771  65  1771  77  1571  86  1471  91  1471  93  1271  89  1371  84  1571
  79  1671  75  1771  72  1971  68  2071  60  2371  53  2671  48  2971  47  2971
  46  2971  46  2971  43  2971  39  2971  36  2971  37  2771  40  2771  44  2571
  50  2371  55  2271  61  2071  68  1771  72  1571  74  1371  71  1471  66  1671
  59  1771  53  1971  47  2271  40  2471  32  2671  24  2871  20  3071  18  3071
  18  3071  16  3071  11  3071   5  3171   2  3111   5  2951  15  2851  29  2611
  46  2451  65  2151  80  1911  90  1851  94  1651  92  1511  83  1651  72  1851
  62  1911  56  2151  53  2351  51  2511  47  2751  42  2851  38  3011  36  3051
  35  3151  35  3111  35  3151  35  3251  35  3211  36  3151  38  2951
690  76   001  67   001  61   001  57   001  71   001  72   001  81   771
  88   971  96   971 104  1071 110   971 114  1071 113  1171 107  1271  98  1371
  92  1471  89  1571  88  1571  89  1671  87  1571  82  1471  79  1371  77  1371
  76  1471  76  1471  77  1371  78  1371  78  1271  77  1471  75  1571  77  1771
  83  1771  92  1871 101  1771 109  1671 113  1471 113  1371 107  1471  99  1471
  90  1571  85  1671  81  1771  77  1871  73  1671  68  1571  63  1471  57  1471
  52  1471  50  1471  51  1471  54  1471  56  1411  56  1551  57  1751  61  1811
  71  1851  85  2051  97  2111 104  1951 105  1651 101  1511  92  1451  81  1551
  72  1511  69  1751  69  1751  69  1811  67  1751  62  1651  58  1511  55  1551
  53  1451  53  1411  54  1451  55  1551  57  1511  59  1651  63  1651
747  24   001  27   001  31   001  34   001  33   001  35   001  40   571
  41   871  41   971  41  1171  40  1271  38  1471  36  1571  35  1671  36  1671
  37  1771  39  1771  40  1871  40  1771  38  1771  34  1871  31  1871  28  1871
  26  1771  23  1771  19  1871  16  1871  15  1971  18  1971  23  1771  29  1671
  36  1671  41  1671  42  1671  41  1671  38  1671  35  1771  35  1771  34  1871
  34  1871  31  1971  28  2171  24  2171  20  2171  17  2271  15  2271  15  2271
  16  2171  16  2171  14  2171  11  2271   9  2211   9  2251  11  2151  16  2011
  24  2051  32  1951  38  1911  40  2051  38  2051  34  2011  30  2051  26  1951
  22  1911  19  2051  16  2051  13  2111  11  2251   9  2351   9  2411  10  2351
  11  2351  12  2211  12  2251  12  2151  12  2111  13  2151  17  2051
NT  TEDF  78  35 1
20150204082015020403
20150204082015020404
20150204082015020405
20150204082015020406
20150204082015020407
20150204082015020408
20150204082015020409
20150204082015020410
20150204082015020411
20150204082015020412
20150204082015020413
20150204082015020414
20150204082015020415
20150204082015020416
20150204082015020417
20150204082015020418
20150204082015020419
20150204082015020420
20150204082015020421
20150204082015020422
20150204082015020423
20150204082015020500
20150204082015020501
20150204082015020502
20150204082015020503
20150204082015020504
20150204082015020505
20150204082015020506
20150204082015020507
20150204082015020508
20150204082015020509
20150204082015020510
20150204082015020511
20150204082015020512
20150204082015020513
20150204082015020514
20150204082015020515
20150204082015020516
20150204082015020517
20150204082015020518
20150204082015020519
20150204082015020520
20150204082015020521
20150204082015020522
20150204082015020523
20150204082015020600
20150204082015020601
20150204082015020602
20150204082015020603
20150204082015020604
20150204082015020605
20150204082015020606
20150204082015020607
20150204082015020608
20150204082015020609
20150204082015020610
20150204082015020611
20150204082015020612
20150204082015020613
20150204082015020614
20150204082015020615
20150204082015020616
20150204082015020617
20150204082015020618
20150204082015020619
20150204082015020620
20150204082015020621
20150204082015020622
20150204082015020623
20150204082015020700
20150204082015020701
20150204082015020702
20150204082015020703
20150204082015020704
20150204082015020705
20150204082015020706
20150204082015020707
20150204082015020708
002200150015001300160013001317131713271327132713371331133513351331133512351
23112351335133113351335143115351635173116351535143113351335133113351435143113351
33512311235123512311235123512311235123512311235123512311235123512311235133512311
23512351231113511351131113511351131113511351131113511351131113511351131123512351
005000120014001600140010001117121712271327142714371531143513351231113512351
23112351235113111351135123113351435153114351335133114351535153114351335123111351
13512311235123512311335133514311435133512311235133513311435153515311635163516311
43513351231113511351131113511351131113512351231123511351131113511351131113511351
015400130015001300110011001117111712271227122713271331133512351231113511351
13111351135113111351135113111351135113112351335143115351635163116351535143114351
43514311535153515311535153514311435143514311435143514311535153516311635153514311
43513351231113511351131113511351131123512351231123511351131113511351131113511351
027200120015001400140012001317141715271627162716371631143513351231123512351
23112351235123112351235133113351335133113351335143115351635163117351635163115351
33512311235123512311235123512311235123512311235123512311235123512311235113511311
13511351131113511351131113512351231123512351131113511351131113511351131113511351
070100110012001300140011001117111711271227122713371331133513351331123512351
23112351235133114351535153115351435133112351235113112351335133113351335123112351
23512311235123512311235123512311235123512311135113511311135113511311135113511311
13511351131113511351131113511351131113511351131113511351131113511351131113511351
110300120014001500150014001417142713271327122712371231123512351131113511351
13111351235123111351135113111351235123112351235123112351235123112351235123111351
13512311235133514311435143514311435133512311135113511311235123513311235123512311
23512351331123512351131113511351131123512351231123511351131113511351131113511351
120400150015001500160015001527142714271427142713271331133513351231123512351
23112351235123112351235123112351235123112351235133113351435153115351535153115351
43514311435133513311335133513311235123512311235133513311335133512311235123512311
23512351231123512351231123511351131113512351231123512351231123511351131123512351
130100100012001200130015001427142715271527162716371631153513351131113511351
13112351235123112351235113111351135113112351335143115351535153115351535153115351
43514311335123512311235113511311235123512311235123512311235113511311135113511311
13511351131113511351131113511351131123512351231123512351131113511351131113511351
145300140014001200100010001017112711271227122712371331123512351231113511351
13111351135113112351235133113351335143114351335133112351135123114351635173116351
43512311135113512311235123512311335133514311435143513311335123511311135113511311
13511351131113511351231113511351131113511351131113511351131113511351131113511351
149200140014001200120011001117121713271327132713371331133512351231123511351
13111351135123112351335143114351535153114351435133112351135123114351635173116351
43512311135113512311235123512311235133513311335133513311235123511311135113511311
13511351131113511351131113511351131113511351131113511351131113511351131113511351
156300140014001200120010001017111712271227122713371331133512351231123511351
13111351135113112351335143114351535153114351435133112351135123114351635173116351
43512311135113512311235123512311235133513311335133513311235123511311135113511311
13511351131113511351131113511351131113511351131113511351131113511351131113511351
168400140013001400110012001207131713171427142714271531143513351331133513351
43115351535163115351535153115351635163115351335123112351235123112351235123111351
23512311335143515311535153514311435133513311335123512311235113511311135123512311
23512351131113511351231113511351131113511351131113511351131113511351131113511351
180200120012001500160016001627162716271527142713371231133514351531153516351
53115351435143114351435153115351535163115351535153116351635173116351635163116351
63516311735173517311635153514311335123512311335143514311435133512311235123512311
23511351131113511351131113511351131113511351131113511351131113511351131113511351
190000100010001200160012001317132714271427152715371531143514351431153515351
63116351535153115351635163117351635163116351635163116351635163116351635163116351
63517311735173516311535153514311435143514311435133512311235123512311235123512311
13511351131113512351231123512351231123512351231113511351131113511351231123512351
222500170017001700150017001617152714271427153715371531153514351331123511351
13111351135113111351135113111351135113111351135113112351335143115351535153114351
33512311135113512311135113512311235133514311335123512311135113511311135113511311
13511351131113511351131113511351131123512351231123512351131113512351231123511351
240800180018001800170017001717161716271527142713371331123512351231113511351
13111351235123112351235123111351135113112351235133113351335133112351235123112351
33513311335123512311235133514311435143514311435143514311435143514311435143513311
33513351231123512351231123511351131113511351131113511351131113511351131113511351
255600160017001600160015001517151715171527152716371631163516351531153514351
33112351235133113351435143115351535153116351635163116351635153114351335123112351
13512311335143516311635163516311635163516311635163515311535143514311435153516311
63516351531143513351231113511351131123512351231123511351131113511351131113511351
260500170017001600170017001717162716271627162717371731173517351631153514351
33113351435153114351435133112351235123113351435153114351335133112351235123112351
23513311435153516311735163516311635163516311735173516311635163516311635173517311
63514351331123512351231123511351131113512351231123512351231123512351231113511351
280400150015001400160016001617172717271727172717371731173517351731173517351
63115351435143114351535153114351335123112351235133114351435153116351635163116351
63516311735173517311535143513311235123513311335123512311235123513311335133513311
33513351331133512351231123511351131113511351131113511351131113511351131113512351
299300150015001600170017001717172717271727172717271731173517351731173517351
73116351635163116351735173117351735173117351735173117351735173117351735173117351
73517311635163515311535143515311535163516311635153515311535163517311735173517311
63516351631163515351531153515351531143513351231123512351231113511351231133514351
434500150016001500160016001617161717271727162716371631153514351331133513351
33114351435143114351535153115351535163116351735173117351735173117351635163115351
43513311435153516311635163517311735173516311635153514311535153516311735173517311
73517351731163515351431133513351331133513351331133514351431143513351331133513351
460700160015001400160015001617162716271627162716371631163516351731163516351
63116351735173116351635153115351535153116351735173117351735173117351735173117351
73516311735173517311735173516311635173517311735173517311735173517311735173517311
73517351731173517351731173516351631163516351631153515351531163516351631163516351
481700180018001700160015001617161717271727172717271731173516351631163516351
63116351635163116351635163116351735173117351735173117351735173117351735173117351
73517311735163516311635173517311635163515311535163516311635163516311735173517311
73516351631153515351531143514351431143515351531153514351331133514351431153516351
497700170017001700170017001727172717271727172717271731173517351731163516351
63115351635163116351635163117351735173117351735173117351735173117351735173117351
63516311635163516311635163516311635163516311635163516311635163515311535153514311
43514351331133512351231133514351431143514351331133513351431153516351631163515351
510300100011001200170014001417152715271527152715371531153514351331133512351
23112351235123112351135113111351135113112351235133112351235123112351235123112351
23511311135113512311335143515311635163516311635163515311435143514311535163517311
73517351731163515351431143513351331133513351331123512351231123512351231123512351
579700150015001500160017001717172717271727182717371731173517351631163516351
73117351735173117351735173117351635163116351735173117351635163116351735173117351
73517311735173517311735163516311635163516311635163516311635173517311635163516311
63516351631153515351531143514351431143515351531153515351531163516351631163516351
588800180017001600180017001717171717271727172717271731173517351731173517351
73117351735173117351735173117351735173117351735173117351735173116351635163117351
73517311735173517311735173517311735173517311635163516311635163517311735163516311
63516351631173516351631163515351531143514351431153516351631163515351531153516351
621700170017001700160016001617171717271727182718371731173516351631163517351
73117351735163116351635153114351335133113351335143115351635173116351535153115351
63516311635163515311635163517311735173517311735163516311735173517311735173517311
73517351731173516351631153515351531153515351531153515351531143513351231133514351
630500150015001700170016001617162716271627172717371731173517351731173517351
63116351535153115351535153115351535153115351535163116351635173116351635153115351
53516311635163516311635163517311735173517311735173517311735173517311635163516311
63516351631163516351531153515351531153515351531163516351631163516351631163516351
643000130017001500180017001717182718271827172717271731173517351731173517351
73117351735173116351535153115351635163116351635163115351535153115351635163116351
53515311635163516311635153514311335133514311435143515311535163516311635163516311
63516351531153514351431143514351431153515351631163516351531153514351431153515351
645200130015001400150016001617171717271727182718371731173517351631163517351
73117351735173117351635163116351635163116351635163116351635163116351735173117351
73516311635163516311635163516311635153515311535153516311635163516311635163516311
63516351631153514351431143514351531153515351531153515351531153515351531153514351
650500170017001600170017001717172717271727172717271731173517351731173517351
73117351735173117351735173117351735173117351735173117351735173117351735173117351
73517311735173516311635153514311435143514311535163516311735173517311635163516311
63517351731173517351731173516351631163516351631163516351631163516351731173517351
675700150015001700180017001717171717271727172717371731173517351731173517351
73117351735173117351735173117351735173117351735173117351735173117351735173117351
73517311635153514311435143515311535163516311635163516311635173517311735173517311
73517351731173517351631163516351631163516351631163516351631163516351631163516351
690700170018001700170018001817182718271727172717271731173517351731173517351
73117351735173117351735173117351735173117351735173117351735173117351735173117351
73517311635153515311535163516311635163516311635163516311735173517311735173517311
73517351731173516351631163516351631163516351631163516351631163516351631163516351
747800180018001800180018001717171717171727172717371731173517351731173517351
73117351735163115351335123112351235133113351435153115351535153115351435143115351
53516311735173516311635163515311535153515311635163516311735173517311735173517311
73517351731173516351631163516351631163515351531153515351531153515351531163516351
