20150112211429
T2M TEDF  78  35 1
20150112212015011216
20150112212015011217
20150112212015011218
20150112212015011219
20150112212015011220
20150112212015011221
20150112212015011222
20150112212015011223
20150112212015011300
20150112212015011301
20150112212015011302
20150112212015011303
20150112212015011304
20150112212015011305
20150112212015011306
20150112212015011307
20150112212015011308
20150112212015011309
20150112212015011310
20150112212015011311
20150112212015011312
20150112212015011313
20150112212015011314
20150112212015011315
20150112212015011316
20150112212015011317
20150112212015011318
20150112212015011319
20150112212015011320
20150112212015011321
20150112212015011322
20150112212015011323
20150112212015011400
20150112212015011401
20150112212015011402
20150112212015011403
20150112212015011404
20150112212015011405
20150112212015011406
20150112212015011407
20150112212015011408
20150112212015011409
20150112212015011410
20150112212015011411
20150112212015011412
20150112212015011413
20150112212015011414
20150112212015011415
20150112212015011416
20150112212015011417
20150112212015011418
20150112212015011419
20150112212015011420
20150112212015011421
20150112212015011422
20150112212015011423
20150112212015011500
20150112212015011501
20150112212015011502
20150112212015011503
20150112212015011504
20150112212015011505
20150112212015011506
20150112212015011507
20150112212015011508
20150112212015011509
20150112212015011510
20150112212015011511
20150112212015011512
20150112212015011513
20150112212015011514
20150112212015011515
20150112212015011516
20150112212015011517
20150112212015011518
20150112212015011519
20150112212015011520
20150112212015011521
002 101   001 100   001  98   001  94   001 100   001 100   001 103   571
 106   871 108   971 109  1071 110  1071 109  1171 108  1271 107  1371 104  1311
  99  1251  94  1151  89  1011  86  1051  85  1051  85  1011  86   951  87   951
  88   871  88   971  88   971  86  1071  82  1071  79  1171  76  1171  74  1271
  72  1271  70  1371  67  1371  64  1271  61  1271  59  1371  57  1471  56  1571
  55  1471  56  1271  56  1171  58  1171  61  1071  64  1071  67  1171  71  1171
  73  1271  75  1271  75  1271  75  1271  76  1371  78  1371  81  1471  84  1571
  87  1671  89  1771  95  1451  95  1451  96  1311  98  1451 100  1651 100  1711
  98  1551  95  1451  92  1211  91  1151  92  1151  93  1011  93  1251  93  1451
  92  1611  90  1551  88  1351  85  1211  82  1251  79  1351  76  1361
005 103   001 103   001 106   001 106   001 108   001 111   001 109   571
 106   971 104  1071 103  1071 103  1171 103  1071 104  1071 106  1171 107  1171
 105  1271 101  1171  97  1171  94  1171  92  1171  90  1171  86  1071  83  1071
  80   971  77  1071  73  1071  71  1171  67  1171  65  1271  61  1271  57  1271
  53  1271  50  1271  50  1271  53  1271  53  1271  51  1271  48  1371  45  1371
  45  1371  46  1471  51  1471  58  1371  66  1271  72  1171  76  1271  75  1271
  74  1371  72  1271  70  1371  69  1371  70  1371  71  1471  73  1471  75  1471
  77  1571  78  1571  82  1351  84  1451  87  1411  91  1451  94  1551  96  1511
  95  1551  92  1651  91  1611  92  1551  95  1351  97  1211  97  1251  94  1351
  91  1311  87  1551  83  1651  79  1811  74  1751  69  1551  64  1461
015  89   001  83   001  84   001  93   001  96   001  96   001  93   671
  91   871  90  1071  90  1171  90  1171  89  1171  89  1171  90  1071  90   971
  91   971  91   871  92   871  93   971  92  1071  91  1171  88  1271  84  1271
  81  1371  81  1471  81  1471  80  1571  76  1571  72  1471  68  1471  65  1471
  62  1471  61  1471  59  1471  57  1471  55  1471  51  1371  47  1371  45  1271
  45  1271  48  1271  52  1271  58  1271  62  1271  65  1171  65  1171  63  1251
  61  1211  59  1351  57  1551  56  1611  55  1551  55  1451  56  1311  59  1351
  64  1551  67  1511  73  1351  74  1451  76  1411  79  1451  83  1351  85  1311
  85  1351  85  1451  85  1411  87  1451  90  1451  92  1411  92  1451  90  1551
  88  1511  86  1651  83  1651  80  1711  75  1751  70  1651  65  1661
027 126   001 119   001 114   001 113   001 116   001 118   001 114   571
 109   971 105  1171 103  1271 103  1271 105  1271 107  1171 108  1071 106   971
 101  1071  93   971  89   971  88   971  93  1071  95  1071  97  1071  95  1071
  91   971  84  1071  76  1171  70  1371  67  1471  65  1471  64  1471  62  1471
  60  1571  57  1571  56  1571  55  1571  55  1571  56  1471  57  1471  58  1371
  60  1371  62  1471  66  1471  72  1371  79  1271  85  1071  90  1171  92  1171
  91  1271  86  1271  81  1371  78  1371  80  1471  85  1571  90  1671  92  1771
  92  1871  90  1971  91  1851  92  1751  95  1711 100  1751 105  1751 107  1711
 105  1951 100  2051  95  2211  93  2151  92  2151  93  2011  94  2051  94  2151
  91  2111  85  2051  77  2051  71  1911  67  1951  66  1851  65  1861
070  82   001  81   001  76   001  69   001  72   001  76   001  73   671
  70   871  69  1171  69  1371  69  1471  69  1471  69  1571  68  1571  70  1571
  74  1471  78  1371  85  1271  92  1371 100  1471 104  1671 105  1671 104  1571
 100  1571  97  1471  92  1371  89  1371  84  1371  79  1371  75  1571  72  1671
  68  1571  66  1671  62  1771  58  1871  53  1971  49  1871  45  1871  44  1871
  47  1771  51  1871  57  1771  61  1671  65  1671  69  1771  71  1671  73  1671
  71  1671  66  1571  61  1571  57  1471  57  1471  60  1471  63  1571  63  1671
  63  1671  62  1771  63  1751  62  1751  63  1811  67  1851  71  1851  75  1911
  77  1851  78  1751  80  1611  84  1751  88  1751  93  1811  97  1851  99  1951
 100  1911  98  2051  95  2051  90  2111  85  2051  79  1951  75  1761
110 119   001 116   001 116   001 114   001 115   001 116   001 111   571
 107   771 107  1071 107  1171 106  1071 103  1071  98  1071  91  1171  84  1171
  79  1071  76  1071  77   971  82   871  88   971  92   771  92   771  88   771
  83   771  80   971  78  1071  75  1271  71  1271  68  1371  65  1371  65  1371
  66  1471  68  1471  70  1471  71  1371  72  1371  73  1371  73  1471  74  1471
  75  1471  78  1471  81  1471  86  1271  92  1071  96   871  99   871 101   871
 100  1071  98  1271  94  1371  93  1571  93  1571  95  1671  99  1771 103  1771
 106  1771 107  1871 106  1651 106  1651 106  1611 106  1751 105  1951 101  2011
  94  1951  86  1951  81  1811  80  1551  82  1351  85  1011  86  1151  86  1251
  84  1311  80  1551  76  1651  72  1811  69  1851  66  1751  65  1761
120 115   001 114   001 115   001 117   001 116   001 114   001 110   471
 109   671 110   871 111   871 111   871 109   871 105   871 100   971  94   971
  90   971  87  1071  86  1071  89   971  92   971  96   871  99   871  98   871
  93   971  86   971  78   871  68   871  63   871  60   971  59   971  58  1071
  57  1071  57  1171  56  1171  56  1071  57  1071  58  1171  60  1171  62  1271
  63  1271  65  1371  69  1371  76  1271  85  1171  92  1071  98  1171 100  1171
 100  1271  96  1271  91  1371  89  1371  89  1271  92  1271  96  1171  99  1271
 101  1271 101  1371 100  1351 102  1451 104  1411 107  1551 109  1551 108  1611
 103  1751  95  1851  89  1911  86  1851  86  1651  86  1511  85  1651  82  1651
  79  1711  75  1751  72  1751  68  1711  65  1651  62  1551  59  1461
130 127   001 121   001 117   001 117   001 122   001 123   001 119   671
 116  1471 114  1371 113  1571 114  1571 114  1571 114  1671 114  1571 111  1571
 107  1671 103  1571 100  1571 101  1471 103  1371 106  1271 109  1271 109  1171
 106  1171  97  1171  86  1171  76  1171  71  1371  66  1471  64  1671  61  1771
  59  1871  57  1971  55  1971  55  2071  56  2071  58  2071  61  1971  64  1971
  67  2071  71  2371  76  2471  83  2171  92  1771 100  1471 107  1471 111  1471
 111  1471 105  1571  96  1571  90  1571  87  1771  89  1771  91  2071  91  2071
  91  2271  92  2371  95  2151  98  2251 102  2211 106  2351 109  2351 110  2411
 107  2651 102  2951  98  3111  97  2851  98  2551 101  2211 104  2151 106  2051
 104  1911  96  1951  85  1851  75  1811  68  1951  64  2051  60  2161
145  80   001  78   001  82   001  79   001  77   001  78   001  84   671
  85   871  85   971  85  1171  86  1271  86  1471  86  1471  87  1371  88  1371
  87  1371  85  1371  85  1371  88  1471  90  1471  94  1571  96  1571  96  1471
  94  1471  93  1371  92  1171  89  1171  87  1171  83  1271  81  1271  77  1271
  73  1371  70  1371  65  1471  60  1571  56  1671  54  1671  55  1671  55  1671
  57  1671  61  1571  64  1571  67  1671  69  1771  72  1871  76  1871  79  1851
  80  1811  78  1651  74  1451  70  1211  69  1351  69  1351  71  1411  73  1451
  74  1551  75  1511  80  1551  80  1751  80  1811  82  1751  84  1751  85  1611
  85  1751  83  1751  83  1811  85  1951  88  2151  92  2211  96  2351  99  2351
  99  2411  96  2351  90  2151  84  2011  79  2051  76  2151  73  2161
149  88   001  88   001  89   001  86   001  80   001  82   001  79   871
  77   971  76  1171  75  1271  75  1471  78  1471  80  1571  80  1471  81  1471
  81  1371  82  1271  85  1171  90  1171  96  1371 103  1471 105  1471 106  1471
 104  1471 101  1371  96  1371  91  1271  87  1271  85  1371  82  1371  77  1471
  73  1571  69  1671  64  1771  60  1871  58  1971  56  1871  54  1771  54  1671
  55  1571  58  1571  61  1471  67  1571  73  1771  78  1771  81  1871  82  1871
  81  1871  78  1771  72  1671  69  1571  69  1571  69  1571  71  1571  74  1671
  75  1871  76  1971  81  1751  82  1851  83  1911  85  1851  88  1751  89  1611
  88  1651  87  1651  88  1611  92  1851  98  1951 104  2111 108  2251 108  2251
 106  2311 101  2251  94  2251  88  2111  84  2151  81  2051  79  2061
156  89   001  89   001  90   001  90   001  87   001  85   001  87   471
  89   771  90   871  92  1071  95  1271  95  1271  97  1371  98  1371  98  1371
  98  1371  99  1271 100  1271 102  1371 104  1371 105  1471 106  1471 106  1471
 105  1471 103  1471 101  1371 100  1371  98  1371  95  1371  92  1271  88  1371
  84  1371  80  1471  77  1571  74  1571  71  1671  68  1671  65  1671  64  1671
  65  1571  68  1571  71  1471  76  1571  80  1571  84  1671  86  1771  88  1871
  88  1871  86  1771  84  1571  82  1471  80  1471  79  1371  80  1371  82  1471
  85  1471  87  1571  93  1551  92  1551  92  1611  93  1651  94  1651  95  1611
  94  1651  93  1651  93  1611  95  1751  99  1951 104  2011 108  2151 110  2351
 110  2411 107  2351 103  2351  98  2211  94  2151  91  2151  88  2061
168  60   001  56   001  62   001  44   001  50   001  55   001  59   571
  58   971  59  1071  58  1271  57  1271  56  1471  56  1571  55  1671  57  1671
  60  1571  66  1371  76  1271  89  1371 103  1671 113  1771 115  1771 112  1671
 108  1671 105  1671 103  1771 101  1771  97  1671  92  1671  88  1471  85  1471
  83  1571  81  1571  79  1671  75  1771  72  1871  69  1871  65  1971  64  1971
  66  1871  70  1871  74  1771  78  1871  80  1871  83  1971  85  1971  86  1851
  84  1811  79  1851  74  1851  70  1811  70  1751  72  1751  74  1611  73  1751
  71  1751  69  1811  71  1751  70  1751  70  1811  72  1951  76  2051  79  2111
  82  2051  85  1951  89  1811  96  1951 103  2051 109  2111 112  2151 112  2251
 112  2211 111  2251 110  2251 107  2211 102  2251  95  2151  89  2161
180  65   001  50   001  40   001  68   001  75   001  62   001  49   571
  40   771  37   971  38  1171  40  1071  42  1071  43  1171  43  1071  42  1071
  42  1071  45  1171  53  1171  70  1371  89  1671 106  1971 114  1771 115  1771
 111  1671 106  1471 100  1571  94  1471  89  1471  84  1571  81  1471  77  1471
  75  1571  73  1571  72  1571  70  1671  68  1671  62  1671  57  1571  54  1571
  54  1671  57  1671  60  1771  62  1771  64  1971  65  1971  66  1971  66  1871
  65  1871  64  1871  62  1871  60  1871  58  1871  58  1771  57  1871  57  1971
  56  2071  56  2071  57  1751  56  1751  57  1711  59  1751  63  1751  67  1711
  71  1751  74  1851  78  1811  82  2051  86  2151  90  2311  95  2351 100  2351
 103  2311 104  2451 103  2551 100  2611  96  2651  92  2551  90  2561
190  64   001  45   001  47   001  35   001  36   001  32   001  28   771
  21   971  18  1171  16  1271  19  1171  20  1171  20  1171  19  1171  17  1171
  19  1271  25  1171  40  1171  61  1371  86  1671 108  1671 120  1871 125  1871
 122  1971 115  1671 108  1671 101  1571  99  1671  99  1671  99  1771  97  1771
  93  1671  88  1671  85  1571  82  1571  79  1471  74  1471  70  1471  67  1471
  68  1471  70  1571  74  1671  77  1571  81  1471  83  1571  85  1671  85  1671
  83  1771  78  1771  71  1771  64  1671  61  1871  60  1871  58  2071  55  2071
  51  2071  49  2071  51  1851  52  1851  54  1711  55  1751  57  1751  60  1711
  66  1651  74  1651  81  1511  87  1651  92  1851  96  1911 100  2051 103  2051
 105  2111 106  2251 106  2351 105  2411 102  2551  99  2551  96  2661
222 124   001 120   001 120   001 119   001 120   001 122   001 119   671
 117  1071 116  1271 116  1571 116  1671 117  1671 118  1871 120  1871 120  1971
 117  1971 112  1871 107  1771 104  1571 104  1271 104  1071 105  1171 107  1371
 106  1471 103  1271  97  1171  92  1171  87  1371  85  1671  83  1771  81  1871
  79  2071  77  2171  76  2171  75  2171  75  2171  77  2271  79  2271  81  2371
  81  2271  81  2271  83  2271  89  1871  96  1571 102  1171 106  1271 108  1271
 107  1471 103  1471  98  1571  94  1571  94  1771  97  1871  99  2071 100  2171
 101  2371 101  2471 103  2251 104  2351 106  2411 110  2551 114  2751 115  2811
 111  2851 105  2951 100  2911  98  2551 100  2151 105  1711 111  1751 116  1751
 116  1711 109  1751  97  1851  87  1811  82  1951  80  2151  78  2261
240  86   001  82   001  80   001  79   001  78   001  79   001  78   871
  77  1171  76  1271  77  1371  79  1471  79  1471  78  1571  75  1571  74  1671
  74  1771  77  1671  81  1671  88  1571  96  1571 102  1571 105  1571 105  1571
 103  1571  99  1371  96  1271  92  1271  88  1371  84  1471  80  1571  77  1671
  74  1671  71  1771  69  1771  67  1871  66  1871  65  1971  64  1971  64  2071
  65  2071  68  1971  72  1871  78  1871  86  1771  92  1771  95  1771  95  1871
  93  1771  88  1671  82  1471  78  1471  78  1571  80  1671  83  1771  85  1871
  86  1971  87  2071  87  1951  88  1951  89  2011  92  2151  94  2151  95  2211
  93  2251  91  2251  91  2211  95  2151 101  2151 107  2011 110  2051 110  2151
 108  2111 104  2051  98  1851  93  1711  88  1851  85  1951  82  2061
255  80   001  57   001  46   001  38   001  26   001  43   001  55   771
  58   771  57   871  57  1071  56  1371  55  1371  56  1471  58  1571  61  1571
  65  1571  71  1471  80  1371  93  1571 106  1871 114  2071 115  2071 111  2071
 106  2071 104  1971 102  1671  99  1571  95  1571  90  1571  86  1671  85  1671
  85  1571  84  1571  82  1571  80  1671  76  1671  71  1671  67  1671  65  1671
  67  1771  71  1871  76  1971  83  1971  87  1971  91  2071  93  2071  95  1971
  93  1911  88  1851  82  1851  77  1711  74  1751  73  1851  74  1811  76  1951
  79  1951  81  2011  82  1851  80  1851  79  1911  80  1951  83  2051  86  2011
  88  2051  90  2151  93  2111  99  2251 106  2351 112  2411 115  2451 114  2351
 112  2311 109  2151 105  1951 100  1711  95  1851  90  1951  87  2061
260  65   001  31   001  11   001  19   001  -4   001 -14   001  -8   671
  -1  1071   7  1271  13  1571  18  1771  22  1971  27  1871  26  1771  26  1671
  31  1671  41  1771  55  1771  73  1871  92  2071 107  2171 115  2071 115  1771
 112  1671 108  1671 103  1571  97  1571  91  1671  84  1571  79  1571  76  1671
  75  1671  74  1771  73  1971  71  2071  67  2271  62  2071  58  1871  55  1671
  56  1871  60  2171  65  2371  71  2371  77  2271  82  2171  85  2071  86  1871
  84  1771  79  1771  72  1871  68  1971  68  2071  71  1971  74  2071  74  2171
  72  2271  70  2371  66  2151  65  2351  66  2411  69  2351  74  2351  78  2211
  81  2251  83  2351  87  2311  94  2351 103  2451 110  2411 115  2351 117  2351
 116  2211 114  2151 110  2151 105  2011 100  2051  95  2051  91  2061
280  61   001  40   001  35   001  17   001  21   001  21   001  25   871
  27  1071  27  1271  24  1371  20  1471  17  1471  16  1571  17  1471  21  1471
  26  1571  33  1671  45  1671  62  1971  83  2071 100  2371 111  2371 115  2371
 113  2371 106  2171  94  1871  86  1671  81  1671  79  1771  79  1771  79  1671
  78  1671  76  1671  73  1671  71  1571  67  1571  62  1571  57  1571  55  1571
  58  1571  64  1571  71  1571  77  1771  81  1771  85  1971  85  1971  84  2071
  79  2071  72  1971  63  1871  56  1671  52  1771  51  1871  50  1971  51  1971
  51  2071  50  2071  48  1851  47  1751  49  1711  53  1751  58  1751  63  1711
  67  1751  70  1851  74  1811  79  2051  85  2351  91  2511  96  2651 100  2651
 102  2711 102  2551 100  2451  97  2211  94  2251  91  2351  90  2361
299  62   001  51   001  44   001  36   001  21   001   9   001   8   771
   7  1071   7  1371   7  1471   8  1671  10  1671  13  1671  15  1671  20  1571
  29  1671  42  1571  60  1571  81  1571 102  1671 120  1771 133  1771 136  1671
 133  1771 123  1771 109  1571  99  1571  95  1571  95  1571  98  1671  97  1671
  94  1671  89  1671  84  1771  80  1971  75  2071  71  2071  67  1971  65  1971
  65  1871  66  1771  68  1671  73  1571  77  1571  81  1571  85  1571  86  1671
  84  1671  78  1771  71  1771  64  1771  58  1871  53  1771  50  1771  47  1871
  45  1971  43  2071  41  2051  40  2051  41  2111  42  2151  45  2051  49  2011
  56  1951  65  1851  75  1711  85  1851  93  1851 101  1911 107  2051 111  2051
 111  2111 108  2251 102  2451  96  2511  91  2551  87  2451  85  2461
434  90   001  72   001  64   001  50   001  46   001  53   001  60   571
  60   871  57   971  53  1271  51  1271  49  1471  48  1471  46  1371  45  1371
  45  1371  47  1371  55  1271  68  1271  83  1271  96  1271 103  1371 104  1171
 101  1171  95  1171  88  1171  81  1171  75  1271  72  1371  68  1271  65  1271
  63  1371  60  1371  56  1471  53  1471  50  1571  47  1571  46  1571  45  1571
  46  1571  49  1571  55  1571  64  1771  71  1771  79  1871  84  1871  84  1771
  83  1771  79  1671  75  1571  72  1571  69  1571  68  1771  67  1671  67  1671
  66  1671  66  1671  60  1651  59  1851  58  1911  58  1951  59  1951  60  1911
  62  1851  65  1751  71  1611  80  1651  89  1751  97  1711 102  1751 103  1751
 102  1711  99  1651  95  1651  90  1511  86  1551  82  1651  79  1661
460 100   001  61   001  48   001  80   001  71   001  48   001  47   671
  46  1071  45  1371  41  1671  38  1871  34  1971  30  1871  25  1671  26  1571
  31  1471  42  1471  62  1371  86  1471 115  1671 135  1771 144  1871 144  1671
 137  1671 127  1771 118  1771 108  1871 101  1871  95  1871  91  1871  89  1971
  87  1971  86  2071  83  2171  79  2171  73  2271  65  2071  59  1971  55  1771
  57  1771  64  1771  76  1771  90  1871 103  2071 112  2071 115  2071 112  1971
 106  1971  97  2071  88  2071  80  2071  75  2071  72  2171  72  2171  73  2271
  75  2571  76  2671  70  2351  70  2451  69  2411  69  2351  69  2351  70  2211
  72  2151  77  2151  87  2011 102  2151 118  2351 130  2411 135  2351 134  2251
 129  2111 123  2151 116  2251 109  2211 103  2251  98  2351  95  2361
481  85   001  59   001  52   001  39   001  50   001  46   001  51   871
  51  1071  48  1371  45  1471  44  1571  45  1571  45  1571  47  1671  50  1671
  55  1771  64  1671  76  1671  93  1871 110  2071 125  2271 133  2271 135  2271
 132  2271 125  2071 117  1971 110  1871 104  2071 100  1971  98  1971  96  1871
  94  1971  93  1871  90  1871  85  1771  80  1771  74  1771  68  1671  65  1671
  67  1671  72  1771  79  1871  87  1971  94  2071 100  2171 104  2171 105  2271
 102  2371  94  2271  83  2171  73  1971  66  1971  62  2071  60  2071  59  2071
  57  2171  57  2171  54  1951  54  1951  56  1811  59  1851  63  1751  67  1711
  70  1851  73  1951  78  2011  87  2251  98  2451 108  2611 116  2751 120  2751
 121  2811 119  2651 115  2451 111  2211 107  2251 105  2151 105  2161
497  32   001  19   001   6   001   6   001  -2   001  -7   001  -7   571
  -8  1171 -10  1471 -12  1671 -12  1771 -10  1771  -5  1871  -3  1971  -5  2071
  -9  2171  -9  2071   2  2071  27  2271  57  2471  80  2571  86  2371  78  2071
  68  1671  58  1671  51  1571  45  1671  41  1771  37  1771  33  1871  30  1971
  27  1971  25  1971  25  1971  24  2071  24  2071  23  2071  21  2071  18  2071
  16  2271  15  2271  21  2371  34  2471  51  2571  63  2571  66  2271  61  1971
  51  1771  40  1671  30  1671  21  1671  14  1671   9  1771   4  1771  -1  1871
  -5  1971  -8  2071  -9  1951 -10  2051 -10  2011  -8  2051  -6  1951  -4  1911
  -2  2051   2  2251  14  2311  35  2351  58  2251  76  2211  81  2051  78  1751
  71  1511  65  1551  61  1651  57  1611  54  1751  51  1751  49  1861
510 136   001 105   001  72   001  75   001  72   001  65   001  53   971
  45  1071  41  1371  39  1471  37  1571  34  1571  31  1571  26  1571  25  1571
  28  1571  38  1571  55  1671  80  1671 108  1771 131  1871 143  1871 142  1771
 137  1771 130  1571 121  1471 115  1271 109  1371 105  1371 101  1471  97  1471
  93  1571  91  1571  89  1571  88  1671  84  1671  80  1671  77  1771  75  1771
  77  1971  82  2071  89  2171  98  2171 109  2071 117  1971 122  2071 124  1971
 121  2071 113  1871 103  1671  94  1471  89  1571  86  1571  85  1571  85  1771
  85  1971  86  2071  78  2051  80  2051  81  2111  81  2151  81  2151  81  2111
  83  2151  88  2051  95  2011 105  1951 117  1951 127  1811 134  1951 138  2051
 138  2111 135  1951 129  1851 122  1611 115  1651 108  1751 102  1761
579 107   001  64   001  22   001  26   001   4   001 -12   001  -7   671
   0  1171   8  1271  17  1671  24  1871  32  2171  41  2171  45  2271  52  2271
  63  2171  77  1871  95  1671 111  1671 125  1771 136  1771 143  1671 144  1671
 141  1571 134  1471 124  1671 115  1671 108  1771 102  1871  99  1871  96  1871
  93  1971  91  1971  87  2071  82  2271  75  2371  70  2271  66  2271  66  2171
  71  2071  80  2071  91  1971 104  1871 118  1871 128  1771 133  1771 132  1571
 125  1571 112  1571  97  1671  82  1671  72  1871  66  2071  63  2171  63  2171
  63  2071  63  2071  56  2151  54  2351  51  2411  47  2351  44  2351  46  2211
  54  2151  66  2051  83  1911 102  2051 119  2051 133  2111 140  2151 142  2051
 140  2011 135  2051 129  2151 123  2111 117  2251 113  2351 112  2461
588  98   001  48   001  24   001   7   001   6   001   0   001   5   871
  10  1571  11  2071   9  2271   5  2271   0  2271  -3  2271  -4  2371   2  2371
  15  2371  33  2271  53  2171  71  2171  88  1871 101  1771 110  1871 115  1951
 113  1971 104  2171  91  2471  79  2671  70  2471  64  2371  61  2271  58  2371
  55  2671  53  2871  50  2671  47  2571  41  2371  34  2271  28  2271  27  2171
  34  2071  48  2071  63  1971  77  1971  90  1871 101  1871 110  1871 115  1871
 112  1871 101  2171  85  2471  69  2771  57  2571  49  2471  44  2271  41  2471
  39  2771  39  2971  36  2951  32  2751  26  2511  19  2451  14  2451  14  2311
  22  2251  36  2151  52  2011  68  1951  81  1951  92  1811  99  1951 102  1951
 103  2011 103  2351 101  2751  99  3011  97  2951  94  2951  92  2861
621 136   001  53   001  52   001  46   001  20   001  14   001  11   771
  10  1171  10  1271  10  1571  11  1671  12  1671  13  1671  13  1771  16  1771
  22  1671  36  1671  59  1571  92  1671 131  1771 159  1871 173  1771 171  1671
 158  1571 139  1671 118  1871  99  2071  86  1971  78  1871  73  1871  68  1871
  65  1871  63  1871  63  1871  63  1971  63  1971  61  1971  58  1971  57  1971
  60  1871  67  1771  78  1771  92  1871 107  1971 118  2071 124  2071 123  1871
 114  1871  99  1971  81  1971  66  2071  56  2071  51  2071  50  2171  49  2171
  48  2371  47  2371  43  2251  39  2251  34  2211  29  2251  27  2251  32  2211
  45  2051  66  1851  89  1611 112  1751 132  1951 146  2011 151  1951 148  1951
 140  1811 128  1951 114  2151  99  2211  84  2351  71  2351  63  2461
630 106   001  90   001  81   001  58   001  77   001  71   001  59   471
  50  1271  43   971  39  1171  37  1271  34  1271  31  1371  29  1471  26  1471
  26  1371  30  1471  43  1371  66  1771  94  2171 119  2371 136  2371 143  2271
 141  2271 130  2171 117  2171 101  2071  91  2071  83  2171  77  2171  73  2071
  69  2071  68  1971  68  1971  68  1971  69  1971  69  1871  67  1871  67  1771
  69  1971  73  1971  79  2071  87  2371  97  2471 104  2671 111  2671 113  2671
 110  2571 101  2571  89  2571  76  2471  67  2471  60  2471  56  2471  55  2371
  55  2371  55  2271  53  2151  53  2151  54  2211  55  2251  56  2251  57  2211
  59  2251  63  2151  71  2111  85  2351 101  2451 115  2611 123  2651 125  2651
 122  2611 114  2551 103  2551  93  2411  86  2451  82  2551  80  2561
643 113   001  73   001  52   001  35   001  30   001  21   001  25   671
  30  1071  37  1271  43  1471  49  1671  55  1971  61  1971  66  1871  70  1871
  74  1871  78  1771  87  1871 102  1871 118  1871 133  1871 141  1871 144  1671
 141  1671 133  1571 125  1471 115  1371 109  1471 105  1471 103  1571  99  1571
  95  1671  90  1671  86  1871  83  2171  80  2371  78  2371  77  2271  79  2271
  83  2271  91  2171 101  2171 114  1971 126  1871 137  1671 143  1571 144  1671
 138  1671 127  1471 112  1371 100  1171  91  1271  85  1371  81  1471  76  1671
  71  1871  68  1971  68  1951  68  2251  69  2411  72  2351  76  2351  80  2211
  84  2251  90  2151  99  2111 112  2051 127  1851 139  1711 145  1751 145  1851
 140  1811 132  1751 124  1651 118  1511 116  1651 118  1851 116  1961
645 105   001  67   001  45   001  35   001  26   001  25   001  34   671
  42  1071  45  1271  46  1471  45  1471  46  1471  50  1571  58  1671  67  1671
  76  1671  84  1571  93  1471 104  1471 117  1571 129  1571 138  1571 142  1571
 141  1571 130  1671 116  1771 106  1871 101  1871 104  1871 106  1671 105  1671
 103  1771  97  1771  92  1671  87  1671  83  1571  79  1671  76  1671  76  1771
  80  1671  87  1671  98  1571 111  1571 124  1571 136  1571 142  1571 142  1571
 135  1671 120  1771 103  1771  90  1871  84  1871  83  1771  83  1671  81  1871
  76  1871  71  1971  66  1851  62  1751  59  1711  57  1751  57  1751  60  1711
  68  1651  79  1651  93  1511 109  1651 124  1751 135  1811 140  1851 140  1951
 136  1911 129  2051 122  2051 117  2111 117  2151 119  2051 119  2061
650 116   001  94   001  66   001  47   001  39   001  28   001  40   571
  51   971  56  1271  58  1371  60  1671  64  1671  72  1771  82  1871  92  1871
 102  1671 109  1371 116  1171 122  1271 125  1271 126  1371 126  1371 124  1271
 121  1271 118  1271 112  1171 108  1171 102  1471 100  1571  96  1771  94  1771
  92  1771  90  1771  88  1771  85  1871  81  1871  79  1871  77  1971  78  1971
  83  1771  92  1671 102  1571 112  1571 122  1471 129  1471 134  1271 135  1371
 131  1171 122  1271 111  1271  99  1371  90  1571  81  1871  74  2071  67  2071
  61  2071  59  2071  66  1951  70  2051  72  2011  72  2051  71  2051  72  2011
  78  1951  88  1751 101  1611 116  1651 130  1551 141  1511 146  1451 146  1351
 143  1211 138  1351 133  1551 129  1611 127  1851 128  1951 126  2161
675 154   001 114   001  90   001  71   001  36   001  18   001  16  1071
  17  1971  19  2571  22  2871  26  3071  29  2971  34  3071  27  2971  27  2971
  38  2771  57  2671  81  2471 102  2271 122  2171 135  1971 143  1771 144  1571
 139  1471 127  1671 114  1771 101  1971  92  2171  86  2471  82  2671  78  2771
  73  2971  67  3071  62  3071  56  3071  50  3071  43  3071  38  2971  37  2971
  44  2871  57  2771  77  2671 101  2471 124  2171 143  1971 153  1871 153  1871
 147  1771 135  1871 121  2071 108  2171  97  2371  89  2571  81  2771  72  2871
  62  3071  53  3171  58  3051  53  3151  48  3111  42  3151  38  3151  37  3111
  42  3051  53  2851  70  2711  92  2451 115  2251 133  1911 141  1851 141  1851
 135  1711 127  1951 119  2151 113  2311 111  2551 111  2751 108  2961
690 131   001 116   001  92   001  85   001  79   001  76   001  78   571
  79   771  79   871  77  1071  74  1271  71  1271  70  1271  67  1271  66  1271
  68  1471  73  1571  84  1771 100  1771 117  1871 130  1771 135  1671 132  1571
 126  1471 116  1571 104  1571  96  1671  93  1671  90  1671  91  1671  90  1471
  87  1371  84  1271  83  1271  81  1371  81  1371  78  1371  77  1371  76  1371
  77  1571  83  1671  93  1871 110  1871 129  1871 145  2071 153  1771 153  1671
 146  1571 132  1471 117  1571 103  1571  95  1671  91  1671  88  1671  85  1671
  80  1471  77  1471  77  1351  76  1351  75  1411  74  1451  74  1351  75  1311
  78  1451  83  1651  94  1711 110  1851 128  1851 142  1911 149  1851 150  1651
 143  1511 131  1551 118  1651 107  1611 103  1551 102  1451 101  1361
747 107   001  91   001  84   001  64   001  69   001  66   001  59   971
  55  1471  54  1671  53  1871  54  1971  55  1971  56  1971  59  1871  62  1871
  67  1871  74  1871  84  1771  96  1671 110  1671 122  1571 131  1471 134  1571
 129  1571 116  1671  98  1871  84  1971  77  2071  76  2171  78  2171  79  2171
  78  2171  79  2171  77  2171  77  2271  76  2271  76  2271  75  2271  79  2271
  87  2371 100  2371 115  2371 128  2171 140  1971 149  1771 154  1871 153  1871
 147  1871 135  1971 122  2071 109  2171 101  2271  96  2371  92  2371  86  2371
  79  2471  74  2471  80  2351  77  2451  74  2411  72  2451  73  2351  76  2311
  82  2351  91  2251 103  2211 116  2051 129  1951 139  1711 144  1851 145  1851
 140  1911 131  2051 121  2051 111  2111 104  2251 100  2351  99  2461
NT  TEDF  78  35 1
20150112212015011216
20150112212015011217
20150112212015011218
20150112212015011219
20150112212015011220
20150112212015011221
20150112212015011222
20150112212015011223
20150112212015011300
20150112212015011301
20150112212015011302
20150112212015011303
20150112212015011304
20150112212015011305
20150112212015011306
20150112212015011307
20150112212015011308
20150112212015011309
20150112212015011310
20150112212015011311
20150112212015011312
20150112212015011313
20150112212015011314
20150112212015011315
20150112212015011316
20150112212015011317
20150112212015011318
20150112212015011319
20150112212015011320
20150112212015011321
20150112212015011322
20150112212015011323
20150112212015011400
20150112212015011401
20150112212015011402
20150112212015011403
20150112212015011404
20150112212015011405
20150112212015011406
20150112212015011407
20150112212015011408
20150112212015011409
20150112212015011410
20150112212015011411
20150112212015011412
20150112212015011413
20150112212015011414
20150112212015011415
20150112212015011416
20150112212015011417
20150112212015011418
20150112212015011419
20150112212015011420
20150112212015011421
20150112212015011422
20150112212015011423
20150112212015011500
20150112212015011501
20150112212015011502
20150112212015011503
20150112212015011504
20150112212015011505
20150112212015011506
20150112212015011507
20150112212015011508
20150112212015011509
20150112212015011510
20150112212015011511
20150112212015011512
20150112212015011513
20150112212015011514
20150112212015011515
20150112212015011516
20150112212015011517
20150112212015011518
20150112212015011519
20150112212015011520
20150112212015011521
002800180018001700160017001717171716271627162716271635173517311735173517311
73518351731163515351331123512351231133515351631163516351631163515351531153515351
53116351635163116351535143114351435153115351535163116351635163116351535153116351
63517311735173517311735173517311735163516311635163516311635163516311635163516361
005800180018001700170015001517152715271527152716271635173517311735173517311
73517351731173516351531143513351231123513351431153515351531143514351331143514351
53116351635163116351635153115351535153115351535153116351635163115351535153116351
63517311735173517311735173517311735173517311735173516311635173517311735163516361
015800180018001800180018001817172717271727172717371635163516311735173517311
73517351731173517351631153513351231113512351331153516351731163515351431133513351
43115351635173117351735163115351535153115351635163116351635163116351635173117351
73517311735173517311735173517311735173517311735173517311735173517311635163516361
027600150014001400140014001417151715271527162716271635173517311735173517311
73517351631163516351531153515351531153516351631153513351331133513351431153516351
63116351635163115351535153115351635163116351635163116351535153115351635163116351
63516311635163517311735173517311735173517311635163516311635163516311635163516361
070600160014001500140014001417142714271427142714271435143513311335133513311
43516351731183517351731173517351731163515351431143514351531163516351731163516351
63116351635173117351735173116351635153115351435143115351535153116351635163116351
73517311735173517311735173517311735173517311735173517311735173517311735163516361
110600160014001500140015001517151716271627172717271735183517311535143512311
33513351431143514351431143514351431143513351231123511351231133514351531153515351
43114351335133113351435143115351635163117351735173117351735173117351735173117351
73517311735173517311735163516311535153514311535153516311635163515311535143514361
120500140014001300140014001417151716271627162717271735173517311735173517311
63515351531143514351431153515351631163515351431133512351231133514351531153514351
33113351435153115351535153115351635163117351735173117351735163116351635153115351
53515311635163517311735173517311635163516311635173517311735173516311635153515361
130400140014001400140014001417141714271527153715371635173517311735173517311
73517351631163515351431143513351331143515351631143513351231123514351631163516351
53115351435143114351435143114351535153115351635163116351635153115351535153116351
63516311635163517311735173517311735173517311735173517311735173517311635153515361
145600150015001400140013001317141714271427152715271535153514311535153516311
63517351731183518351731163515351431133513351331143516351631163516351531153515351
63116351635163116351635153115351535153115351535153116351635163116351635163116351
53516311635163517311735173517311735173517311735173517311735173516311635163516361
149500150014001400140012001217131713271427142715271535143514311435153516311
73517351731183518351731163515351431133513351431153516351631163516351531153515351
53116351635163116351635163115351535153115351535163116351635163116351635163116351
63516311635163516311735173517311735173517311735173517311735173517311635163516361
156500150015001400140013001317131714271427152715271535143514311535153516311
73517351731183518351731163515351431133513351431153516351631163516351531153515351
63116351635163116351635163115351535153115351535153116351635163116351635163116351
63516311635163516311735173517311735173517311735173517311735173516311635163516361
168300140014001200130012001217121711271127112711271135113511311135123512311
33514351531163517351731173517351731163516351531153514351531153516351731173516351
63116351635163116351735173116351635153114351435143115351535153115351535163116351
63517311735163516311635163517311735173517311735173517311735173517311735173516361
180400140013001300110010001027102710271127112711371135113511311135123512311
23512351231133514351531163517351731173517351731153514351331133515351631173517351
73117351735173117351735173117351635153114351335133113351335133114351535153116351
63517311735173517311735173517311735173517311735173517311735163516311635163516361
190700130011001400150014001427132713271227122711271135113511311235123512311
13511351131123514351531153515351531163516351731173517351731163515351431143515351
63117351735173117351735173117351735163115351535143114351435143115351535153115351
53515311535163516311735173517311735173517311735173517311735173517311735173517361
222300140014001700160017001717171716271627152715271535153516311635173517311
73517351731163515351431133513351331143515351631153514351331133514351531153515351
43114351435133114351435143115351535163116351635173117351735173116351635163116351
63517311735173517311735173517311735173517311735173517311735173517311635163516361
240000120012001400110012001317131713271327123712371235133514311535163516311
73517351731183518351731163515351431143514351531163516351631163516351631163516351
63116351535153115351535153115351535153116351635173117351635163116351635173117351
73517311735163517311735173517311735173517311735173517311735173516311635163516361
255000100010001000100010001117111711271127112711271235123512311235123512311
33515351631173517351731173517351731163516351531163516351731173516351631163516351
63116351635163117351735173117351635153115351535153115351535153115351535153116351
63516311635153515311635163517311735173517311735173517311735173517311635163516361
260400130010001000100010001017111711271127112711271135113511311135113511311
23513351531163516351731173517351731173516351631163516351631163516351631163517351
73117351735173116351635163116351535153115351535153115351535153115351635163116351
63516311535163516311635173517311735173517311735173517311735173517311735173516361
280400150013001100100010001117111711271127112711271135113512311235113511311
23512351231123512351331143516351731173517351731173516351631163516351631163517351
73117351735173117351635163116351635163115351535143114351435143115351535153115351
53515311635163516311735173517311735173517311735173517311735173517311735173517361
299600150014001200120012001217112711271127112711271135113511311135113511311
13511351131123513351431143514351431143514351531153516351731173517351731173516351
63116351735173117351735173116351635153115351435143114351435143114351435143114351
43515311535153515311535163516311635153515311535163516311635163516311635163516361
434000100010001000100010001017111711271127112711271135113511311135123512311
33514351531163516351731173517351731173516351631153515351531153516351631173517351
73117351735173117351735173117351735163116351535153115351535143115351535153115351
53515311535163516311635173517311735173517311735173517311735173517311635163516361
460100100010001000100010001117111711171127112711271135113511311135113511311
23512351231133514351431153515351531153516351631163516351531143514351431153516351
73117351735173117351735163116351635153115351535153115351535153115351535153115351
53515311535153515311535163516311635163517311735173516311635153515311535153515361
481000100010001000100010001017111711271127112711271135113512311235133514311
43515351531143514351331133513351431153515351631173517351731173517351731163515351
53115351635173117351735173117351635163115351535153115351535153115351535143114351
43514311535153516311635163516311635163516311635173517311735163516311635163516361
497000110010001000120015001417142713271327122712271135113511311135103511311
23514351531153514351231123512351231133513351431143515351631163516351731173517351
73117351735173117351735173117351735173116351535143113351335133113351435153115351
43514311435143514311435143513311335133513311235123512311235123512311335133513361
510000100010001000100010001117111711271127112711271135113512311335143514311
43514351431143516351731173517351731173516351631153514351331133514351431153516351
73117351635163116351635173117351735163116351535153114351435143115351535153115351
53515311535153515311535163516311735163516311635173517311735173517311635163516361
579000100010001000100010001117111711271127112712271335143515311635173517311
73517351731173517351731163515351531153516351631173517351731173517351731173517351
73117351735163116351635163115351435133113351335133114351435143115351535153115351
63516311635163516311635173517311735173517311735163516311635153515311435143514361
588000100010001000100010001017111710271027102711271235133515311635163516311
73517351731163515351431143513351231123512351331133514351531163517351731163515351
43115351635173116351435133112351235123111351135113112351335143115351435143114351
53515311535153515311535163516311735173517311635163516311635163516311635163516361
621000100010001000100010001117121713271427142714271435133511311135113511311
23513351331133513351331133513351431153516351731173517351631163516351531153514351
43114351535153114351435133113351435143114351335133113351335123112351235123112351
23512311335133513311335133513311335133513311335143513311335133513311335143515361
630000100010001000100010001117112712271227132713271335133512311235123512311
23512351231123513351331133513351431153515351631163517351731173517351631163515351
43113351435143114351535153115351535143114351435143113351335123112351235123112351
33513311335133513311435153515311535153514311435143515311535153515311535153515361
643000100010001000100010001217141714271527142714271535163517311735173517311
73517351731163514351331133513351331143514351531153516351731173516351631173517351
73116351435133114351435153114351335133113351335143114351435143114351435153114351
43515311535163516311735173517311735173516311635163516311535153514311335133513361
645000100010001000100010001117121713271327142715271635163517311735173517311
73517351731173517351631163515351531153515351531163516351631173517351731173517351
73116351535153115351435143114351335133113351335133113351435143115351535153115351
53516311635163517311735173517311735173517311735163516311635153515311535153515361
650000100010001000100010001117121712271127112712271335143516311735173517311
73517351631163515351431143514351431153514351431143514351431153515351631153515351
43115351535153114351335123111351135113111351135113112351335133114351435143114351
43514311435143515311535153515311535153515311435143514311435143514311435143514361
675000100010001000100010001117111711271227122712271335143515311635173517311
73517351731163516351531143513351331133513351331133514351431153515351531153515351
53114351335133113351335133113351235113111351135113112351335133114351435143114351
43514311335133513311435153516311635163516311635163515311535153514311535153515361
690000100010001000100010001017112711271127112711271135123513311435153515311
53515351531153515351531143513351231123512351231123512351231123512351331143515351
53115351335123111351135123112351235123111351135113112351235133114351435153115351
53514311435133513311435153515311535153514311435143514311535153516311635153515361
747000100010001100120014001317131713271327142715271635163516311735173517311
63514351331123511351131123513351331133513351431143514351531153514351431133513351
33112351235133113351335133113351435143114351435143114351435143114351435143114351
43513311335133514311435143515311435143514311435153515311535153515311535153515361
