20150116051439
T2M TEDF  78  35 1
20150116052015011600
20150116052015011601
20150116052015011602
20150116052015011603
20150116052015011604
20150116052015011605
20150116052015011606
20150116052015011607
20150116052015011608
20150116052015011609
20150116052015011610
20150116052015011611
20150116052015011612
20150116052015011613
20150116052015011614
20150116052015011615
20150116052015011616
20150116052015011617
20150116052015011618
20150116052015011619
20150116052015011620
20150116052015011621
20150116052015011622
20150116052015011623
20150116052015011700
20150116052015011701
20150116052015011702
20150116052015011703
20150116052015011704
20150116052015011705
20150116052015011706
20150116052015011707
20150116052015011708
20150116052015011709
20150116052015011710
20150116052015011711
20150116052015011712
20150116052015011713
20150116052015011714
20150116052015011715
20150116052015011716
20150116052015011717
20150116052015011718
20150116052015011719
20150116052015011720
20150116052015011721
20150116052015011722
20150116052015011723
20150116052015011800
20150116052015011801
20150116052015011802
20150116052015011803
20150116052015011804
20150116052015011805
20150116052015011806
20150116052015011807
20150116052015011808
20150116052015011809
20150116052015011810
20150116052015011811
20150116052015011812
20150116052015011813
20150116052015011814
20150116052015011815
20150116052015011816
20150116052015011817
20150116052015011818
20150116052015011819
20150116052015011820
20150116052015011821
20150116052015011822
20150116052015011823
20150116052015011900
20150116052015011901
20150116052015011902
20150116052015011903
20150116052015011904
20150116052015011905
002  72   001  67   001  71   001  74   001  70   001  67   001  56   571
  51   871  49  1071  51  1171  57  1071  65   971  71   811  73   951  73   951
  71  1011  70   951  68   951  65   811  59   951  53  1051  47  1111  44  1151
  42  1251  41  1211  40  1151  38  1151  35  1011  31  1151  27  1151  24  1211
  23  1251  24  1151  29  1111  38  1151  49  1051  56  1011  58   951  56   951
  54   811  53   951  54   951  55  1011  55  1051  55  1151  54  1111  53  1151
  51  1251  50  1211  49  1151  49  1151  47  1011  44  1151  39  1351  35  1411
  32  1351  31  1251  32  1111  35  1151  39  1051  43  1011  45  1151  46  1151
  45  1211  44  1251  43  1251  41  1211  40  1351  38  1351  37  1411  36  1551
  35  1551  34  1611  33  1551  32  1451  31  1311  29  1451  27  1651
005  47   001  40   001  43   001  40   001  34   001  40   001  43   471
  48   671  52   971  57  1071  63  1071  69  1071  74  1011  78   951  76   951
  71   811  66   951  61   951  56  1011  51  1151  46  1151  41  1211  37  1251
  34  1251  31  1211  29  1151  27  1151  25  1011  22  1051  17  1051  12  1011
   6  1051   4  1151   7  1111  18  1151  34  1151  47  1111  54  1051  55   951
  51   811  45   951  39  1051  34  1111  33  1151  34  1251  35  1211  35  1251
  33  1251  33  1211  34  1251  36  1251  37  1211  36  1251  34  1351  31  1311
  29  1451  28  1451  29  1511  33  1451  38  1251  43  1111  46  1251  47  1251
  46  1311  44  1351  40  1251  37  1211  34  1351  32  1351  29  1411  26  1451
  24  1551  22  1511  21  1651  21  1751  21  1811  21  1851  20  1751
015  53   001  45   001  41   001  41   001  39   001  39   001  39   371
  39   571  40   871  44   871  50   871  59   971  68   911  74  1051  77  1051
  75  1111  71  1151  65  1051  59  1011  54  1051  49  1151  45  1111  40  1151
  35  1251  31  1211  27  1251  24  1251  21  1211  18  1151  14   951  10   811
   6   851   5   851   9   811  19   951  31  1051  42  1111  47  1251  47  1251
  43  1311  38  1451  32  1451  27  1511  25  1551  24  1451  23  1411  22  1451
  21  1351  21  1311  22  1351  23  1451  24  1411  23  1351  22  1251  22  1111
  23  1151  26  1251  29  1211  33  1251  36  1251  39  1211  41  1251  42  1351
  41  1311  38  1451  34  1551  30  1611  26  1551  23  1551  21  1411  20  1451
  18  1451  17  1411  15  1551  12  1651  10  1711   9  1751   8  1751
027  27   001  11   001  10   001  10   001   9   001   6   001  14   371
  22   671  32   771  41   871  51   871  60   871  69   811  74   851  73   851
  69   811  62   951  53   951  46  1011  41  1151  38  1151  36  1211  34  1251
  32  1351  29  1311  25  1351  20  1251  15  1211  10  1151   6  1051   3   911
   1   951   2   951   9   911  23   951  40   951  55   911  63   951  65   951
  61   911  54  1051  46  1051  41  1111  40  1251  42  1251  45  1311  46  1451
  46  1451  46  1511  46  1551  45  1551  45  1511  45  1451  43  1351  41  1211
  37  1351  34  1451  34  1511  38  1351  44  1251  50  1011  53  1151  54  1151
  52  1211  49  1251  46  1251  43  1211  42  1351  42  1551  42  1611  42  1751
  41  1851  41  1911  41  1951  41  1851  41  1811  41  1851  40  1751
070  72   001  67   001  65   001  62   001  47   001  55   001  53   571
  51   871  52  1071  54  1071  56  1171  60  1271  63  1311  66  1251  67  1251
  65  1211  60  1251  53  1251  46  1211  42  1251  39  1251  39  1211  40  1351
  41  1351  41  1411  39  1451  35  1451  31  1511  27  1551  24  1551  21  1511
  18  1351  17  1251  19  1111  25  1251  32  1451  39  1511  43  1551  42  1451
  38  1411  30  1351  21  1351  13  1311   9  1351   8  1351   9  1411  10  1451
  11  1451  11  1511  11  1651  11  1751  11  1811  11  1851  11  1851  12  1811
  15  1751  19  1651  25  1511  32  1651  38  1751  44  1811  48  1751  49  1651
  47  1611  41  1551  34  1551  28  1511  25  1551  23  1551  23  1511  22  1651
  20  1651  18  1711  15  1851  12  1951  11  2011  12  2051  14  2151
110  60   001  70   001  56   001  48   001  54   001  46   001  45   671
  42   771  39   971  42   971  52   871  65   871  75   711  80   751  79   851
  75   811  69   951  63   951  57  1011  52  1051  47  1151  40  1111  31  1151
  22  1251  16  1211  14  1151  15  1151  16  1011  16  1151  15  1151  15  1211
  18  1151  24  1051  35   911  50   951  66   851  78   811  83   851  82   951
  77   911  69  1051  61  1251  54  1311  50  1351  49  1351  49  1311  49  1351
  50  1351  50  1311  50  1351  50  1251  50  1211  50  1351  51  1351  50  1411
  48  1451  47  1451  47  1411  50  1251  54  1051  57   811  58   951  57  1051
  56  1111  55  1251  55  1351  54  1411  53  1551  52  1551  51  1611  51  1651
  52  1751  52  1711  52  1851  52  1851  50  1911  48  2051  45  2151
120  43   001  36   001  33   001  34   001  34   001  43   001  44   371
  45   571  46   771  50   871  55   871  61   871  67   711  71   851  71   851
  67   911  59   951  51  1051  44  1011  41   951  39   951  37   811  32   951
  26   951  21  1011  17   951  15   951  14   811  13   851  12   951  11   911
  11   951  14  1051  21  1011  34   951  50   951  63   811  70   951  72   951
  69  1011  62  1051  55  1051  49  1011  47  1051  47  1051  48  1011  49  1051
  49  1051  49  1011  49  1051  49  1051  50  1011  51  1151  52  1251  51  1311
  49  1351  46  1251  45  1211  47  1151  50  1051  54   911  56  1051  57  1151
  55  1211  51  1251  46  1351  43  1311  43  1351  44  1251  46  1211  47  1251
  47  1351  47  1311  47  1351  47  1351  46  1311  44  1451  41  1551
130  29   001  25   001  28   001  25   001  26   001  23   001  28   471
  34   771  42  1171  51  1371  60  1271  69  1071  77   911  82   951  84   951
  81   911  74   951  64   951  54   911  46  1151  40  1251  34  1411  28  1551
  22  1751  17  1811  12  1751   8  1751   4  1611  -1  1651  -5  1551  -9  1511
 -12  1551 -10  1551   0  1511  19  1451  43  1251  64  1111  78  1151  83  1051
  80  1011  70  1051  57  1051  46  1011  40  1251  38  1451  38  1611  39  1751
  41  1851  42  1911  42  1951  42  1951  42  1911  43  1951  45  1951  45  1911
  43  2051  41  2251  41  2311  45  2051  52  1751  59  1411  64  1451  66  1451
  64  1411  57  1451  49  1351  42  1311  39  1551  38  1751  39  1911  40  2051
  40  2251  41  2311  42  2351  42  2351  42  2311  41  2351  40  2451
145  58   001  56   001  52   001  51   001  50   001  49   001  46   571
  45   871  45  1071  47  1171  53  1271  60  1271  66  1311  69  1351  70  1251
  68  1211  64  1151  60  1051  56   911  53  1051  51  1151  47  1211  42  1251
  35  1151  29  1111  24  1251  20  1351  16  1411  12  1451   9  1451   5  1411
   2  1451   1  1351   5  1311  14  1451  26  1451  37  1511  45  1551  48  1551
  46  1511  40  1351  32  1251  26  1011  24  1151  25  1151  26  1211  27  1251
  26  1251  26  1211  26  1351  26  1551  25  1611  24  1651  23  1651  23  1611
  24  1651  27  1551  30  1511  34  1651  39  1751  44  1811  49  1851  52  1751
  53  1711  50  1551  45  1351  40  1111  37  1251  35  1251  35  1311  35  1451
  35  1451  34  1511  31  1651  27  1851  24  1911  24  1951  24  1851
149  65   001  63   001  59   001  59   001  57   001  53   001  53   471
  51   971  51  1071  53  1071  60  1071  69  1171  77  1111  80  1151  80  1251
  76  1211  71  1251  66  1251  61  1211  58  1351  56  1351  53  1411  48  1451
  42  1351  37  1311  33  1451  30  1451  27  1511  24  1451  21  1451  17  1311
  12  1251   9  1251  12  1111  23  1251  37  1451  49  1511  55  1551  55  1551
  50  1511  42  1451  34  1351  28  1211  26  1251  28  1351  29  1311  29  1451
  27  1551  27  1611  28  1651  30  1751  31  1711  30  1651  27  1651  26  1511
  27  1551  31  1451  37  1411  44  1551  50  1651  56  1711  60  1751  61  1751
  59  1711  55  1651  49  1551  44  1411  41  1451  40  1451  40  1411  39  1551
  39  1751  37  1811  35  1951  33  1951  32  2011  32  1951  33  1851
156  71   001  69   001  67   001  65   001  63   001  62   001  63   571
  65   871  67  1071  70  1171  73  1171  76  1171  79  1111  82  1151  83  1251
  81  1211  77  1251  73  1251  69  1211  66  1251  65  1251  62  1211  58  1251
  53  1151  48  1111  43  1151  39  1251  36  1211  33  1251  31  1251  27  1211
  22  1251  18  1251  20  1211  29  1351  42  1451  53  1511  59  1551  60  1551
  56  1511  49  1451  41  1451  36  1311  35  1351  37  1251  39  1211  39  1251
  37  1351  36  1311  36  1451  37  1451  38  1511  37  1551  36  1551  35  1511
  36  1551  38  1451  42  1411  47  1551  52  1651  57  1711  61  1751  62  1851
  62  1811  59  1651  56  1551  52  1311  50  1351  49  1351  49  1311  49  1451
  50  1451  49  1511  47  1651  45  1651  43  1711  42  1751  41  1751
168  67   001  69   001  64   001  59   001  52   001  47   001  48   471
  49   871  51  1171  53  1071  56  1171  59  1271  63  1311  66  1351  67  1351
  66  1311  63  1351  59  1351  56  1311  54  1351  53  1251  53  1211  53  1251
  52  1351  50  1311  47  1451  44  1451  41  1511  38  1551  36  1651  33  1611
  31  1551  29  1351  30  1211  34  1351  39  1551  45  1611  49  1651  50  1551
  47  1511  39  1551  29  1651  20  1611  15  1551  13  1551  13  1411  14  1451
  14  1451  15  1411  15  1551  16  1751  16  1811  17  1851  18  1951  20  1911
  24  1851  29  1751  35  1611  42  1751  50  1851  56  1911  60  1851  61  1851
  58  1711  52  1751  45  1851  40  1811  39  1751  40  1751  41  1611  41  1751
  39  1751  37  1811  35  1951  33  2051  32  2111  31  2251  31  2351
180  75   001  67   001  58   001  58   001  48   001  44   001  45   471
  45   771  46   971  47   971  48  1171  50  1371  52  1511  53  1451  54  1451
  55  1311  56  1351  56  1351  55  1311  53  1351  50  1351  48  1311  47  1351
  48  1251  48  1211  48  1251  47  1151  46  1111  44  1151  41  1051  39  1011
  37  1051  36  1051  36  1011  37  1251  39  1451  42  1611  45  1551  47  1551
  44  1411  36  1451  25  1451  15  1411  10  1451   8  1451   6  1411   3  1451
   0  1551  -2  1511  -2  1551   0  1551   2  1511   3  1551   3  1551   4  1511
   6  1551   9  1651  15  1611  23  1751  31  1951  38  2011  43  1951  44  1951
  42  1811  36  1851  28  1951  22  1911  20  1951  20  1951  20  1911  19  2051
  17  2051  15  2111  14  2151  14  2051  15  2011  17  2051  20  2151
190  88   001 103   001  95   001  83   001  59   001  54   001  54   471
  58   771  62  1071  65   971  67  1071  67  1271  66  1311  66  1451  66  1451
  67  1511  67  1451  67  1451  67  1311  67  1451  66  1651  64  1711  61  1651
  57  1651  54  1511  52  1451  52  1251  51  1111  50  1151  49  1051  49  1011
  49  1051  51  1051  52  1011  54  1151  55  1251  57  1311  58  1451  58  1551
  53  1611  43  1551  31  1551  21  1411  17  1551  15  1651  14  1711  10  1751
   4  1651   0  1611  -2  1551  -2  1551  -2  1411  -4  1451  -6  1451  -6  1411
  -3  1451   4  1551  12  1511  22  1551  31  1651  38  1611  42  1751  42  1851
  39  1911  32  1951  23  1951  16  1911  12  2051  10  2151   8  2211   6  2251
   4  2151   2  2111   2  2151   2  2151   3  2111   3  2151   3  2151
222  56   001  50   001  45   001  38   001  57   001  44   001  50   971
  56  1271  62  1371  68  1571  74  1371  80  1171  85   911  87   951  86  1051
  80  1011  72  1051  62  1151  55  1111  51  1251  49  1451  46  1511  41  1651
  35  1651  28  1711  22  1751  18  1651  14  1611  11  1751   8  1851   5  1911
   3  1851   4  1851  12  1711  29  1551  50  1251  70  1011  84  1151  90  1151
  88  1211  78  1251  64  1151  52  1111  46  1351  46  1551  47  1711  48  1851
  48  2051  48  2111  47  2151  46  2051  46  2011  47  2151  49  2251  49  2311
  47  2351  44  2251  44  2211  49  1851  56  1551  64  1111  69  1251  72  1451
  71  1511  67  1551  61  1451  56  1411  54  1651  54  1851  55  2011  56  2151
  57  2351  57  2411  55  2551  52  2551  50  2611  49  2751  49  2951
240  66   001  62   001  62   001  60   001  60   001  57   001  55   571
  54   771  53   971  55  1171  62  1271  70  1171  78  1111  82  1151  81  1151
  77  1111  70  1151  61  1151  54  1111  49  1251  46  1351  44  1411  41  1451
  37  1351  33  1311  30  1351  26  1351  22  1311  17  1451  11  1551   6  1611
   1  1551   0  1551   5  1411  17  1451  33  1451  49  1411  60  1451  66  1451
  64  1411  56  1351  44  1351  35  1211  31  1351  31  1351  33  1411  34  1551
  35  1651  36  1711  37  1751  37  1751  36  1711  34  1851  32  1951  30  2011
  29  1951  29  1851  33  1711  40  1651  49  1651  57  1511  63  1551  66  1551
  66  1511  62  1451  57  1451  52  1311  49  1451  48  1551  48  1611  48  1751
  48  1951  48  2011  47  2151  46  2251  45  2311  43  2351  42  2451
255  66   001  63   001  56   001  52   001  49   001  45   001  48   371
  52   771  57   771  62   971  67  1271  72  1371  77  1511  81  1651  82  1651
  80  1711  75  1651  68  1451  62  1311  58  1351  55  1451  52  1411  49  1351
  46  1351  43  1211  40  1351  37  1351  34  1411  31  1451  27  1551  24  1511
  21  1451  20  1251  23  1111  30  1351  41  1651  51  1811  59  1851  64  1851
  62  1811  54  1751  42  1651  32  1511  27  1551  27  1451  27  1411  27  1451
  26  1451  26  1411  27  1551  28  1651  27  1711  24  1751  22  1651  21  1611
  24  1651  31  1651  40  1611  50  1751  61  1851  69  1911  74  1951  76  1951
  74  1911  69  1851  62  1751  56  1611  52  1751  49  1751  49  1811  50  1951
  51  1951  51  2011  50  2151  47  2251  46  2311  46  2351  47  2351
260  77   001  67   001  66   001  63   001  54   001  45   001  51   471
  55   971  57  1171  58  1371  62  1471  67  1671  73  1711  77  1651  79  1551
  77  1411  71  1551  62  1651  55  1711  51  1751  49  1851  48  1811  47  1851
  46  1851  44  1811  42  1851  39  1951  37  1911  34  1751  32  1551  28  1311
  24  1451  21  1451  22  1511  28  1751  38  1851  49  2011  57  1951  62  1751
  59  1611  49  1751  35  1751  22  1811  14  1851  10  1851   9  1811   9  1851
  10  1851  11  1811  11  1951  11  2151  11  2211  12  2051  15  1851  18  1611
  22  1751  26  1851  34  1911  45  2051  57  2151  67  2211  73  2051  75  1951
  72  1711  64  1851  55  1951  48  2011  47  2151  49  2351  51  2411  51  2551
  50  2551  48  2611  47  2751  46  2851  46  2911  47  2751  48  2551
280  77   001  74   001  63   001  75   001  65   001  60   001  64   471
  70   771  77   971  83  1271  85  1371  83  1571  79  1611  74  1751  68  1751
  64  1811  62  1751  61  1551  60  1411  57  1451  53  1551  50  1511  48  1551
  47  1551  46  1511  46  1551  45  1451  45  1411  44  1451  42  1351  39  1311
  34  1351  31  1451  30  1411  34  1651  41  1851  48  2011  52  2051  53  2051
  49  2011  40  1851  28  1751  17  1511   9  1551   5  1651   3  1611   2  1651
   2  1551   3  1511   4  1551   5  1551   6  1511   7  1551   7  1451   8  1411
   9  1451  12  1451  17  1411  26  1651  37  1951  46  2111  52  2151  55  2251
  54  2211  50  2151  45  1951  39  1811  34  1851  29  1951  27  1911  27  1951
  27  1951  27  1911  26  1951  24  1951  23  1911  24  1951  27  1851
299  37   001  39   001  45   001  46   001  46   001  43   001  41   771
  43  1071  48  1471  53  1571  59  1571  65  1571  70  1411  75  1451  77  1551
  76  1511  71  1551  64  1551  58  1511  55  1651  53  1651  53  1711  52  1751
  51  1851  49  1811  46  1851  42  1851  39  1811  37  1751  36  1751  36  1611
  36  1651  36  1651  37  1611  39  1651  42  1551  46  1511  51  1551  53  1651
  50  1611  39  1651  23  1551  10  1511   3  1551   1  1551   0  1511  -2  1651
  -5  1751  -8  1811 -12  1951 -15  2151 -18  2211 -20  2251 -21  2151 -19  2111
 -15  2051  -8  1851   2  1711  14  1751  26  1651  37  1611  44  1751  45  1751
  39  1811  27  1951  12  1951   0  2011  -5  2051  -4  1951  -2  1911  -1  2051
  -1  2251  -3  2311  -6  2451  -8  2551 -10  2611 -10  2651  -8  2651
434  67   001  68   001  57   001  52   001  52   001  42   001  44   571
  46   871  49   971  53  1071  56  1071  60  1171  64  1111  66  1151  66  1051
  64  1011  60   951  56   951  50   811  44   951  39  1051  34  1111  30  1151
  27  1251  24  1211  20  1351  17  1451  13  1511  10  1451   8  1451   6  1311
   5  1251   6  1251  10  1111  18  1151  28  1251  37  1211  42  1251  44  1151
  44  1111  42  1151  39  1051  36  1011  32  1151  29  1151  26  1211  24  1251
  23  1351  22  1311  20  1451  18  1451  16  1511  15  1551  14  1551  15  1511
  18  1451  23  1451  30  1311  40  1451  50  1451  59  1511  64  1551  65  1551
  63  1511  59  1451  54  1451  50  1311  48  1451  48  1451  49  1511  49  1651
  48  1651  47  1711  45  1851  43  1851  42  1911  42  1951  41  2051
460  93   001  88   001  85   001  92   001  99   001  95   001  89   471
  85   771  83  1071  84  1171  85  1371  86  1471  86  1511  86  1451  85  1351
  83  1211  79  1451  74  1751  69  1911  64  1851  60  1751  56  1611  53  1751
  51  1851  49  1911  47  1951  45  2051  41  2011  36  1951  30  1751  24  1611
  20  1551  20  1551  25  1411  37  1551  51  1551  63  1611  69  1551  70  1451
  66  1311  59  1551  51  1751  43  1911  37  1851  32  1851  29  1711  26  1851
  24  1951  22  2011  21  2151  20  2251  18  2311  14  2151  10  1951   8  1711
   9  1751  16  1751  28  1711  47  1851  67  1951  84  2011  92  1951  93  1851
  88  1711  80  1951  71  2051  64  2211  61  2251  61  2151  62  2111  63  2251
  63  2451  62  2511  61  2551  59  2651  57  2611  54  2551  50  2351
481 128   001 129   001 130   001 131   001 129   001 131   001 129   571
 126   971 124  1171 121  1371 119  1671 116  1871 114  2011 109  2051 101  2051
  93  2011  85  1851  77  1751  70  1511  65  1551  60  1651  56  1611  51  1651
  47  1751  44  1711  43  1851  43  1851  42  1911  40  1851  38  1851  36  1711
  35  1751  36  1651  39  1611  44  1851  49  2051  56  2211  62  2251  66  2251
  65  2211  57  2051  45  1951  34  1711  27  1751  23  1851  19  1811  13  1851
   6  1951   1  1911  -1  2051   0  2051   1  2111   2  2051   2  1851   4  1711
   7  1851  13  1851  22  1911  35  2051  49  2251  62  2311  72  2451  77  2451
  78  2511  75  2351  68  2251  62  2011  57  2151  53  2151  50  2211  47  2251
  45  2251  43  2211  42  2251  41  2151  42  2111  44  2151  47  2051
497  58   001  62   001  65   001  62   001  74   001  77   001  76   771
  74  1271  73  1571  71  1771  70  1971  68  2171  67  2211  69  1951  65  1751
  58  1411  50  1451  41  1451  32  1411  23  1451  15  1551  10  1511   9  1651
   9  1651  10  1711   9  1751   7  1751   5  1711   3  1851   1  1851  -1  1911
  -2  1951  -3  1951  -1  1911   3  2051   8  2151  13  2211  15  2051  14  1751
  10  1511   2  1551  -8  1651 -17  1611 -24  1651 -29  1751 -34  1711 -39  1851
 -45  1851 -49  1911 -52  1951 -54  2051 -57  2011 -62  2051 -67  2051 -70  2011
 -68  2151 -59  2251 -44  2311 -22  2351   1  2351  18  2311  24  2051  21  1851
  13  1511   5  1651  -3  1651  -9  1711 -14  1751 -17  1851 -19  1811 -20  1851
 -21  1951 -21  1911 -22  2051 -22  2051 -22  2111 -21  2151 -20  2151
510  80   001  78   001  77   001  73   001  60   001  50   001  56   871
  63  1071  70  1171  78  1271  87  1371  95  1571 103  1611 107  1651 107  1551
 102  1511  94  1351  84  1251  75  1011  68  1151  62  1151  56  1211  50  1351
  44  1451  40  1511  38  1551  36  1551  34  1511  30  1551  25  1651  24  1611
  28  1651  36  1651  48  1611  63  1751  78  1751  91  1811  98  1851 100  1751
  95  1711  84  1551  71  1451  59  1211  51  1351  47  1351  46  1411  46  1451
  47  1551  47  1511  46  1651  44  1651  42  1711  40  1751  37  1751  35  1711
  34  1851  35  2051  40  2111  51  2051  65  2051  78  1911  87  1951  92  2051
  91  2011  85  1851  76  1751  70  1511  68  1551  69  1551  71  1511  71  1751
  70  1951  69  2111  69  2251  70  2351  70  2411  69  2451  66  2451
579 140   001 139   001 139   001 142   001 143   001 146   001 145   871
 145  1271 144  1571 143  1671 142  1771 142  1671 141  1511 140  1451 135  1351
 126  1211 116  1351 105  1451  95  1511  87  1751  81  1851  76  2011  73  2051
  70  1951  65  1911  57  2151  49  2251  41  2411  36  2451  34  2451  34  2411
  37  2251  42  2151  51  1911  63  1851  77  1751  89  1611  97  1551  98  1551
  92  1411  78  1451  59  1551  42  1511  30  1651  22  1851  18  1911  15  2051
  13  2051  12  2111  11  2351  10  2451   7  2611   2  2551  -2  2551  -3  2411
   2  2351  13  2251  31  2111  54  1951  78  1851  96  1611 104  1651 104  1651
  99  1611  92  1751  86  1751  80  1811  76  1951  74  2151  73  2211  74  2251
  74  2251  75  2211  74  2451  73  2551  70  2711  67  2651  64  2551
588 117   001 109   001 113   001 121   001 114   001 104   001 104  1171
 104  1571 104  1971 103  2171 103  2071 103  1971 103  1811 110  1851 117  1951
 120  1911 116  2051 107  2151  97  2211  89  2151  83  2151  78  2011  74  2351
  70  2551  66  2811  60  2751  53  2551  43  2411  32  2451  23  2551  18  2511
  21  2451  29  2451  39  2311  48  2151  57  2051  67  1811  77  1851  83  1951
  81  1911  67  2251  46  2451  28  2711  18  2651  14  2451  12  2311   9  2551
   5  2851   1  3011  -2  2951  -5  2751 -10  2611 -17  2551 -25  2551 -28  2411
 -25  2451 -15  2351  -1  2311  17  2151  36  2051  52  1811  64  1851  69  1851
  69  1811  62  2151  53  2551  45  2811  41  2751  40  2551  40  2411  39  2651
  37  2951  35  3111  33  3051  30  3051  27  2911  23  2851  20  2751
621  91   001  84   001  84   001  82   001  72   001  66   001  67   871
  69  1271  73  1671  79  1671  84  1771  89  1671  92  1611  91  1651  86  1651
  78  1611  68  1551  58  1551  51  1411  48  1551  48  1651  48  1711  47  1751
  45  1851  42  1811  38  1851  34  1751  30  1711  27  1751  26  1851  26  1811
  28  1851  34  1851  46  1811  64  1851  84  1851  98  1811 102  1851  96  1751
  84  1711  68  1751  51  1851  37  1811  29  1851  26  1851  23  1811  19  1951
  14  1951  10  2011   8  2051   8  1951   9  1911  10  1951  12  2051  15  2011
  20  1951  28  1951  41  1811  59  1951  77  1951  90  2011  93  2051  89  1951
  79  1911  67  1951  55  2051  47  2011  44  2151  44  2151  45  2211  44  2351
  42  2551  39  2611  36  2551  34  2551  33  2411  33  2551  34  2551
630  93   001  91   001  87   001  75   001  80   001  85   001  79   471
  75   771  76   971  78  1171  80  1471  82  1771  82  1911  82  1951  80  1951
  78  1911  75  1951  72  1851  68  1811  64  1851  61  1851  58  1811  56  1751
  53  1651  51  1511  48  1451  44  1451  40  1311  36  1351  32  1451  29  1411
  27  1451  29  1351  36  1311  50  1651  66  2051  80  2311  88  2351  89  2351
  85  2311  76  2251  65  2251  55  2111  48  2151  42  2151  37  2111  31  2051
  25  2051  21  1911  19  1951  20  1951  21  1911  22  1851  22  1751  23  1611
  24  1751  27  1951  35  2011  48  2251  63  2451  77  2611  86  2651  89  2751
  87  2711  80  2651  71  2551  63  2411  58  2451  55  2451  54  2411  53  2451
  51  2351  50  2311  49  2351  48  2451  48  2411  49  2451  49  2451
643 136   001 135   001 136   001 134   001 138   001 139   001 139   671
 140  1171 141  1371 142  1471 142  1471 142  1371 140  1311 133  1351 121  1351
 110  1311 102  1351  96  1251  93  1211  91  1351  90  1551  88  1611  84  1651
  80  1551  77  1511  75  1751  74  1851  72  2011  67  2051  62  1951  58  1911
  58  1851  61  1751  69  1611  81  1651  94  1551 106  1511 114  1551 117  1551
 113  1511 102  1451  87  1451  72  1311  60  1451  51  1551  44  1611  39  1651
  36  1651  34  1611  33  1851  31  2151  28  2311  23  2351  19  2251  20  2211
  29  2151  44  2151  64  2011  85  1851 105  1651 121  1411 130  1551 133  1551
 131  1611 127  1551 120  1451 114  1311 108  1451 104  1551 100  1611  97  1751
  96  1851  94  1911  92  2151  90  2251  89  2411  88  2451  87  2451
645 129   001 130   001 134   001 134   001 135   001 136   001 135   571
 135   971 137  1271 139  1171 141  1271 142  1371 140  1311 135  1351 126  1351
 116  1311 107  1451  99  1651  93  1711  90  1751  89  1651  87  1611  84  1751
  80  1751  75  1811  71  1751  66  1751  61  1611  55  1651  49  1651  47  1611
  50  1551  57  1451  68  1311  81  1351  93  1451 105  1411 113  1451 116  1451
 109  1411  92  1551  70  1751  51  1811  41  1751  38  1751  37  1611  34  1751
  29  1751  26  1811  25  1751  24  1751  22  1611  18  1651  14  1751  15  1711
  23  1651  37  1451  54  1311  73  1451  90  1451 102  1511 108  1551 108  1651
 104  1611  98  1751  92  1851  88  1911  87  1851  87  1851  88  1711  88  1851
  86  1951  84  2011  81  2051  79  1951  77  1911  76  2051  75  2151
650 141   001 141   001 145   001 141   001 141   001 140   001 141   871
 142  1171 143  1271 143  1071 144  1271 145  1271 146  1311 144  1251 138  1251
 130  1111 121  1151 112  1151 106  1111 102  1351 100  1551  98  1711  94  1751
  88  1751  82  1711  77  1751  73  1851  69  1811  65  1851  61  1951  59  1911
  59  1651  62  1451  67  1111  75  1251  83  1251  90  1311  94  1351  94  1251
  90  1211  82  1251  72  1251  61  1211  51  1451  43  1651  37  1811  33  1851
  31  1851  30  1811  30  1851  29  1951  27  1911  23  1951  19  2051  20  2011
  27  1951  41  1851  58  1711  77  1651  96  1551 109  1411 115  1351 115  1351
 112  1211 108  1351 104  1451 100  1511  96  1751  93  1951  91  2111  90  2151
  90  2251  88  2211  85  2251  81  2351  79  2311  79  2451  81  2551
675 119   001 119   001 119   001 110   001 126   001 121   001 122   971
 123  1671 124  2471 124  2371 125  2271 126  2171 127  2011 133  1751 138  1551
 140  1211 137  1451 131  1651 125  1811 121  2051 117  2251 112  2411 105  2651
  96  2951  88  3111  81  3151  74  3251  67  3211  59  3151  51  3151  47  3011
  47  2851  53  2751  63  2511  77  2451  93  2351 107  2211 117  1951 120  1751
 116  1411 103  1651  86  1851  70  2011  59  2351  51  2551  44  2811  37  2951
  29  3051  24  3111  21  3151  19  3151  14  3111   5  3151  -5  3251  -9  3211
  -4  3051  10  2951  32  2711  59  2551  85  2451 106  2211 117  2051 119  1751
 113  1511 102  1751  89  2051  77  2211  70  2451  66  2751  63  2911  60  3051
  56  3251  52  3311  47  3351  42  3351  38  3311  35  3351  34  3351
690 103   001  99   001 102   001 102   001 103   001 105   001 106   471
 108   871 111  1271 116  1471 122  1471 131  1571 139  1511 144  1451 145  1351
 142  1211 135  1251 127  1351 119  1311 114  1351 112  1351 110  1311 108  1251
 106  1251 103  1111 100  1151  97  1251  94  1211  92  1251  90  1251  88  1211
  85  1351  85  1451  90  1511 103  1651 119  1651 134  1711 144  1651 146  1451
 140  1311 126  1351 107  1451  90  1411  78  1451  71  1451  66  1411  62  1351
  59  1251  56  1111  54  1151  52  1251  49  1211  44  1351  40  1351  39  1411
  43  1551  52  1751  67  1811  86  1851 106  1851 122  1811 130  1751 131  1551
 124  1411 111  1451  96  1551  83  1511  75  1551  72  1451  71  1411  70  1451
  68  1351  67  1311  66  1451  64  1451  63  1511  61  1551  60  1451
747  48   001  59   001  66   001  67   001  69   001  70   001  79   671
  90  1371 102  1771 111  1671 118  1571 120  1571 119  1411 112  1451 103  1551
  96  1511  92  1651  91  1851  91  1911  92  1951  93  1951  93  1911  93  1951
  92  1951  90  1911  87  1951  83  1951  78  1911  74  1951  71  1951  70  1911
  72  1851  77  1751  85  1611  94  1651 104  1551 113  1511 120  1551 121  1651
 116  1611 102  1751  85  1951  69  2011  59  2051  54  2151  51  2111  48  2151
  46  2151  43  2111  40  2251  37  2251  34  2311  31  2351  29  2451  31  2411
  38  2451  50  2351  64  2311  79  2151  93  1851 105  1611 115  1751 120  1751
 120  1811 113  1951 104  2151  95  2211  91  2351  90  2351  91  2411  91  2451
  90  2451  88  2411  85  2451  81  2551  75  2511  68  2451  62  2451
NT  TEDF  78  35 1
20150116052015011600
20150116052015011601
20150116052015011602
20150116052015011603
20150116052015011604
20150116052015011605
20150116052015011606
20150116052015011607
20150116052015011608
20150116052015011609
20150116052015011610
20150116052015011611
20150116052015011612
20150116052015011613
20150116052015011614
20150116052015011615
20150116052015011616
20150116052015011617
20150116052015011618
20150116052015011619
20150116052015011620
20150116052015011621
20150116052015011622
20150116052015011623
20150116052015011700
20150116052015011701
20150116052015011702
20150116052015011703
20150116052015011704
20150116052015011705
20150116052015011706
20150116052015011707
20150116052015011708
20150116052015011709
20150116052015011710
20150116052015011711
20150116052015011712
20150116052015011713
20150116052015011714
20150116052015011715
20150116052015011716
20150116052015011717
20150116052015011718
20150116052015011719
20150116052015011720
20150116052015011721
20150116052015011722
20150116052015011723
20150116052015011800
20150116052015011801
20150116052015011802
20150116052015011803
20150116052015011804
20150116052015011805
20150116052015011806
20150116052015011807
20150116052015011808
20150116052015011809
20150116052015011810
20150116052015011811
20150116052015011812
20150116052015011813
20150116052015011814
20150116052015011815
20150116052015011816
20150116052015011817
20150116052015011818
20150116052015011819
20150116052015011820
20150116052015011821
20150116052015011822
20150116052015011823
20150116052015011900
20150116052015011901
20150116052015011902
20150116052015011903
20150116052015011904
20150116052015011905
002300140012001300120012001227132713271427152716271731183518351731153513351
23112351335143113351235113111351135113111351135113111351135123112351235133114351
63517311735163515311535153516311635163516311635173517311735173517311735173517311
73517351731173517351731173517351731173517351731163516351631163516351631173517351
005300140015001500150015001317122712271327142716271731183518351731163514351
33112351235123112351235123111351135113111351135113111351135113111351135123112351
33514311535163516311635163516311635173517311735173517311735173517311735173517311
73517351731173517351731173517351731173517351731173517351731173517351731173517351
015300130014001400140015001527142714271327122712371231133515351731183518351
73115351435123112351235123112351235113111351135113111351135113111351135123113351
43515311635163517311735173516311735173517311735173517311735173517311735173517311
73517351731173517351731173517351731173517351731173517351731173517351731173517351
027200120011001300100010001227142716271727182717271731173516351631153513351
23112351235123112351235123111351135123112351135113111351235113111351135123113351
43515311635163516311735173517311735173517311735163516311735173517311735173517311
73517351731173517351731173517351731173517351731173517351731173517351731173517351
070800180018001800180018001817182718271727172717271731173517351731173517351
73117351735173116351535143114351435143115351535153115351535143113351335123112351
33513311235123512311335133514311535163516311735173517311735173517311735173517311
73517351631163515351531153516351731173517351631163516351731173517351731173517351
110400170017001700170017001627142713271327122712271231133514351431133512351
23111351135113112351235123112351135113111351135113111351235123113351435143115351
53515311535163516311735173517311635163516311635163517311735173517311735173517311
73517351731163516351631163516351631163515351431133512351231113511351131113511351
120000130015001500170017001727162715271427132713371231123513351331123512351
23111351135113111351235123112351135113111351135113111351235123112351335143115351
53516311635163516311635163516311635153515311635163516311735173517311735173517311
73517351731173517351731173517351631163516351631163516351531153515351531143514351
130100110010001000110014001627173716371527142713271231133514351531153514351
33112351235113111351135123112351335133112351235113111351135113112351235123113351
43514311535153516311635163516311635163516311635163516311635163516311735173517311
73517351731173517351731173517351631163517351731173517351731173517351731173516351
145800180018001700180017001727172717271727162716271631163516351631173517351
73116351435133112351235123112351235123112351235123112351235123112351235123112351
23513311335143514311535163517311735173517311735173517311735173517311735173517311
73517351631163517351731173517351631163516351631163516351631163517351731173517351
149800180018001800180016001617162717271727172716271631153515351531153517351
73117351535143113351235123112351235123112351235123112351235123112351235133113351
33513311335143515311535163517311735173517311735173517311735173517311735173517311
73516351631163517351731173517351631163516351631163516351631163517351731173517351
156800180018001800180017001727172717271727172717271631153515351531163517351
73116351535133112351235123112351235123112351235123112351235123112351235123112351
23513311335143515311535163517311735173517311735173517311735173517311735173517311
73516351631163517351731173517351631163516351631163516351631163517351731173517351
168800180018001800180018001817182718271727172717271731173517351631173517351
73117351735173117351635153115351535153115351535163115351535153116351635163115351
33512311135113512311235133514311435143514311535153516311635163516311635163516311
53514351431143515351631163516351631163516351631163516351731173517351731173517351
180800180018001800180018001827182718271837172717371731173517351731173517351
73117351735173117351735173117351735173116351635153115351635163116351735163116351
53514311335123512311135113511311235133514311535153516311635163516311635173517311
73517351631163516351631163516351631163515351531153515351531153515351631163516351
190700180018001700170017001717172717271727172717271731173517351731173517351
73117351735173117351735173117351735173117351735173117351735173117351735173116351
63515311435133512311235113511311135113512311335143515311535163516311735173517311
63516351531153515351531143514351431143515351531143513351331133514351431143513351
222600160014001400130012001427162716271727162716371531143513351231123511351
13111351135113111351235123112351235123111351135123112351235123113351435143115351
53515311535153516311635163516311635163515311635163516311635163516311735173517311
73517351731173517351731173517351731173517351731173516351631163516351731173517351
240800180017001700170018001717162715271427142714271531163517351731163515351
43113351335123112351235113111351135123112351335133114351435153115351635173117351
63515311435143514311435153516311635163516311635163516311635163516311735173517311
63515351431153516351731173517351731173517351731173517351731173517351731173517351
255800180018001800180018001827182717271727172717271731163515351531163516351
73116351535143114351435153114351435143114351435143115351535153115351535153115351
63516311635163516311635153515311535163516311635153515311535153515311535153514311
43513351331143515351631163516351631163516351631163516351631163516351631163516351
260800170017001800180018001817182718271727172717271731173517351731173517351
73117351635163116351535153115351535153114351435143114351535163116351635153115351
53515311635163516311635153515311535163516311635163515311435143513311435143514311
33513351231133515351631163517351631163516351631163516351631163516351631163516351
280800180018001800180018001827182718271827182717271731173517351731173517351
73117351735173117351735173117351735173115351435123112351335143115351535153114351
33512311235123512311235123512311335143515311535163517311735173517311735173516311
53514351331133514351531153515351431153516351631163516351631163516351731173517351
299300160015001800180017001727172717371737173717371731173517351731173517351
73117351735173117351735173117351735173117351735173117351735173117351635163117351
73516311535133512311135113511311135113511311135113512311335153516311635163515311
53514351431133513351231123512351231123512351231123512351231123512351231123512351
434800180018001800170016001627162716271727172717271731173517351731173517351
73116351435133113351335133114351335133114351435153116351735173117351735173117351
73517311635163515311535163516311635153515311535163516311635153515311535153515311
53515351431143515351631163517351731173517351731173517351731173517351731173517351
460800180018001700180018001817182718271827182718271731173517351731173517351
73117351735163116351635163115351435143113351435133113351235123113351435163116351
73517311735163515311435143513311435143515311535143514311435143515311435143514311
33513351331133513351431153515351631163517351731173517351631163516351631173517351
481700170017001800180018001827182718271727172717371731173517351731173517351
73117351735173117351735173117351735173115351435133114351435143114351335133112351
23512311235123512311335153515311535143514311435153515311435133512311335143516311
63515351531143514351431133513351431143515351531153515351431143515351531153516351
497500140015001700170016001627172717271727172717271731173517351731173517351
73117351735173117351735173117351735173117351735173117351735173117351735163115351
53514311335123511311135113511311135113512311235133514311435143513311335133513311
23512351231123513351331133513351431143514351531153515351531163516351631153514351
510800170017001600120011001217132714371437153716371731173517351631143513351
23111351135113111351135113111351135113112351335143114351435143115351635173117351
63515311435143514311535163516311635153515311435153515311435143514311535163517311
63516351631163517351731173517351731173516351631163516351631163516351631163516351
579600150014001400160017001717182717271737173717371731173517351731173517351
73117351735173117351735173115351335123111351135113111351135113111351135113111351
13511311135123512311235123512311235133514311435143514311435143515311535163517311
73517351731173517351731173516351631163517351731173517351731173517351731173516351
588600150016001700170017001717172717271727172717271731173517351731173517351
73117351735173117351735173117351735163115351335113111351135113111351135113111351
13511311135113511311135113511311235123512311235133513311435153516311535153515311
53515351631173517351731173517351731173517351631163515351431153515351531153515351
621700170017001800180018001827182718271827182717271731173517351731173517351
73117351735163116351635153114351335123111351135113111351135113112351335143113351
33512311235133513311335123512311235123513311335123512311335133514311435133513311
43514351431143514351431153515351531163516351631173517351731173517351731163516351
630700170015001600180017001727172717371737173717371731183518351831173517351
73117351735173116351535143113351235113111351135113112351235123113351335133113351
33514311435143514311435143514311435133513311335133513311435143514311435143514311
43513351331133513351331143514351431153515351631163516351631163516351631163516351
643500150017001800170016001627173717271727173717371731173517351731173517351
73117351735173117351735173116351535133113351235123111351135113112351235123111351
13511311235133513311335123512311235133514311435143514311335133513311335143514311
33513351331143515351631173517351631173517351731173517351731173517351731173517351
645700160015001700180018001827172717271727173717371731173517351731173517351
73117351735173117351735163115351335123111351135113111351135113111351135113111351
13511311235123512311235123512311335133514311435143514311435143515311535153515311
53515351531163516351731173516351631163516351731173517351731173517351731173517351
650400140014001400140017001817182718271727172717271731173517351731173517351
73117351735173116351635153114351335123111351135123112351135113111351135113111351
13511311135113511311135113511311135113511311235123513311435153515311635163516311
63516351631173517351731163515351531153516351631163516351631163516351631163515351
675600160014001500170014001517152716271627162717271731173517351731173517351
73117351735173117351735173116351535143113351335133112351235123112351135113111351
13511311135113511311135113511311135113511311135113511311235123513311435143515311
43514351431143514351531153515351531153515351531153515351531153515351431153515351
690700160016001700140015001537162716271737173717271731173517351731173517351
73117351735173117351735173117351735163116351635163115351435133113351235123111351
13511311135113511311135113511311135113511311135113511311135123512311335143515311
43514351331133514351431143513351331133514351431153514351431143514351431143513351
747700170017001700170016001627162717271727172717271731173517351731173517351
73117351735173117351735173116351635163116351635163114351335113111351135113111351
13511311135123512311235113511311135113512311335133514311435143514311435143514311
33512351131113512351231133514351531153515351531153515351531153516351631173517351
