20150708091429
T2M TEDF  78  35 1
20150708092015070804
20150708092015070805
20150708092015070806
20150708092015070807
20150708092015070808
20150708092015070809
20150708092015070810
20150708092015070811
20150708092015070812
20150708092015070813
20150708092015070814
20150708092015070815
20150708092015070816
20150708092015070817
20150708092015070818
20150708092015070819
20150708092015070820
20150708092015070821
20150708092015070822
20150708092015070823
20150708092015070900
20150708092015070901
20150708092015070902
20150708092015070903
20150708092015070904
20150708092015070905
20150708092015070906
20150708092015070907
20150708092015070908
20150708092015070909
20150708092015070910
20150708092015070911
20150708092015070912
20150708092015070913
20150708092015070914
20150708092015070915
20150708092015070916
20150708092015070917
20150708092015070918
20150708092015070919
20150708092015070920
20150708092015070921
20150708092015070922
20150708092015070923
20150708092015071000
20150708092015071001
20150708092015071002
20150708092015071003
20150708092015071004
20150708092015071005
20150708092015071006
20150708092015071007
20150708092015071008
20150708092015071009
20150708092015071010
20150708092015071011
20150708092015071012
20150708092015071013
20150708092015071014
20150708092015071015
20150708092015071016
20150708092015071017
20150708092015071018
20150708092015071019
20150708092015071020
20150708092015071021
20150708092015071022
20150708092015071023
20150708092015071100
20150708092015071101
20150708092015071102
20150708092015071103
20150708092015071104
20150708092015071105
20150708092015071106
20150708092015071107
20150708092015071108
20150708092015071109
002 146   001 147   001 145   001 148   001 152   001 148   001 152   571
 155   871 158   871 160  1071 162  1371 163  1471 165  1371 168  1371 167  1271
 165  1271 158  1171 152  1171 149  1271 144  1271 141  1371 140  1371 138  1371
 138  1371 139  1271 140  1271 141  1171 141  1271 143  1371 145  1471 148  1571
 151  1571 155  1671 159  1671 162  1671 165  1671 167  1671 168  1571 165  1571
 160  1371 151  1271 143  1071 140  1171 138  1171 137  1271 135  1271 133  1371
 132  1371 132  1351 135  1351 140  1311 148  1451 158  1451 169  1511 179  1851
 187  2051 194  2311 199  2351 202  2351 206  2211 210  2151 212  2151 211  2011
 204  1851 195  1751 186  1511 180  1551 176  1651 174  1611 172  1651 171  1751
 170  1711 169  1751 170  1651 173  1611 179  1651 186  1651 192  1611
005 139   001 141   001 140   001 143   001 138   001 148   001 157   571
 166   871 173   971 178   971 183  1271 185  1171 185  1171 185  1071 180  1071
 172   971 160   871 153   771 147   871 144  1071 141  1171 136  1171 132  1271
 130  1271 131  1171 136  1171 142  1071 149  1171 156  1271 163  1271 169  1571
 174  1771 180  1871 186  1771 192  1671 196  1571 195  1571 190  1471 179  1371
 164  1271 148  1171 134  1071 126  1071 121  1171 117  1171 113  1271 109  1371
 108  1471 110  1351 117  1251 128  1111 143  1251 160  1351 177  1411 192  1651
 204  1951 215  2011 224  2151 232  2151 237  2111 239  1951 236  1951 227  1911
 212  1751 193  1451 177  1211 166  1351 161  1451 158  1511 156  1651 155  1651
 154  1711 153  1651 154  1451 161  1311 176  1451 195  1651 213  1711
015 146   001 141   001 148   001 152   001 145   001 144   001 153   471
 162   771 171  1071 177  1071 182  1171 186  1171 187  1171 186  1171 182  1071
 174  1071 166  1071 159  1071 154  1071 151  1171 146  1171 140  1171 132  1071
 127  1071 128  1071 133   971 140   971 151   971 159  1071 167  1071 174  1271
 179  1471 181  1671 184  1571 187  1371 189  1271 191  1271 191  1271 186  1271
 176  1271 163  1271 149  1271 139  1271 131  1271 123  1271 115  1271 108  1171
 105  1171 109  1051 119  1051 133   911 150  1051 168  1151 184  1211 196  1351
 204  1551 211  1511 218  1551 224  1651 230  1611 234  1551 235  1651 230  1611
 218  1751 202  1651 187  1611 176  1651 169  1651 164  1611 159  1651 154  1751
 151  1711 150  1651 154  1651 165  1511 185  1551 208  1651 230  1611
027 140   001 141   001 143   001 151   001 153   001 165   001 178   471
 188   771 195   971 201  1171 205  1271 205  1371 201  1371 194  1271 184  1271
 172  1271 160  1171 151  1071 144  1171 138  1271 134  1371 129  1371 124  1471
 123  1471 127  1271 135  1171 146   971 159  1271 171  1471 182  1771 192  1571
 199  1571 205  1471 210  1571 212  1571 212  1671 208  1571 200  1371 189  1271
 173  1271 155  1071 140  1071 131  1171 126  1371 122  1471 118  1571 115  1571
 114  1671 118  1451 127  1251 141  1011 159  1251 179  1651 199  1811 216  1951
 231  1951 243  1911 253  1851 260  1751 263  1711 261  1551 254  1451 240  1211
 219  1251 197  1351 179  1311 169  1451 166  1551 163  1611 159  1751 154  1851
 151  1911 153  1751 158  1451 167  1211 177  1551 188  1751 197  2011
070 134   001 139   001 152   001 160   001 176   001 189   001 195   471
 200   771 204   871 206   971 207  1271 208  1271 207  1371 204  1371 198  1371
 188  1371 176  1471 165  1571 158  1571 154  1671 150  1671 145  1771 140  1871
 137  1971 138  1771 142  1471 150  1271 161  1271 174  1171 186  1171 195  1171
 202  1271 208  1371 213  1471 217  1571 220  1671 220  1571 216  1571 206  1571
 189  1571 170  1571 152  1671 140  1771 132  1771 125  1771 118  1871 112  2071
 110  2171 113  1851 122  1551 136  1211 155  1351 176  1351 196  1411 212  1351
 223  1351 233  1411 241  1451 249  1651 255  1711 260  1751 259  1751 250  1711
 229  1751 204  1751 182  1711 170  1951 164  1951 161  2011 157  2151 152  2351
 148  2511 147  2251 152  2051 165  1711 188  1751 217  1851 244  1811
110 139   001 137   001 143   001 155   001 154   001 159   001 168   471
 172   671 174   871 177   871 181  1171 184  1171 184  1171 181  1071 175  1071
 165   971 154   871 144   771 135   871 129   971 126  1071 125  1071 125  1171
 126  1171 128  1071 132  1071 139   971 149   971 161  1071 172  1071 182  1171
 189  1171 195  1171 199  1171 202  1171 203  1171 202  1171 198  1271 190  1271
 177  1171 163  1171 150  1071 144  1171 141  1271 140  1371 138  1471 137  1471
 136  1571 138  1371 144  1251 157  1011 177  1051 200  1051 221  1011 236  1051
 247  1151 253  1111 257  1151 259  1151 259  1311 256  1351 249  1251 236  1211
 216  1251 195  1151 176  1111 165  1251 159  1451 155  1511 151  1651 147  1751
 145  1811 145  1651 148  1551 154  1311 163  1351 172  1451 181  1411
120 132   001 133   001 145   001 155   001 157   001 153   001 164   571
 173   971 181  1171 187  1371 191  1371 192  1471 191  1471 187  1571 179  1571
 167  1471 154  1471 142  1371 136  1371 132  1271 130  1271 127  1271 125  1271
 124  1271 126  1271 131  1171 138  1171 150  1171 162  1271 176  1271 188  1271
 199  1271 204  1171 205  1271 202  1371 198  1471 193  1571 189  1571 180  1671
 168  1571 156  1571 146  1471 140  1471 137  1471 135  1471 132  1471 130  1371
 128  1371 130  1371 136  1251 148  1211 167  1251 189  1251 211  1211 229  1351
 243  1351 252  1411 258  1551 260  1751 261  1811 260  1951 256  1951 245  2011
 227  1851 206  1751 187  1511 175  1551 169  1551 164  1511 158  1551 153  1551
 149  1511 148  1551 151  1451 157  1411 166  1451 176  1551 186  1511
130 139   001 140   001 148   001 158   001 168   001 172   001 183   471
 192   771 200   971 207  1071 211  1571 212  1771 211  1671 207  1571 198  1471
 185  1271 168  1171 154   971 142  1071 135  1271 129  1371 124  1371 120  1471
 119  1471 121  1371 126  1171 136  1071 150  1171 167  1371 183  1471 194  1471
 204  1471 212  1471 220  1671 226  1971 230  2171 231  2071 228  1971 218  1871
 204  1671 187  1371 170  1171 157  1271 147  1371 139  1471 132  1571 128  1771
 127  1871 128  1671 135  1451 148  1211 169  1451 193  1651 217  1911 237  1751
 252  1651 264  1511 272  1951 279  2051 284  2311 289  2351 291  2251 284  2111
 267  1951 244  1651 220  1411 201  1551 186  1551 175  1611 166  1751 160  1951
 156  2011 155  1851 158  1551 165  1311 177  1551 190  1751 202  1911
145 136   001 135   001 139   001 156   001 169   001 166   001 175   671
 183   671 190   871 196   871 202   971 206  1071 208  1171 207  1371 202  1471
 196  1371 186  1271 177  1171 168  1171 162  1171 153  1171 143  1171 135  1071
 130  1071 132  1171 138  1171 148  1271 161  1271 173  1271 185  1271 192  1271
 199  1171 206  1171 213  1271 219  1171 223  1271 224  1371 220  1571 213  1671
 203  1671 190  1571 176  1471 163  1471 152  1371 142  1371 133  1271 126  1271
 123  1171 126  1151 133  1251 146  1211 163  1251 181  1351 199  1311 214  1351
 226  1351 237  1311 247  1451 257  1651 265  1711 270  1951 271  2051 265  2211
 250  2151 231  1951 211  1811 195  1751 183  1651 173  1511 166  1551 161  1451
 159  1411 161  1551 167  1551 177  1611 191  1651 208  1751 223  1711
149 144   001 146   001 150   001 157   001 183   001 194   001 201   371
 208   571 213   671 217   671 221  1071 223  1171 225  1171 225  1071 221  1071
 213  1071 200  1071 187  1071 177  1071 170  1171 162  1171 153  1171 145  1271
 140  1271 141  1171 147  1071 157   971 173  1071 187  1071 201  1171 210  1071
 216   971 222   971 227  1071 232  1271 237  1371 240  1371 239  1371 232  1371
 219  1271 203  1371 187  1271 175  1271 165  1371 155  1371 145  1371 135  1371
 130  1371 130  1271 137  1051 151   911 171  1051 193  1151 214  1211 229  1251
 241  1151 250  1111 259  1351 268  1651 276  1811 283  1751 286  1751 281  1611
 265  1651 242  1651 220  1611 203  1651 191  1651 181  1611 172  1651 165  1651
 161  1611 162  1551 169  1351 181  1211 199  1351 220  1551 240  1611
156 130   050 136   030 148   050 164   050 179   050 188   001 191   671
 196   771 201   771 207   971 213   971 217  1171 221  1171 222  1071 220  1071
 214  1071 206  1171 197  1171 190  1071 183   971 178   871 171   871 164   871
 159   871 156   871 158   871 164   871 177   971 191  1171 205  1271 214  1171
 221  1071 226  1071 231  1071 234  1171 237  1271 238  1271 236  1371 230  1371
 220  1471 208  1371 195  1371 183  1271 175  1171 166  1071 160  1071 153   971
 148   971 145   971 147   951 156   911 173  1151 195  1251 216  1411 232  1351
 243  1351 253  1211 262  1351 271  1551 279  1611 285  1651 286  1751 282  1711
 270  1751 254  1851 237  1811 222  1651 210  1551 200  1311 193  1351 188  1251
 184  1211 182  1251 183  1351 190  1311 205  1551 223  1651 242  1811
168 164   001 164   001 169   001 178   001 191   001 200   001 209   471
 215   571 221   771 224   871 225  1171 224  1171 225  1271 225  1371 220  1471
 208  1671 191  1771 177  1871 164  1771 154  1571 145  1471 137  1571 131  1571
 129  1671 133  1471 143  1271 156  1071 173  1071 188  1071 203  1071 216  1171
 225  1271 231  1371 235  1471 237  1471 238  1571 239  1671 236  1671 226  1771
 206  1871 183  1871 161  1871 145  1771 133  1671 123  1571 114  1671 108  1771
 107  1871 114  1651 127  1351 146  1111 169  1251 194  1451 216  1511 234  1551
 247  1451 257  1411 264  1451 269  1551 275  1511 281  1651 282  1751 272  1811
 247  1851 214  1951 185  1911 167  1951 158  1851 151  1811 143  1951 137  2151
 134  2211 139  2051 151  1751 171  1511 198  1651 228  1851 256  1911
180 166   001 164   001 169   001 177   001 178   001 190   001 203   471
 211   771 218   771 223   971 227  1271 228  1471 225  1571 218  1771 209  1771
 200  1671 191  1671 182  1571 175  1671 170  1671 163  1771 155  1671 149  1571
 146  1471 149  1371 155  1271 165  1171 175  1271 185  1471 195  1671 202  1571
 210  1571 217  1671 224  1771 229  1871 231  1971 227  1971 219  1971 206  1971
 192  1971 176  1771 161  1571 149  1671 139  1671 130  1771 121  1671 114  1671
 111  1571 115  1451 125  1351 140  1211 158  1551 178  1851 196  2111 212  1951
 225  1951 236  1711 246  1851 254  1951 259  2011 260  2051 256  2151 245  2111
 226  2051 203  1851 182  1811 166  2051 155  2051 146  2111 138  2151 132  2051
 131  2011 137  1951 150  1851 168  1711 191  2051 217  2351 241  2611
190 182   001 179   001 180   001 196   001 206   001 212   001 222   771
 228  1071 233  1171 238  1271 242  1571 243  1771 240  1971 233  1971 223  2071
 210  1871 197  1771 187  1571 181  1571 175  1371 170  1371 162  1471 155  1471
 151  1571 154  1471 161  1471 171  1371 180  1471 189  1571 198  1671 206  1971
 213  2171 221  2271 228  2471 234  2671 237  2771 236  2571 229  2571 217  2571
 199  2271 180  1871 164  1571 152  1571 143  1671 134  1671 124  1671 116  1671
 113  1671 119  1551 132  1551 148  1411 164  1651 179  1751 194  2011 208  2051
 220  2151 232  2311 242  2451 250  2651 256  2611 258  2651 255  2551 244  2411
 225  2151 202  1951 181  1611 166  1651 156  1751 148  1711 140  1751 134  1851
 133  1811 140  1851 153  1751 171  1711 191  1851 213  1951 234  2011
222 143   001 143   001 159   001 177   001 179   001 188   001 202   571
 208   771 212   871 214   971 217  1171 218  1171 216  1271 210  1171 201  1171
 190  1071 175  1071 162   971 152  1071 147  1271 141  1371 134  1371 127  1371
 123  1371 123  1271 129  1071 139   971 156  1171 175  1371 192  1571 206  1571
 216  1671 225  1671 234  1771 240  1771 245  1871 246  1571 243  1371 233  1271
 218  1171 200   971 183   871 171  1071 162  1171 157  1371 151  1471 146  1471
 144  1571 145  1371 151  1251 164  1011 185  1251 209  1351 232  1511 248  1551
 260  1551 271  1511 283  1751 294  1851 302  2011 305  1951 302  1751 290  1511
 269  1451 244  1351 220  1211 203  1351 191  1351 182  1411 174  1551 168  1551
 163  1611 161  1551 163  1351 170  1211 182  1451 197  1751 209  1911
240 127   001 129   001 148   001 167   001 178   001 192   001 201   571
 211   871 219  1171 224  1171 227  1271 228  1271 227  1271 224  1271 216  1271
 204  1271 190  1171 177  1171 166  1171 157  1071 149  1071 140  1071 132  1071
 127  1071 126   971 130   971 141   871 159  1071 180  1271 200  1471 214  1471
 224  1671 231  1771 238  1771 244  1671 249  1671 252  1571 250  1571 242  1671
 226  1471 208  1271 188  1071 175  1171 165  1171 158  1271 150  1271 146  1371
 142  1371 141  1271 145  1151 157  1011 178  1251 204  1551 229  1711 247  1851
 260  2051 271  2011 281  2051 291  1951 299  1811 305  1851 305  1851 295  1911
 273  1751 246  1551 221  1311 204  1451 194  1451 187  1511 179  1551 172  1651
 167  1611 165  1551 168  1451 177  1311 191  1551 209  1751 226  1911
255 135   001 132   001 146   001 160   001 172   001 183   001 192   571
 204   771 214   771 222   871 225  1371 227  1671 227  1671 225  1671 220  1671
 213  1471 205  1271 196  1171 187  1171 178  1171 171  1271 163  1171 155  1171
 149  1071 145  1071 146   971 152   971 165  1071 182  1171 198  1271 211  1371
 221  1271 229  1371 235  1671 240  1771 243  1971 245  1971 244  1971 238  1971
 227  1671 212  1471 197  1271 185  1171 174  1271 165  1271 156  1271 149  1371
 144  1371 142  1271 146  1251 157  1111 177  1451 201  1551 225  1811 244  1751
 258  1551 269  1511 277  1751 283  1851 290  2011 297  2051 300  2051 296  2011
 281  1751 259  1551 237  1211 218  1351 204  1551 192  1611 182  1651 175  1551
 170  1511 169  1451 173  1351 184  1211 203  1551 226  1751 247  2011
260 148   001 141   001 147   001 159   001 169   001 183   001 200   471
 212   671 222  1071 230  1071 236  1371 239  1471 240  1351 237  1371 229  1271
 216  1471 200  1571 184  1771 172  1771 162  1971 153  1971 145  1971 139  2071
 137  2071 140  1771 147  1471 158  1171 172  1171 187  1071 201  1171 213  1171
 224  1371 232  1371 238  1471 243  1671 247  1771 249  1671 247  1571 237  1471
 217  1671 192  1671 168  1771 152  1871 141  1871 133  1971 126  2071 121  2271
 120  2371 126  1951 138  1551 156  1111 180  1351 206  1551 229  1711 247  1751
 259  1751 269  1611 277  1651 285  1651 293  1611 300  1651 300  1551 288  1611
 260  1751 225  1651 193  1711 174  1851 164  2051 158  2111 151  2351 146  2451
 146  2611 155  2251 170  1751 190  1311 212  1451 234  1651 254  1711
280 194   001 184   001 183   001 188   001 197   001 207   001 219   371
 229   771 238   871 245   971 251  1271 252  1371 249  1271 242  1271 231  1171
 218  1171 205  1271 196  1271 189  1271 184  1271 178  1271 169  1271 159  1271
 153  1271 154  1271 161  1171 172  1171 184  1271 196  1371 208  1371 218  1371
 226  1471 235  1471 245  1671 254  1771 259  2071 258  1971 250  1771 237  1671
 219  1571 199  1471 182  1271 170  1371 161  1471 153  1571 143  1571 135  1471
 131  1471 134  1371 144  1251 159  1111 178  1451 198  1551 217  1811 234  1751
 248  1551 261  1411 272  1551 282  1551 289  1611 293  1551 292  1551 281  1411
 260  1351 233  1351 209  1311 192  1451 182  1451 173  1511 164  1551 156  1651
 154  1611 159  1651 172  1551 190  1511 212  1751 236  1951 260  2111
299 219   001 214   001 185   001 189   001 191   001 211   001 215   471
 220   771 227  1071 234  1271 239  1571 241  1771 241  1971 237  1871 228  1871
 215  1771 200  1571 185  1471 177  1471 174  1371 171  1371 166  1471 161  1471
 158  1571 159  1471 164  1471 171  1371 179  1471 189  1471 197  1471 204  1571
 210  1671 216  1871 223  2071 229  2371 233  2671 234  2771 231  2471 221  2471
 206  2271 187  1971 168  1771 153  1671 142  1571 134  1471 126  1471 120  1571
 118  1571 122  1551 132  1551 145  1511 161  1651 178  1851 195  1911 210  1951
 223  2051 234  2011 243  2251 249  2351 254  2511 257  2451 255  2351 245  2211
 225  1951 200  1851 177  1511 161  1551 152  1551 146  1511 141  1651 138  1651
 139  1711 144  1751 155  1751 172  1711 194  1951 219  2151 244  2311
434 135   001 133   001 139   001 148   001 157   001 170   001 178   371
 186   571 196   771 205   771 209   971 211   971 211   971 207  1071 200  1071
 189   971 178   971 167   871 160   871 156   971 152   971 146  1071 140  1071
 135  1171 133  1171 136  1171 143  1171 156  1271 170  1371 186  1371 201  1371
 212  1271 222  1271 228  1371 232  1171 235  1171 236  1171 235  1271 230  1271
 219  1271 207  1271 195  1071 187  1071 182  1071 178  1071 172  1171 166  1171
 161  1271 158  1271 160  1151 170  1111 189  1351 213  1451 236  1611 253  1751
 266  1851 277  1811 288  1851 297  1651 305  1611 309  1551 309  1551 301  1511
 286  1551 266  1451 248  1411 235  1451 225  1451 216  1411 206  1451 196  1551
 187  1511 180  1451 177  1451 179  1311 188  1451 201  1551 214  1611
460 173   001 171   001 171   001 178   001 176   001 193   001 214   571
 224   871 233   971 241  1071 248  1171 251  1271 248  1371 241  1471 231  1671
 221  1671 209  1471 199  1371 192  1471 188  1571 182  1671 175  1671 168  1771
 163  1771 163  1571 166  1471 174  1271 185  1371 198  1571 212  1671 225  1671
 236  1671 245  1671 251  1771 255  1671 256  1671 255  1771 252  1771 244  1871
 230  1771 215  1671 201  1571 190  1671 179  1671 169  1771 157  1771 147  1771
 141  1771 143  1671 152  1451 167  1311 187  1651 210  1851 232  2111 251  2051
 268  1851 281  1611 291  1651 299  1551 306  1511 311  1651 311  1751 302  1811
 282  1751 256  1651 232  1511 216  1651 206  1651 198  1611 190  1651 183  1751
 180  1711 184  1651 194  1451 209  1311 227  1751 245  2051 263  2411
481 215   001 221   001 202   001 196   001 189   001 189   001 211   471
 225   671 234   871 242   971 248  1271 253  1371 255  1371 254  1371 247  1371
 237  1571 222  1571 211  1671 204  1571 202  1471 198  1371 191  1371 184  1271
 178  1271 176  1271 177  1171 183  1171 192  1271 201  1471 212  1571 223  1571
 232  1571 240  1571 247  1571 252  1471 255  1471 256  1471 255  1571 249  1671
 237  1871 224  1871 211  1771 201  1671 191  1571 184  1371 177  1371 170  1271
 165  1271 163  1251 165  1251 173  1211 186  1551 204  1651 222  1911 239  1751
 255  1751 268  1611 279  1451 289  1551 296  1411 301  1651 302  1651 297  1611
 284  1651 266  1651 249  1611 236  1551 226  1651 218  1511 210  1551 204  1451
 201  1411 202  1451 208  1351 219  1311 236  1651 255  2051 274  2311
497 201   001 203   001 223   001 230   001 242   001 242   001 234   771
 238  1371 247  1771 254  1671 259  1871 258  1771 249  1771 233  1771 214  1871
 197  1771 182  1571 170  1371 161  1371 155  1371 150  1371 146  1371 142  1371
 139  1371 138  1251 140  1171 147  1071 160  1171 180  1471 198  1571 215  1871
 230  2071 244  2371 256  2271 264  2271 264  1971 253  1971 237  2071 217  2071
 200  1871 187  1671 176  1471 166  1471 157  1371 150  1371 142  1371 136  1371
 132  1371 133  1251 139  1251 151  1111 170  1451 193  1751 218  2011 242  2251
 263  2351 280  2411 292  2351 297  2251 294  2211 284  2151 268  2151 249  2111
 231  1951 213  1751 198  1511 185  1551 175  1451 166  1411 159  1451 154  1551
 152  1511 154  1451 160  1351 174  1211 195  1451 221  1651 247  1811
510 168   001 167   001 175   001 199   001 208   001 212   001 222   671
 231   971 237  1071 241  1071 242  1271 241  1171 237  1271 229  1271 219  1371
 207  1371 194  1271 182  1271 173  1271 167  1271 161  1271 156  1171 151  1071
 149   971 150  1071 155  1071 166  1171 182  1271 201  1371 219  1571 232  1571
 242  1671 250  1771 259  1671 268  1571 274  1471 277  1471 275  1571 267  1571
 254  1571 236  1571 218  1571 203  1471 192  1471 185  1371 179  1371 175  1271
 172  1271 170  1271 173  1251 183  1211 204  1451 230  1851 257  2011 279  2151
 297  2151 311  2111 323  2051 331  1751 337  1611 339  1751 335  1851 322  1911
 300  1951 272  1651 246  1511 226  1651 212  1551 202  1511 195  1451 190  1451
 188  1311 188  1351 192  1251 199  1211 211  1451 224  1751 235  1911
579 221   001 230   001 257   001 268   001 277   001 292   001 299   371
 304   471 307   571 309   771 308  1171 304  1471 297  1371 287  1371 275  1271
 263  1171 252  1171 242  1071 232  1171 222  1171 213  1271 204  1371 196  1571
 192  1671 193  1571 198  1371 208  1271 221  1271 235  1271 250  1271 265  1271
 279  1371 289  1371 295  1471 297  1671 295  1711 289  1551 279  1651 269  1511
 259  1451 249  1251 239  1011 229  1151 219  1251 210  1311 201  1451 194  1651
 190  1711 190  1551 196  1451 207  1211 224  1251 245  1351 267  1311 287  1351
 303  1351 315  1311 322  1551 325  1551 324  1711 320  1651 313  1551 300  1411
 282  1351 261  1251 242  1011 228  1251 217  1351 209  1511 201  1651 195  1851
 192  1911 194  1751 203  1451 218  1211 240  1351 265  1451 289  1511
588 184   001 190   001 221   001 251   001 279   001 292   001 296   571
 301   871 307  1071 311  1371 311  1771 306  1971 298  2151 287  2251 273  2411
 259  2151 245  1951 232  1611 220  1551 208  1551 198  1411 189  1551 181  1551
 177  1611 177  1571 182  1371 192  1271 208  1371 227  1671 245  1771 261  1671
 275  1671 287  1571 297  1771 304  1971 307  2171 305  2371 297  2571 283  2771
 264  2471 244  2071 226  1771 211  1671 200  1671 192  1571 185  1571 180  1571
 177  1571 178  1551 183  1451 195  1411 213  1651 235  1851 256  2011 274  1951
 287  1851 297  1711 303  1951 306  2251 307  2411 305  2551 299  2651 288  2711
 270  2451 250  2051 230  1711 214  1651 203  1551 193  1411 185  1551 179  1551
 177  1611 180  1551 188  1451 203  1311 225  1751 250  2051 274  2411
621 183   001 181   001 184   001 169   001 164   001 165   001 175   571
 187   871 198  1071 208  1271 215  1371 219  1571 219  1671 215  1771 208  1871
 198  1671 187  1471 178  1371 170  1371 164  1271 159  1171 156  1171 153  1071
 150  1071 147   971 147   971 151   871 161  1171 174  1671 187  1971 198  2171
 207  2071 216  2171 227  2171 238  1971 247  1971 253  1971 253  2071 246  2171
 230  1871 210  1571 191  1371 178  1271 170  1271 165  1171 161  1171 156  1271
 152  1271 148  1171 149  1051 160   911 185  1351 217  1651 247  2111 269  2251
 283  2251 294  2311 303  2351 309  2151 312  2111 310  2151 302  2051 287  2111
 266  1751 243  1451 222  1211 207  1251 197  1151 190  1111 185  1151 182  1151
 179  1111 177  1051 178   951 180   811 185  1251 192  1651 199  2011
630 196   001 198   001 200   001 204   001 195   001 205   001 214   471
 224   871 233   971 242   971 250  1371 257  1271 258  1171 254  1271 248  1271
 239  1271 228  1271 219  1271 210  1171 202  1171 194  1071 186  1071 179   971
 173   971 169   971 168   871 173   871 183   971 199   971 212  1171 223  1271
 232  1471 241  1471 250  1371 259  1371 266  1171 269  1271 268  1371 263  1471
 253  1471 241  1471 228  1371 216  1271 206  1171 196  1071 187  1071 178   971
 172   971 168   971 170   951 180   911 199  1151 224  1451 250  1611 272  1651
 290  1651 305  1611 317  1551 327  1451 333  1311 336  1551 333  1651 323  1711
 305  1651 282  1651 260  1511 242  1351 228  1251 217  1011 209  1051 203   951
 199   911 198   951 199  1051 204  1011 212  1151 222  1251 232  1311
643 245   001 246   001 253   001 266   001 280   001 289   001 298   371
 307   671 314   971 317  1171 319  1371 317  1571 313  1571 305  1571 293  1571
 278  1471 263  1271 249  1171 239  1171 232  1271 225  1271 216  1271 209  1371
 204  1371 203  1371 206  1371 215  1371 228  1271 245  1271 264  1171 280  1171
 297  1171 310  1171 320  1371 326  1471 328  1671 326  1671 320  1671 308  1671
 291  1571 271  1371 254  1271 242  1271 234  1271 227  1271 218  1271 210  1371
 204  1371 203  1351 207  1451 219  1411 239  1451 262  1351 283  1311 298  1351
 308  1351 312  1311 312  1451 309  1551 303  1711 296  1651 287  1751 277  1811
 266  1651 255  1451 246  1311 239  1451 233  1451 227  1511 221  1551 215  1451
 212  1411 213  1451 219  1451 231  1411 250  1451 273  1551 294  1511
645 228   001 230   001 244   001 260   001 277   001 288   001 300   371
 309   571 314   671 317   971 316  1471 313  1671 307  1671 298  1671 287  1671
 272  1471 258  1371 244  1171 232  1271 224  1371 217  1471 210  1371 205  1371
 202  1271 203  1171 207  1171 216  1071 229  1071 244  1171 261  1171 276  1171
 289  1271 300  1271 308  1471 311  1571 311  1771 306  1771 297  1771 284  1771
 269  1671 254  1471 241  1171 231  1271 223  1371 217  1471 211  1371 206  1371
 203  1271 203  1251 208  1151 220  1111 239  1251 263  1251 284  1311 300  1351
 310  1251 317  1211 321  1351 323  1551 321  1711 316  1751 307  1651 294  1611
 276  1551 257  1451 240  1311 228  1451 220  1451 214  1511 208  1551 204  1451
 202  1411 204  1351 212  1151 227  1011 249  1251 274  1351 298  1511
650 243   001 240   001 245   001 275   001 290   001 303   001 310   471
 315   571 320   671 323   971 325  1071 324  1271 319  1351 309  1451 298  1511
 286  1451 275  1251 264  1111 254  1151 244  1251 235  1211 226  1351 219  1451
 215  1511 215  1451 218  1371 226  1271 238  1271 253  1171 268  1171 282  1171
 295  1071 304  1071 310  1171 312  1271 311  1371 307  1471 300  1471 291  1571
 278  1471 266  1371 254  1171 244  1271 235  1271 227  1371 219  1471 212  1471
 209  1571 212  1551 220  1451 232  1411 247  1351 264  1251 281  1111 297  1151
 309  1051 317  1011 319  1151 317  1151 312  1111 306  1251 299  1451 290  1511
 278  1351 265  1351 253  1111 244  1351 237  1451 231  1511 225  1651 221  1651
 219  1711 221  1551 229  1451 241  1211 259  1251 278  1251 297  1211
675 234   001 242   001 256   001 282   001 305   001 324   001 333   571
 345   671 357   771 366   971 367  1171 362  1271 353  1271 341  1171 326  1171
 310  1271 291  1271 274  1371 259  1471 246  1471 232  1571 217  1571 204  1471
 196  1471 196  1571 204  1571 220  1671 243  1471 269  1371 294  1171 311  1371
 324  1271 331  1371 335  1351 335  1451 333  1411 329  1351 321  1251 309  1111
 291  1251 272  1251 253  1311 239  1451 227  1551 216  1611 204  1651 194  1651
 190  1611 194  1651 207  1751 227  1711 253  1651 280  1451 303  1311 317  1251
 324  1251 327  1111 328  1251 328  1451 326  1511 322  1451 314  1351 303  1211
 287  1251 270  1351 253  1311 239  1451 228  1651 217  1711 206  1751 196  1751
 191  1711 193  1751 204  1651 223  1611 250  1651 281  1551 309  1511
690 242   001 244   001 261   001 275   001 277   001 280   001 289   271
 297   471 301   371 304   371 307   571 308   671 305   871 299   871 290   971
 282   971 273   971 267   971 261  1071 258  1071 254  1171 250  1271 245  1271
 243  1371 244  1271 247  1071 253   971 262  1071 272   971 282   971 289   871
 294   771 297   571 297   671 295   771 292   871 288   871 284   971 279   971
 274  1071 269  1071 264   971 260  1071 258  1071 255  1171 251  1171 249  1271
 248  1271 251  1171 256  1051 263   911 270  1051 278  1051 285  1111 291   951
 296   951 299   711 299   851 298   751 295   911 291   951 287   951 281  1011
 274  1051 268  1151 263  1111 260  1251 258  1251 256  1311 252  1351 249  1351
 247  1311 249  1251 253  1251 260  1111 268  1151 276  1151 284  1111
747 230   001 229   001 235   001 245   001 250   001 261   001 276   371
 284   671 287   871 288  1071 286  1371 283  1571 280  1771 276  1771 271  1871
 264  1671 255  1471 245  1171 237  1271 231  1271 224  1271 217  1371 210  1371
 205  1471 202  1271 203  1171 208   971 218  1071 232  1271 249  1371 263  1471
 275  1471 285  1571 292  1571 295  1671 296  1771 295  1871 290  1871 283  1971
 272  1771 260  1571 248  1371 240  1371 234  1271 229  1271 224  1371 218  1371
 214  1471 212  1371 214  1151 222  1011 237  1151 257  1151 276  1311 291  1451
 301  1551 306  1611 306  1751 302  1851 297  1811 293  1851 288  1951 281  1911
 270  1751 257  1451 246  1211 239  1251 234  1251 230  1211 225  1351 220  1351
 216  1411 216  1351 220  1351 228  1211 241  1351 257  1451 273  1511
NT  TEDF  78  35 1
20150708092015070804
20150708092015070805
20150708092015070806
20150708092015070807
20150708092015070808
20150708092015070809
20150708092015070810
20150708092015070811
20150708092015070812
20150708092015070813
20150708092015070814
20150708092015070815
20150708092015070816
20150708092015070817
20150708092015070818
20150708092015070819
20150708092015070820
20150708092015070821
20150708092015070822
20150708092015070823
20150708092015070900
20150708092015070901
20150708092015070902
20150708092015070903
20150708092015070904
20150708092015070905
20150708092015070906
20150708092015070907
20150708092015070908
20150708092015070909
20150708092015070910
20150708092015070911
20150708092015070912
20150708092015070913
20150708092015070914
20150708092015070915
20150708092015070916
20150708092015070917
20150708092015070918
20150708092015070919
20150708092015070920
20150708092015070921
20150708092015070922
20150708092015070923
20150708092015071000
20150708092015071001
20150708092015071002
20150708092015071003
20150708092015071004
20150708092015071005
20150708092015071006
20150708092015071007
20150708092015071008
20150708092015071009
20150708092015071010
20150708092015071011
20150708092015071012
20150708092015071013
20150708092015071014
20150708092015071015
20150708092015071016
20150708092015071017
20150708092015071018
20150708092015071019
20150708092015071020
20150708092015071021
20150708092015071022
20150708092015071023
20150708092015071100
20150708092015071101
20150708092015071102
20150708092015071103
20150708092015071104
20150708092015071105
20150708092015071106
20150708092015071107
20150708092015071108
20150708092015071109
002400180018001800180018001717161716271627162715271535153514311335133512311
33514351431143513351231123512351231123511351131123512351231123512351231113511351
13111351135113111351135113111351135113111351135113111351135113111351135113111351
13511311235123512311235123512311235123512311135113511311135123512311235123512311
005700160018001800180018001817182717271727163715311435133512311335133514311
43515351431143514351331133512351231123512351231123512351231123512351231113511351
13111351135113111351135113111351135113111351135113111351135113111351135113111351
13511311135113511311135113511311135113511311135113511311235123513311335133512311
015800170017001800180018001817181718171727172717371735163516311635163516311
63515351431143513351431143514351531153514351431133513351331143514351431133512351
13111351135113111351135113111351135113111351135113111351135113111351135113111351
13512311235113511311135123512311235123512311235123512311235123511311135113511311
027600160017001800170018001817171717271727163715371435123512311235133513311
33513351331123512351231123512351231133514351531153514351331133512351231123511351
13111351135113111351135113111351135113111351135113111351135113111351135113111351
13511311235123512311235123511311135113511311235133513311435153515311435143513311
070400170017001700150016001717172717271727173717371635153514311335133512311
33513351331133512351231133515351631153513351231113511351231123512351231123512351
13111351135113111351135113111351135113111351135113111351135113111351135113111351
13511311135113511311135113511311135113511311135113511311235123512311335133513311
110700160014001200170018001717172716271627153714371435143513311335133513311
33514351431153516351631153514351331133513351331123512351231113511351131113511351
13111351135123112351235123112351135113112351235123111351135113111351135113111351
13511311135113511311135113511311235133514311435143514311435143514311435133512311
120300140013001400170018001717172716271527142712371235133513311335123512311
23513351431143515351531153514351431133513351231123512351231123512351231113511351
13111351235123112351235123112351235123112351135113111351135113111351135113111351
13511311235123513311335123512311135123512311435153516311635163515311535153515311
130400170016001700160017001717162716271527152714271435143514311335123511311
13512351331133513351431153515351531153513351231123512351231123512351231123512351
23111351135113111351135113111351135113111351135113111351135113111351135113111351
13511311235123512311235113511311135113511311135123512311335143514311435143513311
145300170018001400130018001827172717271727163716271535143513311235113511311
23512351231123512351131113511351231123512351231123512351331133512351231123512351
23111351135113111351135113111351135113111351135113111351135113111351135113111351
13511311135113511311135113511311135113511311235123513311335133513311335133513311
149500130015001600100014001417141714271427152715271535143513311235123511311
23512351331123512351131113511351231123512351231123512351331123512351231123512351
23111351135113111351135113111351135113111351135113111351135113111351135113111351
13511311135113511311135113511311135113511311235123512311335133513311335133513311
156200160017001600110017001717172716271627162716271535143513311335123511311
23512351231123512351131113511351231123512351231123512351231123512351231123512351
23111351135113111351135113111351135113111351135113111351135113111351135113111351
13511311135113511311135113511311135113511311235123512311335133513311335133513311
168700170018001800160016001517151714271427142714271435143514311335123512311
23512351231123512351231123512351231123512351231123512351231123512351231123512351
23111351135113111351135113111351135113111351135113111351135113111351135113111351
13511311135123511311135113511311135113511311235123512311235123512311335133514311
180700160015001400170017001717171717171727172717271735163515311435143514311
43514351431143514351531153516351631153514351231113511351131123512351231123512351
13111351135113111351135113111351135113111351135113111351135113112351135113111351
13511311135113511311135113511311135113511311135113511311235123512311235123512311
190800170016001500130017001617162715271527152715371435143514311335133513311
33513351331143514351431143514351431143514351431133513351231123512351231123512351
23112351135113111351135113111351235123111351135113111351135123112351235113111351
13511311135113511311135113511311135113511311235123512311235123512311235123512311
222700140017001500180018001817172717271627153715371435133512311235123512311
23513351331133512351231123512351231123512351131113511351231123512351231123512351
23111351135113111351135113111351135113111351135113111351135113111351135113111351
13511311135113511311135113511311135123512311235123512311335133513311335123512311
240200140012001100110017001717172717271627163716371535143514311335133513311
33513351331133513351331133512351231123512351231123512351231123513351331133512351
13111351135113111351135113111351135113111351135113111351135113111351135113111351
13511311135113511311135113512311235133514311335133512311235123513311235123512311
255100100014001000140016001617161716271527152715371535133513311335143514311
43513351231113511351231123512351231123512351231113511351131123512351231123511351
13111351135113111351135113111351135113111351135113111351135113111351135113111351
13511311135113511311135113511311235133513311335133513311235123511311135123512311
260200130014001100150017001727162715271427133712371235123512311235133513311
33512351231123511351131113511351231123511351131113511351131113511351131113511351
13111351135113111351135113111351135113111351135113111351135113111351135113111351
13511311135113511311135113511311135113511311135113511311135113511311135113512311
280600150011001300120017001617152715271427132713271235143514311335123511311
23512351331133512351131113511351131113511351131113512351231123512351231123512351
13111351135113111351135113111351135113111351135113111351135113111351135113111351
13511311135113511311135113511311135113511311135113511311135113512311235123512311
299800180018001700180016001517152714271427132713371235123512311335133514311
53515351531153514351331123512351231123512351231123512351231123512351231113511351
13111351135113111351135113111351135113111351135113111351235123112351135113111351
13511311135113511311135113511311135113511311135113511311235123512311235123512311
434700120015001700150017001617141714271427142714271435143513311335123512311
23512351131123512351231123512351231113511351131113511351131113511351131113511351
13111351135113111351135113111351135113111351135113111351135113111351135113111351
13511311135113511311135113511311235123513311435143515311535153514311435133513311
460600170017001800180016001517151714271327132712271135113511311235123512311
23512351231123513351331143514351431133512351231113512351231123512351131113511351
13111351135113111351135113111351135113111351135113111351135113111351135113111351
13511311135113511311135113511311135113511311135123512311335143514311435133513311
481300150014001700170017001617161715271427132712371135113511311135113511311
13512351231123512351131113512351231123511351131113511351131113511351131113511351
13111351135113111351135113111351135113111351135113111351135113111351135113111351
13511311135113511311135113511311135113511311135113512311235123512311235123511311
497100130016001400150017001617152714271427132712271135113511311135123512311
23512351231123512351231123512351231113511351131123512351231133512351231123511351
13111351135113111351135113111351135113111351135113111351135113111351135113111351
13511311135113511311135113511311135113511311135113512311235133513311335123512311
510100120014001400150016001517152714271427143713371235123511311135113511311
13511351131113511351131113512351231123512351131113511351131113511351131113511351
13111351135113111351135113111351135113111351135113111351135113111351135113111351
13511311135113511311135123513311435143515311535153514311435143515311535153515311
579000120010001000100010001017112711271127112711371135113511311135113511311
13511351131113511351131113511351131113511351131113511351131113511351131113511351
13111351135113111351135113111351135113111351135113111351135113111351135113111351
13511311135113511311135113511311135113511311135113511311235123513311235123512311
588000110010001000100010001017111711171127112711371135113511311135103511311
13511351131113511351131113511351131113511351131113511351131113511351131113511351
13111351135113111351135113111351135113111351135113111351135113111351135113111351
13511311135113511311135113511311135113511311235133513311435143514311435143513311
621600170017001700170017001717171716171627162715271435133513311335133513311
33513351331133513351331133512351231123512351231123512351231123512351131113511351
13111351135113111351135113111351135113111351135123112351135113111351135113111351
13511311135113511311135113511311235123512311235133513311335143515311535163516311
630700160017001700180018001717151714271327122712271235123513311335123512311
13511351131123512351331123512351131113511351131113511351131113511351131113511351
13111351135113111351135113111351135113111351135113111351135113111351135113111351
13511311135113511311135113511311235123513311335133514311435143514311435143513311
643000100010001000100010001027102711271127112711271135113511311135113511311
13511351131113511351131113511351131113511351131113511351131113511351131113511351
13111351135113111351135113111351135113111351135113111351135113111351135113111351
13511311135113511311135113511311135113512311235123512311235123512311235123512311
645100100010001000100010001017111711271127112711271135113511311135113511311
13511351131113511351131113511351131113511351131113511351131113511351131113511351
13111351135113111351135113111351135113111351135113111351135113111351135113111351
13511311135113511311135113511311135113511311135113511311135113512311235123512311
650000100010001000100010001017102710271127112711271135113511311135113511311
13510351131123513351331133512351131113511351131113511351131113511351131113511351
13111351135113111351135113111351135113111351135113111351135113111351135113111351
13511311135113511311135113511311135113511311135113511311235123512311235123512311
675000100010001000100010001017101711271127113711271135113511311135113511311
03510351131113512351231123511351131113511351131113511351131113511351131113511351
13111351135113111351135113111351135113111351135113111351135113111351135113111351
13511311135113511311135113511311135113511311135113511311135113511311135113511311
690000100010001000100010001017102711271127112711271135113511311135113511311
13512351231123511351131123512351231123512351131113511351131123512351231113511351
13111351135113111351135113111351135113111351135123112351235123112351135113111351
13511311135113511311135113511311135113511311135113511311235123512311235123512311
747000100010001000110014001417141714271327132713271235123511311135113511311
13511351131113511351131113511351131113511351131113511351131113511351131113511351
13111351135113111351135113111351135113111351135113111351135113111351135113111351
13511311135113511311135113511311135123512311235113512311235123512311235123512311
