20150930091429
T2M TEDF  78  35 1
20150930092015093004
20150930092015093005
20150930092015093006
20150930092015093007
20150930092015093008
20150930092015093009
20150930092015093010
20150930092015093011
20150930092015093012
20150930092015093013
20150930092015093014
20150930092015093015
20150930092015093016
20150930092015093017
20150930092015093018
20150930092015093019
20150930092015093020
20150930092015093021
20150930092015093022
20150930092015093023
20150930092015100100
20150930092015100101
20150930092015100102
20150930092015100103
20150930092015100104
20150930092015100105
20150930092015100106
20150930092015100107
20150930092015100108
20150930092015100109
20150930092015100110
20150930092015100111
20150930092015100112
20150930092015100113
20150930092015100114
20150930092015100115
20150930092015100116
20150930092015100117
20150930092015100118
20150930092015100119
20150930092015100120
20150930092015100121
20150930092015100122
20150930092015100123
20150930092015100200
20150930092015100201
20150930092015100202
20150930092015100203
20150930092015100204
20150930092015100205
20150930092015100206
20150930092015100207
20150930092015100208
20150930092015100209
20150930092015100210
20150930092015100211
20150930092015100212
20150930092015100213
20150930092015100214
20150930092015100215
20150930092015100216
20150930092015100217
20150930092015100218
20150930092015100219
20150930092015100220
20150930092015100221
20150930092015100222
20150930092015100223
20150930092015100300
20150930092015100301
20150930092015100302
20150930092015100303
20150930092015100304
20150930092015100305
20150930092015100306
20150930092015100307
20150930092015100308
20150930092015100309
002  95   001  91   001  86   001  91   001 106   001 123   001 136   471
 148   671 158   671 164   671 167   871 164   971 158   871 149   871 139   771
 133   771 129   871 126   871 123   871 119   871 115   871 111   871 107   971
 103   971  98   971  94  1071  95  1071 101  1071 112   971 123   971 132  1071
 142  1271 148  1371 154  1271 157  1171 157  1071 152   971 145   971 137   871
 131   971 126   971 122  1071 118  1071 115  1071 112  1071 110  1071 107  1071
 104  1071  99  1071  97  1151  99  1111 109  1051 123  1051 136   911 145  1051
 151  1051 155  1111 158  1151 159  1251 157  1211 151  1151 144  1051 136   911
 130  1051 125  1151 121  1211 117  1251 114  1151 111  1111 108  1151 105  1151
 102  1111  98  1151  96  1251  98  1211 105  1151 114  1151 124  1011
005  90   001  86   001  83   001  92   001 110   001 126   001 141   471
 154   771 165   871 172   871 174  1071 170   971 160   971 146   871 132   871
 122   871 116   771 112   771 106   771 101   771  97   771  94   871  90   971
  85  1071  80  1071  76   971  78   971  87   971 103  1171 119  1171 133  1271
 145  1471 154  1571 161  1471 163  1371 160  1271 151  1171 138  1071 126   971
 118   971 113  1071 108  1071 103  1071  98   971  94   971  91  1071  87  1171
  82  1271  75  1171  70  1171  73  1011  86  1151 107  1251 128  1311 145  1351
 158  1351 166  1311 169  1451 168  1451 162  1511 152  1351 140  1251 128  1111
 118  1151 111  1051 105  1011 100  1051  95  1051  92  1011  90  1151  87  1251
  84  1311  79  1351  76  1251  79  1211  91  1351 108  1451 126  1511
015  85   001  84   001  81   001  90   001 109   001 129   001 144   471
 156   671 167   871 174   971 176  1271 173  1371 164  1371 152  1471 139  1371
 130  1171 122  1171 116  1071 111  1071 104  1171  99  1171  95  1171  92  1071
  87  1071  81  1071  77  1071  79  1071  89  1071 105  1171 121  1171 134  1171
 144  1271 153  1271 161  1371 165  1571 164  1671 156  1571 145  1471 132  1371
 121  1271 114  1271 108  1171 102  1271  97  1271  92  1371  88  1371  84  1271
  78  1271  71  1271  66  1271  69  1211  83  1251 104  1351 125  1311 142  1351
 154  1251 162  1111 167  1351 168  1651 164  1711 156  1551 144  1551 133  1311
 124  1251 116  1251 109  1111 103  1251  97  1351  92  1411  88  1451  84  1351
  79  1311  72  1451  68  1451  71  1511  84  1551 104  1651 124  1611
027 103   001  94   001  86   001 101   001 114   001 128   001 140   371
 151   671 162   871 170   971 174  1071 174  1171 169  1071 160   871 150   771
 140   871 133   971 126   971 120  1171 115  1171 111  1271 108  1271 105  1371
 100  1371  93  1471  87  1471  88  1571  98  1471 114  1371 131  1171 143  1171
 153  1271 160  1271 165  1371 167  1371 165  1471 159  1171 151  1071 142   871
 133   971 126  1271 119  1271 113  1271 109  1371 106  1371 104  1471 102  1471
  97  1571  88  1571  81  1671  83  1611  98  1551 121  1551 143  1411 158  1351
 166  1351 171  1111 174  1251 175  1351 172  1411 164  1351 153  1251 142  1111
 132  1251 124  1351 117  1411 111  1451 106  1551 103  1511 101  1551  98  1651
  94  1611  88  1751  85  1751  88  1811 102  1751 122  1751 142  1611
070  83   001  84   001  76   001  91   001 116   001 135   001 143   571
 156   771 169   871 176  1071 179  1371 176  1371 168  1351 156  1251 143  1111
 131  1351 120  1551 111  1611 103  1751  96  1851  91  1811  87  1951  84  2051
  80  2111  75  2051  72  2051  75  1911  87  1751 104  1551 123  1311 139  1351
 152  1451 163  1611 171  1551 175  1551 173  1511 165  1451 152  1451 138  1311
 125  1451 113  1551 103  1711  94  1851  87  1951  81  1911  76  2051  71  2151
  65  2211  57  2251  53  2151  58  2111  77  1851 103  1751 130  1411 150  1451
 164  1551 174  1611 180  1651 182  1651 178  1611 168  1651 154  1551 138  1511
 123  1551 111  1651 101  1611  94  1851  90  1851  86  1911  82  2051  78  2151
  73  2211  69  2151  68  2151  75  2111  92  1951 115  1851 138  1611
110 106   001 103   001 100   001 106   001 132   001 148   001 159   471
 168   671 176   871 181   771 182   971 178   871 168   771 155   671 143   571
 133   671 126   871 121   971 117  1071 113  1071 110  1171 108  1171 105  1171
 102  1171  97  1271  95  1271  99  1371 112  1271 130  1071 148   971 161   971
 169  1071 174  1071 175   971 173  1071 167  1071 158   971 147   871 134   771
 125   871 119   971 114  1071 111  1171 110  1171 109  1271 107  1271 105  1371
 101  1371  96  1471  93  1451  97  1511 110  1451 129  1251 148  1111 162  1351
 172  1451 179  1511 183  1551 183  1451 180  1411 172  1351 162  1251 150  1011
 138  1051 128  1151 122  1111 120  1251 120  1251 119  1311 115  1351 108  1251
 101  1211  95  1351  92  1451  96  1511 108  1451 124  1451 141  1311
120 113   001 107   001  97   001 112   001 127   001 135   001 142   871
 151  1071 158  1171 164  1071 165  1071 163   971 157   971 149   871 143   871
 138   871 134   971 130   971 125   971 120   871 115   871 112   871 109   971
 105   971 100  1071  96  1071  99  1171 110  1071 125   971 140   871 149   971
 154  1171 157  1171 159  1071 160  1071 158   971 151   871 142   771 134   671
 130   771 126   971 124  1071 120  1071 116  1071 112  1071 110  1171 108  1171
 105  1271 100  1271  96  1351  99  1311 110  1151 127  1051 143   811 154   951
 161  1151 166  1211 169  1251 170  1251 168  1211 162  1251 153  1151 145  1111
 139  1151 134  1151 130  1111 126  1151 121  1051 118  1011 116  1151 113  1151
 109  1211 102  1351  97  1351  98  1411 109  1251 125  1151 142   911
130  99   001  90   001  79   001 101   001 120   001 137   001 149   471
 166   771 180   871 189   771 192  1071 188  1071 179  1071 166   971 154   971
 143   871 133   871 125   771 118   871 112   971 106  1071 101  1071  95  1171
  88  1171  80  1171  76  1171  78  1171  91  1171 110  1371 132  1371 151  1371
 166  1271 177  1271 182  1371 181  1371 176  1471 167  1371 157  1171 145  1071
 133   971 124   871 116   871 111   971 107   971 104  1071 101  1171  98  1371
  93  1471  86  1471  82  1371  86  1311 100  1351 122  1351 145  1311 165  1251
 180  1251 191  1111 197  1251 199  1451 195  1511 187  1351 176  1351 163  1011
 151  1051 139  1051 130  1011 123  1051 117  1151 113  1111 109  1251 103  1351
  97  1411  89  1451  84  1551  85  1511  96  1551 114  1651 134  1611
145  88   001  87   001  85   001  95   001 111   001 120   001 135   671
 150   771 161   871 169   871 173  1071 172  1171 166  1171 155  1071 143  1071
 132  1071 123  1071 116  1071 110  1071 104  1171  99  1171  94  1171  89  1271
  84  1271  78  1271  74  1171  76  1171  85  1171  99  1271 114  1271 127  1271
 139  1271 149  1271 156  1471 161  1471 160  1671 154  1571 146  1371 136  1371
 126  1271 118  1271 111  1171 106  1271 102  1271  98  1371  94  1371  90  1471
  84  1471  76  1471  71  1371  74  1311  88  1351 110  1251 132  1211 150  1351
 162  1351 171  1411 176  1651 178  1751 174  1911 165  1751 154  1651 142  1411
 132  1451 124  1351 117  1311 111  1351 106  1351 101  1311  97  1351  94  1351
  90  1311  86  1451  84  1451  89  1511 102  1651 120  1651 138  1711
149  86   001  81   001  78   001  96   001 112   001 127   001 140   371
 154   671 166   871 176   871 181  1171 180  1171 173  1171 162  1071 148  1071
 137  1071 128  1071 121  1071 114  1071 106   971 100   971  95  1071  90  1171
  85  1271  79  1171  75  1171  77  1071  87  1171 103  1171 120  1271 132  1171
 144  1171 154  1171 163  1271 168  1471 168  1471 162  1471 152  1371 140  1271
 130  1171 123  1271 115  1171 108  1171 101  1071  96  1071  92  1171  89  1271
  83  1371  75  1371  70  1271  73  1211  89  1251 112  1351 136  1311 155  1451
 168  1451 177  1511 183  1651 184  1851 181  1911 172  1851 160  1651 148  1511
 137  1451 128  1351 121  1211 115  1251 110  1151 105  1111  99  1251  93  1351
  87  1411  82  1451  81  1551  87  1511 103  1651 124  1651 145  1711
156 100   001 100   001  97   001 100   001 112   001 133   001 147   571
 159   771 171   771 179   971 182   971 181  1071 174  1071 164   971 155   971
 147   971 140   871 133   871 126   871 118   771 113   771 108   871 104   871
  99   971  93   971  88   971  89   971  98  1071 112  1271 127  1371 141  1271
 151  1171 160  1171 168  1171 172  1371 171  1471 165  1371 156  1271 146  1171
 138  1171 134  1071 128   971 122   971 116   971 111   971 106   971 102   971
  96   971  89   971  84   971  87   911 101  1051 122  1151 144  1211 162  1351
 176  1351 184  1411 187  1551 186  1751 181  1811 173  1651 163  1551 154  1311
 147  1251 140  1251 135  1111 130  1151 125  1151 120  1111 116  1151 112  1051
 107  1011 101  1151  97  1151 100  1211 112  1451 130  1551 149  1711
168  87   001  77   001  72   001  89   001 110   001 127   001 145   371
 160   571 173   771 183   871 189  1371 188  1471 179  1371 163  1371 147  1271
 134  1471 124  1571 116  1671 108  1671 102  1771  96  1771  91  1771  86  1871
  80  1871  73  1871  69  1771  71  1771  82  1671  98  1471 117  1371 132  1371
 145  1571 157  1571 168  1571 175  1671 176  1671 169  1671 155  1771 142  1771
 130  1771 119  1871 109  1771 100  1771  91  1771  85  1771  81  1871  78  1971
  74  2071  67  1971  62  1971  66  1811  83  1751 107  1551 133  1411 154  1551
 170  1751 182  1811 190  1951 193  2051 190  2111 179  2051 163  1951 147  1811
 133  1751 122  1751 112  1611 104  1751  98  1751  93  1811  90  1951  88  1951
  86  2011  83  2051  82  1951  88  1911 104  1851 127  1851 150  1711
180  75   001  65   001  74   001  92   001 119   001 134   001 144   471
 156   771 167   971 173  1071 174  1271 170  1471 161  1571 147  1571 133  1571
 120  1571 110  1671 101  1671  96  1671  92  1571  89  1571  86  1571  83  1571
  79  1571  74  1471  72  1371  75  1271  86  1271 102  1271 119  1271 135  1471
 147  1571 157  1871 165  1771 169  1771 167  1771 157  1571 143  1671 127  1571
 114  1571 103  1771  95  1671  89  1671  84  1571  81  1571  78  1571  75  1571
  71  1571  65  1471  62  1371  67  1211  82  1251 105  1151 128  1111 147  1251
 163  1351 174  1411 182  1451 185  1451 181  1411 170  1551 154  1451 137  1511
 121  1551 108  1751  98  1711  92  1851  88  1751  86  1711  84  1651  82  1651
  79  1511  74  1451  73  1251  78  1111  94  1251 117  1351 142  1411
190  82   001  82   001  87   001 107   001 124   001 136   001 152   771
 164   871 173   971 179  1171 181  1471 178  1671 170  1571 157  1471 144  1271
 131  1371 120  1371 112  1471 106  1471 101  1471  96  1471  91  1471  85  1471
  79  1471  74  1371  72  1171  77  1071  90  1171 107  1271 125  1271 141  1371
 154  1571 165  1471 174  1771 180  1851 179  2011 170  1651 156  1551 141  1311
 128  1351 117  1251 108  1211 101  1351  96  1351  91  1411  87  1451  82  1451
  76  1411  70  1351  66  1151  71  1011  86  1251 108  1351 131  1611 150  1451
 165  1351 176  1311 184  1451 187  1551 185  1611 176  1451 163  1151 149  1011
 136  1051 125  1151 116  1111 109  1251 104  1451  99  1511  94  1551  88  1651
  83  1611  79  1551  79  1351  86  1211 102  1351 124  1551 147  1611
222 104   001 100   001  97   001 101   001 114   001 137   001 155   471
 171   671 185   871 195   771 199   971 197   971 189   971 177  1071 165  1071
 152  1171 143  1171 134  1271 126  1271 120  1171 115  1171 111  1171 106  1271
 101  1271  95  1271  90  1171  90  1171  98  1071 112  1071 129  1071 146  1271
 161  1371 173  1671 179  1671 181  1571 178  1571 171  1371 161  1271 150  1271
 137  1271 128  1371 120  1371 114  1371 110  1371 107  1371 105  1371 103  1371
  99  1371  94  1371  91  1271  94  1211 106  1251 124  1051 145  1011 164  1151
 181  1351 193  1411 200  1551 202  1451 198  1511 190  1551 178  1351 166  1211
 155  1351 145  1351 136  1411 129  1351 123  1351 118  1211 114  1251 111  1351
 106  1311 100  1351  95  1451  95  1411 103  1451 117  1451 132  1411
240  87   001  82   001  78   001  85   001 104   001 122   001 141   771
 158   971 173  1171 184  1171 188  1471 186  1471 178  1271 166  1171 153   971
 140   871 130   871 122   771 115   771 109   871 104   871 100   971  95   971
  90  1071  84  1071  80  1171  81  1171  89  1171 101  1371 116  1371 132  1371
 145  1571 156  1671 164  1771 168  1771 166  1871 159  1571 149  1471 138  1371
 130  1271 124  1071 118   971 113   971 108  1071 104  1071 101  1171  99  1171
  94  1271  87  1271  82  1371  84  1311  97  1351 116  1551 138  1511 157  1651
 172  1851 184  1911 192  2051 196  2051 193  2011 184  1851 171  1751 158  1611
 148  1451 139  1351 132  1111 125  1151 118  1151 112  1111 108  1251 105  1351
 101  1411  96  1551  92  1551  94  1611 103  1751 118  1751 135  1811
255  87   001  81   001  72   001  92   001 110   001 126   001 141   671
 157   971 172   971 182   971 186  1171 184  1271 176  1271 165  1371 152  1371
 142  1271 133  1271 125  1271 116  1171 108  1171 101  1171  96  1171  90  1171
  83  1171  74  1271  66  1271  66  1371  77  1371  94  1371 113  1271 126  1271
 137  1171 145  1171 154  1371 160  1671 162  1871 158  1771 149  1671 140  1571
 132  1471 125  1371 118  1371 112  1171 107  1171 102  1071  99  1171  95  1271
  89  1371  80  1371  74  1471  76  1411  90  1451 112  1451 136  1311 156  1451
 171  1351 183  1411 191  1551 195  1451 193  1511 185  1451 172  1551 159  1411
 148  1351 138  1151 130  1011 123  1051 117  1151 113  1111 110  1251 108  1351
 104  1411  98  1551  94  1651  96  1711 107  1751 124  1651 143  1611
260  25   001  27   001  25   001  56   001  98   001 135   001 151   471
 162   871 173  1171 182  1071 184  1371 179  1271 166  1271 148  1371 129  1371
 113  1571  99  1671  87  1871  77  1971  66  2171  58  2271  53  2271  48  2371
  41  2371  34  2171  30  2071  35  1871  52  1671  77  1471 101  1271 120  1471
 135  1671 147  1871 158  1771 165  1571 166  1471 159  1471 147  1471 131  1471
 115  1671 101  1871  90  2071  84  2071  80  2171  77  2271  74  2371  70  2471
  65  2571  58  2471  55  2251  62  2111  83  1851 111  1551 139  1111 160  1451
 174  1551 184  1611 192  1651 196  1551 193  1511 181  1451 163  1451 145  1311
 130  1651 118  1751 109  1911 102  2151  96  2251  93  2411  91  2451  91  2551
  90  2511  89  2451  90  2351  97  2211 113  1951 133  1651 154  1311
280  82   001  75   001  68   001  92   001 110   001 128   001 141   471
 154   871 166  1271 173  1371 176  1571 173  1571 165  1471 154  1371 140  1271
 125  1271 114  1371 103  1371  96  1371  90  1371  86  1371  83  1471  80  1671
  74  1771  66  1671  59  1671  60  1571  72  1571  93  1471 113  1371 131  1571
 144  1771 154  1971 164  2071 171  1971 171  1971 165  1671 152  1371 140  1271
 130  1271 122  1371 114  1271 107  1271 102  1371  97  1371  92  1471  87  1671
  81  1771  75  1771  70  1771  74  1711  89  1651 110  1451 132  1311 150  1451
 163  1451 172  1511 179  1551 182  1651 180  1711 173  1651 163  1451 152  1211
 141  1251 132  1151 124  1211 118  1351 114  1351 111  1411 107  1551 103  1651
  99  1711  95  1651  93  1651  98  1511 112  1551 131  1551 151  1511
299  30   001  25   001  29   001  65   001  86   001 120   001 138   571
 153   871 166  1271 176  1271 180  1471 175  1471 163  1571 146  1371 128  1271
 114  1371 104  1571  95  1671  87  1771  79  1771  73  1871  68  1971  63  1971
  57  2071  50  1971  46  1871  48  1771  60  1671  79  1571 101  1371 121  1471
 139  1571 155  1771 167  1871 172  1871 170  2071 158  1871 141  1571 123  1271
 109  1471 100  1571  93  1771  86  1771  80  1771  76  1771  74  1871  73  1971
  69  2071  61  1971  55  1871  57  1711  72  1651  96  1651 122  1511 143  1551
 160  1551 172  1611 180  1751 183  1751 179  1711 168  1551 152  1351 137  1011
 125  1151 116  1251 109  1311 102  1451  97  1651  92  1711  88  1951  85  2051
  82  2211  78  2151  78  2051  84  1911 100  1851 123  1651 147  1511
434 109   001 112   001 107   001 115   001 132   001 160   001 174   371
 185   471 194   671 199   671 201   871 196   871 185   871 171   971 156   971
 145   971 137   871 131   871 126   871 121   871 117   871 113   871 108   971
 102   971  93   971  86   971  86   971  94   971 108  1071 122  1071 133  1071
 140  1171 146  1271 153  1271 158  1171 158  1071 151  1171 139  1171 129  1271
 120  1271 116  1271 112  1071 111  1071 109   971 109   971 109  1071 108  1071
 105  1171 101  1171  98  1271 100  1211 111  1351 128  1251 146  1211 163  1451
 176  1451 187  1511 194  1551 196  1451 193  1311 184  1351 173  1251 161  1211
 151  1251 144  1251 137  1211 131  1151 126   951 121   811 117   951 114  1051
 110  1111 106  1151 102  1251 103  1211 109  1251 119  1251 130  1211
460  53   001  41   001  54   001  83   001 102   001 128   001 144   571
 163   971 179  1171 189  1171 193  1371 190  1371 181  1271 167  1271 152  1071
 139  1271 128  1471 120  1571 115  1571 109  1471 102  1471  92  1571  81  1771
  67  1871  56  1771  49  1771  52  1671  67  1671  88  1571 110  1571 123  1671
 133  1671 142  1771 151  1871 160  1771 163  1771 158  1571 147  1371 135  1271
 126  1371 119  1571 115  1671 114  1671 112  1671 108  1671 101  1771  92  1971
  82  2071  75  1971  72  1971  77  1811  92  1651 113  1551 136  1311 157  1451
 175  1651 188  1611 196  1651 198  1551 193  1511 182  1351 169  1151 156   911
 148  1151 143  1351 140  1511 137  1651 134  1751 130  1711 125  1951 119  2051
 111  2211 102  2151  96  2151  98  2011 110  1851 129  1651 150  1411
481  71   001  72   001  66   001  80   001  99   001 121   001 139   571
 155   771 170  1071 182  1071 190  1371 191  1371 186  1371 174  1271 162  1271
 149  1271 137  1271 127  1171 115  1271 106  1171 100  1271  94  1271  89  1371
  83  1371  75  1471  69  1471  69  1571  79  1671  92  1771 109  1771 124  1771
 137  1571 149  1571 162  1571 172  1471 177  1471 174  1471 167  1371 157  1471
 148  1471 139  1471 131  1371 125  1471 118  1471 113  1471 110  1471 106  1471
 101  1471  97  1471  93  1571  93  1511 100  1551 111  1551 125  1511 138  1551
 151  1451 163  1411 173  1451 181  1451 183  1411 179  1451 172  1451 163  1311
 155  1351 148  1351 142  1311 137  1351 132  1451 128  1411 125  1551 122  1551
 119  1611 115  1651 113  1551 117  1511 128  1551 144  1651 161  1611
497  74   001  59   001  51   001  50   001 102   001 128   001 154   671
 175   971 188  1071 192  1271 187  1571 175  1671 158  1471 140  1371 123  1271
 111  1271 104  1171  99  1171  93  1271  88  1371  85  1471  84  1571  82  1771
  78  1871  68  1771  59  1571  59  1471  73  1471  94  1571 120  1571 144  1671
 163  1771 175  1871 180  1971 176  1971 165  1771 150  1671 133  1471 118  1471
 109  1371 105  1371 103  1271 100  1471  98  1471  95  1671  93  1771  90  1871
  85  1971  79  1871  75  1671  77  1511  89  1751 109  1751 132  1811 155  1751
 174  1651 187  1511 192  1651 188  1851 176  1911 158  1751 137  1551 121  1411
 113  1351 110  1351 109  1211 107  1351 104  1451 102  1511 101  1651  99  1851
  95  1911  89  1851  85  1651  88  1511 103  1751 125  1851 149  2011
510 139   001 136   001 135   001 144   001 159   001 182   001 197   571
 210   871 222   971 231   871 237  1371 236  1371 230  1271 219  1171 206  1071
 194  1071 182  1171 170  1171 160  1271 150  1271 141  1371 134  1371 127  1371
 120  1371 111  1371 105  1371 107  1371 121  1271 142  1271 164  1171 181  1371
 195  1471 204  1671 209  1571 210  1571 207  1471 198  1271 187  1171 174   971
 162  1071 149  1271 139  1371 130  1471 123  1471 117  1571 113  1571 109  1671
 104  1671  98  1671  95  1571 100  1511 116  1651 138  1551 161  1511 180  1451
 195  1351 206  1211 214  1251 217  1351 215  1211 207  1151 194  1151 179  1011
 165  1151 152  1251 142  1211 135  1451 130  1551 126  1711 123  1751 120  1851
 117  1811 114  1851 112  1751 114  1711 122  1751 134  1751 147  1711
579  89   001  84   001  84   001 120   001 152   001 162   001 182   371
 202   471 215   571 223   771 225  1171 220  1471 209  1271 193  1071 177   871
 163  1071 151  1171 141  1371 133  1471 126  1571 121  1671 118  1671 114  1771
 109  1771 101  1671  96  1671 100  1571 117  1471 142  1571 168  1471 187  1371
 199  1171 209  1071 215  1171 217  1371 214  1471 206  1171 195  1071 182   871
 170  1171 160  1471 152  1571 146  1571 142  1471 139  1471 137  1571 134  1771
 130  1871 125  1771 121  1771 124  1611 135  1451 152  1251 168  1011 180  1151
 188  1151 195  1211 202  1251 206  1151 205  1011 197  1051 185  1051 171   911
 158  1151 147  1451 139  1611 133  1651 130  1751 128  1711 127  1851 125  1951
 122  2011 117  1951 114  1851 117  1711 128  1551 144  1351 162  1111
588  75   001  76   001  68   001  98   001 130   001 147   001 160   471
 177   771 191   971 200  1171 202  1571 197  1671 185  1571 165  1571 146  1471
 132  1471 121  1571 113  1571 106  1671 101  1671 100  1771 101  1771 102  1871
 100  1871  92  1771  85  1571  84  1471  97  1471 116  1471 137  1471 156  1571
 170  1571 181  1671 191  1671 195  1571 191  1471 179  1471 162  1371 147  1371
 137  1471 133  1471 129  1571 126  1671 124  1671 121  1771 120  1771 119  1871
 116  1871 111  1771 107  1651 106  1511 111  1451 120  1451 130  1311 139  1351
 147  1451 154  1411 160  1451 164  1551 164  1511 158  1451 149  1351 140  1211
 132  1351 126  1451 122  1511 119  1651 116  1751 114  1811 113  1851 111  1951
 108  1911 104  1851 101  1651 104  1511 114  1451 129  1451 145  1311
621 107   001 107   001 102   001 111   001 133   001 170   001 185   471
 196   671 203   871 208   971 210  1171 206  1371 196  1371 182  1271 168  1171
 155  1171 145  1171 134  1171 127  1271 120  1271 115  1371 111  1271 109  1271
 103  1171  96  1271  93  1371 100  1471 123  1571 153  1671 183  1771 201  1771
 209  1771 212  1771 211  1771 207  1571 198  1571 183  1471 167  1471 153  1471
 143  1371 136  1371 131  1371 126  1471 122  1471 118  1571 115  1471 112  1271
 107  1171 102  1271  99  1451 104  1511 119  1651 139  1651 159  1811 174  1751
 184  1751 191  1611 195  1451 194  1451 189  1311 178  1451 163  1551 150  1611
 140  1451 133  1351 128  1311 123  1451 119  1551 116  1611 115  1551 115  1451
 113  1311 109  1451 106  1651 109  1711 120  1851 135  2051 150  2111
630 157   001 159   001 150   001 156   001 166   001 186   001 196   471
 204   771 211   771 215   771 216  1071 213  1071 206  1071 195  1171 185  1271
 174  1271 164  1171 156  1071 148  1071 140  1071 133  1071 127  1071 122  1071
 115  1071 107  1071 103  1171 108  1171 126  1171 151  1271 177  1271 197  1271
 211  1371 223  1271 230  1271 234  1171 231  1071 221  1171 206  1171 191  1271
 177  1271 165  1171 155  1171 147  1171 139  1171 134  1171 132  1171 131  1171
 128  1171 125  1171 124  1271 127  1211 137  1151 152  1051 168  1011 182  1151
 195  1251 206  1311 215  1251 221  1251 220  1011 211  1351 198  1451 184  1611
 173  1551 165  1551 158  1411 150  1451 143  1351 137  1311 134  1351 133  1351
 132  1311 129  1451 127  1451 130  1511 139  1551 152  1551 165  1511
643 146   001 146   001 145   001 148   001 150   001 164   001 184   371
 200   571 212   971 218  1171 220  1371 217  1471 208  1271 197   971 185   771
 173   871 162   871 154   971 147  1071 142  1071 137  1171 132  1171 125  1171
 118  1171 110  1171 106  1171 111  1171 129  1071 153  1071 177   971 194   971
 203  1071 209  1071 212  1171 212  1271 209  1371 202  1171 193   971 183   771
 175   871 168   971 162  1071 158  1171 154  1171 150  1271 146  1271 141  1371
 136  1371 132  1371 131  1251 136  1211 148  1151 163   951 178   811 190   951
 198  1151 204  1211 208  1151 209  1251 206  1211 197  1151 185   951 173   811
 164   851 158   951 153  1011 149  1151 145  1251 142  1311 141  1451 141  1451
 141  1511 141  1551 143  1451 148  1411 157  1251 167  1151 177   911
645 138   001 136   001 137   001 147   001 165   001 169   001 188   371
 205   571 217   771 225  1071 227  1371 224  1571 215  1371 197  1071 178   871
 164   971 155  1071 148  1171 143  1271 139  1271 136  1371 133  1371 129  1271
 123  1271 115  1171 111  1171 116  1071 135  1071 162  1171 187  1171 203  1171
 212  1171 217  1171 222  1271 224  1271 221  1371 210  1171 195   971 181   771
 171   971 164  1071 160  1271 156  1371 153  1371 149  1471 145  1471 140  1371
 136  1371 133  1271 132  1251 137  1111 149  1151 164  1151 180  1111 193  1151
 203  1151 211  1111 218  1151 221  1051 217  1011 204   951 185   751 168   611
 156   851 150   951 146  1211 143  1351 141  1551 139  1611 138  1651 136  1651
 135  1611 133  1551 134  1351 138  1211 148  1151 161  1151 173  1011
650 175   001 174   001 168   001 176   001 185   001 193   001 205   571
 215   671 222   871 228   971 230  1071 228  1071 221  1071 210  1171 198  1171
 190  1171 181  1171 173  1171 164  1271 154  1371 147  1471 143  1471 140  1471
 135  1471 127  1471 122  1571 127  1571 146  1471 173  1371 196  1271 210  1171
 217  1171 220  1071 222  1071 222  1171 220  1171 213  1171 204  1071 196  1071
 188  1171 181  1071 175  1071 168  1271 159  1471 154  1671 152  1671 151  1571
 150  1571 146  1571 144  1551 146  1511 154  1451 166  1351 177  1311 183  1251
 187  1051 190   911 194   951 197   951 196   911 189   951 179   951 169   911
 163  1051 159  1051 155  1111 150  1351 145  1551 143  1711 144  1751 146  1751
 147  1711 145  1751 143  1651 146  1611 158  1551 175  1551 192  1411
675 128   001 122   001 123   001 163   001 178   001 185   001 196  1271
 204  1271 210  1271 213  1271 212  1471 209  1471 200  1371 191  1171 180  1071
 173  1171 167  1271 161  1371 153  1571 146  1671 140  1871 137  1971 135  2171
 129  2271 121  2171 114  2171 114  2071 129  1871 152  1771 175  1571 193  1671
 203  1771 209  1671 208  1671 204  1571 198  1571 191  1471 183  1271 176  1171
 168  1271 163  1371 157  1471 152  1671 147  1871 142  2071 138  2171 133  2371
 128  2471 120  2371 115  2271 117  2111 128  1951 144  1751 158  1511 166  1551
 169  1451 172  1411 176  1551 180  1651 181  1711 176  1551 168  1451 160  1211
 155  1351 153  1451 151  1511 148  1751 144  1951 140  2111 136  2251 130  2451
 124  2511 117  2451 113  2451 119  2311 137  2151 162  1851 185  1611
690 132   001 130   001 133   001 150   001 169   001 210   001 218   371
 223   571 226   471 226   471 223   671 218   771 210   871 203   771 196   771
 189   871 184   971 180  1071 176  1071 172   971 168   971 164   971 160   871
 154   871 148   871 144   971 147   971 160  1171 178  1171 194  1271 200  1171
 200  1171 197   971 194   971 193   971 191  1071 189   971 186   871 183   871
 178   971 174  1071 171   971 170   971 170   871 169   871 168   871 164   871
 161   871 156   871 154   871 157   811 166   951 178  1151 188  1211 192  1151
 192  1051 190   911 187  1151 185  1251 184  1411 184  1251 185  1051 184   911
 181   951 178  1151 174  1111 171  1051 170   951 168   911 166   951 164   951
 162   911 159   951 158   851 162   811 172  1051 184  1151 196  1311
747 177   001 178   001 171   001 175   001 173   001 162   001 169   371
 175   571 181   771 186   971 188  1271 189  1371 188  1371 181  1271 173  1171
 165  1171 159  1271 154  1171 150  1271 147  1271 144  1271 141  1371 136  1471
 130  1571 121  1571 116  1671 121  1671 141  1671 169  1471 194  1371 209  1371
 216  1371 218  1371 218  1371 217  1471 212  1571 203  1471 193  1271 182  1171
 174  1271 167  1271 162  1371 158  1371 155  1471 152  1471 149  1571 146  1671
 141  1771 137  1771 135  1851 138  1811 149  1651 165  1551 181  1311 194  1351
 203  1451 209  1411 211  1551 210  1551 207  1511 202  1451 195  1251 187  1111
 179  1251 173  1451 168  1511 166  1551 164  1651 163  1611 160  1751 156  1851
 152  1911 149  1951 149  2051 153  2011 162  1851 175  1751 188  1511
NT  TEDF  78  35 1
20150930092015093004
20150930092015093005
20150930092015093006
20150930092015093007
20150930092015093008
20150930092015093009
20150930092015093010
20150930092015093011
20150930092015093012
20150930092015093013
20150930092015093014
20150930092015093015
20150930092015093016
20150930092015093017
20150930092015093018
20150930092015093019
20150930092015093020
20150930092015093021
20150930092015093022
20150930092015093023
20150930092015100100
20150930092015100101
20150930092015100102
20150930092015100103
20150930092015100104
20150930092015100105
20150930092015100106
20150930092015100107
20150930092015100108
20150930092015100109
20150930092015100110
20150930092015100111
20150930092015100112
20150930092015100113
20150930092015100114
20150930092015100115
20150930092015100116
20150930092015100117
20150930092015100118
20150930092015100119
20150930092015100120
20150930092015100121
20150930092015100122
20150930092015100123
20150930092015100200
20150930092015100201
20150930092015100202
20150930092015100203
20150930092015100204
20150930092015100205
20150930092015100206
20150930092015100207
20150930092015100208
20150930092015100209
20150930092015100210
20150930092015100211
20150930092015100212
20150930092015100213
20150930092015100214
20150930092015100215
20150930092015100216
20150930092015100217
20150930092015100218
20150930092015100219
20150930092015100220
20150930092015100221
20150930092015100222
20150930092015100223
20150930092015100300
20150930092015100301
20150930092015100302
20150930092015100303
20150930092015100304
20150930092015100305
20150930092015100306
20150930092015100307
20150930092015100308
20150930092015100309
002000100010001000100010001117111711271127112711271135113511311135113511311
13511351131113511351131113511351131113511351131113511351131113511351131113511351
13111351135113111351135113111351135113111351135113111351135113111351135113111351
13511311135113511311235123512311235123512311235123512311335133513311335133513311
005000100010001000100010001117112711271127112711371135113511311135113511311
13511351131113511351131113511351131113511351131113511351131113511351131113511351
13111351135113111351135113111351135113111351135113111351135113111351135113111351
13511311135113511311135113512311235123512311235123512311335133514311335133512311
015000100010001000100010001117111711171127112711371135113511311135113511311
13511351131113511351131113511351131113511351131113511351131113511351131113511351
13111351135113111351135113111351135113111351135113111351135113111351135113111351
13511311135113511311135113512311235123513311335133513311335133513311335133512311
027000100010001000100010001117111711271127113711371135113511311135113511311
13511351131113511351131113511351131113511351131113511351131113511351131113511351
13111351135113111351135113111351135113111351135113111351135113111351135113111351
23512311235133513311335143514311435143514311335133512311235123512311235123511311
070000100010001000100010001017102711271127113711371135113511311135113511311
13511351131113511351131113511351131113511351131113511351131113511351131113511351
13111351135113111351135113111351135113111351135113111351135113111351135113111351
13511311135123512311235123512311235123512311235123512311235123513311335123512311
110000100010001000100010001017112711271127113711371135113511311135113511311
13511351131113511351131113511351131113511351131113511351131113511351131113511351
13111351135113111351135113111351135113111351135113111351135113111351235123112351
33513311335123513311335143515311535153514311435153515311635173517311635143513311
120000100010001000100010001017112711271127112711371135113511311135113511311
13511351131113512351231123511351131113511351131113511351131113511351131113511351
13111351135113111351135113111351135113111351235123112351235123112351235123112351
23512311335143514311535153515311535153515311535143514311435153515311535143514311
130000100010001000100010001017112711271127112711271135113511311135113511311
13511351131113511351131113511351131113511351131113511351131113511351131113511351
13111351135113111351135113111351135113111351135113111351135113111351235123112351
23513311435143515311435133513311235123513311335133514311435153515311535153515311
145000100010001000100010001027102711271127113711271135113511311135113511311
13511351131113511351131113511351131113511351131113511351131113511351131113511351
13111351135113111351135113111351135113111351135113111351135113111351135113111351
13512311235123513311335133514311435153516311635163515311535153515311435133513311
149000100010001000100010001017101711271127112711271135113511311135113511311
13511351131113511351131113511351131113511351131113511351131113511351131113511351
13111351135113111351135113111351135113111351135113111351135113111351135113111351
13511311235133513311335133514311535163516311635163515311535153514311435133513311
156000100010001000100010001017102711271127112711271135113511311135113511311
13511351131113511351131113511351131113511351131113511351131113511351131113511351
13111351135113111351135113111351135113111351135113111351135113111351135113111351
13511311235123513311335133514311535163516311635163515311535153515311435133513311
168000100010001000100010001017101711271127112711271135113511311135113511311
13511351131113511351131113511351131113511351131113511351131113511351131113511351
13111351135113111351135113111351135113111351135113111351135113111351135113111351
13511311235133514311435143514311435143514311335133512311235123512311235123512311
180000100010001000100010001017101711171127112711271135113511311135113511311
13511351131113511351131113511351131113511351131113511351131113511351131113511351
13111351135113111351135113111351135113111351135113111351135113111351135113111351
13511311235123512311235113511311135123512311235133513311235123512311235123512311
190000100010001000100010001017102711271127112711371135113511311135113511311
13511351131113511351131113511351131113511351131113511351131113511351131113511351
13111351135113111351135113111351135113111351135113111351135113111351235123112351
13511311235123512311235123512311235123512311235123512311235123512311235123512311
222000100010001000100010001117112711271127113711371135113511311235123513311
23512351131113511351131113511351131113511351131113511351131113511351131113511351
13111351135113111351135113111351135113111351135113111351135113112351235123113351
33514311335133513311335133514311435143515311435143514311435143515311635163517311
240000100010001000100010001017112711271127113711371235123512311235113511311
13511351131113511351131113511351131113511351131113511351131113511351131113511351
13111351135113111351135113111351135113112351235123112351235123112351235123112351
23512311335143514311435143513311335133512311235123512311335143515311435143513311
255000100010001000100010001017111711271127112711371135113511311135113511311
13511351131113511351131113511351131113511351131113511351131113511351131113511351
13111351135113111351135113111351135113111351235123112351235113111351135113111351
13512311335143515311635163516311635153514311335133512311235123512311235123512311
260000100010001000100010001027102711271127113711371135113511311135113511311
13511351131113511351131113511351131113511351131113511351131113511351131113511351
13111351135113111351135113111351135113111351235123112351235123112351235113111351
13512311335143516311635163517311735173516311535143513311235123512311235123512311
280000100010001000100010001017112711271127112711271135113511311135113511311
13511351131113511351131113511351131113511351131113511351131113511351131123512351
23111351135113111351235123113351335133113351235123112351135123112351135113111351
13512311335153515311535153514311435133513311335133512311235123512311235123512311
299100120011001400140013001317132712271227122711371135113511311135113511311
13511351131113511351131113511351131113511351131113511351131113511351131113511351
13111351135113112351235123112351235123112351235123112351235123112351135123112351
23512311235123512311235133513311435143513311335123513311335143515311435133512311
434100100012001300100010001017101711271127112711271135113511311135113511311
13511351131113511351131113511351131113511351131113511351131113511351131113511351
13111351135113111351135123113351535153115351435133112351335133114351435143114351
33513311335133513311335133513311335133513311335133513311335143514311435153515311
460000100010001000100010001017111711271127112711271135113511311135113511311
13511351131113511351131113511351131113511351131123512351231123513351331143514351
43113351335123112351335133113351335133113351335133113351335133112351235123113351
43514311535153516311635153515311435133513311335133513311335123512311235123512311
481000100010001000100010001017111711271127112711371135113511311135113511311
13511351131113511351131113511351131113511351131113511351131113512351231133513351
43114351435133113351335133113351335143114351535153115351535143114351335133114351
53516311635163516311635163516311635163516311635153515311435143513311335133513311
497000100010001000110011001117112711271127112711271135113511311235123512311
23512351231123513351331133514351431133513351231123512351231133513351431143514351
53115351635163115351535143114351535163116351735173117351735173117351735173117351
73516311635153515311535163516311635163516311635153515311635163516311635153515311
510200110010001100100010001117112711271127113711371135113511311135123512311
23512351231123512351231113511351131113511351131113511351131113512351231123512351
13111351135113111351135113111351135113112351335143114351435133113351435143114351
53515311635163516311535153514311535163516311635163516311635173517311635163515311
579000110010001000110015001517152714271427142713371335133513311235123511311
13511351131113511351131113512351231123511351131123513351331133514351431143514351
43114351435143113351335133113351435143115351635163117351735173117351735173117351
73517311735173517311635163515311535143514311435143514311435143515311535163516311
588000100010001000110013001317131713171327132713371235133513311335133513311
43515351631163516351531143512351231123513351431143513351331143516351631163515351
43115351635173117351735163116351735173117351735173117351735173117351735173117351
73517311735173517311735173517311735173517311735173516311535133512311335143515311
621200110015001300100013001317131713171427142714271335133512311235123513311
33513351331123512351231123513351331133513351331133513351431153516351731173517351
73117351635163116351535153115351535153115351535153115351535153116351635163115351
53514311435143514311335133513311335143514311435133513311435143514311435143514311
630400160017001800170012001217131714271427142715271535143514311435143514311
43514351431143514351431133512351131113511351231123512351231133514351531153516351
63116351635163116351635163116351735173117351735163116351635153115351535153115351
63516311635163516311635163516311635163516311535153514311435143515311535153516311
643600160017001800180017001727172716271627162715271535143514311335123511311
13511351131113511351131113511351131113511351231123513351431133513351231123512351
33114351435153114351335133113351335133114351435143114351435143114351435153115351
63516311535143514311435153515311535153514311435153515311635163516311735173517311
645400140013001600150015001517151715271527152715271435143514311335123512311
23511351231123512351231113511351131113511351231123513351431143513351331133513351
33113351235123112351235123112351335143114351535153115351635163116351535153116351
63516311535153515311435143514311435143514311435153515311635163516311735173517311
650500130013001600170017001717172716271627162715271535153514311435143514311
43513351431143514351431143513351331133514351431143514351431153515351531153514351
43113351235123112351235123113351435153116351635163116351635173117351735173117351
73517311635163515311535153515311435143513311335143514311535153515311535163516311
675300130014001500170017001717171716271627153715271435143514311435143514311
43514351431143514351431143514351431143514351431143514351531153516351731173516351
63116351535163116351735173117351735173117351735173117351735173117351735173117351
73517311735173516311635163516311635163516311635153515311435133513311435153517311
690000130012001500120016001617162715271527142714271335133513311335133513311
33513351331133513351431143514351431153515351531153515351531163516351731173517351
63116351635163116351735173117351735173117351735173117351735173117351735173117351
73517311735173517311735173517311735173517311735163516311535153515311535153515311
747700170017001800180018001817181718271727172717271735173516311635153514311
43514351431143514351431143514351431143514351431143514351431143515351531153516351
63116351635163116351535153115351435143114351435153115351535153115351635163117351
73516311535153514311435153515311535153515311535153515311535163516311635163516311
