20150809221430
T2M TEDF  78  35 1
20150809222015080917
20150809222015080918
20150809222015080919
20150809222015080920
20150809222015080921
20150809222015080922
20150809222015080923
20150809222015081000
20150809222015081001
20150809222015081002
20150809222015081003
20150809222015081004
20150809222015081005
20150809222015081006
20150809222015081007
20150809222015081008
20150809222015081009
20150809222015081010
20150809222015081011
20150809222015081012
20150809222015081013
20150809222015081014
20150809222015081015
20150809222015081016
20150809222015081017
20150809222015081018
20150809222015081019
20150809222015081020
20150809222015081021
20150809222015081022
20150809222015081023
20150809222015081100
20150809222015081101
20150809222015081102
20150809222015081103
20150809222015081104
20150809222015081105
20150809222015081106
20150809222015081107
20150809222015081108
20150809222015081109
20150809222015081110
20150809222015081111
20150809222015081112
20150809222015081113
20150809222015081114
20150809222015081115
20150809222015081116
20150809222015081117
20150809222015081118
20150809222015081119
20150809222015081120
20150809222015081121
20150809222015081122
20150809222015081123
20150809222015081200
20150809222015081201
20150809222015081202
20150809222015081203
20150809222015081204
20150809222015081205
20150809222015081206
20150809222015081207
20150809222015081208
20150809222015081209
20150809222015081210
20150809222015081211
20150809222015081212
20150809222015081213
20150809222015081214
20150809222015081215
20150809222015081216
20150809222015081217
20150809222015081218
20150809222015081219
20150809222015081220
20150809222015081221
20150809222015081222
002 196   001 180   001 175   001 170   001 166   001 164   001 163   571
 161   871 159  1071 158  1171 156  1171 157  1071 160   971 164   771 172   971
 180  1071 187  1271 193  1271 195  1171 197  1171 198  1371 198  1471 198  1671
 197  1571 194  1371 191  1271 186  1171 182  1071 178   971 176  1071 175  1071
 173  1171 169  1171 164  1271 161  1271 160  1171 161  1071 164   971 167  1071
 173  1271 178  1371 182  1371 185  1471 188  1471 190  1571 190  1771 189  1771
 187  1771 182  1671 179  1571 175  1471 172  1271 170  1171 171  1271 172  1271
 172  1371 173  1251 170  1251 167  1211 167  1151 169   951 172   811 175  1051
 179  1151 183  1311 188  1451 193  1651 198  1711 203  1851 206  1851 207  1911
 206  1851 202  1651 198  1511 194  1451 190  1351 187  1261 184  1261
005 195   001 185   001 179   001 167   001 155   001 144   001 140   771
 139   971 138  1171 135  1171 135  1271 137  1171 142  1171 152  1071 165  1271
 183  1371 202  1471 218  1771 229  1971 236  2171 239  2171 237  1971 233  1971
 228  1871 222  1671 212  1471 200  1471 186  1471 175  1471 170  1371 167  1371
 165  1271 162  1371 157  1371 155  1471 152  1371 153  1171 159  1071 172  1271
 187  1471 201  1671 210  1871 216  1971 219  2071 221  2171 224  2271 222  2271
 215  1971 205  1771 194  1671 185  1671 177  1571 173  1571 171  1471 170  1471
 170  1371 174  1351 170  1351 167  1311 166  1151 167  1051 172   811 181  1051
 191  1351 201  1511 208  1851 214  2151 220  2411 226  2451 231  2351 233  2311
 230  2151 222  2051 213  1811 203  1851 194  1751 186  1761 180  1661
015 240   001 228   001 219   001 216   001 211   001 203   001 187   671
 173   871 161   971 152   971 146  1071 145   971 147  1071 154   971 168   971
 187  1071 207  1071 224  1271 239  1471 251  1671 260  1671 266  1671 267  1671
 263  1571 254  1471 241  1371 224  1371 209  1271 195  1271 185  1271 177  1371
 171  1371 166  1371 162  1371 159  1371 159  1271 162  1171 170  1071 185  1171
 202  1271 219  1371 233  1471 244  1571 252  1571 256  1771 259  1871 257  2071
 252  1871 242  1771 230  1671 217  1571 204  1471 194  1371 188  1371 184  1571
 182  1571 181  1451 177  1351 174  1311 173  1251 175  1151 181  1011 191  1151
 203  1351 214  1411 221  1651 225  1751 229  1911 234  2151 240  2351 243  2511
 243  2351 239  2151 231  1911 220  1851 209  1751 203  1661 197  1661
027 206   001 199   001 189   001 172   001 154   001 144   001 144   771
 145   971 144  1071 144  1171 146  1271 149  1171 157  1071 168   871 185  1171
 203  1271 221  1571 234  1671 244  1771 251  1971 256  1971 260  2071 261  2071
 259  1871 251  1671 239  1471 221  1471 201  1571 183  1471 172  1471 165  1571
 161  1571 155  1571 150  1671 148  1671 148  1471 153  1271 161  1071 170  1271
 178  1571 184  1771 184  1971 184  1971 184  2071 185  1971 188  2071 189  2071
 188  1971 184  1771 181  1771 178  1671 175  1571 172  1571 167  1571 163  1571
 159  1571 156  1651 151  1651 149  1711 151  1551 158  1251 169  1011 183  1251
 198  1451 211  1611 221  1851 229  1951 234  2111 238  2151 239  2151 238  2111
 233  2151 225  2051 215  2011 203  1951 191  1851 182  1761 176  1861
070 227   001 222   001 208   001 171   001 185   001 163   001 164   971
 164  1471 161  1771 156  1971 153  2171 153  1971 156  1771 163  1371 174  1371
 189  1371 204  1271 220  1371 235  1471 248  1471 259  1671 266  1771 269  1871
 267  1671 259  1671 247  1571 232  1671 214  1671 200  1871 190  2071 184  2171
 178  2271 172  2471 167  2571 163  2671 163  2271 167  1871 178  1471 195  1471
 217  1671 235  1771 249  1671 260  1671 266  1771 273  1871 277  2071 278  2371
 274  2171 266  2071 254  2071 239  1971 224  1971 212  1871 203  2071 197  2271
 191  2371 188  2551 180  2751 176  2811 177  2351 183  1951 194  1411 209  1451
 225  1551 240  1611 250  1651 258  1751 265  1711 273  2051 280  2351 284  2511
 284  2451 280  2351 269  2311 253  2251 235  2151 219  2061 209  2261
110 183   001 176   001 171   001 166   001 165   001 164   001 158   471
 155   671 154   871 154   971 154  1071 154   971 155   971 159   871 165   871
 172   971 177   971 181  1171 184  1171 185  1271 185  1371 184  1471 182  1571
 179  1471 176  1271 172  1171 164  1071 159   971 152   871 150   971 148   971
 147  1071 145  1171 142  1271 141  1371 139  1271 139  1071 141   971 145   971
 150  1071 154  1071 158  1171 161  1371 164  1371 167  1371 168  1371 168  1371
 166  1371 161  1271 156  1171 152  1071 149   971 147   871 144   971 142  1071
 141  1171 141  1251 139  1351 138  1311 139  1251 141  1151 146  1011 152  1051
 160  1051 167  1011 173  1151 178  1351 182  1411 184  1451 185  1351 184  1311
 181  1251 176  1151 171  1011 165  1051 160  1051 156  1061 152  1161
120 191   001 183   001 172   001 163   001 157   001 156   001 162   671
 164   871 163   971 160   971 158  1071 158   971 160  1071 168   971 183  1071
 201  1171 219  1271 234  1371 245  1471 250  1471 251  1471 248  1371 242  1371
 233  1371 222  1371 209  1371 191  1271 176  1271 164  1171 155  1171 152  1271
 151  1271 148  1271 145  1371 142  1371 139  1271 140  1171 143  1071 146  1071
 150  1171 155  1171 159  1371 163  1571 166  1771 168  1771 168  1671 166  1671
 162  1671 158  1571 154  1571 150  1471 148  1271 147  1171 146  1271 147  1271
 146  1371 147  1351 146  1351 145  1411 145  1351 147  1151 152  1011 160  1051
 169  1151 179  1111 188  1351 194  1551 198  1711 198  1751 197  1751 194  1711
 192  1651 189  1651 184  1511 177  1451 170  1451 165  1361 160  1461
130 260   001 234   001 210   001 192   001 174   001 166   001 161   771
 157   871 155  1071 154  1271 153  1371 154  1271 159  1271 167  1171 185  1271
 208  1571 231  1671 250  1671 265  1871 276  1771 284  1771 288  1771 289  1771
 287  1671 278  1671 263  1571 242  1471 218  1171 197  1071 183  1171 176  1171
 171  1271 165  1371 159  1471 153  1571 149  1471 151  1271 158  1171 171  1371
 184  1571 198  1871 202  1771 204  1771 206  1771 209  1971 213  1971 213  2071
 207  2071 199  1871 189  1771 182  1571 177  1371 173  1171 170  1271 169  1371
 165  1471 159  1451 154  1651 151  1711 151  1551 155  1451 164  1211 178  1451
 195  1551 210  1711 221  1751 229  1851 235  1811 241  1951 245  2151 244  2211
 237  2151 226  2051 214  1911 203  1751 193  1551 184  1361 177  1461
145 252   001 241   001 237   001 220   001 209   001 198   001 182   671
 172   971 164  1071 159  1071 155  1071 152  1071 152  1171 159  1171 173  1271
 193  1471 214  1471 232  1571 247  1671 259  1671 266  1571 272  1471 276  1471
 279  1471 279  1571 274  1571 263  1571 244  1371 227  1271 215  1271 204  1371
 196  1371 187  1371 182  1371 179  1371 174  1271 174  1171 180  1071 192  1271
 208  1371 225  1571 237  1771 248  1871 255  2071 259  2171 263  2371 266  2471
 267  2371 266  2271 261  2171 251  1971 240  1771 227  1571 217  1571 211  1471
 204  1471 201  1351 194  1451 189  1411 186  1351 188  1151 194  1011 206  1151
 220  1351 234  1411 245  1751 253  1951 260  2211 267  2451 273  2551 276  2711
 274  2551 269  2451 260  2211 249  2051 237  1751 226  1561 216  1561
149 249   001 247   001 233   001 210   001 197   001 200   001 195   571
 184   871 173  1071 164  1171 158  1171 158  1171 163  1071 173  1071 186  1271
 203  1471 221  1571 239  1571 255  1471 269  1471 277  1371 282  1371 285  1271
 286  1271 284  1371 279  1371 267  1371 254  1371 239  1371 226  1371 216  1471
 206  1471 197  1471 187  1371 182  1371 179  1271 182  1271 190  1171 205  1371
 223  1571 240  1671 256  1771 269  1771 276  1771 281  1971 283  2171 283  2371
 282  2271 278  2071 271  1971 263  1871 251  1671 240  1571 230  1571 221  1571
 212  1571 209  1551 203  1551 198  1511 196  1351 199  1251 206  1011 218  1251
 233  1351 247  1511 258  1651 266  1651 272  1711 277  1951 282  2251 284  2411
 284  2351 280  2151 272  2011 260  1851 247  1751 234  1561 224  1561
156 253   001 250   001 242   001 229   001 224   001 221   001 209   471
 198   571 189   771 181   871 174   871 168   971 167   971 172   971 185  1171
 204  1271 225  1471 241  1471 256  1471 267  1571 275  1571 279  1571 282  1571
 284  1471 286  1371 281  1271 272  1371 260  1271 246  1271 231  1271 220  1271
 209  1271 202  1271 199  1171 193  1171 190  1171 188  1071 193  1071 205  1271
 222  1371 239  1571 253  1571 263  1571 270  1671 276  1971 279  2271 280  2471
 280  2271 278  2171 272  1971 263  1771 254  1671 243  1471 234  1371 226  1371
 220  1271 222  1251 217  1251 211  1211 207  1151 205  1151 209  1011 218  1151
 231  1351 245  1411 257  1551 267  1751 275  1811 281  2051 285  2351 286  2511
 284  2451 280  2351 273  2211 263  1951 252  1751 240  1461 229  1461
168 229   001 220   001 202   001 182   001 179   001 179   001 174  2071
 170  2071 165  2171 162  2271 159  2371 157  1971 158  1671 165  1271 178  1271
 195  1271 214  1271 230  1271 244  1371 255  1371 265  1371 272  1471 277  1471
 278  1571 274  1571 262  1671 242  1771 216  1971 194  1971 183  2071 177  2171
 173  2271 167  2371 161  2571 157  2671 157  2271 162  1771 173  1371 190  1471
 209  1471 230  1571 249  1571 264  1471 276  1471 283  1771 286  1971 286  2171
 282  2371 276  2371 263  2371 247  2471 230  2371 215  2371 205  2371 198  2371
 193  2371 186  2551 180  2751 177  2911 178  2451 185  1951 197  1411 214  1551
 234  1551 254  1611 271  1651 285  1651 296  1611 306  1851 312  1951 315  2111
 313  2251 304  2351 289  2411 267  2351 243  2351 223  2261 209  2361
180 255   001 250   001 242   001 214   001 210   001 210   001 199   571
 189   971 184  1271 180  1371 178  1471 178  1271 179  1271 182  1071 186  1271
 191  1371 198  1671 207  1471 214  1371 222  1271 226  1271 227  1371 227  1371
 226  1371 224  1471 218  1471 209  1571 197  1671 188  1671 181  1671 178  1671
 174  1671 170  1771 166  1871 165  1971 168  1671 174  1471 182  1171 194  1471
 205  1771 218  2071 231  1771 243  1671 255  1471 263  1571 267  1771 270  1771
 269  1771 267  1871 258  1871 244  1871 229  1971 215  2071 204  2071 196  1971
 190  1871 181  1851 176  1951 173  2011 173  1751 178  1551 189  1211 206  1651
 226  1951 247  2311 266  2151 282  2051 296  1811 307  1951 314  1951 316  2011
 313  2151 304  2251 291  2311 274  2251 255  2251 240  2161 227  2061
190 266   001 257   001 248   001 240   001 221   001 218   001 207   771
 200  1271 195  1471 191  1471 189  1371 189  1371 192  1371 196  1271 202  1371
 209  1371 216  1471 227  1571 237  1771 246  1771 249  1871 247  1771 243  1671
 239  1471 233  1471 226  1371 215  1471 204  1371 196  1471 191  1671 188  1871
 187  2071 183  1971 179  1771 176  1671 180  1571 188  1471 199  1371 208  1371
 218  1371 226  1371 233  1471 240  1471 247  1671 258  1571 269  1571 277  1471
 279  1471 274  1571 263  1571 245  1571 227  1571 211  1571 201  1771 196  1971
 191  2171 184  2051 179  2051 176  1911 178  1851 186  1651 198  1511 215  1551
 234  1651 254  1611 272  1851 287  2051 300  2211 310  2151 318  1951 322  1811
 322  1951 316  1951 303  2011 282  2051 259  1951 241  1961 227  2061
222 256   001 231   001 203   001 176   001 156   001 146   001 141   471
 138   671 137   971 138  1071 140  1271 144  1271 152  1071 162   971 179  1171
 203  1471 227  1671 243  1671 255  1871 262  1871 268  1871 273  1771 274  1771
 271  1571 263  1471 249  1471 233  1371 214  1371 200  1271 191  1271 189  1271
 187  1271 183  1371 179  1371 174  1471 174  1371 176  1171 183  1071 195  1371
 208  1471 220  1771 230  1871 235  1971 240  2071 244  2071 244  1871 242  1871
 236  1871 227  1871 217  1771 206  1571 196  1471 188  1271 184  1271 182  1271
 179  1271 172  1251 168  1351 166  1411 166  1351 168  1251 175  1111 186  1451
 199  1651 213  1911 224  1951 233  2051 238  2011 239  2051 237  2051 232  2011
 225  1951 217  1751 208  1611 197  1551 187  1451 179  1361 174  1361
240 243   001 247   001 236   001 216   001 215   001 208   001 192   571
 178   871 166   971 157  1071 151  1171 149  1071 152  1071 161   971 178  1171
 201  1471 223  1671 241  1571 254  1671 263  1671 271  1771 276  1771 281  1871
 286  1671 287  1471 284  1471 270  1371 252  1271 231  1171 220  1171 209  1271
 203  1271 197  1271 190  1371 187  1371 184  1271 185  1171 192  1071 209  1371
 227  1671 245  1971 256  2071 261  2271 265  2271 270  2371 275  2471 277  2471
 277  2271 273  2071 266  1971 256  1871 246  1671 235  1571 227  1571 221  1371
 214  1371 200  1351 195  1451 191  1411 189  1351 190  1151 196  1011 207  1251
 221  1551 235  1711 247  1851 256  2051 263  2111 269  2251 272  2351 271  2411
 265  2251 254  2151 243  1911 232  1751 223  1651 214  1461 205  1461
255 199   001 199   001 195   001 192   001 188   001 177   001 168   671
 163   971 157  1071 149  1171 144  1171 141  1271 141  1171 148  1171 166  1371
 188  1471 209  1571 225  1671 238  1871 246  1971 253  2071 258  2071 262  2171
 264  2071 262  1771 256  1671 243  1571 228  1571 215  1571 204  1571 195  1371
 186  1371 174  1371 166  1471 158  1471 154  1371 156  1171 165  1071 183  1471
 205  1671 225  2071 242  2071 257  1971 266  2071 273  2271 276  2671 278  2871
 278  2771 276  2771 269  2571 257  2271 244  2071 230  1771 222  1771 215  1671
 208  1671 199  1551 191  1651 184  1611 181  1551 183  1451 192  1311 209  1551
 229  1851 249  2011 264  2151 274  2151 280  2211 283  2551 284  2851 281  3111
 275  2951 266  2651 256  2411 245  2251 235  1951 225  1761 216  1761
260 196   001 200   001 192   001 179   001 174   001 165   001 154  1071
 148  1671 141  1971 135  1971 133  1871 135  1671 140  1371 152  1071 167  1171
 188  1471 206  1571 223  1771 236  1871 244  2071 250  2071 254  2071 258  2071
 262  1971 262  1871 254  1771 235  1871 211  2171 188  2371 173  2371 164  2371
 156  2471 147  2371 137  2371 134  2271 138  1871 149  1571 165  1171 184  1471
 202  1871 219  2071 235  2171 248  2271 259  2271 267  2471 273  2771 274  2971
 272  2971 267  2971 256  2871 241  2771 223  2571 208  2471 195  2571 186  2571
 178  2671 173  2451 166  2451 164  2311 168  2051 178  1751 192  1411 209  1651
 228  1751 246  1911 263  2151 277  2251 287  2411 293  2651 294  2851 293  3011
 290  2951 283  2851 271  2711 253  2651 233  2651 216  2561 203  2561
280 225   001 220   001 212   001 203   001 198   001 196   001 189   871
 182  1271 176  1371 170  1571 166  1671 162  1471 160  1371 163  1171 168  1471
 174  1671 180  1971 190  1771 200  1771 210  1671 217  1771 223  1971 227  2071
 230  1971 230  1771 223  1671 211  1671 196  1771 186  1771 179  1671 178  1671
 176  1671 171  1771 167  1771 163  1871 164  1671 168  1471 175  1271 185  1471
 196  1571 208  1771 222  1771 235  1771 249  1771 260  1771 267  1871 272  1971
 273  2071 269  2071 259  2071 244  2071 227  2071 212  2071 202  2171 197  2071
 192  2071 184  1751 177  1851 173  1811 173  1751 177  1551 187  1411 201  1751
 219  1951 239  2211 259  2151 277  2151 293  2011 306  2151 314  2351 317  2411
 313  2351 304  2251 289  2111 271  2151 252  2151 237  2161 225  2061
299 232   001 236   001 232   001 227   001 215   001 206   001 194  1171
 184  1371 179  1571 176  1671 176  1671 178  1471 182  1271 188  1071 194  1471
 198  1771 204  2171 208  1971 213  1871 219  1871 224  1671 227  1571 227  1371
 224  1571 217  1571 210  1671 202  1671 192  1671 185  1771 180  1671 178  1671
 175  1571 173  1671 169  1771 168  1871 172  1571 180  1371 189  1071 201  1371
 213  1671 222  1971 225  1771 227  1671 235  1571 245  1571 258  1671 268  1671
 270  1771 266  1771 254  1871 236  1971 218  1971 201  1971 189  1871 180  1771
 175  1671 175  1751 170  1951 169  2011 172  1751 181  1451 195  1111 214  1551
 236  1851 256  2211 272  2151 285  1951 296  1811 305  1851 312  1951 314  1911
 311  2051 301  2151 286  2211 265  2251 243  2151 225  2161 212  2061
434 166   001 167   001 161   001 162   001 160   001 164   001 155   671
 147   771 142   971 137  1071 133  1071 131  1171 133  1071 139  1071 153  1471
 170  1671 189  2071 207  1971 222  2071 231  2071 238  1971 240  1771 241  1671
 242  1771 242  1871 238  1971 227  1871 214  1671 199  1371 191  1371 187  1371
 183  1371 179  1371 174  1371 169  1371 165  1271 164  1271 169  1171 181  1571
 198  1971 216  2371 231  2571 245  2571 256  2671 264  2571 270  2471 273  2271
 272  2471 268  2571 260  2771 248  2471 236  2171 226  1771 221  1671 217  1571
 213  1471 195  1351 189  1451 185  1411 184  1351 186  1351 190  1211 196  1551
 204  1751 214  2011 225  2151 236  2151 246  2211 253  2251 256  2151 253  2111
 243  2251 230  2451 217  2511 207  2251 200  2051 194  1761 187  1761
460 219   001 213   001 191   001 179   001 182   001 180   001 178  1771
 177  1871 171  1871 164  1971 158  1971 153  1671 154  1371 159  1071 170  1271
 184  1371 199  1571 213  1671 225  1871 232  1971 238  2171 240  2171 243  2171
 247  2071 249  1771 243  1671 231  1671 214  1671 198  1671 189  1871 186  1971
 182  2171 175  2171 166  2171 159  2171 157  1871 161  1471 171  1171 187  1371
 205  1671 224  1871 240  1971 254  2071 265  2071 272  2171 276  2371 278  2471
 278  2371 274  2171 267  1971 254  1971 236  1771 222  1671 212  1971 207  2071
 201  2271 195  2251 189  2351 184  2311 183  1951 187  1651 197  1211 214  1451
 234  1751 255  1911 273  2151 287  2251 297  2411 302  2551 303  2651 300  2711
 295  2551 286  2451 274  2211 259  2151 242  1951 230  1861 220  2061
481 212   001 214   001 208   001 207   001 204   001 203   001 197   771
 191  1071 186  1171 182  1171 180  1071 179  1171 179  1271 181  1371 184  1571
 187  1771 191  1871 198  1771 204  1671 211  1571 216  1771 222  1871 225  2071
 226  2071 224  2171 219  2271 213  2371 205  2171 198  2071 196  1871 196  1671
 195  1471 190  1471 183  1371 178  1371 175  1471 177  1571 182  1671 191  1671
 204  1671 217  1771 227  1671 239  1571 249  1571 257  1571 263  1871 267  1971
 268  1971 266  1971 262  1971 253  1871 243  1871 235  1771 229  1771 224  1771
 218  1771 204  1651 197  1651 191  1511 190  1551 193  1651 203  1611 218  1751
 238  1951 259  2011 279  2051 297  2051 311  2011 320  2151 323  2251 322  2311
 316  2251 307  2151 295  2011 281  1951 267  1951 255  1861 245  1861
497 194   001 185   001 180   001 177   001 174   001 171   001 164   771
 162  1171 162  1371 159  1571 156  1471 154  1371 154  1171 156  1071 162  1171
 170  1371 182  1471 194  1571 208  1871 216  1971 216  2571 210  2971 201  3171
 190  2771 180  2571 171  2271 164  2071 160  1771 160  1571 157  1671 157  1571
 154  1671 150  1571 143  1571 137  1471 135  1371 136  1271 143  1171 159  1271
 182  1471 206  1571 230  1771 249  1871 263  2171 268  2571 265  3271 256  3771
 243  3171 228  2771 213  2371 203  2071 192  1871 184  1571 177  1671 169  1671
 164  1771 156  1651 150  1651 146  1511 144  1451 148  1251 158  1111 177  1351
 203  1451 231  1611 258  1751 280  1751 295  1811 299  2451 295  2951 284  3511
 269  3151 253  2751 236  2311 221  2151 209  1951 199  1761 192  1761
510 221   001 223   001 213   001 195   001 183   001 177   001 165   571
 156   771 150   871 144   971 139  1171 136  1171 137  1071 146  1071 164  1171
 187  1371 209  1571 226  1571 239  1571 250  1671 259  1671 267  1671 270  1671
 268  1571 261  1571 249  1471 236  1371 220  1171 206  1071 194   971 187   971
 180   871 175   971 169  1171 165  1271 165  1271 167  1271 174  1271 191  1471
 211  1671 232  1871 251  1971 269  2171 283  2171 293  2171 300  2071 302  2071
 298  1971 289  1871 277  1771 258  1771 241  1471 226  1371 216  1371 210  1271
 205  1171 197  1151 191  1251 186  1411 185  1451 187  1351 192  1311 199  1551
 207  1651 215  1811 222  1951 229  2151 236  2211 244  2251 250  2251 251  2211
 244  2251 232  2151 220  2111 211  1951 204  1851 196  1661 189  1561
579 288   001 259   001 246   001 236   001 234   050 232   001 220   471
 210   771 202   971 197  1171 193  1171 192  1171 195  1271 203  1271 216  1171
 231  1271 247  1171 258  1071 266  1071 272   871 275  1171 275  1371 273  1571
 267  1471 258  1671 249  1671 238  1571 229  1371 220  1171 215  1171 210  1171
 207  1171 203  1271 199  1371 194  1471 192  1371 195  1371 205  1271 222  1371
 244  1471 266  1571 284  1471 297  1371 307  1271 315  1371 320  1371 321  1471
 316  1571 306  1571 291  1671 274  1571 254  1371 238  1171 227  1271 220  1271
 213  1371 197  1551 192  1651 188  1711 186  1651 190  1451 200  1311 219  1351
 244  1451 268  1411 288  1351 303  1351 314  1211 322  1351 324  1551 321  1611
 310  1751 295  1751 277  1811 260  1651 244  1351 232  1161 224  1261
588 264   001 255   001 226   001 213   001 208   001 215   001 205   671
 195   971 191  1271 187  1371 185  1471 184  1371 186  1271 191  1071 202  1071
 215  1171 230  1171 243  1271 253  1271 259  1371 261  1671 260  2071 257  2371
 253  2371 249  2171 242  2171 230  1871 219  1671 206  1371 195  1471 188  1471
 181  1571 177  1571 174  1671 172  1671 172  1471 176  1371 186  1171 202  1271
 224  1271 246  1371 267  1471 283  1571 295  1671 301  2071 301  2571 298  2971
 292  2871 284  2671 273  2571 258  2271 242  1871 228  1571 215  1571 206  1571
 198  1571 186  1551 182  1551 179  1511 177  1451 180  1451 190  1311 209  1351
 234  1351 260  1311 282  1351 299  1351 312  1311 320  1851 322  2451 318  2911
 306  2851 290  2751 272  2611 255  2251 241  1951 228  1561 217  1561
621 183   001 178   001 176   001 175   001 176   001 169   001 160   671
 153   771 146   971 140  1171 135  1271 132  1171 132  1071 137   971 152  1171
 170  1371 190  1671 205  1871 214  1971 223  2171 230  2271 236  2471 240  2471
 240  2271 235  2071 225  1971 206  1671 187  1571 171  1371 160  1271 155  1271
 153  1171 150  1271 147  1371 143  1471 139  1371 140  1271 149  1171 168  1371
 194  1671 220  1971 241  2071 255  2271 266  2371 274  2471 278  2571 279  2671
 278  2471 272  2071 260  1971 240  1671 218  1571 200  1371 189  1371 186  1371
 184  1271 180  1251 175  1351 171  1411 169  1351 171  1251 174  1111 180  1351
 186  1551 194  1711 202  1951 209  2051 215  2211 220  2451 224  2551 225  2711
 224  2551 219  2251 211  2011 199  1851 186  1651 177  1461 170  1461
630 170   001 171   001 173   001 173   001 170   001 171   001 164   871
 159   771 158   871 157   871 157   871 156   871 156   771 158   771 164   971
 174  1371 186  1571 200  1671 214  1871 227  1871 237  1971 245  1871 249  1971
 251  1971 249  1971 243  1971 233  1771 222  1771 211  1571 198  1471 188  1371
 178  1271 171  1171 166  1071 162   971 159   971 159   871 166   871 180  1171
 199  1571 220  1871 239  1971 255  1971 270  2071 283  2071 292  2071 297  2071
 296  2171 290  2171 279  2171 267  2071 252  1971 239  1871 228  1771 221  1671
 214  1571 203  1151 199  1051 197   911 196   951 197   851 200   811 205  1151
 212  1351 221  1611 231  1751 241  1951 250  2011 258  2151 263  2151 262  2211
 254  2251 242  2251 229  2211 217  2151 207  2151 201  2061 198  1961
643 284   001 257   001 242   001 234   001 229   001 226   001 215   771
 211   971 209  1071 207  1171 203  1171 198  1171 197  1171 204  1071 220  1171
 243  1271 262  1371 279  1571 290  1571 298  1671 304  1771 306  1771 303  1871
 294  1971 283  2171 268  2271 255  2171 242  1971 234  1871 229  1671 227  1471
 222  1271 218  1271 213  1371 208  1371 205  1371 205  1271 213  1271 228  1371
 249  1571 267  1671 283  1771 291  1871 296  1871 297  1871 295  1671 290  1771
 283  1771 273  1871 265  1971 252  1971 242  1871 233  1771 229  1771 225  1571
 223  1471 215  1551 210  1551 206  1511 204  1451 207  1351 216  1211 232  1351
 251  1551 267  1611 277  1751 281  1751 282  1811 283  1951 282  1951 278  2011
 271  2251 261  2351 252  2511 244  2351 238  2251 233  2061 229  1961
645 311   001 278   001 239   001 224   001 223   001 217   001 210   471
 207   771 206   971 203  1171 203  1171 202  1171 205  1071 213   971 226   971
 245   971 262  1071 277  1071 286  1171 295  1171 301  1371 304  1471 300  1671
 290  1771 275  1771 257  1871 245  1871 234  1671 227  1471 219  1471 214  1371
 209  1371 207  1371 205  1471 202  1471 204  1371 209  1271 220  1171 237  1271
 260  1271 281  1371 298  1371 312  1471 320  1471 326  1571 328  1671 325  1871
 316  1871 302  1871 285  1871 266  1771 248  1571 233  1471 224  1471 220  1571
 215  1571 204  1651 200  1751 197  1711 197  1651 201  1551 213  1411 233  1451
 257  1451 280  1411 298  1451 310  1351 317  1311 320  1651 319  1851 312  2111
 299  2151 282  2251 265  2211 250  2051 238  1851 229  1661 222  1761
650 273   001 262   001 252   001 243   001 255   001 244   001 236   471
 228   771 221   971 216  1071 212  1271 210  1171 211  1171 214  1071 223  1171
 236  1171 251  1271 265  1271 277  1171 287  1171 291  1271 291  1371 287  1471
 281  1471 272  1471 262  1471 253  1471 245  1471 236  1371 230  1271 227  1271
 221  1171 216  1271 211  1371 209  1471 211  1371 216  1271 225  1171 236  1271
 249  1171 263  1271 279  1271 294  1271 304  1271 309  1271 309  1371 305  1371
 299  1371 291  1471 282  1471 270  1371 261  1371 252  1271 243  1371 235  1271
 230  1271 220  1251 215  1451 212  1511 213  1551 219  1451 229  1411 243  1451
 260  1551 278  1511 295  1451 308  1351 316  1211 317  1351 311  1551 302  1611
 291  1651 279  1651 269  1611 261  1551 255  1551 250  1461 246  1461
675 310   001 296   001 278   001 265   001 257   001 249   001 226   671
 218  1071 210  1271 205  1371 204  1371 201  1271 201  1271 205  1171 214  1071
 226  1071 237   971 247  1171 257  1271 264  1471 271  1371 277  1271 278  1171
 274  1171 267  1271 256  1271 245  1171 234  1071 225   971 217  1171 209  1271
 203  1471 196  1471 190  1471 185  1471 184  1371 189  1271 202  1171 225  1271
 254  1271 282  1371 306  1471 323  1571 334  1671 338  1671 336  1571 332  1571
 326  1571 318  1471 306  1471 289  1371 270  1271 253  1171 239  1271 229  1471
 220  1571 212  1451 204  1551 199  1511 198  1451 202  1451 215  1311 237  1351
 265  1351 293  1311 316  1551 333  1651 342  1811 344  1751 341  1751 334  1611
 326  1651 316  1551 303  1511 286  1451 268  1251 252  1161 240  1261
690 281   001 269   001 267   001 267   001 270   001 261   001 252   471
 246   771 243   871 240   971 239   971 238   971 239   971 240   971 242  1171
 243  1271 246  1471 250  1471 252  1471 254  1471 253  1271 251  1371 250  1271
 250  1271 250  1171 249  1271 246  1271 241  1171 239  1071 236  1171 235  1171
 234  1271 232  1271 228  1371 225  1371 225  1371 228  1271 235  1271 246  1271
 260  1371 273  1371 284  1371 290  1571 294  1671 296  1571 297  1471 297  1471
 295  1371 291  1371 286  1371 279  1471 271  1371 264  1371 261  1371 259  1371
 256  1371 249  1251 245  1251 241  1211 239  1251 241  1251 246  1211 256  1351
 268  1351 280  1411 289  1551 294  1651 297  1711 298  1651 297  1651 295  1511
 291  1451 286  1451 280  1311 274  1351 268  1251 263  1261 260  1361
747 231   001 218   001 217   001 213   001 205   001 202   001 200   671
 198   871 196   971 195  1171 192  1171 190  1171 192   971 197   871 208  1071
 220  1271 235  1471 250  1471 260  1571 269  1571 275  1871 278  2171 278  2471
 276  2171 271  2071 263  1871 252  1671 243  1471 235  1271 228  1271 224  1371
 218  1371 212  1371 205  1271 199  1271 195  1171 196  1071 203   971 216  1171
 233  1471 251  1671 265  1771 275  1771 281  1871 282  2171 279  2471 273  2771
 266  2471 261  2371 252  2171 245  1971 237  1771 230  1571 227  1471 224  1471
 220  1371 214  1351 210  1251 207  1211 208  1151 212  1151 219  1011 229  1251
 240  1451 251  1611 261  1751 269  1851 274  1911 276  2251 274  2651 269  2911
 262  2751 253  2651 244  2411 236  2251 230  2151 224  1961 218  1861
NT  TEDF  78  35 1
20150809222015080917
20150809222015080918
20150809222015080919
20150809222015080920
20150809222015080921
20150809222015080922
20150809222015080923
20150809222015081000
20150809222015081001
20150809222015081002
20150809222015081003
20150809222015081004
20150809222015081005
20150809222015081006
20150809222015081007
20150809222015081008
20150809222015081009
20150809222015081010
20150809222015081011
20150809222015081012
20150809222015081013
20150809222015081014
20150809222015081015
20150809222015081016
20150809222015081017
20150809222015081018
20150809222015081019
20150809222015081020
20150809222015081021
20150809222015081022
20150809222015081023
20150809222015081100
20150809222015081101
20150809222015081102
20150809222015081103
20150809222015081104
20150809222015081105
20150809222015081106
20150809222015081107
20150809222015081108
20150809222015081109
20150809222015081110
20150809222015081111
20150809222015081112
20150809222015081113
20150809222015081114
20150809222015081115
20150809222015081116
20150809222015081117
20150809222015081118
20150809222015081119
20150809222015081120
20150809222015081121
20150809222015081122
20150809222015081123
20150809222015081200
20150809222015081201
20150809222015081202
20150809222015081203
20150809222015081204
20150809222015081205
20150809222015081206
20150809222015081207
20150809222015081208
20150809222015081209
20150809222015081210
20150809222015081211
20150809222015081212
20150809222015081213
20150809222015081214
20150809222015081215
20150809222015081216
20150809222015081217
20150809222015081218
20150809222015081219
20150809222015081220
20150809222015081221
20150809222015081222
002700150015051605140010001117122712271327142715271535153116351635163116351
63517311735173517311735173517311735163516311635173517311735173517311735173517311
73517351731173516351631163517351731173516351631163516351631163516351631163516351
73117351735173117351735173117351735163116351735173117351635163115351535153616361
005600160016051605140012001217132713271427142715271535163116351535153115351
53516311635153516311635163516311635153514311435153515311635163517311735173517311
73517351731173517351631163516351631163516351631163516351631163516351631163516351
63116351735173117351735173117351735173116351635173117351735163115351435143615361
015800180018001800170017001617161715271527152715371635153115351535143114351
53515311535153515311535153515311535143514311435143514311435143515311535163516311
73517351631163515351431143515351531163516351631163515351531153515351631163516351
73117351735173117351735173117351735173117351735173116351635153115351535153615361
027000100010051005100010001117122712271227132713271435143114351535153115351
53516311635163516311635163515311635163516311735173517311735173517311735173517311
73517351731173517351731173517351731173517351731173516351631163517351731173517351
73117351735173117351735173117351635163116351535153115351635163117351635163616361
070100100010051005100010001117122713271427142714271435153115351435143115351
53515311535153515311535153515311535153515311435143514311535153514311435133512311
33514351531153514351431143515351531163516351631163515351531153515351531153516351
63116351635173116351635153114351435133114351535153115351435133112351235133613361
110500160018001800120014001417141715271527162716271635173117351735173117351
73517311735173517311735173517311735173517311735173517311735173517311735173517311
73517351731173517351731173517351731173517351731173517351731163516351631163516351
73117351735173117351735173117351735173117351735173116351635163116351635163616361
120100120012051105110012001217122713271427142715271535153116351635163115351
53515311535163517311735173517311735173517311735173517311735173517311735173517311
73517351731173517351731173517351731173517351731173517351731173516351631163517351
73117351735173117351735173117351735173117351735173117351735173117351735173616361
130000100010051005100010001127112712271237133713371335133113351335133114351
43514311435143514311435153516311635173517311735173517311735173517311735173517311
73517351731173517351731173517351731173517351731173517351731173517351731173517351
73117351735173117351735173117351735173117351735173117351735163116351635163616361
145500160017001700140014001417142714271427142714271435143114351435143114351
43514311535163516311635153515311535153515311435133513311335133514311535163516311
63516351531153514351431153515351631163515351531153515351631163516351531153515351
53115351635163116351635153114351335133112351235133113351435143113351335133613361
149700170016001500110012001217122712271327142714271535153115351435143113351
43514311535163516311635153515311535143514311435133512311235133513311435153516311
63516351531153514351431143515351531163516351531153515351531153515351531153515351
53115351635163116351635153114351435133113351335133113351335133113351335133614361
156500160015051405130014001417142714271427152715271535153115351435143114351
43514311535163516311635153515311535153514311435133513311235133513311535163516311
63516351531153514351431143515351531163516351631153515351531153515351531153515351
53116351635163116351635153114351435133113351335133113351335133113351335133614361
168400120010051005100013001317132713271427142715271535163116351635163115351
53514311535163516311635163515311535153514311435153515311535163516311635153515311
53515351531153515351531153516351631163517351731163515351531153515351531153515351
53115351635163115351535143113351335143114351435143114351335133113351235133613361
180400140016001605160017001717171717171727172717271735173117351735173117351
73517311735173517311735173517311735173517311735173516311635163516311635173517311
73516351631163516351631173517351631163515351431143514351431143515351531153515351
53115351535153115351535153115351535153114351335133113351435153115351435143614361
190400150017001800180018001817171717271727172717271735173117351735173117351
73517311735173517311735163516311635163516311635163516311635163516311635163516311
63517351631163515351531143514351431133513351231123513351331143515351531153514351
43113351335133112351235123112351235123112351335133113351335133112351235123612361
222000100011001100100010001117112711271227122712271335133112351235123113351
43515311435133512311235133514311435143514311435143515311535163516311735173517311
73517351731173517351731173517351731173517351631163516351631163516351731173517351
73117351735173117351735163116351635163116351635173117351735173116351635163616361
240700170016001600150016001517132713271237123712371235133113351335133112351
23513311335143514311435143514311435133513311335143514311435143514311435153515311
53515351431143514351431153516351631163516351631153515351531153515351531153515351
53114351335133113351335143114351435153115351635163116351635163115351535153615361
255800170018001800150014001317131713271327132713271435153115351435143114351
43514311535153515311435133512311235123513311435143514311335123512311335143515311
43514351331123513351331153516351731163515351531143515351531153515351531153515351
53115351435133113351235123112351235123112351235123112351335133113351435143615361
260700170018051700140013001317141714271527152715271635163116351535153114351
43514311535163517311635143513311235123512311335133514311335133513311435153516311
63515351431153515351631163516351531153515351531153515351531153516351631163516351
63116351735163115351335123112351235123112351235123112351235123112351235133613361
280700170018001800150017001717172717271727172717271735173117351735173117351
73517311735173517311735173517311735173517311735173516311635173517311735173517311
73517351731163516351631153515351531153515351531153514351431143515351531153516351
63116351635163116351535153114351435133113351335123112351335133113351335133614361
299800180017001700180018001817181718171827172717271735173117351735173117351
73517311735173517311635163515311535163517311735173517311635163516311635163516311
63516351531153515351531143513351331123512351231123512351231133514351531143514351
33113351235123112351235123112351235123112351235123112351235123112351235123612361
434800170018051800160015001517162716271627162716271535153114351335133112351
23512311235123512311235113511311135113511311135113512311235123512311235123512311
33514351531153515351431143514351431153516351631163515351431143514351431143514351
43113351235123111351235123112351235123113351335143115351535163116351635163616361
460400160018051700140016001617161716171627162716271635153115351535153115351
43514311435143514311435133513311235123512311235133513311335123512311235133514311
53515351531153514351431143514351431143513351331123512351231133514351531143513351
33113351435143113351235113111351135113112351235123112351335133113351335133614361
481700160017001700170018001817182717271727172717271735173117351735173117351
73517311735173517311735163516311635153515311635163516311635153515311535163517311
73517351631153514351331123512351231133514351431143513351331133514351431143514351
43114351435133113351235123112351235123112351235133113351335133113351335133614361
497800180018051805180017001717172716271627162716271635173117351735173117351
73517311735173517311635163515311435143514311335143514311435133513311335133512311
23512351331143515351631163516351631153515351431143514351431143514351431133512351
23112351335133113351335133113351435153115351635163116351635153115351435143614361
510700170015001300110011001117112712271227122712271235123112351235123112351
23512311235123512311235113512311235123513311335133513311335133513311435153516311
63516351531143513351331133513351431153515351631163515351531153515351531153516351
63117351735173116351535143114351435143114351535153115351535153116351635173617361
579100110012051305140014001417141714271427142714271435133113351435143115351
53514311435143514311535153514311335123512311135123512311235113511311135113512311
23512351131113511351131123512351231123513351331133513351331133513351331133512351
23113351435143114351335123112351235123112351335133114351435153115351435143614361
588700170018001800160016001617162716271627162716271635163115351435143114351
43515311635163516311635153514311335123512311135113511311135113511311135113511311
13511351131113511351131113512351231123512351231123512351131113512351231123511351
13112351235133112351235123112351335143114351435143114351435143114351435143614361
621800180017001800180017001617151714271427132713271335133113351335123112351
13511311235123512311235123512311235123512311235113511311235123513311335143513311
33512351231123513351431143514351431143515351531143514351331133513351231123513351
33113351335133113351335133112351235123112351235133113351335133114351635153615361
630800180018001800140017001727162716271627152715271535153115351535153115351
43514311335123512311235123512311235113511311135113511311235133513311335123512311
23513351331133513351431133513351331133514351431133513351331123512351231123512351
23112351235133113351235123112351335133113351335133113351335133113351435143614361
643300110015001600140014001417141714271427142714271535153114351335123113351
43515311535143514311435153516311535143513311235113511311135113511311135123512311
23512351231123512351231123512351231133513351431143514351431143514351531153515351
53115351535153115351535153115351535153115351535163116351635163117351635163616361
645400150016051805170015001517151715271427142713271335133113351335133114351
43514311335133513311335143515311435133512311135113511311135113511311135123512311
23512351231113511351131113512351231123513351331143514351431143514351431143514351
43114351535153115351435143114351335133113351435143114351535153115351535153615361
650000120012001600150015001517151716171627162716271635153115351435143114351
43515311535143514311435143514311435133513311235123511311135113511311135113511311
13511351131113511351131113511351131123512351231123512351231123512351231123512351
23112351235123112351235123112351135113112351335133114351435153115351535143614361
675100170018051705150016001617162716271627162715271535143114351535153115351
53515311535143514311335123512311135113511311135113511311135113511311135113511311
13511351131113511351131113511351131113511351131113511351131113512351231123512351
13112351235123112351135113111351235123112351235123113351335143113351335133613361
690000160015001600160013001417152715271527152716371635163117351735173117351
63515311535153515311435133512311235123512311235123511311135113511311135113511311
13511351131113511351231123512351231123512351231113511351131113511351131113511351
13111351235123112351235123111351135123112351235123113351335133113351335133612361
747600170018001800170013001317121712171227122712271235133113351435153114351
33512311235123512311235123511311135123512311235123511311135113511311135123512311
23512351231113511351231133514351431153514351431133513351331143514351431143513351
33113351435153115351535163116351635163116351635163116351635163116351635163616361
