20150823201514
T2M TEDF  78  35 1
20150823202015082315
20150823202015082316
20150823202015082317
20150823202015082318
20150823202015082319
20150823202015082320
20150823202015082321
20150823202015082322
20150823202015082323
20150823202015082400
20150823202015082401
20150823202015082402
20150823202015082403
20150823202015082404
20150823202015082405
20150823202015082406
20150823202015082407
20150823202015082408
20150823202015082409
20150823202015082410
20150823202015082411
20150823202015082412
20150823202015082413
20150823202015082414
20150823202015082415
20150823202015082416
20150823202015082417
20150823202015082418
20150823202015082419
20150823202015082420
20150823202015082421
20150823202015082422
20150823202015082423
20150823202015082500
20150823202015082501
20150823202015082502
20150823202015082503
20150823202015082504
20150823202015082505
20150823202015082506
20150823202015082507
20150823202015082508
20150823202015082509
20150823202015082510
20150823202015082511
20150823202015082512
20150823202015082513
20150823202015082514
20150823202015082515
20150823202015082516
20150823202015082517
20150823202015082518
20150823202015082519
20150823202015082520
20150823202015082521
20150823202015082522
20150823202015082523
20150823202015082600
20150823202015082601
20150823202015082602
20150823202015082603
20150823202015082604
20150823202015082605
20150823202015082606
20150823202015082607
20150823202015082608
20150823202015082609
20150823202015082610
20150823202015082611
20150823202015082612
20150823202015082613
20150823202015082614
20150823202015082615
20150823202015082616
20150823202015082617
20150823202015082618
20150823202015082619
20150823202015082620
002 177   001 175   001 169   001 167   001 160   001 158   001 165   371
 168   471 168   671 168   771 167   871 166   971 166  1071 166   971 168   871
 170   771 172   971 175  1271 176  1471 179  1571 179  1571 180  1671 180  1771
 179  1771 177  1871 173  1771 169  1771 163  1671 161  1471 156  1171 154   971
 155   971 153   971 152   971 150  1071 147  1071 145  1171 143  1071 143   971
 145   871 148  1071 154  1371 158  1571 162  1671 166  1771 169  1871 172  1971
 175  1971 178  1911 181  1851 182  1951 182  1811 180  1651 177  1451 175  1211
 175  1251 175  1151 175  1111 175  1051 174  1151 173  1111 173  1051 174  1051
 176   911 179  1151 184  1451 189  1611 194  1751 199  1851 201  1911 200  1951
 197  2051 194  2011 191  2051 188  1951 185  1911 180  1751 175  1651
005 185   001 181   001 178   001 179   001 158   001 149   001 147   571
 144   771 144   971 145  1071 145  1071 147  1071 148  1071 150  1071 151  1071
 155  1071 161  1271 168  1371 175  1471 180  1771 184  1871 186  2071 187  1971
 186  2171 182  2071 175  1971 166  1971 156  1771 148  1671 142  1471 138  1371
 137  1271 137  1271 136  1171 135  1271 133  1271 130  1371 126  1271 125  1271
 127  1171 135  1371 146  1471 157  1671 165  1771 170  1971 174  1971 178  2071
 182  2171 186  2171 188  1971 188  1971 186  1971 181  1871 174  1671 169  1571
 168  1471 169  1471 169  1371 167  1351 164  1351 162  1311 162  1251 164  1251
 168  1111 174  1351 181  1451 190  1611 200  1851 209  1951 216  2111 219  2251
 218  2351 215  2411 211  2351 205  2251 197  2111 186  2051 173  1851
015 199   001 186   001 183   001 182   001 178   001 170   001 157   571
 154   771 152   971 149  1071 146  1171 146  1171 145  1271 146  1171 148  1171
 153  1071 159  1071 167  1171 173  1171 180  1271 186  1371 191  1471 196  1571
 199  1771 197  1871 190  1871 179  1871 169  1871 159  1671 152  1471 146  1271
 141  1271 138  1371 135  1371 133  1371 131  1471 129  1471 127  1371 127  1271
 130  1171 139  1271 149  1471 161  1571 171  1671 180  1771 186  1771 190  1871
 192  1871 193  1971 193  1971 191  1871 187  1871 180  1771 174  1671 170  1471
 169  1471 169  1571 169  1571 169  1551 165  1451 162  1411 160  1351 161  1251
 166  1111 175  1251 186  1451 198  1511 208  1751 217  1851 223  2011 227  2251
 230  2351 232  2511 233  2451 231  2251 225  2111 213  1951 197  1851
027 205   001 210   001 209   001 182   001 172   001 164   001 157   371
 150   771 147  1071 148  1171 147  1271 146  1371 145  1371 143  1271 144  1171
 147  1071 152  1271 159  1271 166  1371 172  1571 174  1671 174  1871 170  1871
 164  1871 160  1871 159  1771 158  1671 156  1571 148  1571 137  1471 130  1371
 125  1371 124  1471 124  1471 123  1471 121  1571 119  1571 117  1371 118  1271
 122  1071 132  1271 144  1471 158  1671 170  1971 180  1971 189  2171 196  2071
 200  2171 201  2171 199  1971 194  1871 188  1771 181  1571 176  1371 171  1271
 168  1371 166  1471 164  1571 164  1451 162  1551 161  1511 162  1351 166  1251
 172  1011 180  1251 190  1351 198  1511 204  1751 208  1951 210  2111 211  2151
 210  2251 207  2211 200  2251 191  2151 180  2111 168  1951 158  1651
070 208   001 214   001 200   001 208   001 193   001 175   001 160   771
 153  1071 148  1371 147  1771 144  1971 143  2071 143  2271 148  1971 154  1671
 162  1271 169  1371 177  1371 184  1371 191  1471 198  1571 204  1671 206  1771
 207  1971 204  2071 197  1871 187  1871 176  1771 164  1771 154  1771 149  1871
 145  2071 142  2171 139  2271 134  2371 128  2471 123  2571 121  2171 124  1771
 131  1371 144  1471 159  1671 174  1871 186  1771 196  1871 205  1971 212  2071
 217  2171 219  2371 218  2271 215  2071 208  2071 201  1971 192  1871 185  1771
 179  2071 176  2271 172  2371 163  2351 159  2551 155  2611 153  2251 155  1851
 163  1411 178  1551 197  1651 215  1711 230  1851 241  1951 249  2111 254  2251
 258  2451 261  2511 263  2451 262  2351 254  2211 238  2151 218  2151
110 193   001 177   001 172   001 158   001 146   001 140   001 138   471
 135   671 134   671 135   771 135   871 135  1071 135  1171 133  1171 132  1171
 132  1171 134  1071 138  1071 145   971 152  1171 161  1371 167  1471 170  1571
 169  1471 167  1571 164  1471 158  1271 153  1171 146  1171 141  1071 134  1071
 130  1071 127  1171 127  1171 128  1271 131  1271 132  1371 133  1371 136  1271
 141  1271 150  1171 162  1171 172  1071 181  1271 185  1371 189  1471 191  1471
 191  1371 189  1371 185  1371 181  1171 176  1071 170  1071 165  1071 160  1071
 157  1071 155  1171 155  1171 163  1251 162  1351 160  1311 159  1351 159  1251
 159  1211 160  1251 162  1151 165  1111 168  1351 170  1451 171  1611 171  1551
 170  1451 168  1311 167  1251 165  1151 161  1011 156  1151 149  1251
120 177   001 184   001 190   001 171   001 162   001 156   001 148   771
 144   871 142   971 142   971 141  1071 139  1071 137  1171 134  1071 133  1071
 136   971 141   971 148  1071 153  1071 155  1271 155  1371 156  1471 160  1471
 166  1371 170  1371 170  1271 165  1271 159  1171 151  1171 145  1171 137  1171
 132  1171 128  1271 126  1271 125  1271 125  1371 127  1371 127  1271 130  1271
 136  1171 146  1171 158  1071 171  1071 180  1271 188  1571 194  1771 199  1771
 202  1751 202  1711 197  1551 190  1451 182  1211 175  1251 170  1151 165  1111
 160  1251 156  1251 153  1311 163  1251 162  1351 161  1311 161  1251 161  1251
 164  1111 169  1151 174  1251 180  1211 184  1351 187  1551 189  1611 190  1751
 189  1851 186  1911 179  1751 171  1551 162  1311 155  1351 149  1451
130 224   001 210   001 206   001 175   001 170   001 165   001 163   371
 159   571 154   971 151  1071 148  1271 144  1571 140  1671 136  1571 135  1571
 139  1471 150  1571 165  1571 176  1571 182  1571 182  1571 183  1571 186  1671
 191  1771 194  1871 193  1771 188  1771 182  1671 170  1571 156  1271 145  1171
 138  1271 132  1271 128  1371 124  1571 122  1671 121  1871 119  1771 122  1671
 129  1571 143  1571 160  1571 176  1571 190  1571 200  1671 207  1671 212  1971
 215  1971 215  2171 213  2171 210  2171 203  2071 196  1871 188  1471 180  1271
 175  1371 172  1471 169  1571 170  1651 168  1751 165  1911 163  1851 164  1651
 169  1511 181  1551 195  1551 210  1511 221  1751 228  1851 232  2011 232  2251
 230  2451 223  2611 213  2651 201  2651 188  2611 176  2351 166  1951
145 218   001 214   001 219   001 209   001 200   001 186   001 176   471
 170   671 167   871 165  1071 162  1071 160  1071 158   971 157   971 158   971
 158   971 159  1171 161  1271 166  1471 176  1471 186  1571 192  1571 190  1471
 183  1271 176  1171 172  1171 170  1271 167  1371 159  1271 151  1271 142  1171
 138  1271 136  1271 133  1371 129  1371 125  1271 121  1271 119  1171 120  1171
 125  1071 134  1271 147  1471 160  1671 172  1771 184  1871 193  1971 199  2071
 204  2171 206  2271 207  2171 206  1971 202  1871 195  1771 187  1671 179  1571
 176  1571 175  1471 175  1471 171  1351 167  1351 162  1311 158  1251 157  1051
 162   911 174  1151 190  1351 208  1511 224  1751 236  2051 245  2211 250  2351
 253  2451 254  2511 255  2451 253  2251 246  2111 233  2051 216  1851
149 221   001 233   001 227   001 212   001 197   001 191   001 186   871
 182   771 177   971 172  1071 168  1171 164  1171 162  1171 161  1071 162  1071
 165   971 169  1171 173  1471 180  1571 189  1571 196  1471 201  1471 201  1271
 197  1171 192   971 188  1071 183  1171 177  1271 171  1271 162  1371 158  1371
 154  1371 150  1471 146  1471 141  1471 135  1371 129  1371 126  1271 126  1271
 131  1171 141  1371 153  1671 169  1771 183  1871 196  1771 206  1771 212  1871
 216  2071 218  2171 219  2171 218  2071 214  2071 206  1971 197  1771 190  1671
 186  1671 185  1671 182  1671 176  1551 171  1551 165  1511 161  1351 162  1251
 167  1011 179  1251 195  1451 212  1611 228  1751 242  1851 253  1911 261  2151
 266  2351 268  2511 268  2351 264  2251 256  2011 242  1951 226  1851
156 224   001 233   001 229   001 215   001 202   001 189   001 185   771
 181   771 178   871 176   971 174   971 172  1071 172  1071 169  1071 168   971
 169   971 170  1171 176  1371 181  1571 189  1471 196  1471 202  1471 200  1371
 196  1371 191  1271 187  1271 182  1271 177  1271 171  1371 163  1271 156  1271
 154  1271 152  1271 150  1271 148  1271 142  1171 138  1171 133  1171 131  1171
 134  1171 143  1371 156  1571 170  1771 183  1671 193  1571 202  1571 210  1871
 215  2171 218  2371 219  2271 218  2071 214  1971 206  1871 199  1671 193  1571
 191  1571 191  1471 191  1471 185  1251 182  1151 177  1111 172  1151 170  1051
 173  1011 183  1251 198  1451 215  1611 230  1751 243  1851 253  1911 260  2151
 264  2451 266  2611 266  2351 263  2151 257  1811 247  1751 234  1751
168 213   001 206   001 215   001 204   001 171   001 166   001 153   971
 146  1371 144  1871 144  2071 144  2071 144  2271 144  2371 146  1971 150  1571
 157  1171 168  1171 179  1271 192  1271 202  1371 211  1471 217  1571 220  1571
 220  1571 216  1571 208  1671 197  1671 183  1771 169  1871 156  1871 146  1871
 139  2071 134  2271 131  2471 126  2571 122  2571 118  2671 115  2171 116  1771
 123  1271 137  1371 156  1571 176  1671 193  1671 206  1771 216  1771 225  1971
 232  2071 236  2171 238  2371 237  2371 229  2371 213  2371 195  2371 180  2271
 171  2371 166  2471 163  2571 155  2551 150  2751 146  2811 144  2351 145  1951
 155  1411 174  1551 198  1551 222  1611 241  1751 256  1951 267  2011 276  2151
 283  2151 287  2211 288  2351 283  2451 271  2511 250  2551 226  2451
180 191   001 188   001 186   001 184   001 181   001 176   001 176  1271
 170  1171 163  1171 159  1471 155  1571 151  1771 150  1771 150  1571 154  1471
 160  1271 170  1371 181  1471 193  1671 205  1571 214  1471 222  1571 225  1471
 226  1371 223  1371 218  1371 211  1471 201  1571 189  1871 176  1971 164  2171
 154  2071 147  1971 142  1971 137  1971 133  1971 129  1971 126  1771 125  1571
 130  1371 143  1671 159  1871 177  2171 192  1871 203  1771 212  1571 219  1671
 223  1771 225  1771 224  1771 220  1871 212  1871 202  1871 189  1971 178  2071
 171  2071 167  2071 162  2071 153  1951 149  1951 144  1911 141  1751 141  1651
 150  1411 169  1751 193  1951 218  2211 238  2151 254  2051 266  1911 275  2051
 281  2051 282  2111 278  2151 270  2251 258  2211 244  2251 230  2151
190 192   001 192   001 184   001 181   001 180   001 179   001 171   871
 166  1271 163  1371 160  1671 156  1771 152  1671 152  1571 156  1471 163  1271
 171  1171 177  1471 183  1571 191  1871 204  2071 216  2171 226  2171 229  2071
 227  1971 223  1771 219  1571 214  1471 205  1371 190  1671 173  1771 159  2071
 151  2071 145  2171 142  2171 137  2071 132  1971 128  1871 127  1671 129  1571
 137  1371 150  1471 166  1671 181  1871 194  1771 204  1871 213  1971 222  1771
 229  1671 232  1471 230  1571 222  1671 208  1671 191  1771 171  1871 156  1971
 148  1971 146  2171 144  2171 141  2151 136  2051 132  1911 131  1851 135  1651
 146  1511 164  1651 187  1651 211  1711 232  1951 249  2151 263  2311 273  2251
 279  2151 280  2011 276  2151 268  2151 253  2211 233  2251 212  2251
222 221   001 207   001 201   001 196   001 179   001 178   001 167   571
 161   771 158   971 156  1071 155  1171 153  1271 152  1371 151  1271 151  1171
 154  1071 162  1171 172  1371 180  1471 185  1571 187  1671 190  1771 195  1771
 201  1871 202  1871 197  1571 187  1471 176  1371 165  1371 155  1271 147  1271
 142  1371 139  1371 136  1471 135  1471 133  1471 133  1471 135  1371 139  1371
 147  1271 158  1371 172  1471 186  1571 198  1671 208  1871 217  1971 222  2071
 224  2071 223  2171 218  2071 209  1971 200  1771 190  1671 181  1571 175  1471
 171  1471 168  1571 167  1571 164  1451 163  1451 161  1411 159  1351 160  1351
 166  1211 178  1351 195  1551 212  1611 227  1851 237  2051 244  2211 246  2451
 242  2651 234  2811 221  2651 205  2351 190  2111 177  2051 168  1951
240 228   001 217   001 216   001 212   001 198   001 191   001 183   671
 176   871 172  1071 169  1171 164  1371 159  1371 155  1471 152  1271 152  1071
 155   871 162  1071 170  1371 179  1571 187  1471 191  1471 193  1471 191  1471
 188  1571 185  1571 184  1371 183  1371 180  1371 172  1271 161  1271 153  1171
 145  1271 141  1271 136  1371 131  1371 126  1471 125  1471 126  1371 130  1171
 138  1071 150  1271 163  1571 178  1771 192  1871 203  2071 213  2071 219  2171
 223  2371 224  2371 223  2271 220  2071 214  2071 206  1971 196  1771 189  1671
 183  1671 179  1471 175  1471 167  1551 162  1551 158  1611 156  1451 158  1251
 165  1011 179  1251 198  1451 219  1611 239  1851 255  1951 266  2111 270  2351
 269  2451 264  2611 256  2651 246  2551 235  2511 223  2351 212  2151
255 221   050 225   030 221   350 211   750 198  1050 185  1450 174  1771
 168  1571 165  1271 163  1171 160  1171 158  1071 155  1071 152  1071 150  1071
 153  1071 160  1171 173  1471 183  1571 192  1671 198  1871 198  1971 195  2071
 189  2071 185  2171 183  2071 182  1771 180  1671 171  1671 162  1571 153  1671
 146  1571 142  1371 138  1271 133  1271 129  1271 125  1271 121  1171 120  1051
 126   971 140  1371 160  1571 178  1971 194  1971 206  1871 215  1971 222  2171
 227  2471 230  2671 231  2671 229  2571 223  2471 212  2271 199  1971 188  1771
 181  1671 176  1471 172  1371 159  1351 153  1451 146  1411 141  1351 140  1251
 148  1111 168  1351 195  1651 222  1811 245  1951 262  2051 273  2111 279  2451
 280  2651 279  2911 277  2851 271  2651 262  2511 247  2251 229  2051
260 185   001 204   001 198   001 199   001 178   001 171   001 157   671
 149  1271 146  1871 145  1971 143  2071 140  2171 141  2071 143  1771 149  1371
 157  1071 167  1171 178  1471 189  1571 199  1671 205  1871 208  1971 204  2071
 198  2071 191  2171 185  2071 178  1871 171  1771 159  1871 148  1971 138  2171
 132  2171 128  2171 125  2271 121  2271 116  2271 113  2271 110  1871 112  1571
 120  1171 136  1471 158  1871 180  2071 197  2171 211  2071 220  2071 226  2371
 230  2671 233  2971 235  2971 233  2971 226  2871 211  2671 193  2371 175  2171
 164  2271 156  2371 151  2471 140  2351 137  2351 133  2311 130  1951 133  1651
 144  1211 167  1451 197  1751 226  1911 249  2151 266  2251 278  2411 285  2651
 288  2951 290  3111 290  3051 285  2951 272  2811 248  2651 219  2451
280 192   001 174   001 175   001 166   001 162   001 160   001 154   871
 152  1171 152  1271 151  1371 151  1471 150  1471 151  1471 154  1371 158  1271
 162  1171 167  1471 172  1771 179  2071 189  2071 199  1971 209  1971 217  2071
 222  2071 221  2071 213  2071 201  2071 187  2071 175  1971 164  1871 154  1771
 148  1671 141  1571 136  1571 132  1571 127  1571 122  1571 120  1471 119  1371
 124  1271 136  1571 152  1671 169  1971 183  1971 196  2071 208  2171 218  2171
 226  2171 230  2271 230  2251 226  2251 217  2211 204  2151 190  2051 177  1911
 167  1951 159  1951 152  1811 141  1651 136  1651 132  1711 130  1651 132  1651
 141  1511 158  1751 180  1951 205  2111 229  2251 250  2251 267  2311 278  2451
 283  2551 284  2611 281  2551 273  2451 261  2311 244  2251 226  2051
299 182   001 181   001 181   001 182   001 180   001 176   001 168   771
 161  1171 155  1271 151  1371 148  1471 146  1671 146  1671 149  1471 152  1271
 157  1071 165  1471 174  1871 185  2271 196  2071 204  2071 209  2071 208  1971
 204  1771 200  1771 198  1871 196  1971 189  1971 178  1871 163  1871 151  1771
 144  1671 140  1571 136  1471 132  1571 128  1771 123  1871 119  1671 119  1371
 125  1171 139  1471 157  1871 175  2171 189  2071 200  1971 208  1871 215  1971
 219  1971 221  2071 219  2071 213  2171 201  2171 184  1971 167  1871 151  1671
 141  1571 136  1671 132  1571 127  1551 123  1751 120  1811 118  1651 121  1551
 132  1311 152  1651 178  1851 204  2111 225  2151 242  2051 254  2011 263  2151
 268  2351 269  2411 266  2451 257  2451 242  2411 221  2251 199  2051
434 200   001 193   001 198   001 194   001 172   001 165   001 162   671
 157   671 156   771 156   771 158   871 158   871 155   971 152  1071 147  1071
 145  1171 147  1471 152  1671 160  1971 166  1871 171  1871 176  1871 178  1771
 180  1671 180  1571 178  1771 174  1871 167  2071 158  1971 149  1671 142  1371
 134  1271 131  1271 127  1171 124  1171 122  1071 119  1071 117  1071 117  1171
 124  1171 138  1571 157  1971 175  2371 188  2471 198  2571 206  2571 212  2571
 217  2371 221  2271 223  2451 222  2651 217  2811 207  2551 195  2251 183  1811
 173  1651 166  1451 160  1211 157  1351 153  1351 150  1311 147  1351 147  1351
 155  1311 172  1651 195  1951 218  2211 237  2251 252  2351 261  2311 265  2351
 265  2451 262  2411 257  2651 251  2851 241  3011 228  2751 214  2551
460 183   001 182   001 185   001 184   001 180   001 170   001 167   571
 162   871 158  1271 156  1671 154  1771 155  1871 156  1871 159  1571 162  1371
 168  1071 176  1271 186  1471 196  1671 201  1871 204  2071 206  2271 206  2371
 205  2271 203  2171 199  1971 193  1671 185  1471 174  1471 164  1571 155  1571
 148  1771 142  1971 136  2171 131  2171 126  2071 122  2071 119  1771 119  1571
 127  1271 144  1471 166  1571 187  1771 203  1971 215  2071 224  2171 232  2271
 239  2371 243  2471 243  2271 238  2171 228  1871 214  1771 199  1671 184  1471
 174  1771 167  2071 161  2271 150  2251 146  2251 142  2211 139  1851 140  1551
 149  1111 169  1351 195  1651 223  1811 248  2051 268  2251 283  2411 293  2551
 298  2751 298  2811 293  2651 283  2551 269  2311 251  2151 230  1951
481 220   001 219   001 206   001 195   001 190   001 186   001 185   471
 182   871 181  1071 180  1171 182  1171 183  1171 187  1171 189  1271 191  1271
 194  1371 198  1671 204  1771 209  1971 212  1871 215  1771 217  1671 218  1971
 219  2271 219  2571 216  2371 210  2271 204  2171 193  2171 183  2071 175  1771
 167  1771 162  1671 157  1571 152  1471 149  1471 143  1371 139  1471 138  1571
 142  1671 150  1671 164  1871 178  1971 192  1971 206  1971 217  1971 225  1971
 231  2271 233  2371 232  2271 228  2171 222  1971 211  1871 199  1871 188  1771
 179  1671 172  1771 165  1671 160  1551 153  1551 147  1411 144  1551 146  1551
 154  1611 170  1751 190  1851 213  1911 235  2051 254  2251 270  2311 280  2451
 286  2651 286  2711 282  2551 273  2451 262  2211 248  2151 234  1951
497 184   001 172   001 165   001 161   001 156   001 149   001 149  1171
 150  1371 149  1571 149  1571 147  1471 142  1471 140  1371 140  1271 142  1171
 146  1071 152  1171 161  1371 172  1471 183  1571 191  1871 191  1971 180  2671
 164  3271 149  3571 141  3071 138  2671 137  2271 135  2071 131  1871 126  1671
 123  1671 122  1571 119  1571 116  1471 111  1471 106  1371 102  1271 101  1271
 106  1171 118  1371 137  1571 157  1771 176  1971 193  2371 204  2571 210  2971
 210  3671 204  4171 192  3471 179  2971 166  2471 155  2171 147  1971 140  1671
 132  1671 125  1671 119  1671 115  1651 109  1551 105  1511 102  1451 104  1251
 113  1111 132  1351 157  1451 185  1611 211  1851 233  1951 249  2111 256  2751
 256  3351 248  3911 234  3451 217  2951 201  2411 188  2251 177  1951
510 228   001 234   001 233   001 225   001 215   001 214   001 205   371
 197   871 191   671 187   771 182   971 177  1071 172  1171 167  1171 165  1071
 168  1071 176  1171 188  1371 198  1571 205  1571 209  1571 211  1671 212  1671
 212  1671 213  1671 214  1671 212  1671 207  1671 196  1471 183  1371 171  1171
 163  1071 158   971 154   871 151   971 147  1171 143  1271 139  1271 139  1271
 145  1271 161  1371 182  1671 202  1771 219  1971 231  2071 241  2171 251  2171
 257  2071 261  2071 260  2071 254  2071 242  2071 227  1971 210  1771 194  1671
 183  1571 175  1471 170  1271 166  1251 162  1451 158  1511 154  1551 153  1451
 162  1411 183  1651 211  1751 240  1911 263  2151 280  2251 291  2411 296  2551
 297  2551 293  2611 286  2751 275  2851 260  2911 242  2651 224  2451
579 191   001 196   001 194   001 195   001 192   001 193   001 197   371
 197   771 194   971 191  1171 189  1271 188  1371 187  1371 187  1371 188  1271
 192  1271 200  1171 208  1271 216  1171 220  1371 221  1571 225  1771 230  1971
 234  2071 237  2271 236  2171 231  1971 223  1871 213  1771 202  1571 191  1371
 181  1371 172  1471 166  1471 160  1571 155  1571 151  1671 147  1671 147  1571
 153  1571 167  1571 187  1471 206  1471 223  1571 236  1671 246  1771 254  1871
 260  1971 260  2071 255  1971 244  1971 231  1871 216  1771 201  1571 188  1371
 177  1371 169  1471 163  1471 160  1551 154  1651 149  1711 145  1651 145  1651
 154  1511 173  1551 198  1451 225  1411 249  1551 268  1551 282  1611 291  1851
 294  1951 290  2111 280  2151 265  2151 248  2111 230  1851 212  1651
588 180   001 174   001 169   001 163   001 160   001 159   001 167   471
 174   771 178   971 179  1071 179  1171 176  1271 174  1271 170  1171 169  1171
 173  1071 184  1071 200  1271 214  1271 223  1271 227  1371 227  1371 221  1771
 214  2271 208  2671 205  2671 201  2471 196  2471 187  2171 174  1771 163  1471
 157  1471 153  1471 151  1471 147  1471 142  1471 138  1471 133  1471 132  1371
 138  1371 152  1371 173  1471 194  1471 214  1571 230  1571 243  1671 251  2171
 253  2671 249  3171 240  3071 226  2971 212  2871 196  2471 182  2071 169  1671
 158  1671 150  1571 145  1571 138  1451 136  1451 135  1311 133  1351 135  1351
 142  1311 158  1351 181  1351 205  1311 228  1351 248  1251 263  1211 272  1951
 275  2551 271  3211 261  3151 247  3051 231  2911 214  2551 198  2051
621 203   001 210   001 207   001 201   001 185   001 171   001 157   571
 155   871 161   971 166   971 168  1171 166  1271 162  1371 158  1271 156  1071
 157   971 163  1171 173  1271 184  1571 192  1671 198  1771 202  1871 203  2071
 203  2271 201  2371 198  2171 193  2071 185  1971 172  1771 158  1571 146  1471
 139  1371 135  1371 132  1271 129  1371 124  1371 119  1471 113  1371 112  1171
 121  1071 143  1271 174  1571 203  1871 226  1971 242  2171 252  2271 260  2371
 265  2371 265  2471 261  2271 251  2071 235  1971 213  1671 190  1571 172  1371
 162  1471 158  1471 156  1471 156  1451 153  1451 148  1511 142  1451 140  1251
 149  1111 172  1351 204  1651 236  1811 261  1951 278  2151 290  2211 297  2451
 299  2751 296  2911 287  2751 274  2651 255  2411 233  2251 211  1951
630 216   001 221   001 229   001 216   001 209   001 198   001 194   371
 188   571 184   971 181   971 180   971 181   871 181   771 181   771 180   771
 181   771 184  1071 188  1371 195  1671 204  1771 213  1771 220  1771 224  1871
 225  1971 223  2071 219  2071 214  2071 207  2071 199  1871 190  1771 180  1571
 172  1471 164  1371 158  1271 152  1171 147  1071 141   971 135   871 132   851
 137   711 152  1151 174  1551 198  1911 219  2151 237  2051 250  2111 259  2251
 264  2151 266  2111 266  2251 262  2251 254  2111 242  2051 226  1951 211  1811
 197  1751 186  1651 177  1511 169  1151 166  1151 163  1011 159   951 158   951
 165   811 184  1151 210  1551 238  1811 262  2051 280  2151 293  2311 299  2451
 300  2651 296  2711 289  2751 279  2651 267  2611 254  2551 240  2351
643 186   001 194   001 198   001 194   001 190   001 192   001 199   871
 200   971 200  1271 200  1271 198  1271 196  1471 197  1471 198  1371 201  1171
 206  1071 213  1171 221  1271 231  1371 237  1671 243  1971 248  2171 251  2271
 253  2171 251  2271 246  2271 237  2271 227  2271 216  2171 205  1971 195  1871
 187  1771 182  1671 178  1571 173  1671 168  1671 162  1771 155  1671 152  1471
 157  1371 173  1471 197  1471 220  1571 235  1871 244  2071 250  2271 254  2271
 255  2271 253  2211 248  2251 239  2351 229  2311 218  2251 207  2051 197  1811
 190  1851 184  1651 179  1511 170  1651 165  1651 160  1711 155  1651 154  1451
 162  1311 183  1451 210  1451 234  1511 248  1751 255  1951 258  2111 260  2251
 260  2351 257  2411 249  2551 239  2551 228  2611 219  2451 211  2251
645 189   001 180   001 194   001 190   001 187   001 184   001 190   471
 192   871 191  1271 191  1471 191  1471 191  1571 193  1471 195  1371 198  1371
 203  1271 210  1171 220  1271 226  1171 232  1571 238  2071 243  2471 250  2371
 256  2271 258  2171 254  2171 244  2171 231  2271 215  2071 201  1971 188  1671
 178  1771 173  1771 170  1871 166  1871 162  1771 158  1771 154  1771 154  1671
 161  1671 178  1571 201  1471 223  1371 240  1671 254  2071 263  2371 271  2371
 274  2271 273  2471 265  2371 252  2271 236  2171 217  2071 199  1871 185  1671
 177  1771 172  1871 169  1871 163  1851 159  1751 156  1711 154  1751 157  1651
 167  1611 187  1551 213  1551 238  1411 259  1751 274  1951 285  2211 291  2351
 291  2351 286  2411 275  2451 259  2351 242  2311 225  2151 209  1951
650 258   001 195   001 202   001 200   001 202   001 203   001 215   271
 220   571 225   771 225   971 222  1171 219  1371 217  1471 216  1371 217  1271
 221  1171 228  1271 237  1271 245  1371 250  1371 252  1371 252  1371 250  1471
 247  1471 244  1571 241  1571 237  1371 233  1371 226  1371 219  1271 211  1171
 204  1171 197  1171 191  1171 184  1271 179  1371 173  1471 167  1471 164  1371
 167  1371 179  1371 196  1371 215  1371 231  1371 244  1271 253  1271 259  1271
 260  1471 258  1571 252  1471 242  1471 232  1371 222  1371 213  1271 204  1171
 196  1271 189  1271 183  1271 174  1251 171  1451 167  1511 164  1551 164  1451
 171  1411 187  1551 208  1551 231  1611 252  1551 268  1551 278  1411 280  1551
 276  1751 269  1811 260  1751 250  1751 239  1611 228  1551 218  1351
675 242   001 236   001 235   001 227   001 217   001 208   001 205   471
 202   771 199  1071 197  1371 195  1471 195  1671 196  1671 196  1571 198  1471
 206  1371 222  1371 241  1471 255  1471 258  1871 254  2171 249  2471 248  2071
 249  1771 250  1471 248  1371 244  1271 235  1171 223  1071 209  1071 197   971
 187  1171 178  1371 172  1571 167  1571 164  1571 161  1571 157  1471 157  1371
 166  1271 186  1371 211  1571 236  1671 254  1971 266  2271 274  2571 280  2371
 284  2071 283  1871 277  1671 266  1571 252  1371 236  1271 221  1271 205  1171
 192  1371 182  1471 174  1671 164  1651 162  1651 160  1711 158  1651 159  1451
 169  1311 191  1451 218  1451 244  1511 262  2051 274  2451 281  2911 286  2651
 288  2351 286  2011 280  1851 269  1651 255  1411 239  1351 222  1251
690 247   001 248   001 248   001 245   001 213   001 216   001 221   671
 220   871 218  1071 217  1071 217  1171 217  1171 218  1171 219  1171 220  1071
 224  1071 230  1271 239  1471 244  1671 247  1671 246  1471 244  1471 243  1371
 243  1371 243  1371 242  1371 239  1271 236  1371 230  1371 225  1371 217  1271
 212  1371 207  1471 204  1571 202  1471 200  1471 197  1371 194  1371 192  1371
 196  1371 207  1471 224  1471 238  1571 248  1571 253  1571 255  1671 256  1571
 256  1471 255  1471 253  1371 249  1271 244  1271 238  1371 231  1471 224  1471
 219  1571 215  1471 211  1571 204  1451 201  1351 200  1311 200  1351 202  1351
 208  1311 219  1451 232  1551 244  1611 252  1651 255  1751 257  1711 258  1651
 257  1651 255  1511 252  1451 247  1351 242  1211 237  1251 232  1351
747 279   001 275   001 238   001 225   001 214   001 212   001 213   471
 213   771 209   971 205  1071 202  1171 197  1171 193  1171 189  1071 188   971
 194   871 207  1071 223  1271 236  1471 245  1471 249  1571 250  1571 249  1971
 246  2271 242  2671 238  2371 233  2171 226  1971 219  1771 213  1571 206  1371
 199  1371 195  1371 191  1371 188  1371 184  1271 180  1271 173  1171 168  1071
 171   971 187  1171 209  1471 231  1671 247  1771 258  1871 263  1971 265  2271
 264  2671 263  2971 262  2671 259  2471 251  2271 239  2071 225  1871 213  1671
 205  1571 201  1571 197  1471 194  1351 189  1251 183  1211 178  1251 177  1151
 183  1111 198  1351 217  1451 236  1611 249  1751 256  1851 260  1911 261  2351
 259  2751 256  3111 251  2951 245  2751 238  2511 231  2351 224  2151
NT  TEDF  78  35 1
20150823202015082315
20150823202015082316
20150823202015082317
20150823202015082318
20150823202015082319
20150823202015082320
20150823202015082321
20150823202015082322
20150823202015082323
20150823202015082400
20150823202015082401
20150823202015082402
20150823202015082403
20150823202015082404
20150823202015082405
20150823202015082406
20150823202015082407
20150823202015082408
20150823202015082409
20150823202015082410
20150823202015082411
20150823202015082412
20150823202015082413
20150823202015082414
20150823202015082415
20150823202015082416
20150823202015082417
20150823202015082418
20150823202015082419
20150823202015082420
20150823202015082421
20150823202015082422
20150823202015082423
20150823202015082500
20150823202015082501
20150823202015082502
20150823202015082503
20150823202015082504
20150823202015082505
20150823202015082506
20150823202015082507
20150823202015082508
20150823202015082509
20150823202015082510
20150823202015082511
20150823202015082512
20150823202015082513
20150823202015082514
20150823202015082515
20150823202015082516
20150823202015082517
20150823202015082518
20150823202015082519
20150823202015082520
20150823202015082521
20150823202015082522
20150823202015082523
20150823202015082600
20150823202015082601
20150823202015082602
20150823202015082603
20150823202015082604
20150823202015082605
20150823202015082606
20150823202015082607
20150823202015082608
20150823202015082609
20150823202015082610
20150823202015082611
20150823202015082612
20150823202015082613
20150823202015082614
20150823202015082615
20150823202015082616
20150823202015082617
20150823202015082618
20150823202015082619
20150823202015082620
002600160018001000100011001217122713271427152716271731173517351731173517351
73117351835173116351535153115351635173117351735173117351735173117351735163115351
33512311235133514311535163517311735173517311735173517311735173517311735163516311
63516351631163516351731173517351731173517351731173517351631163516351631153515351
005700180017001000100010001117122713271427152716271731173517351731173517351
73117351735163116351535153116351635173117351735173117351635163116351635153115351
43513311235123513311435153516311735173517311735173516311635163516311635163516311
63515351531153516351631163516351631163517351731173516351631163516351631163516351
015800180018001800150011001117121713271427152716271731173517351731173517351
73117351735173117351735173116351635163116351635173117351735173117351735163116351
53514311435143514311435143514311535163517311735173516311635163516311635163516311
63516351631163516351531153516351631163516351731173517351731173517351731163516351
027400140013001300150015001517161716271627162716271631163516351731173517351
73117351735163117351735173118351835173116351535143113351335133113351335133112351
23512311335153517311835183517311735173517311635163516311635163515311535153516311
63516351631163516351631173517351731173517351731173517351731173516351631163516351
070800180018001500130012001217132713271427152715271531153516351731173517351
73117351735173116351635153116351635173117351735173117351735173117351635163115351
53515311435133512311235113512311335153517311735173516311535153515311535153514311
43514351431143515351531153514351431143514351431153515351531153515351531153515351
110600180018001800170017001717172717271727172717271731173517351731173517351
73117351735173116351435133113351335133113351235123112351335143114351535163116351
73517311735173517311735173517311735173517311735173517311735173517311735173516311
63516351631163516351731173517351731163515351531153516351631173517351731173517351
120500160016001800180018001717172717271727172717271731173517351731173517351
73117351735183118351835173116351535133112351235123112351335133113351335133114351
63517311735173517311735173516311635173517311735173517311735173516311635163515311
53515351531163516351731173516351631153515351531153515351631163516351631163515351
130600170017001800170018001717172716271627162716371731173516351631163516351
63116351735173118351835173116351435133112351235123112351235123112351335133115351
63517311735173517311735173517311735173517311735163516311635163516311535153515311
53515351631163517351731173517351731173517351731173517351731163515351531153515351
145800160013001400110012001217131714271527152716271731173517351731173516351
63116351735173116351635153115351635173118351835173116351435123112351235123112351
23512311235123512311335153516311735173517311735163516311635153514311435133513311
43514351431153516351631163516351631163516351631163516351631173516351631153515351
149800130012001000100010001117132714271527162717271731173517351731163515351
53116351635173117351635163116351635173118351835173116351435133112351235123112351
33512311235123512311335153517311735173517311635163516311535153514311435133513311
33514351531153516351631163517351631163516351531163516351631163516351531153514351
156800140014001200110011001217132714271527162716271731173517351731163515351
53115351635173117351635153115351635173118351835173116351435133112351235123112351
33513311235123512311335153517311735173517311635163516311535153514311435143513311
43514351431153516351631163517351631163516351631163516351631163516351531153514351
168700180018001200100010001017112711271227132713271431153516351731173517351
63115351335133113351435153116351635163116351635173116351535153114351335133112351
23512311235133513311235113511311335143516311635163515311435143513311335123512311
23512351231133514351431143514351431143514351431143515351531153515351431143514351
180800180018001700180017001727172717271727172717271631163517351731173517351
73117351635163116351635163115351435123112351235133114351535163116351535143113351
23512311235123512311235123511311135113512311235133514311335133513311335133513311
33512351231123512351231123512351231123512351331133513351331143514351431133513351
190800180018001800170017001717172717271737163716371531163517351731183517351
73117351735163117351735173116351635153114351435133112351235123112351335143114351
43514311335133512311135113512311235133513311335123512311135113512311235123512311
23512351231123512351231123512351131113511351131123512351231133513351431143514351
222500170017001700180017001717162716271527152716271631153515351431153516351
63117351735173116351635153114351235113111351235123113351335143114351535153115351
63516311735173517311735173517311735173517311735163515311535153516311635163516311
63515351631163516351731173517351731173517351631163516351631163516351631163516351
240200140017001200130015001517161716271627172717371731173516351631163515351
63116351735173117351735173116351635153114351235113111351235123112351235123114351
53516311535153514311535163517311735173517311635153513311235123511311135123512311
33513351431153515351631153515351431143514351531163516351631163515351431143514351
255500110012001200100010001117122713271427152716271731173517351631163516351
63115351435143114351535163116351535143113351235113112351335133113351335133113351
33513311235123512311235123513311435143515311435143513311235123512311235123513311
33513351331133512351231123512351231123513351331143514351531153515351531153514351
260800170016001200100010001017112712271227132714271531163517351731163514351
33114351535163116351635153114351335123111351135113111351135123112351335133113351
33512311235133513311335133513311335143514311435133512311235123511311135113511311
13511351231123512351231123512351231123513351331143514351431143514351431143514351
280800180018001800170018001817182717271727172717271731173517351731173517351
73117351735163116351535143114351435143113351335133112351235123112351335133113351
33512311235133513311335133513311335133513311335123512311235113511311135113512311
23511351131123512351231123513351331133512351231123513351331133514351431133513351
299800180018001700180017001717171717271727172717271731173517351731173517351
73117351635163116351635163117351735173116351435133112351235123112351235123112351
23512311235123512311135113512311235133513311335123511311135113511311135123512311
13511351131113512351231123512351131113511351131123512351231123512351231123512351
434700180013001000100010001217142716271727182718371731153513351231133515351
63117351735173116351635163116351635153114351235113112351235133114351535153115351
53515311535153515311535153514311435143514311335123512311135113511311135113511311
13511351131113512351231123512351231123513351331133514351431133513351331123512351
460800180017001700150011001117121712271227132713271431153515351631163516351
63115351535153115351635163116351535143113351235113111351135113112351335133114351
43514311535143514311335133512311335143514311335123512311135113511311135113511311
13511351131113512351231123512351231123512351231123512351231123512351231123511351
481800180018001800170017001717172717271727172717371731173516351631163517351
73117351735173117351835173116351535143113351435143113351235123112351335133113351
33512311235123512311235123512311235123512311235123512311135113511311135113511311
13511351131123512351231123512351231123512351231113511351231123512351331123512351
497800180018001800180018001817171717271727172716271631153515351531163517351
73117351735173117351735173117351735173117351735173116351535153114351435143114351
43515311535153515311535143514311435133513311335133513311235123511311135113511311
13511351131113512351231123511351131123512351331133513351331123512351231113511351
510600120010001000140017001817182717271727152714271331133513351431153516351
63116351635163116351535143113351235123112351335143114351435143114351335133112351
23513311335143514311435133512311235123512311235133513311235123512311235123512311
23511351231123513351331133512351231123512351331133513351331133513351331133513351
579800180018001700160016001617161716271627162716271631163516351631163517351
73117351735173117351735163116351635153113351235113111351235123112351235113111351
13511311135113511311135113511311135113511311235123512311135113511311135113511311
13511351131113511351131113511351131113512351231123512351231123512351231123512351
588800180018001800180018001717171716271627152715271531153515351531163516351
73117351735173117351735173117351735173117351735163114351335113111351135113111351
13511311135123512311135113511311135113511311135113511311135113511311135113511311
13511351131113511351231123511351131123512351231123512351231123512351231113511351
621600140011001000100011001117121713271427142714371431143515351531153515351
53116351635173117351635163115351435143114351435143113351335133112351235123112351
23512311235123511311235123513311235123512311135123512311235113511311135113512311
13511351131113512351231123511351131113511351231123513351331133512351231113512351
630700170015001100110010001017112712271337143715271631173517351731163516351
53114351535153115351535153115351535143113351335123113351435143113351335123112351
23512311235123511311135113511311135113512311235123511311135113511311135113512311
13511351131113511351131113511351131113511351131113511351131123512351231123511351
643800170017001700170018001817172717271727172717271731173516351631163517351
63115351335123113351535163116351635143113351335133113351435143113351235113111351
13512311235123511311135113511311135113511311135113511311135113511311135113511311
13511351131113511351231113511351131113512351231123512351231133513351431143514351
645800180017001700170017001717171717271727172717271731173517351731173517351
73117351635163115351435143114351535153114351335123112351235123112351135113111351
13511311135113511311135113512311235123511311135113511311135113511311135113511311
13511351131113511351131113511351131113511351131113512351231123512351231123513351
650800180018001700170016001617151715271527142714271431143514351431153515351
53115351535153115351535153115351535153115351535143113351235113111351135113111351
13511311135113511311135113511311135113511311135113511311135113511311135113511311
13511351131113511351231113511351131113512351231123512351131113511351231123512351
675800180018001700160017001717161716271627152715271531153514351431153515351
63116351635163116351635163116351635163115351435133112351235113111351135113111351
13512311235113511311135113511311135113511311135113511311135113511311235123512311
23512351331133513351331123512351231123512351231123512351231123512351231123511351
690800180018001800170018001817171717271727172717271631163516351631163516351
73116351635163116351635163116351535153115351535153115351435133112351135113111351
13511311135123512311235123512311235123512311235123512311235123512311235123512311
23512351231123512351231123512351231123513351331133513351231123512351231123512351
747600170016001300150016001617152715271427142714271331143515351531143513351
33113351435153116351635163116351635153114351335123112351235123112351235123112351
33513311335123512311235123512311335133513311335123511311135113511311235123512311
23512351131113512351231123512351231123511351231123513351331133513351331133514351
