20151216161426
T2M TEDF  78  35 1
20151216162015121611
20151216162015121612
20151216162015121613
20151216162015121614
20151216162015121615
20151216162015121616
20151216162015121617
20151216162015121618
20151216162015121619
20151216162015121620
20151216162015121621
20151216162015121622
20151216162015121623
20151216162015121700
20151216162015121701
20151216162015121702
20151216162015121703
20151216162015121704
20151216162015121705
20151216162015121706
20151216162015121707
20151216162015121708
20151216162015121709
20151216162015121710
20151216162015121711
20151216162015121712
20151216162015121713
20151216162015121714
20151216162015121715
20151216162015121716
20151216162015121717
20151216162015121718
20151216162015121719
20151216162015121720
20151216162015121721
20151216162015121722
20151216162015121723
20151216162015121800
20151216162015121801
20151216162015121802
20151216162015121803
20151216162015121804
20151216162015121805
20151216162015121806
20151216162015121807
20151216162015121808
20151216162015121809
20151216162015121810
20151216162015121811
20151216162015121812
20151216162015121813
20151216162015121814
20151216162015121815
20151216162015121816
20151216162015121817
20151216162015121818
20151216162015121819
20151216162015121820
20151216162015121821
20151216162015121822
20151216162015121823
20151216162015121900
20151216162015121901
20151216162015121902
20151216162015121903
20151216162015121904
20151216162015121905
20151216162015121906
20151216162015121907
20151216162015121908
20151216162015121909
20151216162015121910
20151216162015121911
20151216162015121912
20151216162015121913
20151216162015121914
20151216162015121915
20151216162015121916
002 124   001 125   001 125   001 123   001 122   001 124   001 124   271
 124   371 125   471 127   571 128   771 127   771 127   871 126   871 126   871
 126   871 126   871 126   871 127   871 126   871 125   771 123   771 125   671
 131   771 138   771 144   871 145   871 143   871 139   871 134   871 130   871
 127   871 126   871 126   871 126   871 125   971 123   971 122  1071 122  1171
 121  1171 121  1271 120  1271 117  1171 115  1171 113  1071 111  1071 111   971
 113   971 115   971 117   971 118   971 117  1071 116  1071 115  1071 113  1171
 112  1171 112  1171 112  1171 112  1171 111  1171 110  1271 110  1271 111  1271
 112  1371 113  1371 113  1271 113  1271 113  1171 114  1071 115  1051 119   911
 124  1051 130  1051 135  1111 137  1151 137  1251 135  1211 133  1251
005 133   001 135   001 142   001 141   001 142   001 140   001 135   271
 131   371 130   371 130   671 129   771 126   871 122   971 121   971 121   971
 121   971 119   971 116   971 111  1071 109  1071 108   971 110  1071 116   971
 126  1071 137  1171 145  1271 148  1171 147  1071 142   971 136   871 129   771
 122   771 119   871 117   971 117  1071 117  1071 117  1171 117  1171 116  1271
 116  1371 114  1471 112  1371 110  1371 109  1271 109  1171 111  1071 113   971
 116  1071 118  1071 120  1171 121  1171 120  1171 118  1171 114  1071 111  1071
 107   971 105  1071 105  1171 105  1271 105  1271 104  1371 104  1371 103  1471
 102  1471 101  1571 101  1471 102  1371 103  1271 104  1271 107  1251 111  1211
 118  1251 126  1251 133  1211 137  1251 138  1351 136  1311 131  1351
015 132   001 139   001 140   001 139   001 140   001 135   001 134   371
 133   471 131   571 128   871 125  1071 124  1071 125  1071 125  1071 126  1071
 124  1071 122  1071 119  1071 115  1071 112  1071 109   971 109   971 112   871
 120   971 128  1071 136  1171 139  1071 139  1071 136   971 134   971 130  1071
 127  1071 123  1071 121  1171 119  1171 119  1271 121  1271 121  1371 120  1371
 119  1371 117  1371 115  1371 113  1371 111  1371 109  1271 109  1271 110  1171
 113  1171 117  1271 121  1171 123  1171 124  1071 123  1071 121  1071 117  1071
 112  1071 108  1171 104  1171 102  1271 101  1371 100  1471 100  1571  99  1571
  98  1471  97  1471  97  1471  97  1571  98  1571  99  1451 100  1351 104  1211
 110  1251 118  1251 124  1211 128  1351 129  1351 128  1411 125  1551
027 152   001 156   001 152   001 150   001 151   001 151   001 147   271
 141   571 134   771 129   871 124   971 122  1171 122  1471 121  1471 120  1471
 117  1371 114  1371 110  1371 107  1371 106  1371 108  1371 114  1271 121  1171
 130  1171 138  1171 144  1171 146  1071 145   871 142   771 139   871 134  1071
 128  1271 124  1371 120  1371 119  1371 118  1371 117  1471 116  1471 114  1471
 112  1571 110  1571 108  1471 106  1471 105  1371 106  1271 109  1271 112  1271
 117  1271 121  1171 125  1071 127  1071 128  1171 127  1171 124  1271 119  1271
 114  1371 112  1371 111  1471 112  1471 111  1471 110  1471 110  1471 110  1571
 111  1771 111  1871 110  1871 109  1871 110  1871 114  1771 120  1651 128  1511
 137  1451 145  1451 151  1311 155  1351 155  1251 153  1211 147  1351
070 136   001 130   001 133   001 138   001 138   001 135   001 130   571
 125   671 122   971 119  1971 116  1671 114  1771 113  1871 111  1871 108  1871
 105  1871 104  1871 103  1871 103  1871 103  1771 102  1651 103  1551 107  1311
 116  1451 127  1451 135  1611 138  1551 136  1471 132  1371 127  1371 121  1471
 117  1571 113  1671 111  1771 109  1871 108  1971 107  2071 105  2071 102  2071
  99  2171  98  2171  99  2171 101  2071 104  2071 106  1871 107  1871 108  1771
 110  1671 112  1571 115  1571 118  1371 120  1251 120  1211 116  1451 111  1551
 105  1711 101  1851  99  1951  97  2011  95  2151  93  2351  90  2411  87  2451
  84  2451  82  2311  82  2351  84  2351  86  2311  89  2151  93  2051  98  1911
 104  1851 111  1751 118  1711 123  1651 126  1551 125  1411 120  1651
110 142   001 141   001 137   001 136   001 141   001 137   001 136   371
 136   671 136   771 135   971 134   971 133   971 132   871 133   871 135   871
 135   871 136   871 137  1071 138  1171 139  1371 139  1171 139  1071 141   871
 144   871 147   771 148   771 145   671 141   671 135   571 131   771 128   871
 125  1071 123  1071 122  1171 121  1171 120  1171 119  1171 119  1171 119  1171
 120  1171 121  1171 121  1271 120  1471 120  1571 120  1371 121  1271 123  1071
 127  1071 132   971 135   971 137   871 138   951 138  1011 138  1051 138  1151
 138  1111 139  1251 140  1251 141  1311 142  1351 142  1451 142  1411 142  1451
 142  1451 142  1411 141  1651 141  1751 140  1911 140  1751 141  1451 144  1211
 149  1151 155  1151 159  1011 161  1051 159   951 156   911 151   951
120 146   001 151   001 153   001 147   001 143   001 139   001 136   371
 135   571 135   671 134   671 133   771 131   971 130  1071 128  1171 127  1171
 128  1271 127  1271 125  1271 124  1271 124  1271 125  1171 128   971 133   871
 139   871 146   971 149   971 147   871 143   771 138   871 134   771 130   871
 127   871 124   871 122  1071 119  1071 115  1171 112  1371 110  1471 110  1471
 112  1571 113  1571 113  1571 112  1471 112  1471 113  1371 114  1271 118  1171
 123  1171 128  1171 133  1171 136  1171 137  1171 136  1171 132  1171 128  1171
 126  1171 125  1171 126  1271 127  1271 127  1471 127  1571 127  1771 127  1771
 128  1871 129  1871 129  1871 130  1771 130  1771 131  1671 133  1551 138  1411
 145  1351 153  1251 159  1111 161  1151 160  1151 156  1111 150  1151
130 154   001 147   001 148   001 151   001 148   001 145   001 138   471
 130   371 126   571 124   871 124  1071 123  1071 121  1171 119  1171 117  1271
 115  1271 112  1371 109  1371 107  1471 106  1471 107  1471 110  1471 116  1371
 124  1271 133  1271 140  1171 144  1171 145  1171 143  1171 139  1171 132  1071
 127  1071 126  1071 125  1171 124  1271 121  1271 117  1371 113  1371 111  1471
 110  1471 109  1571 109  1571 109  1671 109  1671 109  1671 111  1571 113  1571
 117  1471 123  1371 129  1271 134  1371 137  1371 136  1471 131  1371 126  1471
 120  1371 117  1371 117  1371 117  1371 117  1471 118  1471 118  1571 118  1671
 117  1771 116  1871 115  1871 114  1971 114  1971 117  1951 122  1851 128  1811
 136  1651 143  1551 150  1311 154  1451 155  1451 152  1511 144  1451
145 128   001 136   001 139   001 138   001 137   001 133   001 130   471
 127   671 124   871 122  1171 119  1171 116  1171 112  1171 109  1171 106  1171
 102  1271 100  1271  98  1271  96  1171  95  1171  94  1171  95  1171 100  1171
 110  1271 122  1271 132  1371 137  1271 138  1171 135  1071 131  1071 124  1071
 120  1171 116  1171 115  1271 114  1271 113  1371 112  1371 110  1471 109  1471
 107  1571 106  1571 105  1571 104  1471 103  1471 101  1471 100  1371 100  1371
 102  1371 107  1471 111  1471 114  1471 116  1371 115  1371 113  1371 108  1471
 104  1471 102  1471 101  1571 100  1571  99  1571  97  1671  95  1671  94  1671
  93  1671  92  1671  92  1671  92  1671  93  1671  95  1651  98  1651 103  1611
 110  1751 117  1751 124  1811 129  1751 131  1751 130  1611 126  1651
149 136   001 141   001 139   001 135   001 137   001 132   001 129   271
 127   371 124   571 121   771 119  1471 118  1271 117  1271 115  1371 112  1371
 107  1371 103  1371 100  1371  97  1371  95  1371  93  1371  94  1371  99  1271
 109  1271 122  1371 133  1371 139  1271 140  1171 137  1071 133  1071 127   971
 121   971 117  1071 114  1171 113  1171 113  1271 114  1471 114  1571 112  1571
 109  1571 108  1571 107  1571 107  1671 106  1671 104  1671 103  1571 103  1571
 107  1571 112  1671 117  1671 119  1571 120  1471 118  1371 116  1371 111  1471
 107  1471 104  1471 102  1571 100  1571  99  1671  98  1671  97  1771  97  1771
  95  1771  93  1771  91  1771  90  1871  90  1871  92  1851  95  1751 101  1711
 109  1851 117  1851 125  1911 130  1851 133  1651 132  1511 128  1651
156 141   001 147   001 148   001 145   001 143   001 139   001 137   171
 136   371 133   471 130   571 128   971 126  1071 125  1171 122  1271 120  1271
 117  1271 114  1271 110  1271 107  1271 104  1271 103  1271 104  1371 110  1371
 120  1371 132  1271 142  1271 145  1171 145  1071 141   971 137   971 133   971
 129   971 126   971 123  1071 121  1071 120  1171 120  1271 119  1371 118  1371
 116  1471 115  1471 115  1471 114  1471 112  1471 110  1471 109  1471 110  1471
 112  1571 116  1471 121  1571 123  1571 124  1371 123  1271 121  1271 118  1271
 115  1271 113  1271 110  1371 108  1371 106  1471 104  1471 102  1571 101  1571
 101  1571 101  1571 100  1571 100  1671 100  1671 101  1651 104  1751 109  1711
 117  1851 125  1851 132  1911 136  1851 137  1651 136  1511 133  1551
168 134   001 133   001 137   001 136   001 124   001 124   001 121   671
 116   971 113  1871 111  1771 110  1871 108  1971 106  2071 104  2171 104  2071
 103  1971 103  1871 102  1871 100  1771  98  1771  97  1771  99  1671 106  1671
 120  1771 136  1771 148  1771 152  1671 149  1571 141  1471 131  1671 120  1871
 112  2071 107  2171 103  2171 101  2271  98  2271  95  2271  93  2371  93  2371
  94  2371  95  2371  96  2271  97  2171  97  2071  97  1971  98  1871 101  1771
 109  1771 117  1671 125  1671 128  1671 127  1571 123  1571 114  1771 106  2071
  98  2171  94  2371  90  2471  89  2571  87  2671  85  2871  84  2971  83  2871
  83  2671  82  2571  81  2471  79  2471  79  2371  81  2251  85  2151  93  2011
 104  1951 117  1851 127  1711 133  1651 134  1651 130  1511 121  1751
180 118   001 120   001 122   001 128   001 120   001 124   001 122   671
 116  1071 111  1471 108  2271 105  2271 104  2271 104  2071 104  2171 105  2071
 105  2071 105  1971 105  1871 103  1871 100  1771  96  1771  94  1871  98  1971
 109  2071 125  2171 138  2471 144  2271 144  2071 138  1971 127  1771 115  1671
 104  1571  97  1771  94  1971  92  2071  92  2071  92  2071  93  2171  93  2171
  94  2071  93  2071  92  2071  91  1971  90  1971  91  1971  93  1971  97  1971
 105  1971 113  2171 119  2171 122  1971 123  1871 120  1671 113  1671 106  1471
  97  1471  90  1571  86  1771  82  2071  80  2271  79  2471  79  2671  79  2571
  78  2571  77  2471  76  2471  74  2371  73  2371  73  2251  74  2251  79  2111
  88  2251  99  2251 109  2311 115  2151 117  2051 114  1811 107  1851
190  96   001 102   001 107   001 110   001 113   001 115   001 112   671
 108   971 105  1171 102  1671  98  1671  96  1971  95  1871  94  2071  93  2071
  91  2171  89  2171  87  2071  84  1971  83  1871  83  1871  87  1871  94  1771
 107  2071 120  2371 132  2471 136  2571 135  2471 128  2371 117  2071 104  1871
  93  1671  84  1771  77  1671  73  1771  71  1871  71  2071  72  2171  73  2171
  74  2271  74  2271  74  2171  75  2171  76  2071  79  1971  84  1771  90  1771
 100  1771 109  1771 117  1971 122  1971 123  1871 120  1871 112  1771 102  1671
  91  1571  82  1571  74  1771  71  1771  69  1871  69  2171  69  2271  67  2371
  64  2371  61  2471  58  2371  55  2271  55  2171  57  2051  62  1951  70  1811
  80  1951  90  2151 100  2211 107  2251 110  2151 108  2111 100  2051
222 144   001 145   001 145   001 147   001 147   001 145   001 138   271
 129   471 123   471 119   671 117  1071 113  1171 108  1271 106  1371 102  1371
  99  1471  97  1471  95  1471  94  1571  95  1571  98  1371 104  1371 112  1171
 121  1071 131  1071 138   971 142  1071 142  1071 139  1171 133  1071 127  1171
 120  1171 117  1171 116  1171 115  1171 114  1271 113  1371 110  1471 107  1571
 105  1671 103  1771 102  1771 102  1871 103  1871 105  1671 108  1471 111  1371
 114  1271 118  1171 124  1071 128  1171 132  1171 132  1371 127  1371 119  1271
 112  1271 108  1371 105  1371 104  1471 103  1571 103  1771 102  1871 101  1971
 100  2071 100  2171  99  2171  99  2171 100  2171 103  2051 109  1951 117  1811
 127  1651 138  1451 147  1211 153  1351 155  1351 152  1411 143  1551
240 111   001 115   001 121   001 128   001 132   001 128   001 124   671
 120   971 116   971 113  1171 110  1171 107  1271 104  1271 100  1371  96  1471
  92  1671  89  1771  88  1671  89  1571  89  1471  89  1571  90  1671  96  1771
 109  1671 124  1571 137  1571 144  1571 144  1471 139  1471 131  1271 121  1171
 114  1171 110  1171 109  1271 109  1271 108  1371 107  1471 105  1571 103  1671
 101  1871 100  1971 101  1871 102  1871 103  1771 102  1771 102  1971 103  1971
 107  1971 113  1871 120  1871 126  1871 129  1771 128  1671 123  1571 116  1571
 108  1571 103  1571 101  1571  99  1571  97  1771  95  1771  94  1971  91  2171
  88  2271  87  2471  87  2371  89  2171  91  2071  93  2051  96  2151 103  2111
 114  2151 127  2051 139  2011 147  1951 150  1751 147  1611 139  1651
255 134   001 142   001 147   001 144   001 140   001 133   001 123   971
 114  1171 106  1471 102  1771  97  2171  94  2171  89  1971  86  2071  82  2071
  80  1971  76  1971  73  1971  69  1871  67  1871  67  1971  71  1871  82  1871
  99  1771 119  1771 135  1571 143  1471 143  1571 138  1371 132  1471 124  1571
 114  1671 108  1771 102  1971  98  2071  97  2071  96  2071  94  2071  92  2071
  90  2171  90  2171  88  2171  87  2071  86  2071  86  2171  88  2171  92  2271
  99  2071 108  1871 115  1771 121  1671 124  1571 122  1471 116  1571 106  1871
  97  1971  91  2071  86  2271  82  2371  79  2371  76  2371  74  2371  72  2471
  69  2471  66  2571  63  2571  60  2471  60  2471  64  2451  72  2451  84  2411
  99  2251 115  2051 129  1811 138  1751 142  1751 140  1611 133  1751
260 128   001 134   001 142   001 143   001 144   001 136   001 123  1371
 111  1871 104  2171  99  2171  95  2371  93  2671  91  3071  89  3171  86  3071
  83  2971  80  2871  78  2571  76  2371  76  2071  78  2071  82  1971  92  1871
 108  1871 126  1771 140  1771 148  1771 148  1671 142  1671 131  1971 117  2271
 106  2571  97  2671  91  2771  89  2971  89  3071  91  3171  91  3271  90  3171
  87  3171  85  3071  84  2871  84  2671  85  2471  86  2571  89  2371  94  2371
 101  2371 111  2171 119  2071 126  1971 129  1971 127  1871 120  2171 107  2671
  95  2971  84  3071  74  2971  68  3071  64  3271  63  3371  63  3571  63  3471
  64  3371  63  3271  61  3071  60  2971  61  2771  66  2651  74  2551  86  2411
 100  2351 115  2251 128  2111 137  2051 141  2051 138  1911 127  2251
280 102   001 107   001 113   001 120   001 123   001 118   001 110   871
 105   871 103  1571 103  1871 103  1971 101  1971  97  1871  93  1871  87  1971
  82  2071  76  2171  71  2171  68  2271  64  2271  60  2371  60  2371  66  2371
  80  2371  99  2471 114  2471 122  2471 122  2371 117  2371 110  2171 102  1871
  95  1671  88  1771  84  1971  81  2071  78  2171  77  2071  75  2171  75  2271
  74  2271  73  2371  73  2371  74  2371  75  2371  76  2271  78  2271  83  2271
  90  2271  99  2171 106  2271 112  2171 114  2071 112  1971 105  1771  96  1671
  87  1371  79  1471  74  1671  71  1871  69  1971  67  2171  66  2271  64  2371
  60  2371  56  2471  50  2571  46  2571  42  2671  41  2651  43  2651  49  2611
  61  2751  75  2751  88  2811  98  2751 103  2551 102  2411  95  2251
299  81   001  84   001  89   001  89   001  92   001  89   001  88   971
  88  1471  86  1771  85  1671  83  1671  82  2071  79  2071  78  2171  78  2271
  76  2271  74  2371  71  2271  68  2071  66  1971  67  1971  72  1771  83  1671
 100  1771 119  1871 134  2071 140  1971 138  1871 129  1871 113  1871  96  1971
  81  1871  69  1971  62  2171  59  2271  58  2371  59  2371  61  2371  64  2471
  65  2471  65  2571  64  2471  63  2371  64  2271  68  2171  75  1971  84  1871
  95  1771 105  1771 114  1771 121  1771 124  1771 120  1771 109  1771  94  1671
  79  1671  68  1771  60  1771  56  1871  55  1971  54  2171  55  2271  54  2371
  51  2471  47  2571  41  2571  37  2471  36  2471  41  2251  50  2151  63  1911
  78  1951  93  1851 105  1811 113  1851 114  1751 109  1711  97  1851
434 117   001 130   001 138   001 138   001 140   001 135   001 128   471
 122   671 119   771 118   871 118   971 116  1071 113  1171 110  1171 106  1271
 103  1371 100  1471  98  1471  96  1471  95  1471  95  1571  98  1571 106  1571
 121  1471 136  1371 151  1271 158  1371 160  1171 155  1171 146  1071 133   971
 123   871 117   871 112   971 108   971 103  1071  98  1171  92  1271  89  1371
  87  1371  86  1471  86  1471  86  1571  85  1571  84  1671  84  1671  88  1771
  98  1871 109  1771 121  1671 129  1771 132  1571 131  1471 126  1371 118  1371
 110  1271 106  1271 102  1271  99  1271  96  1371  92  1271  89  1371  87  1471
  85  1571  83  1671  81  1771  80  1771  80  1871  83  1851  90  1851 100  1811
 114  1751 128  1751 140  1611 147  1551 149  1551 146  1411 140  1351
460 129   001 147   001 154   001 147   001 140   001 125   001 117   671
 113   771 111  1171 110  1571 110  1771 111  1971 112  2271 110  2271 107  2271
 103  2271  99  2271  94  2371  89  2571  87  2671  87  2471  92  2271 103  2071
 121  1971 140  1771 157  1671 166  1771 168  1571 163  1571 151  1771 138  1971
 126  2171 118  2171 113  2171 110  2171 110  2271 109  2271 108  2371 105  2371
 102  2471  98  2471  95  2571  92  2771  92  2871  95  2671 101  2371 110  2171
 119  2171 128  2071 137  1971 144  1971 149  1971 146  1971 135  2171 119  2271
 104  2371  92  2371  85  2471  81  2471  79  2571  78  2671  78  2771  78  2771
  76  2871  74  2871  68  2971  63  3171  61  3271  65  3051  74  2751  90  2511
 111  2351 132  2251 151  2011 163  1951 166  1951 161  1811 148  2051
481 121   001 133   001 139   001 142   001 129   001 110   001 105   271
 108   471 109   871 108  1071 105  1271 102  1471  98  1571  93  1571  90  1571
  86  1671  83  1671  80  1671  77  1671  76  1671  77  1671  82  1671  91  1571
 106  1771 124  1871 139  2071 149  1971 154  1671 152  1571 142  1571 129  1471
 119  1571 111  1771 107  1671 105  1671 105  1771 104  1771 105  1771 103  1771
 100  1871  99  1871  97  1871  96  1771  96  1771  97  1671 101  1671 106  1671
 114  1771 122  1971 130  2071 136  1971 139  1871 136  1771 127  1771 116  1671
 103  1571  94  1571  88  1671  83  1671  78  1671  74  1871  70  1871  68  1971
  66  2071  64  2171  62  2071  60  1971  60  1871  64  1851  71  1951  80  1911
  91  2151 103  2351 115  2511 126  2351 134  2151 135  1911 128  1951
497  92   001 118   001 121   001 103   001  90   001  70   001  57   371
  49   671  44   771  40   871  37  1271  33  1471  29  1571  24  1571  19  1571
  16  1571  13  1571  11  1571  10  1471   7  1471   3  1371   3  1471  17  1371
  49  1571  85  1871 112  2071 117  2071 105  1771  88  1571  70  1571  57  1571
  46  1671  39  1671  35  1771  33  1771  32  1771  32  1771  33  1671  32  1671
  31  1671  30  1671  28  1571  26  1471  22  1371  18  1571  18  1771  29  1971
  55  1971  85  2171 106  2171 109  1971  98  1771  81  1671  65  1571  53  1671
  44  1671  39  1771  37  1771  35  1871  33  1871  30  1771  28  1771  26  1771
  24  1671  22  1671  19  1571  16  1571  14  1471  14  1671  19  1851  34  2011
  61  1951  91  1951 112  1811 115  1751 105  1651  88  1511  70  1551
510 127   001 128   001 134   001 137   001 141   001 138   001 130  1071
 122  1171 117  1271 113  1471 109  1571 106  1671 102  1771  99  1771  96  1771
  93  1871  92  1871  92  1871  92  1771  92  1771  91  1771  93  1671 102  1771
 118  1771 139  1971 157  2071 167  1971 168  1871 163  1771 155  1671 144  1671
 134  1571 124  1671 116  1771 109  1871 104  1871 101  1971  98  1971  95  1971
  93  2071  91  2071  90  2071  90  2071  91  2071  92  2151  96  2171 104  2171
 116  2271 132  2271 147  2271 159  2171 164  1871 163  1771 154  1671 141  1571
 128  1471 119  1671 112  1671 108  1771 104  1871 100  2171  97  2271  93  2271
  90  2171  88  2171  87  2171  86  2171  88  2171  92  2151  99  2151 111  2111
 127  2251 146  2251 162  2311 173  2251 178  2051 176  1911 167  1951
579 138   001 153   001 149   001 154   001 151   001 143   001 134   371
 125   671 118   871 114  1071 112  1271 108  1471 102  1771  98  1871  94  1971
  90  2171  86  2271  82  2371  80  2371  80  2471  85  2471  90  2271  97  2171
 104  1971 109  1771 113  1571 116  1471 119  1271 119  1071 117  1271 112  1571
 107  1771 103  1871 101  1871  99  1871  97  1971  97  1971  96  2071  95  2071
  94  2171  91  2171  87  2271  86  2271  87  2371  92  2371 100  2271 109  2271
 119  1971 129  1671 139  1371 146  1271 150  1251 147  1011 137  1251 123  1551
 109  1711  99  2051  92  2151  87  2311  84  2351  81  2351  79  2311  77  2351
  75  2351  72  2311  68  2351  65  2451  65  2411  70  2451  78  2351  89  2311
 101  2051 112  1851 123  1511 132  1451 138  1451 137  1311 129  1551
588 115   001 133   001 140   001 138   001 132   001 110   001  93   571
  82   771  75   871  74  1171  73  1371  68  1771  61  2171  57  2271  56  2271
  57  2271  58  2271  55  2071  52  1871  50  1671  52  1771  58  1871  68  1871
  81  1871  97  1971 110  1971 119  1871 123  1671 119  1471 109  1771  95  2171
  82  2471  74  2471  70  2371  69  2471  69  2371  69  2371  70  2371  69  2371
  68  2471  65  2471  61  2271  58  2171  57  1971  61  2071  68  2071  79  2171
  92  2171 104  2171 116  2171 125  2071 128  1971 124  1871 111  2071  93  2371
  78  2571  67  2471  61  2471  58  2371  55  2371  52  2371  51  2371  51  2471
  52  2471  52  2571  50  2371  47  2171  46  1911  47  1951  52  2051  62  2011
  76  2051  92  2151 106  2111 115  2051 118  1851 114  1711 103  2051
621 184   001 187   001 200   001 187   001 179   001 167   001 142   271
 115   771  96   971  89  1171  90  1371  91  1771  90  1871  87  1871  84  1871
  81  1871  77  1871  75  1971  75  1971  78  2071  85  1971  98  1971 116  1871
 142  1971 169  2071 191  2171 201  1971 199  1671 186  1471 162  1771 134  1971
 108  2371  92  2271  85  2171  83  2071  84  2071  86  1971  88  1971  86  1971
  84  1971  80  1971  78  2071  79  2071  83  2171  92  2071 105  1971 123  1971
 144  2071 165  2171 183  2271 193  2171 193  1871 180  1771 155  2071 124  2171
  98  2471  85  2471  82  2371  83  2371  83  2371  82  2371  81  2371  80  2371
  80  2271  78  2271  75  2271  73  2371  77  2371  88  2151 106  2051 128  1811
 152  1951 176  2151 195  2211 207  2151 208  1951 195  1811 168  2151
630 114   001 140   001 159   001 160   001 158   001 149   001 142   571
 136   971 129  1171 121  1271 114  1671 107  1571 101  1671  98  1571  96  1671
  94  1671  93  1771  90  1771  88  1871  87  1871  90  1871  97  1671 109  1571
 127  1871 147  2371 161  2471 169  2471 168  2271 162  2271 153  2171 142  1971
 131  1871 122  1871 115  1871 110  1871 106  1771 102  1771  99  1671  96  1771
  92  1771  89  1871  85  1871  82  1871  80  1871  80  2071  83  2071  92  2171
 108  2471 128  2471 146  2671 160  2571 166  2371 165  2171 154  2271 138  2171
 123  2071 112  2071 105  2071 101  2071  96  2071  93  2071  90  2071  87  2171
  83  2371  80  2471  77  2471  74  2371  74  2371  78  2351  86  2251  99  2211
 116  2451 135  2651 150  2811 158  2651 160  2551 155  2311 145  2251
643 126   001 144   001 152   001 163   001 166   001 133   001 118   671
 113   771 112  1071 111  1071 109  1271 106  1271 101  1571  98  1671  95  1671
  93  1771  91  1771  90  1771  90  1871  91  1871  94  1771  99  1571 104  1571
 112  1471 119  1271 125  1171 127  1171 128  1171 126  1171 122  1171 117  1271
 113  1271 112  1271 112  1371 114  1371 114  1471 115  1671 114  1771 111  1771
 109  1771 106  1771 104  1771 103  1771 103  1771 105  1571 108  1471 115  1271
 124  1271 135  1171 143  1171 147  1171 146  1271 142  1371 135  1371 126  1471
 119  1471 113  1471 108  1471 105  1471 103  1671 100  1871  98  1971  95  2071
  92  2071  90  2171  88  2171  88  2071  88  2011  89  1951  92  1751  99  1611
 109  1551 121  1551 130  1411 134  1551 134  1651 131  1711 125  1751
645 168   001 170   001 175   001 171   001 170   001 150   001 136   371
 127   871 122   971 121  1071 120  1171 116  1371 112  1371 109  1371 106  1571
 101  1671  98  1871  94  1771  94  1771  96  1671 102  1671 111  1671 119  1571
 126  1571 128  1671 132  1671 133  1571 133  1471 130  1371 125  1471 117  1471
 112  1571 109  1671 108  1771 109  1671 110  1671 111  1571 112  1571 112  1671
 111  1871 110  1971 108  1871 108  1771 109  1671 113  1571 120  1471 128  1371
 136  1371 143  1471 150  1471 155  1371 156  1471 151  1471 139  1571 124  1571
 111  1571 102  1771  98  1771  96  1871  95  1871  94  1871  93  1771  93  1871
  92  2071  91  2171  88  2071  86  2071  86  1911  90  1751  97  1551 107  1311
 118  1451 129  1651 137  1711 141  1751 141  1851 136  1811 128  1851
650 129   001 144   001 157   001 148   001 145   001 153   001 148   371
 136   671 126   871 120   971 116  1171 113  1471 109  1771 104  1871 102  1971
 101  2171 100  2271  98  2271  97  2271  97  2271 100  1971 103  1771 110  1471
 117  1471 122  1471 127  1471 128  1271 127  1071 124   871 120   971 116   971
 115  1071 114  1271 114  1271 115  1371 114  1571 112  1671 112  1871 114  2071
 116  2171 115  2371 113  2371 110  2371 108  2371 111  2071 118  1771 127  1571
 136  1571 143  1471 149  1471 152  1271 151  1271 147  1071 139  1071 128  1071
 118  1171 110  1271 105  1471  99  1571  95  1771  92  1971  90  2171  90  2271
  90  2471  90  2571  90  2571  89  2671  91  2611  95  2351 102  2151 111  1811
 121  1751 130  1651 138  1511 142  1451 143  1351 140  1211 134  1351
675 145   001 150   001 161   001 158   001 155   001 138   001 124   271
 113   671 106   971 104  1171 102  1571  99  1871  92  2171  88  2271  87  2371
  86  2571  85  2671  82  2671  80  2771  79  2771  81  2671  87  2671  95  2571
 104  2271 114  1971 121  1571 123  1471 122  1271 119  1171 115  1371 110  1471
 105  1671 103  1871 101  1971 100  2171  99  2271  98  2471  97  2571  95  2671
  93  2771  89  2871  88  2871  87  2871  88  2871  91  2771  96  2771 106  2671
 120  2271 136  1971 150  1571 159  1471 162  1471 158  1371 145  1571 129  1671
 113  1871 101  2071  93  2371  87  2571  82  2671  78  2871  75  2971  72  2971
  69  2971  67  2971  64  3071  62  3271  63  3311  68  3251  76  3051  89  2911
 105  2451 121  2051 134  1511 142  1451 144  1351 140  1211 130  1451
690 141   001 154   001 161   001 157   001 155   001 151   001 139   471
 125   571 115   871 111   971 109  1071 107  1171 104  1171 101  1171  99  1171
  96  1171  93  1171  91  1171  90  1271  89  1271  90  1371  93  1471  99  1571
 109  1471 119  1371 126  1271 127  1071 124   971 119   871 114   971 109  1071
 105  1271 106  1271 107  1371 108  1271 110  1271 109  1271 108  1271 107  1271
 104  1271 101  1271  99  1271  98  1271  98  1271  99  1371 103  1471 110  1571
 122  1471 136  1471 148  1471 153  1271 153  1151 148  1011 138   951 127  1051
 117  1011 112  1151 110  1251 110  1311 110  1351 109  1351 108  1311 107  1351
 105  1351 102  1311  99  1351  97  1451  96  1411  98  1451 104  1551 113  1511
 125  1451 138  1251 149  1111 155  1051 154  1051 149   911 139   951
747 163   001 199   001 210   001 177   001 164   001 155   001 140   571
 124  1271 111  1271 105  1271 103  1271 104  1671 101  2071  97  2271  94  2271
  89  2271  84  2271  78  2271  74  2271  73  2271  79  2071  87  1871 100  1571
 114  1571 127  1671 135  1671 138  1471 137  1371 133  1271 127  1471 121  1571
 115  1771 110  1871 106  2071 103  2071 102  2171 102  2371 101  2471 100  2471
  98  2571  95  2571  93  2571  91  2471  90  2471  92  2371  98  2071 108  1871
 122  1871 137  1871 150  1871 157  1871 158  1971 152  1871 142  1971 130  1971
 118  2071 111  2171 107  2271 105  2271 103  2471 101  2571  98  2771  95  2871
  91  2971  87  3071  84  3171  82  3171  82  3211  86  2851  93  2351 103  1911
 116  1951 129  1851 140  1811 147  1951 149  1951 146  2011 139  2151
NT  TEDF  78  35 1
20151216162015121611
20151216162015121612
20151216162015121613
20151216162015121614
20151216162015121615
20151216162015121616
20151216162015121617
20151216162015121618
20151216162015121619
20151216162015121620
20151216162015121621
20151216162015121622
20151216162015121623
20151216162015121700
20151216162015121701
20151216162015121702
20151216162015121703
20151216162015121704
20151216162015121705
20151216162015121706
20151216162015121707
20151216162015121708
20151216162015121709
20151216162015121710
20151216162015121711
20151216162015121712
20151216162015121713
20151216162015121714
20151216162015121715
20151216162015121716
20151216162015121717
20151216162015121718
20151216162015121719
20151216162015121720
20151216162015121721
20151216162015121722
20151216162015121723
20151216162015121800
20151216162015121801
20151216162015121802
20151216162015121803
20151216162015121804
20151216162015121805
20151216162015121806
20151216162015121807
20151216162015121808
20151216162015121809
20151216162015121810
20151216162015121811
20151216162015121812
20151216162015121813
20151216162015121814
20151216162015121815
20151216162015121816
20151216162015121817
20151216162015121818
20151216162015121819
20151216162015121820
20151216162015121821
20151216162015121822
20151216162015121823
20151216162015121900
20151216162015121901
20151216162015121902
20151216162015121903
20151216162015121904
20151216162015121905
20151216162015121906
20151216162015121907
20151216162015121908
20151216162015121909
20151216162015121910
20151216162015121911
20151216162015121912
20151216162015121913
20151216162015121914
20151216162015121915
20151216162015121916
002700160016001700140014001417142715271527162716271635163116351635153115351
43514311435133513311235123512311235133514311535153516311635173517311735163515311
53514351331143514351531153516351731173517351731163516351631153515351531163516351
63116351635163117351735173117351735173117351735173117351635163116351635163116351
005700160017001800140014001417141715271527162716371635163116351535153115351
53514311435133513311235123512311135123512311435153516311735173516311635163515311
53515351531153515351531163516351731173517351731163516351531153515351531163516351
63116351635163116351735173117351735173117351635163116351535153115351535153115351
015700170017001700150014001417142715271527163716371635173116351535153115351
63516311535143513311235123512311235123512311335143515311635163516311735173517311
63515351531153515351531163516351731173517351731173516351531143514351431153516351
63116351635163116351735173117351635163116351735173117351735173116351635153115351
027800170018001800140013001317141714271527152715271635163115351535153114351
43514311335133512311235123512311135123512311435163517311735163515311535143515311
53515351431143514351531153516351731173517351731163516351631163516351731173516351
63116351635173117351735173117351635163116351635163115351535153115351535153115351
070800180017001600150014001417152715271527152715271535163116351735173116351
53515311535153516311535143513311435143515311535163516311535153515311635163516311
73517351731163515351531163516351731173517351731163516351631153515351531153515351
53115351535163116351635163115351535153116351635163116351635163116351635153115351
110800180017001600140016001617152715271427142714271335133113351335133114351
43514311435133512311435153517311835173517311735173516311535143514311435143515311
63516351631163516351631163516351731173517351731173517351731173517351731173517351
73117351735173117351735173116351635163115351535143113351235133114351535163117351
120800180018001700160014001417141714271527152715271535143113351335133113351
33514311335123512311135123513311535163517311735163515311435143514311435143514311
53515351531163516351631163516351731173517351731173517351731163516351631163516351
73117351735173116351635153115351535153115351535153114351435133113351435143115351
130800180018001800140015001527152715271527152715371535153115351535153115351
53514311435133512311135113511311235133515311635163517311735163516311535153515311
53515351531143514351531153516351731173517351731173517351731173516351631163516351
73117351735173117351635163117351735163116351535143113351335133112351235113112351
145700180017001800150016001617162716271627162716271635163116351535153115351
53515311535143514311435143514311435143514311535153515311635163516311735173517311
63515351431143515351531163516351731173517351631163515351531143514351531153516351
63116351635163116351735173117351635163116351635163116351535143115351535163116351
149700170018001800150016001617152716271627162716271735163116351635163115351
53515311435143514311435143514311435153515311535153515311535163516311635173516311
63515351431143514351531163516351731173517351631163515351531143514351431153515351
63116351635163116351735173116351635163116351635163116351535153115351535163116351
156700170017001800140015001517152716271627162716271635163116351635163115351
53515311435143514311435143514311435143514311435153515311535153516311635163516311
63515351431143515351531163516351731173517351631163515351531143514351431153515351
63116351635163116351735173116351635163116351635163116351535153115351535163115351
168800170017001400130014001417142714271427152715271535153115351635163117351
73517311635163515311535153515311635163516311535153514311435153515311535153516311
63516351731173516351631163517351731173517351731163515351431143515351531163516351
63116351735173116351635163115351435143114351535153115351535153115351635163115351
180800180017001700130015001527152715271627162716371635163116351535153116351
63516311735173516311635163516311635153515311535153515311535153515311535153516311
63516351631163516351531163517351731173517351731163516351531143514351431143515351
53115351435143114351535153115351535153115351635153115351435133113351435143115351
190800180018001800160017001717172717271727172717371735173117351635163115351
53515311535153516311635163516311635153514311435143514311435143514311435143515311
53515351631163516351631163516351731173517351631153515351431143515351531143514351
33113351335143114351435133113351235133113351435143114351235123111351235123112351
222800180018001800180016001617161716271627152715271535143114351335133114351
43514311535143514311335123512311235123513311535163517311635153514311435143515311
53515351531153515351531153515351631163516351631163517351731173516351631163516351
73117351735173116351635163116351635163116351635153115351435133112351235123112351
240800180018001800180018001717172717271627162715271535153115351535153115351
43514311435143514311435133513311335123513311435153516311635163516311535153515311
53514351431143514351531153516351731173517351731153514351331133515351631163516351
63116351635153115351535153115351535153115351535153115351535143114351335123112351
255700170018001800150015001617162716271627162717371635163115351435133113351
33514311435143514311435143515311535153515311535153515311535153515311635163516311
63516351631153515351631163517351731173516351531153514351431143514351531153515351
53115351435143113351335133113351335133113351335143113351335133114351435153115351
260800180018001800170016001617162716271627172717371735173116351535153115351
53515311535153515311535153515311435143514311435153515311535153515311635163516311
63516351631153515351531153515351631173517351731163514351431143515351631163515351
53114351435143115351635163115351335133113351535163115351435133112351335133114351
280800170017001700150014001417142714271527152715371535153115351535153115351
43514311535153515311635163515311535143514311435153515311535153515311535153516311
63516351631163515351531163516351731173517351731163515351531143514351531153515351
53115351535153115351535153115351435153115351635173117351635163115351535153115351
299800180018001800170017001717172717271627162716371635163115351435133113351
33514311435153515311535153515311535143514311335133513311335133513311335133514311
53515351531153515351531163517351731173516351531153515351531153514351431133513351
33113351435133113351235123112351235123113351335133113351235123112351335133113351
434500160018001800160016001617172717271727172716271635153114351335133112351
23512311235123513311335143514311335123511311235133514311535153515311535153515311
53515351531153515351531163516351731173517351731173517351731173516351531153515351
43114351435133113351335133113351335133113351335133113351335133113351235123112351
460700180018001800170017001617161716271627162716271635163116351735173116351
53514311435143515311435143514311435143514311435143514311335123512311235133513311
33514351431153515351631163516351631163516351631153515351531153515351531143514351
43114351435143114351435143113351335133113351335133113351335133113351235123112351
481200150016001800140017001727162716271627153715271435143115351435143114351
33513311435153515311635153515311435143514311435153515311535153515311635163516311
53515351431143514351531153516351631163516351631163516351631163515351531153515351
53114351435133113351335143113351335133113351435143114351435133113351335133114351
497600140016001500120013001317132713271327132713371435143114351435133113351
23512311235123512311235113511311135113511311135113512311235133513311435143514311
43514351431143514351431143514351431143515351631153515351431133513351331133513351
43113351335133113351235123112351235123112351235113111351135113111351135113111351
510800180018001800180017001527142714271427143714371535143113351235123112351
33514311435143514311435133513311335123512311235133514311535153516311635163515311
53515351531153515351631163517351731163515351531153515351631163515351531153516351
53115351335123112351235123112351335133113351335133113351235123111351135123112351
579700170016001800140014001427132713271427142714271435153115351535153116351
63516311635163516311735163516311635163516311535153515311535153515311535153515311
53515351531153515351531163516351631153515351531153516351631163515351531143514351
43115351535153115351535153115351535153115351535153114351435143114351535153115351
588400130016001700150015001517142714271427142714371435143114351435143115351
63516311535143514311435143514311335133513311335133514311435143514311435143514311
43514351431143514351531153516351531143513351231123513351431143515351531143514351
43114351435143113351335123112351335133114351535153114351335123112351235123112351
621400160016001700180018001717152715271427142713271335133113351235133113351
43514311435123512311135123512311335133513311335133513311235123511311235123513311
33512351231123513351431143515351531153515351531153515351531143514351331133513351
33113351335123112351235123112351235133112351235123112351335133113351235123111351
630600140015001700180014001417142714271427132713271335133114351435143114351
33512311335133513311335133512311235123513311335143514311435143514311435143514311
43514351431143514351431153515351531153515351531153515351531153515351431143513351
33113351235123112351235123112351235123112351335133113351335133112351235133113351
643700170017001600130014001417132713271427142714371435153115351535153115351
63516311635173517311735173517311735173517311635163515311535153515311535153515311
63516351731163516351631163516351631163515351531153516351731163515351431143514351
43115351535153115351535153115351535153116351735173117351635163116351635163116351
645600160017001700140014001417142714271427142714271535153115351535153115351
53516311635163517311735173517311735173517311635163515311535153515311535153515311
53516351631163516351631163516351631163515351631163516351731163516351531153515351
53115351435143115351535153115351635163116351735173117351635163117351735173116351
650500160017001800140014001417132713271327142714371435153115351535163116351
63516311535153514311535163516311635153515311435143514311435143515311535153515311
53515351531153515351531153515351531153515351531153515351631163515351531153515351
53115351535153115351635163116351535143114351535153115351535153115351535143114351
675500160017001800140014001417142714271427152715371535153114351435153115351
53516311635163516311635173517311635163515311535153516311635163516311535153515311
53515351531143514351431153515351531163516351531153515351431143514351431153515351
53115351535153115351535153115351535153115351635163116351635163115351535153115351
690500170014001700140014001417142714271427142714371435143114351435143114351
43514311435143514311435143514311435143514311435143515311535153515311535143514311
43514351531153515351531163516351631153514351431143514351531153516351631163516351
53115351535153115351535143114351435143114351435153115351535143114351435143115351
747200130014001000170015001517151715271527152715271535153115351535153115351
53515311535153515311535143514311435153516311535153514311435143514311535153515311
53514351431153515351531153515351531143514351431143515351531153514351431133513351
33113351435143114351335133113351435143114351535153115351435143114351435143114351
