20150205221450
T2M TEDF  78  35 1
20150205222015020517
20150205222015020518
20150205222015020519
20150205222015020520
20150205222015020521
20150205222015020522
20150205222015020523
20150205222015020600
20150205222015020601
20150205222015020602
20150205222015020603
20150205222015020604
20150205222015020605
20150205222015020606
20150205222015020607
20150205222015020608
20150205222015020609
20150205222015020610
20150205222015020611
20150205222015020612
20150205222015020613
20150205222015020614
20150205222015020615
20150205222015020616
20150205222015020617
20150205222015020618
20150205222015020619
20150205222015020620
20150205222015020621
20150205222015020622
20150205222015020623
20150205222015020700
20150205222015020701
20150205222015020702
20150205222015020703
20150205222015020704
20150205222015020705
20150205222015020706
20150205222015020707
20150205222015020708
20150205222015020709
20150205222015020710
20150205222015020711
20150205222015020712
20150205222015020713
20150205222015020714
20150205222015020715
20150205222015020716
20150205222015020717
20150205222015020718
20150205222015020719
20150205222015020720
20150205222015020721
20150205222015020722
20150205222015020723
20150205222015020800
20150205222015020801
20150205222015020802
20150205222015020803
20150205222015020804
20150205222015020805
20150205222015020806
20150205222015020807
20150205222015020808
20150205222015020809
20150205222015020810
20150205222015020811
20150205222015020812
20150205222015020813
20150205222015020814
20150205222015020815
20150205222015020816
20150205222015020817
20150205222015020818
20150205222015020819
20150205222015020820
20150205222015020821
20150205222015020822
002  17   001  10   001   9   001   3   001   1   001  -1   001  -4   571
  -4   871  -4   971  -4  1071  -4  1071  -5  1171  -5  1271  -5  1271  -3  1271
   0  1171   4  1171  10  1171  15  1171  20  1171  22  1171  24  1071  22  1071
  21  1071  18  1071  16  1071  14  1071  13  1171  11  1171   9  1171   7  1171
   5  1171   4  1171   6  1171   6  1171   6  1271   7  1271   9  1371  13  1271
  18  1271  25  1171  34  1171  41  1071  47  1071  50  1171  50  1271  50  1371
  50  1371  50  1271  50  1271  51  1271  51  1371  51  1371  50  1371  49  1471
  48  1471  48  1251  48  1251  48  1211  48  1351  48  1351  48  1411  48  1351
  48  1251  50  1111  54  1151  59  1151  63  1111  65  1251  64  1451  62  1511
  59  1451  56  1251  53  1111  50  1151  47  1151  45  1161  44  1161
005  10   001   3   001   3   001   4   001   0   001  -4   001  -7   771
  -7   871  -6  1071  -5   971  -5  1071  -5  1071  -4  1071  -4  1071  -5  1171
  -6  1271  -4  1271   1  1271   6  1371  11  1371  14  1271  14  1271  12  1111
   8  1151   2  1051  -3  1011  -7  1151  -9  1251 -10  1311 -10  1351 -10  1251
 -10  1211 -11  1251 -12  1351 -13  1311 -14  1351 -15  1251 -15  1211 -13  1371
 -10  1471  -2  1571  10  1371  22  1271  31  1071  35  1171  34  1371  31  1471
  29  1271  28  1371  28  1271  30  1271  33  1371  35  1371  37  1371  37  1371
  37  1371  41  1451  41  1351  41  1311  43  1451  45  1451  47  1511  49  1551
  51  1651  55  1611  62  1551  70  1351  76  1211  77  1251  74  1351  69  1311
  63  1451  56  1551  50  1611  45  1551  41  1351  38  1261  35  1261
015   5   001   3   001   2   001   2   001  -5   001  -8   001 -11   671
 -12   971 -13   971 -13  1071 -14  1071 -15  1071 -15  1171 -15  1171 -14  1071
 -13  1071 -10   971  -6  1071  -1  1271   4  1371   9  1471  13  1471  13  1571
  10  1571   4  1571  -1  1571  -5  1571  -4  1471  -2  1471  -2  1471  -2  1471
  -3  1471  -5  1471  -8  1471 -11  1471 -13  1471 -14  1571 -14  1571 -11  1571
  -6  1571   2  1571  12  1571  23  1471  30  1371  34  1371  34  1471  33  1471
  31  1471  30  1571  29  1571  31  1471  34  1471  38  1371  39  1371  41  1471
  41  1471  45  1451  43  1351  41  1311  40  1351  40  1451  42  1411  45  1551
  50  1551  56  1611  63  1651  70  1751  76  1711  81  1751  83  1751  80  1711
  72  1651  62  1551  53  1411  47  1451  44  1351  42  1361  41  1361
027  30   001  24   001  20   001  13   001  12   001   5   001   0   771
  -3  1071  -5  1171  -5  1371  -4  1471  -2  1371  -1  1271   0  1171   0  1271
   0  1271   2  1271   6  1271  13  1171  20  1171  28  1171  32  1071  34   971
  33  1071  29  1171  26  1371  25  1471  23  1571  23  1571  22  1671  20  1671
  19  1771  17  1771  17  1871  16  1871  15  1771  15  1671  15  1571  18  1571
  22  1671  28  1671  35  1471  43  1371  49  1071  53  1171  54  1171  53  1271
  51  1271  48  1271  47  1271  48  1371  52  1471  54  1571  53  1571  51  1671
  49  1671  53  1851  50  1951  49  1911  49  1951  51  1851  52  1811  52  2051
  53  2151  55  2311  60  2251  66  2051  72  1911  75  1951  75  1951  72  1911
  66  1951  59  1851  53  1811  49  1851  46  1851  42  1861  38  1861
070  -2   001  -8   001  -7   001  -9   001  -7   001  -9   001 -13   671
 -18   971 -21  1171 -24  1271 -28  1371 -31  1371 -34  1471 -35  1371 -33  1371
 -28  1271 -20  1171 -10  1271  -1  1471   8  1671  14  1671  15  1571  13  1571
   7  1371   0  1371  -6  1371 -10  1371 -12  1371 -13  1471 -15  1571 -17  1471
 -19  1571 -21  1671 -23  1771 -26  1871 -31  1871 -35  1771 -34  1771 -27  1771
 -15  1771  -1  1771  11  1671  22  1771  29  1871  34  1771  35  1671  32  1611
  26  1551  19  1551  15  1411  16  1451  20  1551  24  1511  25  1751  25  1751
  24  1811  22  1751  22  1851  22  1911  22  1851  23  1851  26  1811  30  1751
  37  1751  44  1711  52  1751  59  1851  65  1911  68  1951  67  2051  64  2011
  58  2151  51  2251  45  2311  40  2151  37  2051  34  1861  31  1861
110  58   001  50   001  44   001  42   001  38   001  22   001  17   571
  12   871   9   971   6  1071   5  1171   8  1171  12  1171  17  1171  22  1071
  28   871  34   771  40   871  45  1071  50  1171  53  1171  54  1171  52  1171
  49  1271  45  1371  43  1471  43  1471  44  1371  46  1371  46  1371  46  1371
  47  1371  47  1371  48  1471  48  1471  48  1371  47  1371  47  1271  47  1271
  49  1171  54  1171  63  1071  73  1071  81   971  84   971  83  1071  78  1271
  71  1271  63  1371  59  1371  59  1371  61  1271  62  1271  63  1371  63  1471
  62  1571  66  1551  65  1651  63  1611  61  1751  60  1751  59  1811  59  1751
  60  1751  64  1611  71  1551  79  1351  86  1211  89  1251  88  1251  84  1211
  76  1351  67  1551  57  1611  49  1651  43  1551  38  1561  33  1661
120  33   001  39   001  28   001  26   001   6   001  14   001  19   571
  17   771  16   871  16   871  16   871  18   871  21   971  24   971  28   971
  31  1071  35  1071  37  1071  40   971  41   971  43   871  44   971  44   971
  43   971  42   871  40   871  38   971  38  1071  38  1171  37  1171  36  1271
  36  1271  37  1271  38  1171  38  1171  37  1171  36  1271  35  1271  35  1271
  37  1371  41  1371  47  1271  54  1271  60  1171  63  1171  64  1271  62  1271
  58  1271  54  1171  51  1171  52  1271  54  1271  57  1371  59  1371  60  1371
  60  1371  61  1351  59  1351  56  1411  54  1551  52  1551  52  1611  52  1751
  54  1951  57  2011  61  1951  66  1851  70  1711  72  1751  72  1651  70  1611
  65  1651  59  1651  52  1611  46  1651  41  1551  38  1561  34  1461
130  27   001  18   001  19   001  12   001  10   001   5   001   5  1071
   4  1071   1  1271  -3  1271  -5  1371  -5  1371  -4  1371  -2  1371   1  1471
   5  1471  11  1471  20  1471  29  1371  36  1371  42  1371  44  1271  43  1271
  39  1171  31  1171  26  1071  25  1171  24  1271  21  1471  18  1571  13  1771
   8  1871   5  1871   5  1871   5  1871   5  1871   6  1871   6  1871   6  2071
   8  2171  13  2471  25  2271  37  1971  48  1671  54  1671  54  1671  51  1671
  46  1671  42  1471  40  1371  39  1471  40  1571  41  1671  40  1771  38  1971
  37  2071  36  1951  36  1951  37  1911  38  2051  39  2151  40  2211  43  2551
  47  2851  53  3111  61  2951  70  2651  78  2411  82  2351  83  2151  79  2011
  71  1951  62  1751  53  1611  48  1651  45  1651  39  1661  33  1761
145   0   001  -5   001  -4   001  -7   001 -11   001 -16   001 -16   671
 -17   871 -19  1071 -19  1171 -20  1271 -21  1371 -23  1271 -24  1271 -24  1271
 -23  1271 -19  1271 -12  1371  -4  1471   4  1571  11  1571  14  1371  13  1371
   9  1371   2  1271  -3  1371  -4  1371  -4  1371  -3  1371  -1  1371  -1  1371
  -2  1371  -5  1471  -7  1571  -9  1671 -11  1571 -13  1571 -14  1471 -12  1471
  -9  1571  -2  1571   8  1671  17  1671  26  1771  31  1771  33  1771  33  1771
  30  1671  27  1471  24  1371  24  1371  27  1471  29  1471  30  1471  31  1571
  32  1571  34  1651  36  1651  37  1711  37  1751  35  1751  34  1711  34  1751
  36  1751  41  1711  48  1851  57  2051  64  2111  68  2251  69  2251  67  2311
  61  2251  54  2251  48  2111  44  2151  41  2051  38  2061  36  1961
149  -1   001   2   001  -4   001  -8   001  -9   001  -8   001 -15   671
 -19   971 -21  1271 -21  1371 -21  1371 -22  1371 -23  1271 -24  1171 -25  1171
 -23  1071 -19  1071 -11  1071   1  1271  12  1371  20  1371  24  1371  23  1371
  18  1371  11  1371   5  1371   3  1371   2  1471   1  1571  -1  1571  -5  1671
  -7  1671  -8  1671  -9  1671 -11  1671 -13  1671 -15  1571 -15  1571 -12  1571
  -7  1471   1  1471  11  1571  20  1671  28  1771  32  1771  33  1771  32  1771
  29  1671  27  1571  26  1471  28  1571  29  1571  30  1671  29  1771  27  1771
  27  1871  31  1751  35  1851  38  1811  39  1851  38  1751  38  1711  41  1751
  46  1651  52  1611  59  1751  66  1851  72  1911  75  2051  76  2151  73  2211
  68  2251  61  2151  55  2111  51  2151  49  2251  45  2261  42  2161
156  14   001  11   001   8   001   4   001  -2   001  -1   001  -7   471
 -11   671 -12   871 -13  1071 -13  1171 -13  1271 -15  1271 -15  1271 -15  1271
 -13  1171 -10  1171  -5  1271   3  1271  11  1371  18  1371  23  1371  24  1371
  21  1371  15  1371  12  1371   9  1471   8  1371   6  1371   4  1371   2  1471
   2  1471   1  1471   0  1571  -1  1571  -3  1571  -5  1671  -5  1671  -2  1671
   3  1571  10  1571  18  1571  26  1571  33  1671  37  1771  39  1771  40  1771
  39  1671  38  1571  36  1471  36  1471  36  1471  36  1471  36  1471  37  1571
  37  1571  41  1551  43  1551  45  1511  46  1651  47  1651  48  1711  50  1751
  53  1751  58  1711  64  1851  70  1951  75  2011  78  2151  78  2251  76  2311
  72  2351  68  2251  64  2211  61  2151  59  2151  56  2061  53  1861
168  -1   001  -1   001  -6   001 -10   001  -8   001  -9   001  -9   871
 -10  1071 -11  1271 -11  1371 -13  1371 -13  1471 -14  1671 -15  1671 -15  1471
 -13  1371  -8  1171  -1  1371   7  1571  15  1771  21  1671  24  1671  23  1571
  18  1671   9  1671   5  1771   4  1771   7  1671   9  1571   7  1571   4  1571
   0  1571  -3  1671  -4  1871  -6  1971 -10  1971 -13  2071 -15  2071 -13  1971
  -9  1771  -2  1671   6  1771  15  1871  22  1971  24  1971  23  1871  20  1871
  15  1871  10  1771   8  1771  10  1871  15  1871  17  1971  16  1971  13  2071
  12  2071  15  1951  21  2051  25  2111  27  2151  27  2251  27  2211  29  2151
  32  2051  38  1911  46  2051  53  2151  59  2211  61  2251  59  2351  55  2311
  49  2451  44  2451  40  2511  39  2551  40  2551  38  2561  36  2461
180  -2   001  -3   001  -4   001  -5   001  -7   001  -8   001  -9   471
  -9   771 -10   971 -10  1071 -11  1071 -11  1171 -12  1271 -14  1271 -15  1271
 -15  1271 -13  1271  -7  1371   1  1471   8  1671  13  1471  14  1371  14  1271
  11  1271   7  1171   2  1171  -3  1171  -7  1271 -10  1271 -12  1371 -14  1371
 -15  1471 -16  1471 -17  1471 -19  1471 -22  1471 -24  1571 -25  1571 -23  1571
 -18  1671 -10  1671  -1  1571   9  1671  15  1671  16  1571  12  1571   7  1471
   3  1471   1  1471  -1  1471   0  1471   1  1571   3  1571   4  1771   5  1771
   5  1871   6  1551  10  1451  14  1411  18  1451  22  1551  24  1511  25  1551
  25  1651  27  1611  32  1751  37  1751  42  1811  44  1851  43  1851  40  1811
  37  1951  33  2151  31  2211  30  2251  30  2351  28  2361  26  2261
190   6   001   5   001   5   001   5   001   2   001  -1   001  -4   571
  -5   871  -7   971  -8  1071  -8  1071 -10  1071 -11  1171 -13  1171 -14  1271
 -13  1171  -9  1171  -2  1471   5  1771  14  1871  21  1971  25  1971  25  1971
  22  1671  17  1671  12  1571   8  1671   5  1571   2  1671  -2  1571  -6  1471
  -9  1371 -11  1371 -13  1271 -15  1271 -18  1271 -22  1371 -24  1371 -23  1371
 -21  1371 -14  1371  -4  1371   6  1371  14  1471  15  1471  13  1471   9  1471
   5  1471   2  1371  -1  1371  -1  1471  -2  1671  -3  1771  -4  1671  -6  1771
  -6  1671   0  1451   0  1451   2  1411   6  1451  11  1551  15  1511  18  1551
  21  1451  25  1411  31  1551  39  1551  45  1611  49  1651  49  1751  47  1711
  42  1851  37  1951  32  2011  29  2151  28  2251  25  2361  23  2161
222  31   001  22   001  10   001  13   001  13   001   4   001  -4   771
  -7  1071  -7  1271  -7  1371  -8  1371 -10  1571 -13  1571 -15  1611 -15  1571
 -13  1671  -6  1571   4  1471  15  1471  27  1471  37  1471  43  1471  43  1471
  37  1271  30  1171  22  1171  17  1271  15  1471  13  1571   9  1771   4  1971
   0  2171  -2  2071  -2  1971  -1  1871  -2  1971  -4  2071  -5  2171  -3  2171
   1  2171   9  2271  20  1971  33  1771  43  1471  51  1471  53  1471  53  1471
  49  1571  43  1571  39  1571  36  1671  35  1771  33  1871  29  2071  24  2171
  20  2371  22  2251  25  2151  27  2111  28  2351  29  2451  31  2611  34  2751
  39  2851  45  2911  53  2651  61  2251  69  1911  75  1851  79  1851  78  1711
  72  1751  63  1751  54  1711  47  1851  42  1851  36  1961  30  2061
240  25   001  12   001   1   001  -1   001  -2   001  -3   001  -4  1171
  -6  1171  -7  1171  -9  1271 -10  1271 -11  1271 -13  1371 -14  1371 -15  1271
 -15  1371 -13  1271  -7  1271   1  1471   9  1571  17  1571  22  1571  24  1571
  22  1371  17  1171  11  1171   8  1171   5  1271   3  1271   0  1371  -3  1371
  -5  1471  -5  1571  -6  1571  -8  1671 -11  1671 -14  1771 -15  1771 -13  1671
  -9  1771  -2  1671   5  1671  13  1771  22  1771  28  1771  33  1671  34  1511
  32  1451  28  1251  25  1211  24  1351  24  1451  24  1511  22  1651  19  1551
  18  1611  19  1651  21  1751  23  1811  25  1951  27  2051  29  2111  32  2151
  36  2051  40  2011  45  2051  51  1951  55  1911  58  1951  59  1951  59  1911
  57  1851  54  1751  50  1611  46  1751  42  1751  38  1861  34  1861
255  13   001   7   001   6   001   2   001  -1   001  -4   001  -8   671
  -8   971  -9  1171 -10  1271 -13  1271 -14  1371 -15  1471 -15  1471 -15  1471
 -12  1471 -10  1371  -4  1571   1  1771   9  1971  15  1871  22  1871  24  1771
  22  1771  18  1671  12  1671   7  1671   5  1671   3  1771   1  1771  -1  1571
  -2  1571  -4  1671  -5  1671  -8  1771 -12  1771 -14  1771 -15  1771 -13  1871
  -8  1771  -3  1871   3  1871   9  1971  15  2071  19  1971  23  1771  24  1611
  22  1651  18  1851  14  1811  12  1851  11  1851  11  1811  10  1951   9  2051
   9  2111   4  1851   5  1951   7  2011  10  2151  14  2151  19  2211  24  2251
  28  2151  33  2111  38  2251  43  2251  47  2311  51  2251  53  2051  53  1911
  51  1951  47  1951  42  1911  38  2051  34  2051  31  2161  28  2261
260  -3   001  -1   001  -2   001  -9   001 -10   001  -7   001  -6   771
  -7  1171  -8  1471  -9  1471 -11  1471 -12  1571 -13  1471 -14  1471 -14  1471
 -12  1471  -8  1471  -1  1671   7  1871  15  2071  21  1971  25  1771  25  1671
  20  1671  12  1571   6  1571   2  1771  -1  1971  -3  2171  -5  2071  -6  1971
  -8  1971  -9  1971 -10  1871 -13  1871 -17  1871 -22  1871 -24  1871 -23  1971
 -18  1971 -10  1971   1  2071  10  2071  19  2071  24  1971  24  1871  22  1771
  18  1871  11  1871   6  2071   2  2271  -2  2371  -5  2571  -9  2571 -11  2571
 -11  2571  -9  2151  -7  2151  -4  2111  -1  2151   3  2151   8  2111  14  2151
  20  2151  27  2111  34  2251  41  2351  46  2411  49  2351  49  2251  47  2111
  43  2251  38  2251  32  2311  25  2451  18  2651  14  2761  11  2761
280  -7   001 -12   001 -10   001  -6   001  -4   001  -3   001  -5   671
  -6   971  -8  1171  -9  1371 -11  1371 -12  1471 -13  1371 -15  1371 -15  1471
 -11  1371  -7  1371   1  1571   9  1771  17  1971  21  2071  24  2071  23  2071
  18  1771  12  1571   6  1471   3  1471   1  1371   0  1271  -3  1371  -7  1371
  -9  1471 -10  1571 -10  1571 -12  1671 -17  1671 -22  1771 -25  1771 -24  1671
 -19  1571 -11  1471  -2  1571   5  1671  11  1771  14  1771  13  1771  11  1871
   7  1771   4  1771   2  1571   1  1571   0  1471   0  1571  -3  1671  -5  1771
  -7  1871  -9  1651  -6  1751  -3  1711   1  1751   5  1851   8  1811  11  1751
  15  1751  22  1611  32  1751  43  1951  50  2011  51  2151  47  2251  41  2311
  36  2251  31  2151  28  2011  26  2051  24  2151  22  2161  20  2261
299 -10   001 -11   001 -12   001 -11   001 -10   001  -8   001 -10  1071
 -12  1271 -14  1471 -15  1571 -14  1571 -14  1571 -14  1571 -14  1571 -15  1571
 -15  1471 -12  1371  -7  1471   2  1571   8  1771  13  1771  15  1871  14  1971
  13  2071   9  1771   6  1771   5  1771   3  1671   0  1771  -6  1671 -12  1671
 -16  1571 -19  1671 -20  1671 -23  1771 -27  1771 -32  1871 -35  1871 -34  1771
 -29  1571 -20  1471  -8  1371   3  1471  12  1471  15  1571  14  1671  10  1771
   6  1771   0  1771  -4  1771  -7  1771 -11  1671 -14  1671 -19  1771 -23  1971
 -24  2071 -22  1651 -19  1751 -15  1711 -12  1751 -10  1851  -7  1811  -4  1751
   1  1651   9  1511  20  1551  31  1651  38  1611  40  1751  37  1951  32  2011
  27  2151  23  2251  19  2311  15  2451  11  2451   8  2561   6  2561
434  -2   001  -9   001 -11   001 -12   001 -15   001 -17   001 -21   671
 -24   771 -26   971 -28  1071 -29  1071 -31  1171 -33  1271 -33  1271 -32  1371
 -30  1271 -26  1271 -21  1271 -13  1271  -7  1271  -2  1371   1  1171   2  1171
   0  1071  -2  1071  -6   971  -7  1171  -9  1271 -10  1271 -14  1271 -20  1171
 -23  1171 -26  1171 -27  1271 -28  1271 -30  1371 -32  1371 -33  1471 -32  1571
 -28  1571 -21  1671 -13  1771  -4  1771   4  1671  10  1771  12  1571  12  1471
  10  1371   6  1371   2  1271  -1  1371  -3  1371  -6  1471  -9  1471 -13  1271
 -14  1271 -12  1251 -11  1251 -11  1311 -12  1451 -13  1551 -13  1611 -10  1651
  -5  1551   1  1511   8  1551  16  1451  22  1411  26  1451  29  1351  29  1311
  28  1251  26  1251  24  1111  22  1251  21  1351  18  1461  16  1361
460  -9   001 -16   001 -19   001 -22   001 -24   001 -25   001 -23   871
 -22  1271 -21  1671 -20  1871 -21  1871 -22  1671 -22  1671 -23  1471 -21  1471
 -17  1371 -10  1371  -4  1471   4  1471   9  1571  12  1571  13  1371  13  1271
  11  1471   9  1471   6  1671   4  1771   1  2071  -2  2171  -5  2171  -7  2171
 -10  2171 -12  2171 -15  2271 -17  2271 -20  2171 -22  1971 -23  1871 -22  1771
 -20  1771 -15  1671  -6  1771   4  1871  11  1871  13  1771  12  1671   8  1571
   3  1671  -1  1871  -5  1871  -8  1971 -10  2271 -12  2371 -15  2471 -18  2671
 -19  2771 -21  2451 -23  2451 -25  2411 -25  2351 -22  2251 -18  2111 -12  2051
  -5  1951   5  1811  17  1951  29  2051  37  2111  39  2051  37  2051  34  1911
  32  2051  30  2051  28  2111  24  2351  20  2451  17  2661  14  2761
481  -8   001 -10   001  -8   001 -10   001  -8   001  -8   001  -7   671
  -6  1071  -6  1371  -5  1471  -4  1671  -3  1571  -2  1671  -1  1571   0  1571
   1  1571   3  1471   7  1771  13  1871  18  2171  22  2071  24  1971  23  1871
  18  1671  10  1571   4  1471   2  1571   0  1571  -2  1571  -5  1671 -10  1671
 -14  1671 -17  1771 -19  1771 -21  1871 -23  1771 -24  1671 -24  1571 -22  1671
 -18  1571 -11  1671  -1  1771   9  1871  19  1971  24  1971  24  2071  21  2071
  15  1971   9  1771   3  1571   0  1671   0  1571  -1  1571  -5  1671  -9  1771
 -13  1871 -17  1651 -17  1751 -16  1811 -15  1751 -14  1551 -11  1411  -7  1551
   0  1651   9  1711  21  1951  32  2251  41  2411  45  2451  44  2551  40  2511
  35  2351  29  2151  25  1911  23  1851  22  1851  19  1761  16  1861
497 -39   001 -42   001 -44   001 -46   001 -46   001 -46   001 -42  1071
 -39  1571 -38  1771 -37  1871 -37  1771 -38  1871 -38  1871 -39  1971 -43  2071
 -46  1971 -42  1971 -30  2171 -13  2371  -1  2471   4  2371   2  2271  -4  1971
 -13  1871 -21  1871 -28  1771 -31  1871 -31  2071 -31  2171 -31  2271 -33  2471
 -35  2471 -36  2271 -39  2171 -42  1971 -47  1971 -52  2071 -55  2071 -54  2271
 -47  2471 -35  2671 -16  2671   4  2571  19  2571  24  2371  21  2171  11  2071
  -2  1871 -17  1871 -27  1771 -33  1871 -36  2071 -38  2171 -40  2271 -43  2271
 -45  2371 -46  2051 -46  1851 -47  1611 -51  1651 -57  1651 -61  1611 -61  1851
 -56  2151 -42  2311 -19  2351   6  2251  25  2211  32  2151  29  1951  20  1811
   7  1751  -6  1651 -17  1511 -25  1651 -30  1851 -36  1961 -39  2061
510  39   001  26   001  17   001  15   001  13   001  17   001  10   871
   4  1171  -1  1371  -4  1371  -7  1471 -11  1571 -14  1571 -15  1571 -15  1571
 -13  1471 -10  1571  -5  1571   0  1571   8  1671  14  1671  22  1571  24  1571
  21  1571  16  1471  11  1471  10  1471   9  1471   9  1471   5  1471  -1  1571
  -6  1571 -10  1571 -11  1671 -13  1671 -14  1671 -15  1671 -15  1671 -14  1771
 -11  1871  -4  1871   6  1871  17  1871  29  1771  38  1871  43  1971  43  2071
  38  1871  29  1771  21  1571  15  1671  12  1471   8  1471   4  1671  -1  1671
  -5  1771  -6  1651  -7  1751  -8  1711  -9  1751  -9  1851  -8  1811  -5  1751
   0  1751  10  1611  24  1651  40  1751  53  1711  61  1851  63  1951  62  2011
  58  1951  53  1751  47  1611  41  1651  35  1651  29  1661  24  1661
579  11   001  10   001  10   001  10   001   7   001   5   001   1   771
  -2  1271  -4  1671  -4  1871  -4  2071  -3  2071  -2  2171   0  2171   3  2171
   8  2071  14  1971  22  1771  30  1571  37  1371  41  1271  42  1171  40   971
  35  1071  28  1271  23  1471  18  1571  15  1671  14  1671   8  1771   3  1971
   0  2071  -2  2171  -1  2371  -1  2471  -2  2471  -2  2371   0  2371   4  2271
  11  2171  21  2071  34  1871  45  1671  56  1471  61  1471  62  1371  57  1371
  49  1371  40  1471  32  1471  29  1671  26  1771  24  1871  20  1971  16  1971
  12  2071  17  2151  15  2251  13  2311  10  2251   8  2051   9  1911  14  1951
  23  1851  34  1811  47  1851  59  1851  68  1811  73  1851  73  1851  71  1811
  67  1851  62  1751  57  1711  53  1851  50  1851  46  1961  41  2061
588  -2   050  -4   030  -3   550  -2  1050  -1  1550  -1  2050  -4  2571
 -10  2871 -14  2671 -14  2471 -12  2271  -9  2271  -5  2271  -2  2271   1  2371
   4  2271   8  2271  15  2271  22  1971  32  1871  38  1871  43  1871  44  1771
  41  1971  33  2171  26  2371  20  2271  13  2171   8  2071   4  2371   0  2671
  -1  2971  -4  2771  -5  2671  -5  2471  -4  2371  -3  2371  -2  2271   0  2271
   5  2271  15  2271  31  2171  50  1971  67  1871  79  1871  84  1771  81  1771
  69  1971  55  2171  40  2371  30  2271  22  2171  17  2071  12  2371   7  2571
   3  2871   3  2951  -1  2751  -3  2511  -4  2451  -4  2251  -1  2111   4  2151
  12  2051  23  2011  37  1951  52  1951  66  1811  77  1951  82  1951  82  2011
  75  2251  63  2451  51  2611  41  2651  34  2651  27  2661  21  2961
621   1   001  -9   001 -15   001 -18   001 -33   001 -16   001 -21  1071
 -26  1371 -30  1671 -34  1771 -37  1771 -39  1771 -41  1771 -42  1771 -40  1871
 -36  2071 -29  2171 -22  2271 -15  2171  -9  2171  -6  2171  -6  1971  -9  1971
 -14  1871 -17  1771 -20  1771 -17  1671 -15  1571 -13  1571 -17  1671 -23  1871
 -28  1971 -32  1971 -34  1871 -36  1871 -38  1871 -41  1971 -41  1971 -37  1971
 -28  2171 -16  2171  -3  2171  10  2271  18  2271  23  2271  24  2271  20  2271
  14  2171   6  2071   0  1971  -5  1871  -7  1771 -10  1771 -14  1871 -19  2171
 -23  2271 -25  2051 -25  2051 -26  2011 -29  2151 -31  2151 -32  2211 -28  2151
 -20  2151  -8  2011   7  2151  23  2151  34  2211  38  2251  37  2251  31  2211
  23  2251  16  2151   9  2111   5  2151   3  2151   0  2161  -3  2161
630  -1   001   2   001   3   001   4   001   4   001   2   001  -3  1071
  -7   971 -12  1171 -15  1171 -18  1071 -20  1071 -22  1271 -22  1271 -20  1271
 -17  1271 -12  1271  -6  1571  -3  2071   1  2171   2  2171   1  1971  -1  1971
  -4  1871  -5  1871  -8  1771 -10  1871 -11  1971 -12  2071 -13  1971 -14  1971
 -16  1871 -18  1771 -21  1671 -23  1571 -23  1571 -23  1671 -22  1671 -21  1771
 -19  1871 -12  1871   0  2171  14  2171  25  2371  31  2371  31  2371  29  2271
  26  2371  21  2171  17  2071  12  2171   6  2171   2  2271  -2  2171  -5  2171
  -7  2071  -8  1851  -8  1851  -8  1811 -10  1851 -13  1951 -14  1911 -12  1951
  -7  1851   2  1811  14  2051  27  2151  38  2311  43  2351  45  2451  43  2411
  40  2351  36  2251  31  2111  26  2251  21  2251  17  2361  14  2361
643  43   001  37   001  36   001  28   001  24   001  26   001  23  1571
  19  1571  16  1671  14  1871  12  1971   9  1971   7  1971   8  1971  13  1871
  20  1671  29  1671  38  1571  47  1571  54  1371  60  1371  63  1371  61  1371
  53  1471  44  1471  34  1571  31  1671  29  1671  26  1771  20  1771  14  1671
  10  1671  11  1871  13  1971  14  2171  12  2171   8  2171   8  2171  15  2171
  27  2071  42  2071  57  1971  72  1871  83  1671  91  1671  93  1671  90  1771
  80  1671  66  1671  54  1671  44  1671  37  1671  31  1671  24  1771  18  1871
  14  1871  16  1951  15  2051  13  2211   9  2251   7  2251   9  2211  18  2151
  33  2051  51  1911  69  1951  86  1851  99  1811 106  1851 108  1951 104  1911
  95  1951  84  1851  74  1811  68  1851  65  1951  59  1961  54  1961
645  24   001  23   001  23   001  23   001  22   001  20   001  16   671
  13  1071  10  1371   8  1471   7  1471   7  1371   8  1471  11  1371  14  1371
  19  1471  26  1471  34  1471  40  1371  47  1371  51  1371  52  1271  49  1271
  43  1471  33  1571  25  1771  19  1871  16  1771  14  1671  13  1671  12  1771
  12  1771  11  1771  10  1671   9  1671   8  1571   7  1571  10  1471  17  1571
  28  1571  40  1671  54  1671  65  1571  75  1571  80  1471  82  1571  76  1571
  64  1671  47  1571  33  1671  27  1771  24  1771  23  1771  21  1871  19  1971
  17  1971  20  1751  18  1751  16  1611  13  1551  11  1551  13  1411  19  1451
  30  1551  44  1511  59  1651  74  1751  86  1811  93  1851  94  1951  89  1911
  79  1951  68  1851  58  1811  52  1951  50  1951  46  2061  43  2061
650  21   001  21   001  20   001  19   001  20   001  22   001  17   671
  11  1171   6  1371   2  1571   0  1771  -1  1771  -1  1971   2  1971   7  1671
  14  1371  21  1071  30  1171  39  1271  46  1371  51  1271  53  1271  52  1171
  49  1171  45  1071  40  1071  34  1271  27  1471  23  1571  20  1571  18  1671
  15  1671  13  1771  11  1871   9  1971   7  2071   7  2171   9  2271  14  2071
  23  1871  35  1771  50  1571  64  1471  76  1371  83  1271  83  1271  80  1171
  73  1171  64  1271  54  1271  46  1471  39  1671  31  1871  24  1871  18  2071
  14  2071  12  1851  10  1951   8  2011   6  2151   5  2151   7  2211  12  2051
  21  1951  33  1711  47  1651  61  1651  73  1511  80  1551  82  1451  81  1411
  77  1551  72  1551  66  1611  60  1751  54  1751  49  1861  44  1961
675  28   001  28   001  26   001  19   001  17   001  20   001  16  1271
  13  2171  10  2671   7  2871   6  2971   7  2871   9  2971  12  2971  17  2771
  24  2771  33  2571  43  2371  55  2271  64  2071  70  1871  74  1671  74  1571
  70  1671  65  1671  58  1771  53  1971  47  2271  43  2471  39  2671  35  2871
  34  3071  32  3071  32  2971  29  2971  24  2971  18  3071  16  3071  21  2971
  32  2771  47  2671  65  2471  82  2171  95  1971 102  1871 104  1771 100  1671
  92  1771  82  1971  72  2071  64  2271  57  2471  49  2671  39  2771  29  2871
  21  2971  23  3151  20  3151  16  3111  10  3151   5  3151   5  3111  12  3051
  26  2851  45  2711  68  2551  92  2251 111  2011 122  1951 126  1951 122  1811
 113  1951 100  2051  87  2111  75  2451  64  2751  54  3061  46  3261
690  68   001  70   001  70   001  77   001  64   001  58   001  55   571
  52   971  49  1071  48  1271  47  1371  47  1271  48  1371  50  1271  52  1471
  55  1571  64  1771  74  1871  86  1871  96  1871 102  1671 104  1471 102  1271
  95  1371  87  1571  80  1671  77  1771  78  1771  78  1871  78  1671  77  1671
  75  1571  73  1571  69  1571  67  1571  66  1571  66  1471  66  1471  66  1571
  69  1571  77  1671  90  1671 102  1871 115  2071 123  1771 124  1671 121  1571
 112  1571 101  1671  90  1871  81  1871  75  1971  68  1971  62  1871  56  1771
  51  1671  54  1651  51  1651  48  1611  42  1651  37  1651  36  1611  41  1651
  52  1651  68  1611  86  1751 105  1851 120  1911 130  1751 133  1651 130  1411
 121  1551 109  1751  97  1811  86  1851  78  1751  71  1761  66  1661
747  26   001  28   001  26   001  24   001  23   001  21   001  17  1071
  15  1371  17  1571  17  1671  17  1671  17  1871  15  1871  15  1971  18  1971
  22  1771  29  1671  35  1671  39  1671  42  1671  41  1671  38  1671  35  1771
  34  1771  31  1871  29  1871  28  1971  25  2171  22  2171  20  2171  17  2271
  17  2271  20  2271  22  2171  22  2171  19  2171  16  2271  16  2271  22  2271
  31  2171  43  2071  54  2071  64  1971  71  1971  72  2071  70  2071  65  2071
  58  2071  51  1971  45  1971  41  2071  39  2071  36  2171  32  2271  29  2371
  26  2471  29  2251  29  2351  28  2311  26  2251  24  2251  25  2111  30  2051
  39  2051  51  1911  64  1951  77  1951  85  1911  87  2051  85  2151  80  2211
  74  2151  68  2151  64  2011  61  2151  60  2151  58  2261  56  2361
NT  TEDF  78  35 1
20150205222015020517
20150205222015020518
20150205222015020519
20150205222015020520
20150205222015020521
20150205222015020522
20150205222015020523
20150205222015020600
20150205222015020601
20150205222015020602
20150205222015020603
20150205222015020604
20150205222015020605
20150205222015020606
20150205222015020607
20150205222015020608
20150205222015020609
20150205222015020610
20150205222015020611
20150205222015020612
20150205222015020613
20150205222015020614
20150205222015020615
20150205222015020616
20150205222015020617
20150205222015020618
20150205222015020619
20150205222015020620
20150205222015020621
20150205222015020622
20150205222015020623
20150205222015020700
20150205222015020701
20150205222015020702
20150205222015020703
20150205222015020704
20150205222015020705
20150205222015020706
20150205222015020707
20150205222015020708
20150205222015020709
20150205222015020710
20150205222015020711
20150205222015020712
20150205222015020713
20150205222015020714
20150205222015020715
20150205222015020716
20150205222015020717
20150205222015020718
20150205222015020719
20150205222015020720
20150205222015020721
20150205222015020722
20150205222015020723
20150205222015020800
20150205222015020801
20150205222015020802
20150205222015020803
20150205222015020804
20150205222015020805
20150205222015020806
20150205222015020807
20150205222015020808
20150205222015020809
20150205222015020810
20150205222015020811
20150205222015020812
20150205222015020813
20150205222015020814
20150205222015020815
20150205222015020816
20150205222015020817
20150205222015020818
20150205222015020819
20150205222015020820
20150205222015020821
20150205222015020822
002200140012001500150015001417132713271227122711271135113111351135113111351
13511311135113511311135113511311135113511311135113511311135113511311135123512311
23513351431153516351731173517351631153515351531153515351531153515351431143514351
43114351435143114351435143114351435153114351435133113351235123112351235123613361
005500130016001700160011001117112711271127112711271135113111351135113111351
13511311135113511311135113511311135113511311135113511311135113511311135113511311
13511351131113512351331153516351631163514351331133513351331133513351331133513351
43114351435143114351435143114351435143114351435143114351435143114351435143614361
015400170017001300130010001017111711271127112711371135113111351135113111351
13511311135113511311135113511311135113511311135113511311135113511311135123512311
23512351331143516351731173517351631143513351331133514351531153515351431143514351
43114351435143114351435143114351435133113351335133114351535163116351535153614361
027500130011001000120013001317121712271227122712271135113111351135113111351
13511311135113511311135113511311135113511311135113511311135113511311135113511311
13511351131113511351131113512351231123512351331143515351631163515351431153515351
63116351535153115351535153115351535153114351335123111351135113112351235123613361
070000110015001500170015001517141713271227122711271135113111351135113111351
13511311135113511311135113511311135113511311135113511311135113511311135113511311
13512351231113511351131113511351131123513351331143514351431153515351531143514351
43114351435153114351435143114351535153116351735173116351535143114351435143615361
110800170016001500140016001517141714271327132712271135113111351135123112351
23512311235123511311135113511311135113511311135113511311135113511311135113511311
13511351131113511351131113511351131123513351331133514351331133513351231123512351
33113351435143114351335133112351235123112351235123112351235123112351235123613361
120600160015001700150013001317121712271227122712271235123112351235123112351
23512311235123512311135113511311135113511311135113511311135113511311135113511311
13511351131113511351231123512351331133513351431143514351531153515351531163516351
63115351435143114351435153115351535153114351335123112351135123112351235123613361
130600140016001300100010001017102710271037113711371135113111351135113111351
13511311135113511311135113511311135113511311135113511311135113511311135113511311
13511351131113511351131113511351131113511351131123514351531163516351631163515351
43113351335133113351335133113351235123112351235123112351235113111351235123612361
145200150015001500120016001517152714271427132713271235123111351135113111351
13511311135113511311135113511311135113511311135113511311135113511311135113511311
13511351131113511351131113511351131113511351231133514351531153514351431143514351
53114351335123112351235123112351235133113351335133113351335123113351435143614361
149100120012001200110015001517142714271327132712271235113111351135113111351
13511311135113511311135113511311135113511311135113511311135113511311135113511311
13511351131113511351131113511351131113511351231133514351531153515351431143514351
43113351335123112351235123112351335143114351335133113351335133113351435143614361
156200130012001200110016001517152714271427132713271235113111351135113111351
13511311135113511311135113511311135113511311135113511311135113511311135113511311
13511351131113511351131113511351131113511351231133514351531153515351431143514351
43113351335123112351235123112351335133113351335133113351335133113351435143614361
168300170014001700170017001717161715271527142713271235113111351135113111351
13511311135113511311135113511311135113511311135113511311135113511311135113511311
13511351131113511351131113511351131113511351131123512351331143515351631173516351
63115351535143115351635163116351535153115351535153114351335123113351435143615361
180700170017001700170017001517151714171427132713271235113111351135123112351
13511311135113511311135113511311135113511311135113511311135113511311135113511311
13512351231123511351131113511351131113511351131123512351331133514351531153515351
63116351635163116351635163116351735173117351735173116351635153115351535153615361
190700170017001700170017001517141714271427142713271235123111351235123113351
33513311235113511311135113511311135113511311135113511311135113511311135113511311
23512351231123512351131113511351131113511351231133514351531153515351531153515351
53116351635173117351735173117351735173117351735163116351635163116351635163616361
222500140011001100100010001217132714271427142713271235123112351335133113351
23511311135113511311135113511311135113511311135113511311135113511311135113511311
13511351131113511351131113511351131113511351131113511351131123513351431153515351
53114351335123112351235123112351235123112351235123111351135113112351235123613361
240400110010001100150016001617162716271537153714371435143114351535153114351
33511311135113511311135113511311135113511311135113511311135113511311135113511311
13511351131113511351131113511351131113511351131113512351231123512351231123512351
23113351335133113351335133112351235123112351235123112351235113112351235133613361
255300160017001700160017001717171716271627172717271735163115351335123113351
43515311435133511311135113511311135113511311135113511311135113511311135113511311
13511351131113511351131113511351131113511351131113511351131113512351231123512351
33113351335133113351235123112351335143114351335123112351235113111351135123612361
260700170016001600170017001617161716271627162716271635163115351535153115351
53514311435133512311135113511311135113511311135113511311135113511311135113511311
13511351131113511351131113511351131113511351131113511351131113512351231123512351
33114351535153115351335123112351335153115351635153114351335113111351135113612361
280600160017001800180018001817172717271627152714271235123111351235123112351
23513311335133513311335123511311135113511311135113511311135113511311135113511311
13511351131113511351131113511351131113511351131113511351131113511351131123512351
33114351435143114351335133114351535163115351435133112351235123112351235123612361
299700180017001800180018001717171716171527152714271435153115351635163117351
73516311635153514311435133514311435153515311435133511311135123512311235123512311
23513351331133512351131113511351131113511351131123512351231123513351331143515351
53115351535153116351735173118351835173117351635163115351435133113351435143614361
434300120017001800180017001717172717271627162716271735173117351735173117351
73517311735173517311635153514311335123512311235123512311335133512311235123512311
23513351331133513351331133513351331123512351131113511351131113511351131113511351
23113351335143114351435143113351235123112351335133113351235123112351235123613361
460700160015001700170017001717171717171727172717271735173117351735173117351
73517311735173517311735173516311635163516311635173517311635163516311635163516311
63516351631173517351731163515351431133513351331133513351331123512351331143515351
63116351635163116351635173117351735163116351635153114351335123113351335143615361
481700170017001700170018001817172717271627162716271635173116351635163116351
73517311735163515311435133513311335133513311335143514311435133513311335133513311
33513351331133513351231123513351231123512351231113511351131113512351231133514351
53115351435143114351435143115351535153114351435133112351235113111351135123612361
497800180018001800180018001817172717271727172717271735173117351735173116351
53514311435153515311435133513311335143514311435143514311435153515311535143513311
33513351331133513351231123511351131113511351131113511351131113511351131123512351
23112351235123113351335143113351235123112351235123112351135113111351135123612361
510000100010001000100015001617162716271727172717271735173117351735173116351
63516311635163516311635153515311435133513311235123512311235123512311235123512311
23511351131123512351231123513351331133512351231113511351231113511351131113511351
13111351135113111351135123113351435153115351435133113351335123112351235123612361
579700160016001600160017001717171717271727172717271735173117351735173117351
73517311735163516311535143514311435153515311535153514311435143514311435153515311
43513351331123512351231123512351231123512351131113511351131113511351131113511351
13111351135113112351235133112351235123112351235123111351135113111351135113611361
588800160015001600130012001317132714271527152716271735173117351735173117351
73517311635153514311435153516311635163515311435133512311335143515311535153515311
43514351331133512351231123512351231123512351231123511351131113511351131113511351
13111351235123112351235123112351135113111351135113111351135113111351235133613361
621700150016001700160015001517161716271627172717271735173117351735173117351
73517311835183517311735163515311535153514311435143514311435143514311535153515311
53514351431153515351631153514351331123512351231123513351331133513351331133513351
33113351235123112351335133113351335133112351235133113351335133113351235123612361
630500130014001500160014001427152715271527162716271735173117351735173117351
73517311735183517311735163516311535143514311435153515311535163516311535153515311
53516351731173517351731173516351631153514351331133513351331133513351231123512351
23112351235123112351335143114351435143114351435143113351235123112351235123612361
643800180017001700160015001517151714271327122712271335143115351635163116351
63517311735163516311535143514311435143515311535153514311435133513311235123513311
33514351431143514351331133513351331133513351231123512351131113511351131113511351
13111351135113111351235123112351135113111351135113111351135113111351135113612361
645800150015001600150015001417141714271427142715271535163117351735173117351
73517311735173517311635153514311535153516311635153515311435133513311435143515311
53514351331133512351231123512351231123512351131113511351131113511351131113511351
13111351135113111351235123112351235113111351135113111351135113111351135113612361
650700160016001700170017001617161715171527152715271535163116351735173117351
73517311735173517311735163516311635173516311635163515311535153515311635163516311
63516351631153516351631163516351531153515351431133512351231113512351231123511351
13111351135113111351135113111351135113111351135113111351135113111351135123612361
675700160014001700150016001617162716271627162716271635153116351635173117351
73517311735173517311735173517311735173517311735173517311735173517311635153514311
43514351431143514351431153516351631163515351431143513351331133513351231123512351
13111351135113112351235113111351135113111351135113112351235123113351335133613361
690800180017001600130010001117122713271427152716371735173117351735173117351
73517311735173517311735173517311735163516311635163517311735163516311635163516311
63515351531153515351631163516351631163515351531143513351231113511351131113511351
13111351135123112351235123111351135113111351135123112351235133113351335133613361
747000100011001100110012001417151716171727172716271535153115351635173117351
73517311735173517311735173517311735173517311735173517311735173516311635163516311
63517351731173516351531153514351431143514351431133513351231123512351231123512351
23112351235123112351235123112351235123112351235123112351235123112351235123612361
