20151203131431
T2M TEDF  78  35 1
20151203132015120308
20151203132015120309
20151203132015120310
20151203132015120311
20151203132015120312
20151203132015120313
20151203132015120314
20151203132015120315
20151203132015120316
20151203132015120317
20151203132015120318
20151203132015120319
20151203132015120320
20151203132015120321
20151203132015120322
20151203132015120323
20151203132015120400
20151203132015120401
20151203132015120402
20151203132015120403
20151203132015120404
20151203132015120405
20151203132015120406
20151203132015120407
20151203132015120408
20151203132015120409
20151203132015120410
20151203132015120411
20151203132015120412
20151203132015120413
20151203132015120414
20151203132015120415
20151203132015120416
20151203132015120417
20151203132015120418
20151203132015120419
20151203132015120420
20151203132015120421
20151203132015120422
20151203132015120423
20151203132015120500
20151203132015120501
20151203132015120502
20151203132015120503
20151203132015120504
20151203132015120505
20151203132015120506
20151203132015120507
20151203132015120508
20151203132015120509
20151203132015120510
20151203132015120511
20151203132015120512
20151203132015120513
20151203132015120514
20151203132015120515
20151203132015120516
20151203132015120517
20151203132015120518
20151203132015120519
20151203132015120520
20151203132015120521
20151203132015120522
20151203132015120523
20151203132015120600
20151203132015120601
20151203132015120602
20151203132015120603
20151203132015120604
20151203132015120605
20151203132015120606
20151203132015120607
20151203132015120608
20151203132015120609
20151203132015120610
20151203132015120611
20151203132015120612
20151203132015120613
002  78   001  86   001  95   001 107   001 105   001 108   001 109   471
 109   571 107   671 105   771 104   771 104   851 104   851 105   811 105   851
 107   951 110   911 116   951 120   851 119   811 109   851  94   851  82   811
  77   851  78   871  85   871  94   871 104   971 111   971 113  1071 113  1071
 110  1171 108  1171 105  1071 104  1071 102  1071 101  1071 100  1071  98  1071
  95  1071  93  1071  91  1071  90  1171  90  1171  90  1171  89  1171  88  1171
  87  1171  86  1171  87  1171  90  1071  95  1071  98   971  98  1071  96  1071
  94  1171  94  1171  94  1071  95  1071  95  1071  95  1171  95  1171  95  1171
  95  1171  96  1171  97  1171  99  1171 102  1171 105  1171 108  1271 110  1271
 111  1171 112  1151 114  1011 117  1051 121  1051 124  1011 124  1151
005  67   001  78   001  92   001  98   001 105   001 103   001 106   471
 106   571 103   671 100   771  98   671  96   771  96   971  97   971  98   971
 100   971 104   971 110   971 115  1071 116  1071 110  1071  99  1171  88  1171
  79  1271  75  1271  76  1271  83  1571  95  1671 104  1771 109  1671 108  1671
 104  1571  95  1371  87  1071  81   871  79   971  79  1071  79  1171  78  1171
  75  1271  72  1271  69  1371  68  1371  67  1471  67  1471  67  1471  66  1471
  65  1471  64  1471  66  1471  71  1471  78  1571  83  1571  85  1471  85  1471
  83  1371  81  1271  80  1171  79  1071  79  1171  80  1271  82  1371  84  1371
  85  1471  85  1471  83  1571  81  1571  81  1671  84  1571  88  1571  93  1471
  96  1471  99  1551 102  1511 107  1551 114  1651 119  1611 122  1651
015  64   001  79   001  89   001  92   001  99   001 100   001 101   471
  98   571  95   671  90  1171  87   771  84   971  83  1071  83  1171  84  1171
  85  1271  88  1271  93  1271  97  1271 100  1271 102  1271 102  1371  98  1371
  90  1271  82  1171  78  1071  81  1171  89  1371  96  1471  99  1471  99  1371
  95  1371  89  1271  82  1271  76  1171  74  1271  74  1271  73  1371  70  1371
  67  1471  64  1471  61  1571  61  1571  61  1671  60  1771  59  1771  58  1871
  57  1771  58  1771  60  1671  64  1571  70  1471  74  1271  76  1271  76  1271
  76  1271  74  1271  74  1171  73  1171  74  1271  75  1271  75  1371  74  1471
  74  1671  73  1771  73  1771  74  1771  76  1771  78  1871  81  1871  83  1971
  85  1851  88  1751  92  1611  98  1551 104  1551 110  1411 113  1551
027  88   001  97   001 107   001 108   001 112   001 116   001 119   471
 118   671 116   771 113   971 110   971 110  1171 111  1271 114  1471 118  1471
 121  1571 121  1571 117  1471 110  1471 102  1371  94  1371  87  1271  81  1271
  76  1271  74  1271  77  1171  88  1071 101  1071 113   971 119   971 119  1071
 113   971 103  1071  91  1171  81  1371  76  1471  75  1571  74  1571  72  1571
  70  1671  69  1671  70  1671  71  1571  72  1571  72  1571  71  1471  70  1471
  70  1471  72  1471  76  1471  82  1371  91  1171  97   971 102  1071 104  1171
 102  1271  99  1271  93  1371  90  1371  90  1471  93  1571  97  1671  98  1671
  98  1771  98  1771  98  1771  99  1871  99  1871  99  1871 100  1871 101  1871
 104  1771 108  1651 113  1511 119  1351 125  1251 131  1011 135  1151
070  30   001  43   001  68   001  81   001  90   001  96   001  88   371
  80   771  72   871  64   971  59  1171  58  1371  58  1571  59  1671  60  1671
  62  1671  64  1671  66  1671  68  1671  72  1671  77  1671  84  1671  88  1671
  89  1571  89  1471  89  1371  91  1571  93  1771  95  1971  95  1771  94  1671
  88  1571  80  1471  70  1571  61  1671  56  1771  55  1771  54  1971  53  2071
  50  2071  47  1971  43  1971  40  1971  39  1971  39  1971  42  1871  45  1871
  48  1871  51  1871  55  1871  61  1871  67  1871  72  1971  75  1771  77  1571
  77  1471  76  1571  75  1671  74  1671  73  1871  72  1971  71  2071  69  2071
  66  2271  64  2271  63  2271  63  2271  63  2171  64  2171  65  2071  68  1971
  73  1951  80  1851  87  1811  93  1951  98  2051 103  2111 108  2051
110 123   001 128   001 133   001 139   001 143   001 143   001 143   471
 142   471 141   671 140   971 140  1071 139  1071 136   971 130   971 121   971
 110   971 100   971  94   971  90   871  87   871  85   971  82  1171  81  1271
  81  1171  84  1071  90   971 102   971 113   971 123   971 126   871 123   871
 118   871 111   971 105  1071 100  1171  98  1171  99  1271 100  1271 101  1171
 101  1171 101  1071 101   971 102   971 103   871 104  1071 105  1171 106  1371
 106  1271 107  1071 110   971 115   971 119  1071 124  1071 126  1071 126  1171
 124  1371 121  1271 119  1271 119  1171 120  1171 121  1271 123  1271 123  1371
 122  1371 122  1471 123  1371 124  1371 125  1271 125  1371 125  1471 125  1571
 125  1371 126  1051 128   811 131   951 135  1051 138  1111 139  1251
120 107   001 110   001 113   001 114   001 117   001 118   001 121   371
 122   471 121   471 122   671 124   571 129   771 132   771 132   871 125   971
 115  1071 104  1171  96  1271  91  1271  86  1371  80  1371  75  1271  71  1271
  70  1171  72  1071  78   971  90   971 103  1071 112   971 117   971 116   871
 111   971 103   871  95   871  89   871  86   971  84  1071  84  1171  83  1271
  82  1371  82  1471  83  1471  85  1471  87  1471  87  1371  87  1371  87  1271
  88  1271  91  1171  96  1171 102  1171 107  1271 113  1271 117  1271 118  1371
 117  1371 114  1271 110  1171 109  1071 109  1071 110  1171 111  1171 111  1371
 110  1471 110  1671 111  1671 114  1671 116  1671 118  1671 119  1571 120  1571
 121  1471 123  1251 126  1111 129  1151 133  1151 136  1111 137  1151
130  77   001  83   001  90   001  96   001 108   001 113   001 116   471
 116   571 114   671 113   771 112   871 113  1051 115  1151 119  1411 125  1251
 130  1251 130  1111 123  1151 112  1251 100  1211  90  1251  82  1351  76  1311
  73  1251  73  1371  78  1271  88  1271  99  1271 110  1271 116  1171 117  1171
 112  1071 102  1071  89  1071  78  1071  72  1071  68  1271  66  1371  65  1371
  64  1271  64  1271  65  1371  66  1371  67  1471  67  1471  67  1471  66  1471
  66  1451  67  1471  72  1471  82  1471  93  1371 103  1371 109  1371 111  1471
 110  1471 108  1371 105  1371 103  1171 103  1371 104  1471 105  1571 106  1571
 105  1571 106  1571 107  1671 109  1671 110  1771 110  1771 110  1871 111  1871
 114  1751 118  1751 123  1611 128  1551 132  1451 136  1311 140  1351
145  67   001  69   001  77   001  94   001 103   001  98   001  98   471
  96  1071  90  1171  84  1371  80  1371  79  1371  80  1271  81  1271  83  1171
  84  1171  86  1071  88  1071  91  1171  94  1171  97  1171  98  1071  97  1071
  92  1171  86  1271  83  1371  86  1471  91  1571  96  1671  98  1571  97  1551
  92  1511  85  1451  76  1451  68  1411  62  1451  57  1351  53  1311  50  1351
  47  1451  45  1411  44  1451  43  1451  43  1411  44  1451  45  1351  45  1311
  45  1451  45  1551  49  1611  57  1651  67  1651  76  1611  80  1551  80  1551
  78  1411  75  1451  71  1551  69  1511  69  1551  70  1551  70  1511  69  1551
  68  1551  68  1511  70  1551  72  1651  75  1611  77  1551  78  1551  79  1411
  80  1551  83  1751  87  1811  93  1951 100  1951 107  2011 112  1951
149  56   001  61   001  78   001  90   001 102   001 100   001 103   671
  99   871  91   971  85  1171  80  1071  77  1171  76  1371  77  1471  78  1371
  79  1371  81  1371  83  1371  86  1371  90  1371  93  1371  95  1271  94  1271
  91  1271  88  1371  87  1271  90  1471  96  1571 101  1771 103  1671 102  1571
  97  1471  89  1371  80  1371  72  1271  64  1271  59  1371  55  1371  52  1471
  49  1571  47  1671  45  1671  45  1671  45  1671  44  1671  44  1571  44  1571
  45  1671  49  1671  54  1671  62  1771  69  1771  76  1771  80  1671  81  1671
  80  1571  79  1571  78  1471  77  1471  76  1471  75  1571  73  1571  71  1671
  70  1771  71  1871  73  1871  77  1871  80  1871  82  1871  82  1771  83  1771
  84  1851  87  1851  92  1911  99  1951 107  2051 114  2011 117  1951
156  70   001  76   001  86   001  98   001 110   001 106   001 106   371
 103   771  99   771  94   971  90   971  87  1071  86  1171  86  1171  87  1171
  89  1171  92  1171  96  1171  99  1171 102  1171 103  1171 103  1171 101  1171
  98  1271  95  1371  94  1471  97  1471 102  1471 105  1571 107  1471 105  1471
 101  1371  95  1271  87  1271  81  1171  75  1271  72  1271  70  1271  69  1271
  68  1371  66  1371  64  1371  60  1371  57  1371  55  1371  54  1471  53  1471
  52  1571  53  1671  56  1771  64  1671  73  1671  80  1671  85  1671  86  1451
  85  1311  84  1351  83  1251  82  1211  81  1251  81  1351  80  1311  79  1451
  78  1551  78  1611  79  1651  82  1551  84  1511  86  1551  88  1551  90  1511
  92  1651  95  1851  99  1911 105  2051 111  2051 116  2111 119  2051
168  -3   001  22   001  48   001  74   001  88   001  91   001  95   571
  92   871  82  1171  71  1271  61  1571  55  1971  52  1871  52  1971  54  2071
  57  2171  62  2271  67  2171  73  1971  77  1871  80  1871  81  1871  82  1871
  83  1771  85  1571  87  1471  91  1671  93  1771  96  1871  97  1771  95  1571
  89  1471  78  1571  67  1771  58  1871  53  2071  51  2171  52  2371  52  2371
  52  2471  52  2571  52  2471  52  2371  52  2271  51  2271  49  2171  48  2171
  48  1971  51  1871  57  1671  65  1671  75  1771  83  1771  86  1671  85  1571
  83  1471  82  1671  79  1871  76  1971  73  2171  71  2371  69  2471  69  2671
  70  2771  71  2971  72  2771  71  2671  71  2471  70  2471  70  2371  72  2371
  76  2151  82  1851  89  1611  97  1751 106  1751 112  1811 116  1751
180  50   001  56   001  75   001  91   001  99   001 106   001  99   471
  88   771  76  1171  66  1571  57  1571  51  1771  48  1771  50  1771  51  1871
  51  1771  51  1871  51  1871  51  1971  52  1971  55  1671  59  1471  63  1171
  66  1351  68  1651  71  1911  75  2051  79  2351  82  2611  83  2451  82  2471
  80  2271  79  2071  76  2071  74  1871  73  2071  71  2071  70  2171  68  2071
  67  2171  64  2171  60  2171  56  2171  54  2171  56  1971  60  1671  63  1471
  65  1571  66  1771  67  1871  70  2071  73  2371  76  2671  78  2571  78  2471
  77  2371  73  2171  68  2071  64  1871  64  1871  66  1971  69  2071  71  2171
  71  2271  72  2371  71  2371  69  2471  67  2471  65  2271  64  2171  63  1971
  63  1951  65  2051  70  2011  78  2451  88  2751  97  3111 102  2951
190  50   001  55   001  65   001  79   001  87   001  80   001  80   571
  77   771  70  1371  61  1471  52  1371  43  1571  37  1671  34  1771  34  1871
  37  1771  38  1871  39  1871  38  1971  37  1971  37  1871  39  1871  43  1771
  51  1871  61  1871  72  1871  81  2271  89  2771  93  2971  93  3071  90  3171
  87  3071  85  2571  83  2071  80  1771  76  1871  71  1871  66  1971  63  1971
  61  1971  60  1971  60  2071  61  2071  60  2171  57  2171  54  2071  53  2071
  55  2071  59  1971  65  2071  71  2171  77  2271  82  2571  84  2571  85  2571
  83  2571  79  2271  73  1971  66  1671  63  1771  60  1871  59  1971  59  1971
  60  2171  61  2171  63  2271  64  2271  64  2371  62  2371  60  2271  60  2271
  64  2251  72  2251  81  2211  90  2551  99  2751 106  3011 111  3051
222  65   001  79   001  88   001  93   001 101   001 112   001 113   371
 110   571 107   871 105   771 104   771 106   771 110   871 115   871 119   971
 123  1071 125  1171 125  1171 123  1071 120  1071 115  1071 108  1171 101  1171
  93  1071  88   971  87   871  93   971 104  1071 113  1071 117  1171 116  1271
 110  1371  98  1071  85  1071  75   971  71   971  69  1071  66  1071  61  1171
  56  1171  52  1271  51  1271  52  1371  54  1371  55  1371  56  1471  56  1471
  57  1371  61  1171  69  1071  80  1071  93  1071 103  1071 106  1271 105  1371
 102  1571 101  1471 101  1271 104  1071 106  1171 108  1171 109  1271 109  1371
 108  1471 108  1571 109  1571 112  1671 114  1671 115  1671 116  1771 115  1771
 114  1651 114  1551 117  1411 124  1351 134  1351 141  1211 144  1351
240  20   001  34   001  60   001  78   001  85   001  97   001 105   471
 105   671 100   871  93  1071  88  1071  86  1071  86  1071  88  1071  91  1071
  93  1171  95  1171  97  1271  99  1371  99  1471  98  1471  96  1471  93  1471
  90  1471  87  1571  87  1571  91  1471  96  1471 101  1471 103  1371 102  1351
  98  1211  92  1151  84  1151  77  1211  71  1251  66  1151  63  1111  61  1251
  59  1251  56  1311  52  1451  48  1551  46  1611  46  1651  47  1751  48  1711
  48  1751  50  1871  55  1871  65  1771  76  1771  85  1671  88  1571  88  1471
  85  1371  83  1371  81  1271  80  1371  80  1371  79  1371  79  1371  80  1471
  82  1371  83  1471  84  1571  84  1771  84  1871  85  1871  86  1971  87  1971
  89  1951  92  1951  96  1911 102  1851 109  1851 116  1711 121  1551
255 -10   001  -2   001  23   001  41   001  66   001  85   001  94   571
  95   771  89  1071  79  1071  69  1271  63  1451  62  1451  62  1611  63  1751
  65  1651  67  1711  69  1651  71  1651  72  1511  72  1651  70  1751  70  1811
  71  1871  73  1771  76  1671  80  1671  84  1571  88  1571  91  1471  92  1471
  91  1271  86  1371  77  1471  70  1571  65  1571  63  1671  61  1771  59  1771
  56  1771  55  1771  55  1771  55  1671  54  1671  53  1771  51  1771  49  1871
  48  1971  50  1971  55  2071  65  1871  77  1771  86  1671  93  1571  95  1371
  92  1271  85  1371  77  1671  70  1771  65  1871  63  1871  62  1971  60  1971
  59  1971  58  1971  59  1971  60  1971  61  1971  61  1971  60  2071  60  2071
  62  2051  67  1951  75  1911  86  1851  99  1751 109  1611 115  1551
260   5   001  12   001  18   001  28   001  47   001  54   001  69   371
  76   671  72  1071  62  1771  50  2171  41  2271  38  2451  39  2511  45  2651
  52  2951  59  3011  62  3051  62  2951  60  2911  58  2651  58  2451  60  2111
  65  2051  72  1951  78  1711  82  1751  85  1651  87  1611  89  1651  89  1451
  87  1471  81  1871  74  2071  67  2471  61  2571  58  2871  56  3071  56  3171
  57  3171  57  3271  56  3271  55  3171  53  3171  51  2971  49  2771  49  2571
  51  2571  55  2371  63  2271  74  2071  86  1971  95  1771 100  1671 100  1671
  97  1571  90  1971  80  2271  69  2771  58  2871  49  2971  43  3071  42  3271
  44  3371  47  3571  50  3471  53  3471  55  3371  57  3071  58  2871  60  2571
  62  2451  66  2251  74  2111  86  2051  99  1951 111  1811 119  1751
280  12   001  17   001  19   001  24   001  30   001  33   001  48   571
  52  1271  46  1471  36  1471  27  1271  22  1671  21  1651  23  1711  26  1651
  28  1551  30  1411  30  1551  29  1551  28  1611  28  1751  29  1851  33  1911
  39  2051  46  2071  53  2171  58  2271  61  2171  64  2371  68  2471  71  2471
  71  2571  67  2371  62  2171  57  1971  54  2071  54  2171  54  2271  54  2171
  54  2071  53  1971  50  1971  47  2071  44  2071  43  2071  43  2171  43  2171
  44  2071  45  1971  50  1971  57  2071  66  2171  74  2371  80  2171  82  2171
  80  2171  75  2071  68  1971  62  1771  60  1971  59  1971  59  2071  58  2171
  55  2271  53  2271  51  2271  50  2271  48  2271  46  2271  44  2271  44  2271
  45  2251  50  2351  58  2311  71  2651  85  2851  97  3111 104  3051
299  23   001  28   001  33   001  51   001  56   001  68   001  61   471
  53   671  43  1871  33  1771  24  2071  16  2071  10  2071  11  2171  12  2171
  16  2071  21  2071  26  2171  29  2271  31  2371  30  2271  30  2071  33  1971
  40  1871  52  1771  65  1571  78  1571  87  1671  92  1771  92  1871  86  1971
  80  2171  75  2271  69  2171  64  2071  59  2271  56  2271  55  2371  55  2371
  57  2371  59  2271  59  2371  57  2471  53  2571  48  2471  45  2471  44  2371
  48  2171  56  1971  66  1771  77  1671  87  1671  93  1671  94  1771  90  1771
  84  1771  79  1771  72  1771  64  1771  55  1871  46  1971  42  2071  42  2071
  45  2171  49  2171  51  2371  51  2471  50  2671  49  2671  48  2571  51  2571
  57  2351  67  2051  79  1811  92  1851 103  1951 112  1911 116  2051
434  17   001  34   001  50   001  67   001  91   001 102   001 109   671
 108   871  99   971  87   971  77   871  73   971  72   971  72  1071  71  1171
  70  1171  69  1271  68  1271  68  1371  68  1371  68  1371  68  1271  67  1271
  66  1371  66  1371  67  1371  70  1371  74  1371  81  1371  87  1471  91  1371
  92  1371  89  1171  82  1071  76   871  72  1071  70  1171  69  1171  68  1271
  67  1271  66  1371  64  1371  64  1471  63  1471  63  1471  63  1371  62  1371
  59  1471  57  1471  59  1571  66  1671  77  1771  87  1671  93  1771  95  1671
  93  1671  86  1471  78  1371  72  1271  68  1271  67  1371  67  1371  67  1471
  66  1371  66  1471  65  1571  63  1571  63  1671  63  1671  64  1571  64  1571
  64  1551  66  1451  71  1411  80  1551  90  1551 101  1611 109  1651
460  -6   001  27   001  46   001  78   001  88   001 117   001 119   371
 116   771 105  1071  87  1171  71  1571  60  1771  53  1971  53  2071  57  1971
  64  1971  68  1871  67  1971  62  1971  58  2071  58  2271  61  2371  65  2571
  67  2371  70  2071  75  1871  83  1771  94  1671 102  1571 106  1671 107  1471
 103  1471  96  1671  88  1671  80  1871  75  1971  73  2071  70  2171  67  2171
  65  2171  63  2171  61  2271  61  2271  60  2371  56  2571  52  2671  51  2871
  55  2571  62  2371  71  2071  81  1971  90  1871  99  1671 107  1671 111  1571
 109  1571  99  1771  85  1971  74  2071  68  2171  66  2271  66  2371  66  2371
  65  2471  64  2471  63  2571  61  2571  58  2671  55  2871  53  2971  54  3171
  60  2851  71  2551  84  2211  98  2051 112  1951 124  1711 132  1751
481  16   001  20   001  33   001  60   001 110   001 121   001 114   471
 105   871  95   871  83   971  68   971  55  1371  48  1471  43  1571  41  1571
  41  1371  43  1371  45  1371  48  1471  49  1471  47  1471  45  1571  45  1571
  47  1671  52  1671  60  1671  68  1771  76  1871  83  1971  88  1871  89  1671
  88  1571  85  1471  81  1271  76  1271  71  1471  67  1471  63  1571  61  1571
  60  1571  59  1471  57  1471  57  1571  56  1571  54  1571  52  1671  51  1671
  51  1671  53  1671  56  1771  63  1771  71  1871  80  1871  87  1771  93  1871
  94  1771  88  1671  81  1571  73  1371  69  1371  68  1471  67  1471  67  1471
  66  1471  66  1471  68  1571  70  1671  71  1771  69  1771  66  1671  65  1671
  68  1851  75  1951  83  2111  92  2251 101  2451 110  2511 118  2451
497   6   001  13   001  53   001  79   001  98   001 103   001  85   671
  64  1171  45  1171  29  1571  16  1871   7  2471   1  2771  -1  2871  -2  2871
  -3  2971  -4  2971  -3  2971  -4  2871  -5  2871  -7  2871  -9  2971 -12  2971
 -13  2871  -9  2571   5  2371  32  2471  63  2571  82  2571  83  2571  68  2471
  51  2271  37  2371  27  2571  21  2871  16  3071  14  3171  13  3371  14  3371
  14  3271  15  3171  14  3071  12  3071  11  2971  11  2971  11  2871  10  2871
   8  2971   9  2871  21  2971  44  2771  69  2571  88  2371  90  2251  81  2151
  66  2111  52  2251  40  2451  31  2611  26  2751  24  2951  23  3011  22  3051
  22  3051  21  3011  20  2951  17  2951  14  2811   9  2851   5  2851   3  2811
   5  2751  13  2751  30  2611  55  2551  81  2351  99  2211 101  2151
510  43   001  43   001  48   001  51   001  55   001  76   001  92  1271
 101  1571 101  1571  98  1571  93  1471  89  1471  86  1471  84  1471  82  1471
  79  1571  78  1571  77  1571  77  1671  77  1671  76  1671  75  1771  76  1771
  81  1671  90  1571 101  1571 112  1571 123  1671 131  1771 133  1771 131  1751
 124  1771 114  1671 103  1571  93  1471  89  1571  88  1671  88  1771  86  1771
  82  1771  78  1771  75  1771  72  1771  71  1771  70  1871  70  1871  70  1971
  70  2071  70  1971  75  1971  85  1971  97  2071 109  1971 116  2071 119  1971
 117  2071 110  1971 100  1771  91  1671  87  1771  86  1771  87  1771  87  1871
  87  1971  86  2071  84  2071  82  2071  80  2071  79  2171  78  2171  78  2271
  80  2151  84  2151  93  2011 108  2051 124  1951 139  1911 148  1951
579  77   001  91   001 105   001 107   001 121   001 134   001 129   371
 125   771 121  1071 115  1271 109  1271 106  1471 106  1571 107  1671 108  1671
 108  1771 109  1771 110  1971 110  2171 107  2371 100  2371  93  2371  91  2371
  96  2371 105  2171 115  2071 125  1871 131  1771 136  1571 138  1471 139  1471
 135  1271 126  1371 114  1571 105  1671 102  1771 101  1771 102  1771 102  1771
  99  1771  96  1771  91  1871  85  2071  80  2171  74  2271  69  2271  70  2371
  77  2271  88  2171 100  2071 111  1871 118  1771 125  1571 129  1571 130  1571
 127  1571 119  1571 109  1571 101  1571  98  1771  97  1971  97  2071  96  1971
  93  1971  90  1871  87  1971  82  2171  79  2271  76  2371  75  2371  78  2471
  85  2251  96  2151 108  1911 120  1851 129  1651 136  1511 139  1651
588  17   001  25   001  43   001  60   001  67   001  98   001 104   371
 102   771  96  1271  84  1671  71  1971  58  1971  48  1951  44  1911  46  2051
  51  2251  55  2311  54  2351  50  2351  43  2311  36  2151  30  1951  28  1771
  31  1871  41  1871  55  1871  75  1771  96  1771 113  1671 122  1671 122  1571
 117  1471 107  1771  94  1971  83  2271  73  2271  66  2371  63  2471  61  2471
  61  2471  62  2571  64  2571  65  2571  64  2571  59  2371  53  2171  51  1971
  55  2071  63  2071  76  2171  88  2071 100  1971 109  1871 115  1871 115  1871
 111  1871 102  2071  90  2171  81  2371  75  2371  73  2271  72  2271  71  2371
  69  2371  68  2471  66  2571  64  2571  62  2671  59  2471  57  2271  57  2011
  60  2051  66  2151  77  2111  91  2051 107  1951 120  1811 128  1851
621  46   001  91   001 134   001 169   001 177   001 178   001 169   371
 149   571 122   871  91  1171  66  1871  55  1671  54  1751  56  1611  54  1751
  50  1751  47  1711  46  1751  48  1751  50  1711  53  1751  56  1851  63  1811
  73  1771  87  1871 101  1771 115  1971 126  2071 135  2271 139  2071 137  1671
 125  1471 106  1671  86  1971  70  2271  67  2171  71  2071  76  1971  75  1971
  70  1871  66  1871  64  1871  63  1971  63  1971  62  1971  61  1971  60  1971
  61  1871  66  1871  78  1871  97  2071 119  2171 137  2371 148  2171 149  1971
 140  1771 120  2071  96  2171  77  2471  69  2371  66  2371  66  2271  63  2271
  57  2471  53  2471  51  2371  51  2371  50  2271  47  2171  44  2171  47  2071
  58  1951  76  1951  98  1811 121  1951 141  2151 157  2211 166  2151
630   8   001  28   001  62   001 104   001 115   001 124   001 125   671
 117  1071 105   771  90  1071  77  1171  69  1371  63  1571  59  1771  57  1671
  57  1671  56  1571  55  1571  53  1671  51  1671  50  1671  49  1671  50  1671
  53  1771  59  1671  71  1671  89  1871 109  2271 125  2271 134  2271 135  2171
 131  2171 122  2071 109  1871 100  1771  92  1771  87  1871  83  1871  79  1771
  77  1671  76  1571  76  1571  76  1571  77  1571  77  1571  76  1471  74  1471
  73  1671  73  1871  77  1971  86  2271  97  2371 108  2571 116  2571 120  2371
 118  2271 112  2271 102  2171  93  1971  87  1971  83  1971  80  1971  79  1971
  78  1871  78  1871  78  1871  80  1871  80  1871  79  1871  78  1871  78  1871
  80  1851  85  1951  93  1911 104  2251 115  2451 125  2711 132  2651
643  91   001 100   001 109   001 123   001 130   001 132   001 131   371
 128   571 122   871 115  1171 106  1171  99  1271  92  1371  87  1371  84  1471
  81  1571  78  1671  74  1671  69  1671  65  1671  63  1671  62  1671  64  1671
  68  1571  74  1471  87  1371 105  1471 124  1271 139  1271 149  1271 151  1271
 147  1271 137  1271 126  1271 115  1271 109  1371 106  1371 104  1471 103  1571
 101  1671  97  1771  92  1771  85  1671  81  1671  78  1671  77  1571  79  1571
  83  1471  88  1371  99  1271 113  1271 127  1271 137  1271 141  1271 139  1471
 134  1571 126  1471 118  1471 111  1371 105  1471 102  1471 100  1571  99  1771
  98  1971  95  2071  92  2071  89  1971  87  1971  86  1971  87  1871  89  1811
  93  1751 100  1551 110  1411 122  1451 135  1451 145  1411 150  1551
645  96   001 108   001 115   001 120   001 127   001 130   001 132   571
 128   971 119  1071 109  1171  99  1171  92  1171  88  1371  87  1371  86  1371
  85  1371  85  1371  84  1471  83  1671  81  1771  77  1671  74  1571  75  1471
  82  1571  95  1671 108  1671 122  1671 134  1771 144  1771 152  1771 155  1771
 151  1771 138  1671 122  1471 107  1371  98  1571  95  1571  95  1571  95  1571
  95  1471  94  1471  92  1571  88  1671  86  1771  83  1671  82  1671  85  1571
  92  1571 103  1671 114  1671 125  1671 135  1771 140  1771 143  1771 142  1871
 135  1971 125  1771 113  1571 103  1471  96  1471  94  1571  94  1571  94  1671
  95  1571  95  1571  93  1671  92  1871  90  1971  88  1971  87  1871  90  1811
  98  1751 109  1651 121  1511 132  1651 140  1751 146  1811 148  2051
650 126   001 129   001 139   001 148   001 152   001 154   001 148   571
 141   671 133   771 124   871 114   971 106  1071 101  1171  99  1271  97  1371
  95  1571  96  1671  96  1671  97  1771  96  1771  94  1771  92  1871  92  1871
  96  1771 102  1571 109  1471 117  1571 126  1571 132  1671 138  1471 141  1271
 138  1071 129  1071 116   971 106  1071 102  1071 100  1171  98  1171  94  1271
  89  1471  85  1571  85  1671  86  1671  87  1771  88  1871  88  1871  90  1971
  93  1771  99  1671 107  1571 117  1571 127  1571 136  1471 140  1371 141  1271
 138  1071 132  1071 125  1071 119  1071 116  1171 115  1271 114  1371 112  1471
 109  1771 105  1871 102  1771 100  1671  98  1571  96  1671  95  1771  98  1811
 105  1751 115  1551 124  1411 131  1451 136  1451 140  1411 143  1351
675  82   001  90   001 102   001 116   001 129   001 133   001 139   271
 138   371 131   671 121   971 110  1371 104  1471 102  1671 103  1771 105  1871
 107  2071 107  2171 106  2271 102  2371  94  2471  85  2571  78  2571  75  2671
  80  2571  91  2671 104  2571 120  2271 133  2071 143  1671 148  1471 150  1371
 142  1171 126  1271 106  1471  90  1571  80  1771  79  1871  79  2071  80  2171
  81  2371  81  2471  80  2571  79  2671  77  2771  75  2771  74  2871  76  2871
  81  2771  87  2771  96  2671 107  2371 117  2071 125  1771 130  1671 132  1651
 128  1511 120  1651 109  1651 101  1711  97  1951  97  2151  97  2311  96  2551
  94  2651  92  2811  90  2851  88  2851  84  2811  78  2951  73  2951  71  3011
  75  3051  83  2951  95  2911 109  2551 123  2051 134  1611 141  1551
690  81   001  88   001 102   001 113   001 123   001 135   001 139   171
 138   371 134   671 128   971 121  1271 116  1271 113  1171 111  1171 108  1171
 104  1271 101  1271 100  1271  98  1171  96  1171  93  1171  92  1271  91  1271
  93  1371  99  1471 108  1571 120  1571 132  1371 142  1371 148  1171 147  1071
 141  1071 129  1071 115  1171 104  1371 100  1371  99  1371  99  1271  98  1271
  96  1371  94  1371  93  1271  93  1271  93  1171  94  1171  95  1171  95  1171
  95  1371  96  1471 103  1671 116  1571 132  1571 145  1571 151  1371 151  1371
 144  1271 133  1171 121  1271 110  1271 105  1371 103  1371 102  1371  99  1371
  95  1371  91  1371  89  1371  88  1271  87  1271  85  1271  83  1271  83  1271
  86  1351  93  1551 104  1611 118  1451 133  1351 145  1111 151  1051
747  65   001  74   001  91   001 101   001 108   001 116   001 124   471
 122   771 119   771 113  1071 107  1171 100  1371  95  1571  91  1571  88  1771
  86  2071  85  2271  83  2271  81  2271  77  2271  72  2171  68  2071  68  1971
  75  1871  87  1671 102  1471 119  1571 134  1771 148  1871 158  1671 164  1571
 164  1471 156  1471 146  1371 133  1371 125  1571 118  1671 114  1871 111  2071
 110  2171 110  2371 109  2371 107  2371 104  2371 100  2271  96  2171  97  2071
 103  1871 113  1771 123  1571 132  1771 139  2071 143  2271 146  2171 146  2171
 143  1971 137  1871 130  1671 121  1571 114  1671 109  1871 105  1971 103  2171
 103  2471 102  2671 100  2671  98  2771  95  2771  92  2771  90  2771  92  2711
  99  2351 109  2051 120  1611 129  1851 137  1951 143  2111 147  2151
NT  TEDF  78  35 1
20151203132015120308
20151203132015120309
20151203132015120310
20151203132015120311
20151203132015120312
20151203132015120313
20151203132015120314
20151203132015120315
20151203132015120316
20151203132015120317
20151203132015120318
20151203132015120319
20151203132015120320
20151203132015120321
20151203132015120322
20151203132015120323
20151203132015120400
20151203132015120401
20151203132015120402
20151203132015120403
20151203132015120404
20151203132015120405
20151203132015120406
20151203132015120407
20151203132015120408
20151203132015120409
20151203132015120410
20151203132015120411
20151203132015120412
20151203132015120413
20151203132015120414
20151203132015120415
20151203132015120416
20151203132015120417
20151203132015120418
20151203132015120419
20151203132015120420
20151203132015120421
20151203132015120422
20151203132015120423
20151203132015120500
20151203132015120501
20151203132015120502
20151203132015120503
20151203132015120504
20151203132015120505
20151203132015120506
20151203132015120507
20151203132015120508
20151203132015120509
20151203132015120510
20151203132015120511
20151203132015120512
20151203132015120513
20151203132015120514
20151203132015120515
20151203132015120516
20151203132015120517
20151203132015120518
20151203132015120519
20151203132015120520
20151203132015120521
20151203132015120522
20151203132015120523
20151203132015120600
20151203132015120601
20151203132015120602
20151203132015120603
20151203132015120604
20151203132015120605
20151203132015120606
20151203132015120607
20151203132015120608
20151203132015120609
20151203132015120610
20151203132015120611
20151203132015120612
20151203132015120613
002600140016001800180018001717172716271627162716371635173117351735173117351
73516311435133511311135113511311235133513311435143515311435143514311435143514311
53515351531153515351531153515351431153515351631163516351631163515351531153515351
53115351535153116351635163116351635163116351635163116351735173117351735163116351
005300120017001800180018001817172716271627152715271535153116351635163117351
73516311535133511311135113511311235123513311335133513311335123512311235123513311
43514351431143514351431153515351531153514351431143514351431143514351431143514351
43115351535153115351535153115351535163116351635163116351635163117351735173117351
015000150011001500170018001817172717271627162716271635163116351635163116351
73517311635143513311235113511311135113512311335143514311435133512311235123513311
43514351531153515351531153514351431153516351631163516351531143513351331133514351
53115351635163116351535153116351635163116351635163116351735173117351735173117351
027300150017001800180018001827172716271627162716271635163116351735173116351
53514311335123512311135123512311235133513311335133513311235123512311235133513311
43514351431153515351531153514351431143514351531153515351631153515351531153515351
53116351635163116351635153115351535153114351435143115351535163116351735173117351
070200150013001200100013001317132714271427142715371535143114351435143115351
63517311735173517311635163515311435133512311235113511311135113512311235123512311
23513351331143514351531153515351531163516351631153514351231113511351231133514351
53115351535153114351435143115351635163116351635163116351735173117351735173117351
110800180018001800180018001817182718271827172718371835173115351335123111351
13511311235123511311135123512311335133514311435143513311335143514311435143514311
43514351431143514351431143514351431143515351531153516351631163517351631163515351
53115351535153114351335133114351535163116351635163116351735173117351635163116351
120700180018001800180018001717162716271727172717271635163116351735163115351
33512311135113512311235123512311235123512311335143514311435133512311235123513311
33514351431133513351331133513351431143515351531163516351631163515351531143515351
53115351635153115351435143114351535153114351435133113351435153116351635173117351
130600150018001800160018001817172717271727172717371735173117351735163115351
43513311235123511311135113512311235123512311235123512311235123512311235123512311
23512351331133512351231133513351431153515351631163516351631163516351631153515351
53116351635173116351535143114351435153115351635163116351735173117351735173117351
145700170016001200140018001727172716271627152714271435143115351535163116351
63516311735163516311535133512311135113511311135113512311235123511311135113512311
23513351431143515351531153515351531153516351531143513351231113512351331143515351
63116351635163116351635163116351635153115351535153116351635173117351735173117351
149400140014001000120017001717162716271527152714371435143114351535153116351
63517311735173516311535143513311235123511311135113512311235123511311135113512311
23513351431153515351531153515351531153515351531143513351231113512351231133514351
53116351635163116351635163116351635163115351535153116351635173117351735173117351
156600170016001000130017001727162716271527152714371435143114351535153116351
63517311735173516311535133512311235113511311135123512311235123511311135113512311
23513351431153515351531153515351531153515351531143513351231113512351331143514351
53116351635163116351635163116351635163115351535153116351635173117351735173117351
168000100010001000100010001117112712271327143714371435143114351435143114351
53516311635173517311735173517311735173516311535143512311235123512311235133513311
43514351431143513351331133514351431153516351631153513351231113511351231123513351
33114351435143114351435143115351535153115351535153116351635173116351635163116351
180600160014001300110010001017112711271227132713271435143114351435143114351
43515311535163517311735173517311735183517311635153514311335133513311335143514311
53515351531153514351431133513351431153516351631163514351331123511351231123513351
33114351435153115351535153115351535153114351435153115351635163116351635163116351
190200130012001200120012001117112712271237123712371335133112351235123112351
33513311335143514311535163517311835183517311735163515311535143514311435143514311
43514351431143515351431143513351331143515351631153514351331123512351331133514351
43115351535153115351435143114351335133112351235123113351435163116351735163116351
222500140018001800170017001617161715271527162716371735173117351735173117351
63516311535143513311235123511311235123512311235123511311135113511311135113511311
13512351231133514351431143514351531153516351631153514351431143515351631163515351
53115351635163116351535153115351535153115351535163116351635173117351735173117351
240100100011001300150017001717162716271527152715371535153115351635173117351
73517311735173516311635163515311435143513311235123511311135113511311235133514311
43514351431153515351531153515351531153515351531143513351131113511351131113512351
23114351535163116351635163116351635163116351535153115351635163116351635163116351
255000120011001000100013001327132714271427143715371535153114351435143114351
53516311735173517311735173517311735173517311635153514311435143514311335133513311
33514351431153515351531143514351431153516351731163514351331123511351131123513351
43114351435143114351435153114351435133113351335133114351535163117351735173116351
260000130014001200110010001017112712271327142715271635163115351535153115351
53516311635173517311735173517311735173517311735173516311635153514311435133513311
43514351431153515351531153515351531163516351631153514351231113511351131123512351
33114351535153115351535143114351435143114351335133113351335133113351335133114351
280600180018001800180018001717162716271527153715371535153115351535153114351
43515311535163517311735173517311735173517311735173517311635163515311535143515311
53515351631163516351531153515351531153516351731173517351731163514351431133514351
43115351535153115351535153115351535153114351435143114351535153115351435143115351
299300160015001500130013001317122712271227112711371135113111351135113112351
23513311335143514311435143515311635163517311735173517311735173516311635153514311
43514351431153516351631163515351431143515351631163517351631163515351431143514351
43115351535153114351335123112351335133112351235123113351435153114351435133114351
434000100010001000110015001527152714271427142713371335133113351435143114351
43515311535163517311735173517311735173517311735173517311635153514311435143514311
43514351431143513351331133514351431153516351631163515351431123512351131113512351
23113351335133113351335123112351235123111351135123112351335133113351335123112351
460000100010001000100010001017112711271127112711371135113112351235123112351
23512311335143515311635163517311735173517311735173517311735163515311535153515311
53514351431133513351331133513351331133513351331123512351131113511351131123512351
33113351335133112351235123112351235123113351335133113351335133113351435143113351
481000100010001000100010001027112711271127113711371135113111351135123113351
43515311435133512311335143515311635163516311735173517311735173517311735173517311
63516351631163516351631163517351731173517351731173517351731163515351431133513351
33114351535153115351535143114351435143113351335133113351435143114351435133114351
497000100010001000100010001117112711271127112711271135113111351135113111351
23512311235133513311235123511311135113511311235133514311535153516311635163516311
73516351631163516351731173517351631153514351331133513351331133513351331133513351
33113351335143113351335133113351335133113351235123112351235123112351235113111351
510700180018001800170016001617152715271437143714371435143115351535153116351
53516311635173517311735173517311735173517311635163515311535143514311335133512311
33513351331143514351431143514351431153515351531143513351231123512351331133513351
43115351635163116351535153114351535153115351535153115351535143113351335123112351
579700170017001800180018001717162715271427132712371235123112351335133113351
33513311335133513311335123512311335143515311535153515311535153515311635163516311
53515351531153516351531143512351231123514351631163516351631173517351731163515351
43114351535153116351635163116351635153115351435133114351435153114351435133112351
588300150014001200130011001117112711271127112711371135113111351135113111351
13511311135123512311135113511311135113511311135113512311235133514311535163516311
63515351531153516351731173517351631163516351531163516351631163516351631173517351
63115351435143115351635163115351435133113351435153115351535153115351535153114351
621000100010001000100011001117112711271127112711271135123113351335143113351
23512311235123513311435153516311735173517311735173517311735163516311635163517311
73516351631153515351531143514351431153515351431143513351331133512351231123512351
23112351235123113351335133113351235123112351335133114351435143114351435143114351
630000100010001000100010001117111711271227122712271235123113351335143114351
33513311335133514311435143515311535163516311735173517311735173517311635163516311
63516351631163516351531153515351531153515351531153514351331133513351231123512351
23112351235133113351335133113351335133113351335143114351435143114351335133112351
643700170017001700170017001617162715271527152714371435153115351535153115351
53514311435133513311335143515311535143514311435143515311535153515311435143514311
53515351531153515351431133512351231123512351231123512351231133513351431143514351
43114351535153115351535153115351635163115351535153116351735173117351635163116351
645700180018001800180017001617162715271527153715371535153115351535153115351
43514311435133513311335133513311335133514311435153515311535153515311535153515311
53515351631163516351531143513351231123513351431143515351531153515351531153515351
53115351535153115351535163116351635163116351635163116351735163116351535143114351
650800180017001800180018001717162714271327132713371335133113351335133113351
33514311435143514311435133512311235123512311335143514311435153515311535153515311
53515351531163516351731173517351731173516351631163516351631163515351531163516351
63116351535153115351535153116351635163115351435143114351435153116351635163116351
675700180017001800180018001727162714271427132713371335133113351235123112351
23512311335133513311435143514311335133512311235123512311235133514311435153515311
53515351531163516351631163516351731173517351731173517351731173517351731173517351
63116351635163116351635163116351635173116351635163115351535153116351635163116351
690700170017001700170017001627152715371437133712271235113111351135113112351
23513311335123512311235123513311335123512311235113512311335143515311535153515311
53516351631163515351531163516351631173517351731173517351731173517351631163515351
53115351535143114351435133113351335133113351335143114351535153116351635163115351
747700170017001700180018001727172716271537143714371335133113351335133113351
43514311435133513311335133513311435143515311535153515311535153515311535153515311
53515351531153515351531153516351631163516351631163515351531153515351531143514351
43114351435143114351435153115351535153115351435143114351535153115351435133113351
