20151204221430
T2M TEDF  78  35 1
20151204222015120417
20151204222015120418
20151204222015120419
20151204222015120420
20151204222015120421
20151204222015120422
20151204222015120423
20151204222015120500
20151204222015120501
20151204222015120502
20151204222015120503
20151204222015120504
20151204222015120505
20151204222015120506
20151204222015120507
20151204222015120508
20151204222015120509
20151204222015120510
20151204222015120511
20151204222015120512
20151204222015120513
20151204222015120514
20151204222015120515
20151204222015120516
20151204222015120517
20151204222015120518
20151204222015120519
20151204222015120520
20151204222015120521
20151204222015120522
20151204222015120523
20151204222015120600
20151204222015120601
20151204222015120602
20151204222015120603
20151204222015120604
20151204222015120605
20151204222015120606
20151204222015120607
20151204222015120608
20151204222015120609
20151204222015120610
20151204222015120611
20151204222015120612
20151204222015120613
20151204222015120614
20151204222015120615
20151204222015120616
20151204222015120617
20151204222015120618
20151204222015120619
20151204222015120620
20151204222015120621
20151204222015120622
20151204222015120623
20151204222015120700
20151204222015120701
20151204222015120702
20151204222015120703
20151204222015120704
20151204222015120705
20151204222015120706
20151204222015120707
20151204222015120708
20151204222015120709
20151204222015120710
20151204222015120711
20151204222015120712
20151204222015120713
20151204222015120714
20151204222015120715
20151204222015120716
20151204222015120717
20151204222015120718
20151204222015120719
20151204222015120720
20151204222015120721
20151204222015120722
002 115   001 117   001 113   001 113   001 111   001 109   001 105   471
 102   671 100   771  99   771  99   871  98   871  98   871  99   871  99   871
  98   871  99   871 101   871 103   871 104   871 104   971 102  1071 100  1171
  98  1171  93  1071  92  1071  92  1071  92  1071  91  1071  90  1071  89  1071
  89  1071  91  1071  93  1171  98  1171 101  1171 105  1171 108  1171 111  1171
 114  1151 117  1111 121  1051 125  1051 128   911 129   951 127  1051 125  1011
 122  1051 119  1051 117  1011 115  1051 113  1051 111  1011 108  1051 105  1151
 102  1111 107  1151 108  1151 108  1211 107  1251 104  1251 102  1211 101  1251
 102  1151 105  1111 110  1051 116  1051 120   911 120  1051 118  1051 115  1111
 112  1151 109  1151 107  1111 106  1151 105  1151 104  1161 104  1161
005  88   001  79   001  81   001  82   001  74   001  71   001  75   571
  75   771  73   871  71   971  69  1071  69  1071  69  1171  70  1171  72  1271
  74  1271  77  1271  82  1371  86  1671  90  1671  92  1671  90  1571  88  1571
  84  1371  81  1071  79   871  76   971  73  1071  72  1171  71  1171  70  1271
  71  1271  71  1371  70  1371  73  1471  78  1471  84  1471  89  1471  92  1471
  95  1471  99  1471 106  1471 116  1571 123  1571 127  1471 127  1471 127  1371
 126  1271 124  1171 121  1071 116  1171 110  1171 105  1271 102  1271 100  1371
  98  1371 100  1251  97  1351  95  1411  93  1451  91  1351  90  1311  90  1451
  91  1451  95  1511 101  1651 108  1651 114  1711 117  1651 116  1551 113  1411
 108  1351 102  1251  97  1111  94  1251  91  1351  89  1461  88  1461
015  91   001  89   001  81   001  74   001  72   001  71   001  71   671
  70   871  68   971  65  1071  63  1171  62  1171  62  1371  62  1371  63  1271
  65  1171  68  1071  71  1171  73  1371  77  1471  80  1471  81  1371  80  1371
  78  1271  74  1271  71  1171  69  1271  68  1271  67  1371  65  1371  62  1471
  60  1471  60  1571  61  1571  64  1671  69  1771  74  1771  80  1871  84  1771
  88  1671  93  1571  98  1471 104  1471 107  1271 109  1271 110  1271 111  1271
 113  1271 115  1171 116  1171 114  1271 110  1271 106  1371 103  1471 100  1671
  97  1771  98  1451  97  1551  95  1511  93  1651  90  1651  89  1711  89  1651
  92  1651  96  1511 102  1451 109  1451 115  1311 118  1351 119  1451 115  1411
 108  1451  99  1351  92  1311  89  1451  87  1451  84  1561  81  1661
027  71   001  62   001  63   001  64   001  49   001  40   001  46   771
  52  1071  57  1071  62  1071  66  1071  70  1171  74  1271  75  1271  77  1271
  81  1171  85  1071  91  1071  95   971 100   971 102   971 102   871 100   871
  95   971  89  1071  84  1271  82  1371  83  1571  84  1571  85  1571  85  1671
  86  1671  88  1671  90  1571  93  1571  96  1571  98  1471 101  1471 104  1471
 108  1471 113  1471 119  1371 127  1171 133   971 137  1071 138  1151 136  1211
 131  1251 126  1351 121  1311 119  1451 118  1551 118  1611 118  1651 118  1751
 117  1711 104  1651 103  1651 100  1611  96  1651  91  1751  88  1711  88  1751
  91  1651  97  1611 106  1451 115  1251 122  1011 125  1151 125  1251 121  1311
 114  1451 107  1451 101  1511  98  1651  98  1851  96  1961  96  1961
070  32   001  24   001   4   001  -1   001   3   001   2   001   9   871
  16  1271  22  1371  25  1471  27  1571  29  1571  32  1671  32  1571  36  1571
  43  1471  52  1371  59  1571  66  1771  71  1971  73  1871  72  1671  68  1571
  64  1571  59  1571  53  1571  50  1671  49  1771  47  1971  43  2071  40  2071
  37  2071  36  2071  36  2071  37  2071  39  1971  43  1971  48  1871  55  1771
  62  1871  72  1871  81  1771  92  1871 100  1971 107  1771 109  1571 110  1471
 108  1571 106  1571 102  1671 100  1871  97  1971  95  2071  92  2071  90  2271
  86  2271  83  2051  79  2051  75  2011  72  2051  71  2051  73  2011  78  1951
  84  1851  92  1711 100  1851 107  1951 112  2011 115  1951 114  1751 110  1611
 102  1651  93  1751  84  1811  78  1951  74  2151  70  2261  67  2361
110 105   001 107   001 112   001 113   001 114   001 109   001 108   471
 108   671 108   771 108   771 108   771 108   871 107  1171 107  1271 108  1171
 109  1071 112   971 116   971 119   971 123   971 124   871 124   871 123   871
 119   971 118  1071 118  1171 117  1171 115  1271 116  1271 117  1171 118  1171
 120  1071 123   971 124   971 126   871 127  1071 128  1171 128  1371 128  1271
 128  1071 129   971 133   971 137  1071 140  1071 140  1071 139  1171 136  1371
 133  1271 131  1271 128  1171 127  1171 128  1271 128  1271 128  1371 128  1371
 128  1471 124  1351 121  1351 118  1211 116  1451 114  1551 112  1711 110  1551
 110  1451 113  1211 119  1251 127  1351 134  1311 137  1451 136  1451 133  1511
 129  1551 125  1451 123  1411 124  1451 127  1551 128  1561 128  1561
120 103   001  98   001  91   001  80   001  79   001  80   001  83   571
  85   871  86   971  86  1071  86  1171  85  1171  85  1271  86  1271  88  1171
  91  1071  95   971 102   971 108  1071 113   971 116   971 116   871 115   971
 113   871 110   871 109   871 110   971 110  1071 110  1171 107  1271 103  1371
 101  1471 102  1471 106  1571 110  1571 113  1471 116  1371 119  1271 122  1171
 125  1171 129  1071 133  1071 135  1171 137  1171 138  1271 137  1271 134  1371
 129  1271 124  1171 121  1071 120  1071 122  1171 123  1171 123  1371 122  1471
 121  1671 115  1551 113  1551 109  1611 104  1651  99  1651  95  1611  94  1551
  96  1551 101  1411 108  1451 116  1351 123  1311 127  1351 128  1451 126  1411
 120  1351 114  1351 110  1211 110  1351 113  1451 113  1561 113  1661
130  82   001  73   001  55   001  63   001  58   001  58   001  57   871
  56   771  56   971  56  1071  57  1171  57  1171  56  1371  55  1371  55  1271
  57  1371  64  1271  74  1271  87  1171  98  1171 104  1171 106  1071 105  1071
 102  1071  98  1071  97  1071  96  1071  98  1271  98  1371  97  1371  93  1271
  93  1271  94  1371  97  1371 100  1471 102  1471 103  1471 105  1471 108  1471
 112  1471 116  1471 122  1371 127  1371 132  1271 135  1271 137  1371 137  1371
 136  1271 134  1371 130  1171 126  1371 122  1471 119  1571 117  1571 116  1571
 115  1571 112  1451 108  1551 103  1511  98  1651  92  1651  88  1711  85  1751
  84  1651  88  1611  96  1551 107  1551 116  1411 122  1451 124  1451 122  1411
 117  1451 110  1451 105  1411 103  1551 103  1751 104  1861 104  1861
145  71   001  64   001  62   001  54   001  50   001  48   001  51   671
  51   871  48  1071  46  1071  45  1171  45  1171  45  1171  46  1171  47  1271
  50  1271  54  1371  62  1471  71  1471  76  1571  77  1571  75  1471  71  1471
  65  1371  62  1271  57  1271  56  1271  53  1271  51  1271  50  1371  51  1371
  52  1471  52  1471  55  1571  58  1571  62  1471  67  1471  70  1371  72  1471
  75  1571  80  1671  88  1671  97  1571 106  1571 111  1571 113  1451 112  1411
 110  1451 108  1551 105  1511 102  1551 100  1551  98  1511  97  1551  96  1551
  94  1511  87  1351  85  1351  82  1311  79  1351  78  1351  77  1311  78  1451
  82  1651  88  1711  96  1751 104  1851 111  1811 114  1751 113  1751 109  1611
 102  1651  93  1551  86  1511  82  1551  80  1551  77  1561  76  1561
149  55   001  49   001  41   001  44   001  48   001  45   001  51   571
  53   971  51  1271  48  1271  44  1371  42  1371  41  1371  41  1371  44  1371
  50  1371  58  1271  66  1371  74  1471  78  1571  79  1571  77  1471  74  1471
  70  1371  67  1371  64  1271  62  1271  58  1371  55  1371  53  1471  51  1571
  52  1671  54  1671  57  1671  59  1671  62  1671  64  1571  67  1571  70  1671
  75  1671  83  1671  93  1771 102  1671 110  1671 114  1671 115  1551 114  1511
 112  1551 110  1451 108  1411 105  1451 102  1551 100  1511  99  1651  97  1751
  96  1811  90  1551  88  1551  86  1511  83  1551  79  1651  78  1611  79  1751
  83  1751  90  1811  98  1851 107  1851 114  1811 118  1851 118  1751 114  1711
 106  1651  97  1651  89  1511  84  1651  81  1651  78  1761  77  1861
156  89   001  83   001  80   001  77   001  65   001  60   001  62   471
  64   671  64   871  63   971  61  1071  59  1171  58  1171  57  1171  58  1271
  62  1271  67  1371  75  1471  82  1371  85  1471  84  1371  80  1371  76  1271
  72  1171  72  1171  69  1171  68  1171  65  1271  63  1271  60  1271  60  1371
  62  1371  64  1371  68  1371  70  1371  73  1371  75  1471  78  1471  81  1571
  85  1671  92  1771  99  1671 107  1671 114  1671 118  1671 120  1471 120  1371
 120  1371 119  1271 118  1271 115  1271 113  1371 111  1371 109  1471 107  1571
 105  1671 101  1351 100  1351  98  1311  95  1451  92  1451  90  1511  91  1651
  94  1851  99  1911 106  1951 114  1951 120  1911 122  1851 121  1651 117  1511
 111  1551 105  1451  99  1411  95  1451  93  1551  92  1561  91  1561
168  85   001  49   001  44   001  36   001  29   001   3   001   7  1271
  12  1771  17  1871  20  1871  23  1771  26  1871  30  1971  29  1971  34  1771
  43  1671  54  1471  63  1671  68  1771  72  1871  75  1771  75  1571  71  1471
  62  1571  53  1771  46  1871  41  2071  39  2171  39  2371  40  2371  40  2571
  40  2671  41  2571  42  2471  42  2371  40  2271  40  2271  42  2171  47  1971
  56  1871  68  1671  82  1671  98  1771 108  1771 112  1671 111  1571 108  1471
 104  1671  99  1871  93  1971  89  2171  86  2371  84  2471  84  2671  85  2771
  85  2971  83  2551  78  2451  74  2311  71  2351  70  2451  71  2411  73  2251
  78  1951  85  1711  95  1851 105  1851 113  1911 117  1751 117  1651 111  1411
 100  1651  88  1951  77  2111  70  2251  67  2451  65  2561  64  2761
180  86   001  72   001  43   001  23   001  18   001  15   001  22   671
  29  1071  36  1371  41  1571  45  1671  48  1471  51  1471  49  1171  49  1371
  50  1571  54  1871  60  2071  68  2271  74  2671  76  2471  76  2471  71  2271
  64  2071  56  1971  49  1771  47  1971  48  1971  50  2071  52  1971  52  2071
  52  2071  51  2071  48  2171  46  2171  44  1971  43  1671  44  1471  47  1571
  54  1671  62  1771  74  2071  85  2371  94  2671 101  2571 103  2371 102  2271
 100  2071  97  1971  94  1771  92  1771  91  1871  91  1971  92  2071  92  2271
  92  2371  86  2251  83  2251  80  2311  78  2151  77  1951  76  1711  74  1851
  74  1851  77  1911  85  2351  95  2651 104  3011 109  2851 109  2751 104  2511
  95  2451  83  2251  72  2111  64  2151  59  2251  54  2261  51  2361
190  82   001  83   001  80   001  78   001  75   001  76   001  72   671
  67  1071  63  1471  59  1571  55  1771  52  1771  50  1871  49  1771  50  1871
  54  1871  60  1871  69  2271  76  2771  83  2971  85  3071  84  3071  79  2971
  72  2471  62  2071  55  1771  50  1871  47  1771  45  1871  44  1871  44  1971
  44  1971  46  2071  48  2071  48  2171  48  2171  48  2071  49  2071  52  1971
  58  1971  68  1971  82  2071  97  2171 108  2471 113  2471 113  2471 110  2471
 106  2171 101  1971  97  1671  93  1771  89  1871  87  1971  86  1971  86  2171
  86  2171  72  2151  70  2251  68  2311  65  2351  61  2251  60  2211  62  2151
  66  2151  73  2011  82  2351  91  2551  99  2811 103  2751 104  2751 100  2611
  92  2451  81  2251  71  2011  63  2051  57  2151  51  2161  47  2161
222  74   001  54   001  44   001  37   001  40   001  32   001  32   471
  32   671  32   871  31  1071  30  1071  29  1171  28  1171  27  1171  27  1071
  31   971  41   871  57   971  75  1071  93  1071 101  1171 103  1271  99  1371
  92  1171  86  1071  84  1071  86  1071  89  1071  94  1071  98  1171  99  1171
 100  1271  99  1371 100  1371 101  1471 101  1471 102  1471 101  1471 103  1371
 106  1171 112  1071 120  1071 129  1071 135  1071 138  1171 137  1271 134  1471
 130  1371 125  1171 122  1071 119  1071 117  1071 114  1071 110  1271 106  1371
 103  1571  98  1551  95  1651  91  1611  86  1651  82  1551  80  1511  81  1451
  85  1451  92  1311 102  1251 113  1251 121  1111 125  1351 126  1451 123  1611
 118  1551 113  1451 109  1311 107  1351 106  1351 106  1361 105  1461
240  80   001  57   001  44   001  39   001  30   001  29   001  29   671
  29   871  29  1071  28  1271  28  1371  28  1471  30  1471  31  1471  34  1471
  38  1571  45  1571  55  1471  65  1471  75  1471  82  1371  84  1371  83  1271
  78  1171  70  1171  65  1271  61  1271  61  1171  63  1171  65  1271  66  1271
  66  1371  66  1471  65  1571  66  1671  69  1671  72  1771  76  1771  79  1771
  82  1971  88  1971  97  1871 107  1771 117  1671 121  1571 121  1471 119  1371
 116  1371 111  1271 107  1371 103  1371 100  1371  99  1371  97  1471  95  1371
  92  1471  88  1551  83  1651  78  1711  75  1751  73  1851  73  1811  75  1851
  79  1851  87  1811  98  1751 109  1651 119  1511 124  1551 125  1551 121  1511
 113  1551 104  1551  96  1511  91  1551  88  1451  86  1461  85  1561
255  93   001  70   001  65   001  55   001  31   001  32   001  40   871
  43  1271  42  1471  40  1471  36  1571  31  1771  27  1771  23  1871  24  1871
  29  1871  36  1771  47  1771  58  1571  68  1571  76  1471  81  1471  80  1271
  73  1371  63  1471  54  1571  49  1671  46  1671  45  1871  43  1871  43  1771
  44  1771  45  1771  46  1671  45  1671  43  1771  40  1771  40  1871  44  1971
  52  2071  63  2171  77  1971  91  1771 103  1671 111  1571 114  1371 112  1271
 107  1371  99  1671  92  1771  86  1871  83  1871  79  1971  76  1971  73  2071
  70  2071  70  1751  68  1751  65  1611  60  1751  54  1951  52  2011  55  2051
  62  2051  73  2011  87  1951 101  1751 114  1611 122  1551 125  1451 122  1311
 112  1551 100  1751  88  1911  80  2051  76  2051  71  2161  68  2161
260  85   001  83   001  51   001  50   001  49   001  42   001  42  1271
  43  2171  42  2671  40  2771  36  2871  32  2571  28  2471  26  2171  28  2071
  32  1971  40  1771  49  1771  60  1671  70  1671  77  1671  80  1571  78  1571
  72  1871  60  2171  46  2471  36  2571  28  2871  25  3071  27  3171  32  3171
  37  3271  39  3271  37  3171  35  3171  32  2971  31  2671  33  2471  39  2371
  50  2371  63  2271  77  2071  93  1971 105  1771 111  1771 114  1671 111  1671
 105  1971  96  2371  87  2771  78  2871  70  2971  66  3071  66  3271  69  3471
  71  3671  60  3151  60  3151  58  3111  53  2951  49  2751  47  2511  50  2351
  58  2251  70  2011  84  2051  98  1951 110  1911 118  1851 121  1851 117  1711
 107  2151  92  2451  79  2811  69  2951  64  2951  60  3061  58  3161
280  79   001  80   001  75   001  74   001  72   001  73   001  67   871
  61  1271  55  1371  50  1571  46  1671  42  1771  39  1871  39  1971  42  2071
  47  1971  50  2071  54  2171  57  2171  57  2371  59  2471  60  2471  58  2571
  54  2371  51  1971  47  1771  44  1871  45  2071  46  2171  45  2171  42  2171
  41  2171  38  2171  35  2171  35  2171  36  2171  38  2171  42  2171  47  2071
  54  1971  63  1971  76  2071  90  2171 100  2371 106  2171 108  2151 105  2111
  98  2051  89  1951  81  1711  76  1951  72  1951  69  2011  65  2251  61  2351
  58  2411  48  2251  46  2251  44  2211  42  2251  39  2251  38  2211  38  2251
  42  2351  50  2311  64  2551  79  2751  92  2911  99  2851 100  2851  95  2711
  86  2551  74  2451  64  2211  57  2351  53  2351  49  2461  47  2561
299  61   001  58   001  46   001  54   001  58   001  58   001  54  1471
  51  1771  47  1971  44  2171  41  2271  38  2171  36  2071  36  1971  36  1871
  39  1671  47  1471  58  1571  72  1571  82  1771  85  1871  82  1971  76  2171
  66  2271  55  2171  46  2071  39  2271  37  2271  34  2371  34  2471  35  2371
  37  2371  37  2471  37  2571  37  2671  37  2571  39  2471  43  2371  50  2171
  61  1971  75  1771  92  1671 108  1671 119  1671 123  1671 121  1771 114  1771
 104  1771  93  1671  81  1671  71  1771  63  1971  59  2071  59  2071  60  2171
  63  2171  51  2451  50  2551  48  2611  45  2551  44  2551  45  2411  50  2251
  59  1951  71  1711  84  1751  96  1851 105  1811 110  1851 109  1951 102  1911
  90  1951  74  1851  59  1811  47  2051  38  2151  31  2361  27  2361
434  79   001  78   001  76   001  78   001  76   001  77   001  69   671
  61   871  54  1071  48  1271  43  1271  39  1371  35  1371  34  1371  36  1471
  40  1371  47  1371  57  1371  69  1371  81  1371  92  1471 100  1371 100  1371
  91  1171  78  1071  66   871  60  1071  59   971  60  1071  59  1171  58  1271
  57  1371  57  1371  57  1471  57  1471  57  1471  57  1371  57  1371  58  1471
  62  1471  70  1571  81  1671  95  1771 106  1671 113  1771 115  1671 113  1671
 108  1471 101  1371  94  1271  89  1271  85  1271  82  1271  79  1371  77  1371
  75  1471  76  1551  75  1551  73  1611  70  1651  68  1651  68  1611  71  1551
  76  1551  85  1411  96  1451 108  1551 118  1511 124  1551 124  1551 121  1511
 114  1451 105  1251  97  1111  93  1151  91  1151  87  1161  85  1261
460  74   001  76   001  76   001  72   001  68   001  54   001  59   871
  59  1271  60  1671  58  1971  54  1971  52  2171  49  2371  47  2571  46  2371
  48  2071  54  1871  64  1771  78  1671  91  1571 102  1671 108  1471 106  1471
  96  1671  81  1771  69  1971  61  2071  58  2171  58  2271  60  2271  63  2271
  66  2271  68  2271  68  2371  66  2371  63  2571  60  2671  60  2871  66  2571
  76  2371  89  2071 104  1971 116  1871 128  1671 135  1671 137  1671 133  1671
 122  1871 108  1971  95  2071  87  2171  82  2371  79  2471  76  2471  74  2571
  72  2571  69  2451  67  2451  62  2511  55  2751  48  2951  47  3111  54  2851
  66  2451  81  2111  96  2051 109  1851 120  1711 129  1751 133  1851 130  1811
 120  1951 106  2151  94  2211  88  2351  87  2551  83  2661  80  2661
481  79   001  78   001  76   001  75   001  72   001  66   001  57   671
  52  1071  51  1271  49  1271  48  1371  46  1471  43  1571  40  1671  39  1771
  39  1671  44  1671  52  1871  62  1871  72  2071  79  1971  83  1671  83  1571
  80  1471  75  1371  71  1371  66  1471  64  1571  62  1571  62  1571  62  1571
  64  1471  67  1471  70  1571  72  1571  72  1671  72  1671  73  1771  77  1671
  84  1771  94  1771 104  1771 114  1871 122  1871 128  1771 130  1871 127  1771
 120  1771 109  1571 100  1471  93  1471  89  1571  84  1571  77  1571  72  1571
  68  1571  67  1651  65  1751  63  1711  58  1751  53  1751  51  1711  53  1851
  60  1951  70  2011  82  2151  94  2351 105  2411 113  2351 116  2151 115  2011
 108  1951  98  1751  89  1611  83  1751  78  1751  73  1861  68  1861
497  63   001  57   001  52   001  50   001  45   001  50   001  41  1371
  34  1971  30  2571  28  2771  26  2871  24  2871  22  2971  20  2971  15  2871
  11  2571  18  2371  36  2471  59  2571  75  2571  75  2571  63  2471  47  2271
  31  2271  19  2471  11  2671   6  2871   2  3071   2  3271   2  3271   2  3171
   1  3071   3  3071   3  2971   3  2971   1  2971   2  2871   0  2871   1  2971
   6  2871  20  2971  46  2771  72  2571  91  2371  92  2151  80  2151  63  2011
  47  2151  35  2251  27  2411  23  2651  22  2751  21  2911  18  2951  14  2951
  11  2911  13  2851  12  2751  10  2611   7  2751   5  2751   4  2811   6  2851
  14  2751  30  2711  55  2551  80  2351  97  2111  98  2151  86  2051  69  2011
  52  2151  38  2251  29  2311  25  2451  25  2551  24  2661  24  2661
510  94   001  85   001  75   001  60   001  48   001  41   001  46  1071
  49  1371  49  1471  48  1571  47  1571  46  1671  45  1771  44  1771  46  1671
  51  1571  59  1571  68  1671  80  1771  92  1971 103  1871 111  1871 110  1771
 103  1671  91  1571  81  1471  76  1571  78  1671  77  1771  74  1771  71  1771
  68  1771  68  1771  69  1771  69  1771  69  1871  66  1871  65  1971  68  2071
  74  1971  85  1971 101  2071 117  2271 131  2271 141  2171 144  1971 140  1871
 129  1771 116  1571 103  1471  97  1671  94  1571  93  1671  90  1771  87  1871
  85  1971  84  1951  84  1951  84  1911  83  2051  82  2051  83  2111  86  2151
  91  2051 100  2011 112  2151 126  2251 138  2311 146  2251 149  2151 146  2011
 137  1951 124  1851 113  1711 106  1851 103  1851  99  1961  96  2061
579 111   001 107   001 101   001 100   001  98   001 113   001 109   771
 103  1171  97  1571  92  1971  86  2271  80  2271  76  2471  76  2471  80  2371
  87  2271  97  2071 108  1871 120  1771 128  1571 132  1471 133  1471 128  1271
 121  1371 111  1571 104  1671 102  1771 103  1771 105  1771 105  1771 104  1771
 102  1771  99  1871  95  2071  93  2171  91  2271  91  2271  95  2371 103  2271
 113  2171 122  2071 131  1871 136  1671 140  1471 141  1571 139  1471 134  1571
 126  1571 116  1571 108  1571 102  1771  99  1871  96  1971  92  1971  87  1871
  83  1871  90  1951  87  2151  83  2211  78  2351  75  2351  76  2411  84  2351
  96  2251 110  2111 123  1951 134  1751 142  1511 146  1551 146  1551 141  1511
 132  1651 121  1651 112  1711 107  1851 104  1851 101  1961  99  1861
588  75   001  67   001  65   001  59   001  53   001  53   001  56   971
  59  1771  61  1971  63  2071  63  2171  62  1971  61  1971  57  1771  56  1871
  57  1971  63  1971  72  1971  83  1871  92  1871  97  1771 100  1771  97  1571
  87  1871  78  2071  69  2371  67  2371  66  2371  67  2471  68  2371  68  2471
  67  2471  68  2471  71  2571  71  2571  69  2371  65  2271  63  2071  63  2171
  67  2271  74  2371  85  2271  98  2171 109  2071 117  2071 118  1971 113  1971
 101  2071  84  2271  71  2371  63  2371  60  2271  60  2271  59  2371  57  2371
  55  2471  69  2451  67  2551  63  2511  56  2351  50  2251  48  2011  53  2151
  63  2151  76  2211  91  2151 105  2151 116  2011 123  1951 124  1951 119  1811
 108  2051  94  2351  82  2511  76  2451  75  2451  72  2361  70  2461
621 126   001 118   001 120   001 116   001 114   001 112   001  93  1071
  79  1371  73  1671  71  1771  71  1771  69  1771  68  1871  69  1871  71  1771
  78  1871  89  1771 108  1971 130  2071 150  2271 165  2071 169  1671 159  1471
 135  1671 106  1971  82  2271  70  2171  67  2071  66  1971  62  1971  56  1871
  53  1871  53  1871  52  1871  53  1871  52  1871  50  1971  53  1971  62  1871
  78  1871  98  1871 121  2071 141  2171 158  2371 166  2171 163  1871 149  1671
 125  1971  97  2171  76  2471  68  2371  67  2371  68  2271  64  2271  58  2471
  52  2471  52  2151  51  2251  51  2211  50  2251  49  2351  52  2311  60  2251
  74  2051  92  1911 113  2151 133  2251 149  2411 158  2251 158  2051 147  1811
 125  2151 100  2351  79  2611  69  2551  67  2551  61  2461  57  2461
630 119   001 118   001 113   001 110   001 104   001 102   001  94  1171
  88  1071  84  1271  81  1571  79  1571  76  1571  74  1671  73  1671  72  1671
  75  1671  80  1571  89  1871 102  2171 116  2271 128  2271 136  2171 136  2171
 127  2071 114  1871 101  1771  93  1771  89  1871  87  1871  83  1771  81  1671
  79  1571  79  1571  80  1571  81  1571  81  1571  81  1471  81  1471  82  1671
  86  1871  94  1971 106  2271 122  2371 134  2571 142  2571 144  2371 140  2271
 130  2271 119  2171 108  1971 102  1971  99  2071  98  2071  98  1971  98  1971
  98  1871 101  1851 103  1851 104  1811 103  1851 101  1751 100  1711 102  1851
 107  1851 114  1911 122  2151 130  2451 137  2611 143  2551 146  2551 144  2411
 136  2251 126  2051 116  1811 110  1851 106  1951 103  1961 102  1961
643 118   001 115   001 112   001 101   001 100   001  99   001  94   871
  91  1371  89  1371  84  1571  80  1671  77  1771  76  1871  76  1871  78  1771
  85  1571  94  1571 108  1471 122  1271 134  1171 138  1171 137  1271 133  1271
 128  1271 123  1271 118  1271 114  1371 111  1371 109  1471 107  1571 105  1671
 105  1771 104  1771 103  1671 102  1671 101  1671 100  1671 102  1671 107  1571
 115  1371 122  1271 130  1271 137  1271 144  1271 146  1271 146  1471 143  1571
 136  1471 129  1471 122  1371 117  1471 113  1471 112  1571 110  1771 107  1971
 104  2071 105  2051 104  2051 102  2011 100  1951  98  1951  99  1811 104  1751
 113  1551 123  1411 133  1451 142  1351 149  1311 153  1451 153  1551 149  1611
 142  1551 134  1551 126  1411 120  1551 117  1551 113  1661 111  1761
645 117   001 114   001 104   001  98   001 103   001 111   001 109   571
 106   871 103  1271  99  1471  94  1771  90  1671  87  1771  88  1671  95  1771
 104  1671 116  1671 127  1671 136  1771 142  1771 144  1771 143  1771 137  1771
 128  1671 117  1571 111  1471 106  1671 103  1671 103  1671 104  1571 107  1571
 107  1471 106  1571 105  1671 103  1771 101  1771 101  1671 104  1671 112  1671
 121  1671 130  1671 138  1671 142  1771 144  1771 144  1771 142  1871 137  1971
 131  1771 124  1571 117  1471 110  1571 105  1571 100  1671  96  1771  93  1671
  91  1671  97  1951  97  2051  96  2211  94  2151  93  2151  96  2011 105  1951
 117  1751 130  1611 140  1651 146  1751 150  1711 151  1851 148  1951 143  2011
 135  1951 125  1751 117  1611 112  1751 110  1751 106  1861 103  1861
650 117   001 110   001 107   001 103   001  98   001  96   001  97   671
  99  1171 100  1371 102  1671 103  1871 104  1971 106  2071 106  2171 110  1971
 116  1771 122  1571 129  1571 134  1571 137  1571 138  1371 138  1171 135   971
 130   971 124   971 122  1071 123  1171 126  1171 128  1271 128  1371 125  1471
 123  1571 121  1671 119  1771 119  1871 119  1971 120  1971 123  2071 127  1871
 131  1671 137  1571 142  1571 146  1471 149  1471 149  1271 148  1271 144  1071
 137  1071 130  1071 123  1071 118  1171 113  1371 111  1471 107  1571 104  1771
 101  1871 112  1951 111  2051 109  2011 107  2151 107  2151 109  2211 116  2051
 125  1951 134  1711 141  1651 146  1651 149  1511 151  1451 151  1251 148  1111
 141  1151 132  1151 126  1111 125  1351 128  1451 126  1661 124  1761
675 107   001  95   001  88   001  87   001  80   001  75   001  78   971
  82  1571  85  1971  88  2371  89  2471  91  2571  93  2571  92  2671  95  2571
 100  2671 105  2571 109  2271 113  2071 117  1671 120  1471 123  1371 122  1171
 115  1271 106  1471 100  1571 100  1771 103  1871 106  2071 106  2171 104  2371
 102  2471 101  2571  98  2671  95  2771  89  2771  84  2771  81  2771  84  2771
  92  2671 101  2671 113  2371 124  2071 133  1771 137  1671 137  1671 132  1571
 123  1671 111  1671 102  1771  95  1971  91  2171  88  2371  84  2571  81  2671
  78  2871  94  2851  90  2851  86  2811  81  2951  77  2951  77  3011  82  2951
  90  2951 102  2811 115  2451 127  1951 137  1511 143  1551 144  1451 140  1411
 132  1551 123  1551 116  1611 113  1851 112  2151 109  2361 107  2561
690 123   001 120   001 115   001 112   001 110   001 109   001 105   571
 103   871 102   971 101  1071 101  1071 100  1071  99  1271  98  1271  98  1371
  99  1471 105  1571 114  1571 125  1471 135  1471 141  1271 144  1071 140  1071
 132  1071 120  1171 110  1371 109  1371 109  1371 110  1271 108  1271 105  1371
 101  1371  98  1271  97  1271  95  1171  93  1171  91  1171  90  1171  90  1371
  93  1471 100  1671 115  1571 130  1671 145  1671 151  1471 151  1271 145  1171
 134  1071 121  1171 112  1171 107  1171 106  1371 105  1371 102  1371  98  1371
  94  1371  93  1351  92  1351  92  1311  92  1251  91  1251  92  1111  94  1251
  98  1451 107  1511 120  1551 135  1451 147  1411 153  1251 154  1151 149   911
 140  1051 130  1051 122  1111 119  1251 118  1251 115  1361 113  1461
747 140   001 149   001 152   001 148   001 153   001 138   001 127  1171
 118  1571 112  1871 107  2071 102  2171  99  2071  96  1971  95  1871  98  1871
 105  1671 114  1571 124  1671 133  1771 139  1871 142  1671 141  1571 137  1471
 133  1471 126  1371 120  1371 113  1471 107  1671 102  1771  99  1971  99  2171
  98  2371  98  2371  98  2371  96  2371  93  2271  91  2171  92  2071  98  1871
 108  1871 117  1671 127  1871 135  2071 140  2271 145  2171 147  2151 146  1911
 141  1851 133  1651 126  1511 121  1651 117  1851 115  1911 113  2151 112  2451
 110  2611 110  2551 107  2551 104  2511 100  2551  97  2451  98  2411 105  2151
 116  1951 127  1611 137  1851 144  1951 150  2111 154  2151 155  2051 152  2011
 146  1951 137  1751 129  1611 123  1751 118  1951 115  2061 113  2361
NT  TEDF  78  35 1
20151204222015120417
20151204222015120418
20151204222015120419
20151204222015120420
20151204222015120421
20151204222015120422
20151204222015120423
20151204222015120500
20151204222015120501
20151204222015120502
20151204222015120503
20151204222015120504
20151204222015120505
20151204222015120506
20151204222015120507
20151204222015120508
20151204222015120509
20151204222015120510
20151204222015120511
20151204222015120512
20151204222015120513
20151204222015120514
20151204222015120515
20151204222015120516
20151204222015120517
20151204222015120518
20151204222015120519
20151204222015120520
20151204222015120521
20151204222015120522
20151204222015120523
20151204222015120600
20151204222015120601
20151204222015120602
20151204222015120603
20151204222015120604
20151204222015120605
20151204222015120606
20151204222015120607
20151204222015120608
20151204222015120609
20151204222015120610
20151204222015120611
20151204222015120612
20151204222015120613
20151204222015120614
20151204222015120615
20151204222015120616
20151204222015120617
20151204222015120618
20151204222015120619
20151204222015120620
20151204222015120621
20151204222015120622
20151204222015120623
20151204222015120700
20151204222015120701
20151204222015120702
20151204222015120703
20151204222015120704
20151204222015120705
20151204222015120706
20151204222015120707
20151204222015120708
20151204222015120709
20151204222015120710
20151204222015120711
20151204222015120712
20151204222015120713
20151204222015120714
20151204222015120715
20151204222015120716
20151204222015120717
20151204222015120718
20151204222015120719
20151204222015120720
20151204222015120721
20151204222015120722
002200130013001400120014001417142714271527142714271435143115351635173116351
53515311435153515311535153515311535153515311535153515311535163515311535143514311
53516351731173517351731173517351731173516351631163517351731173516351631163517351
73117351735173117351735163115351335123112351235123112351235123112351235123612361
005000100010001000100012001317142714271427142714271435143115351635163115351
43513311235123513311335143514311435153515311535153516311635153515311535153515311
53515351631173517351731173517351731173517351731173517351631163516351531163516351
63116351735173117351635153114351335123112351235123112351235123112351235123613361
015200100010001000100011001217131713271427142714371535153115351535153115351
43514311335123512311235133514311535153515311535153515311635163516311635153515311
63516351731173517351731173517351731173517351731163516351631163516351731173517351
73117351635163116351735163115351435123112351235123112351235123113351435153615361
027000100010001100110011001217131714271427142714271435143115351535163115351
43514311335133513311335143514311535163516311635163516311535153515311535153515311
53515351631163517351731173517351731173517351731173516351631163516351631163516351
63116351535153114351435143113351235123112351235133113351435153116351635163615361
070000100010001000100010001117111711271127122713271435143115351635153114351
33512311235123513311335143514311435153515311535143514311435153515311635163515311
53514351431153516351731173516351631153515351631163516351631163516351631163515351
53115351635163115351335123112351235123112351235123112351235123112351235133613361
110000120015001400150013001317131714271427142714271435143114351435143115351
53516311635163515311535153515311435123512311235133514311435143514311435143514311
53516351731173517351731173517351731173517351731173517351731173517351631163516351
63115351635163116351635173117351635163116351635163116351635173117351735173617361
120700150012001100140013001417141715271527152715271535143114351435153115351
53515311535153515311535143514311435133513311335133513311435143514311435143514311
43515351631163517351731173517351731173517351631163516351731173516351631153515351
43115351535153115351435133112351235123112351235133113351335143115351635163616361
130000100010001200120012001317132713271337133713371335143115351535153115351
43513311435153516311635163516311635173517311635153514311435133514311535163516311
63516351631163517351731173517351731173517351731173516351631163516351631153514351
43114351535163116351635153114351335123112351235133114351535163116351635173617361
145000100010001000100010001117112711271127112712271335143115351535153114351
33512311235133514311435143514311535163516311635163515311535153515311535153515311
63517351731173517351631163516351631163516351631163517351731173517351631163516351
63116351635163116351635153114351335133112351235123112351235123112351135123612361
149000100010001000100010001117112711271127112712271335143115351535153114351
33512311235133513311435143514311535163516311635163515311535153515311535153515311
63516351731173517351631163516351631163516351631163517351731173516351631163516351
63116351635163116351635153114351335123112351235123112351235123111351135123612361
156000100010001000100010001117112711271127112712271335143115351535153114351
33512311235133513311435143514311535163516311635163515311535153515311535153515311
63517351731173517351631163516351631163516351631163517351731173517351631163516351
63116351635163116351635153114351335123112351235123112351235123112351135123612361
168500120012001200100011001117111712271227122712271335143114351435143113351
23512311135113511311235133513311335133513311235123512311135123512311335143514311
43513351231123512351231133515351631163516351631153514351331123512351331133513351
33114351435143114351335123111351135123112351135113111351135113112351235123612361
180600140014001300130013001317141714171427132713271335133114351535163115351
43513311235123512311235123513311335143514311435153515311435143513311335123513311
33514351431143512351231133515351631153514351431143515351531153515351531153515351
53115351435133114351435143114351435133113351335133113351435143114351335133613361
190600170017001800170017001617151714271427132713271235123113351335133114351
33513311335123512311235123512311235133513311435143514311435133513311235123513311
33512351231123512351331133514351531153515351431143514351331133513351331123512351
23113351335133113351235133113351435143114351435143113351235123112351235123612361
222000100010001100100010001117112711271127112712271335133114351435143113351
33512311235123513311335143515311635153515311435143513311335133513311435153515311
63516351631163517351731173517351731173517351731163516351531153514351431143514351
43114351435143114351435143113351335133113351335133113351435143115351535153616361
240000100010001000100010001017112711271137113711371135123112351335133113351
23511311135113511311235123513311435153515311535143513311335143515311535143514311
53515351631163515351531153515351631153515351431143514351431153515351531153514351
33113351235123112351235113111351235123111351135113111351235123112351235123613361
255500110011001100100010001117111711271227122713271435143115351535153114351
33512311135113511311235123512311335133513311335133512311235123512311235123512311
23512351231123512351231123512351231133515351631153514351331123512351231123512351
23112351135113111351135113112351235123111351135113111351135123112351235123612361
260800130015001500150013001417141714271527152715271435143114351535153114351
23511311135113511311235123512311335143515311535153514311335123511311135123512311
23512351131123512351231123512351231133515351531153514351331123512351231123512351
23112351235113111351135113111351135113112351235123112351235123112351235123613361
280700170018001800180018001717162715271527152714271435143114351535153116351
63516311535143514311435143515311535153515311535153515311535153514311335133512311
23512351331143515351531153514351431143515351631163515351531143514351431143514351
53114351435143114351535153115351535143113351335133112351235123112351235133613361
299700160017001700170018001717161715171527152715271535163115351535143114351
43515311535153515311535143514311435143513311335133512311235123512311235123512311
23512351231123513351231123512351231123513351331133513351331123512351231123512351
23112351235123112351335143114351435143113351235123112351235123112351235123612361
434700180018001800180017001617152714271427132713271335133114351435133113351
23511311135113511311135113511311135113511311235123513311235123511311135113511311
13511351131113511351231123511351131113511351131113511351131113511351131113511351
13111351135113111351235123112351235123112351235123112351235123112351135123612361
460600170017001600160016001417131712171227122712271235123112351135113111351
13511311135113511311135113511311135113511311135113511311135113511311135113511311
13512351231123512351231123512351231123512351331123512351231123512351231123512351
23112351235123112351235123112351235123112351135123112351235133113351335133614361
481800180018001800170016001617152715271527152715271535143115351635163117351
73516311535143513311235133513311335133514311435143514311335133513311335143515311
63517351631163515351531143513351331133512351231123513351331123512351231123513351
33113351235123113351335143114351435133112351235123113351435153115351535153615361
497700170016001600180017001717172717271727172717271735173117351635153115351
43513311335133512311235123511311135113511311135113511311235123512311235123512311
23512351131113511351131113511351131113511351131113511351131113512351231113511351
13111351235123112351235123111351135113111351135123113351435153115351535153615361
510400120011001000120010001117112712271327132714271435143114351435133112351
23511311135113511311135113512311235123512311235123512311335133513311435143515311
53516351631153514351331123512351231123512351231123512351231123513351431143515351
53115351535153115351535153114351235113111351135113112351235123112351235123612361
579600180018001700160016001617161717271727162714271335123112351335143116351
73517311835183517311735163516311635163516311635173517311735173517311735173517311
73517351731173517351731173517351731163515351431153515351531153515351531163516351
63116351535143115351635173117351735163116351735173117351735173117351735163616361
588700170017001700170016001617162716271627172717271735173117351735173117351
73517311735173517311735163516311635173517311735163516311535153514311435143514311
43515351531153515351631163516351531143513351231123512351231123512351131113511351
13112351235133113351435143115351535163117351735163116351535143114351535153615361
621700150015001700170015001517141714271427132713271335133113351235123112351
23512311235113511311135113511311135113511311135123512311135113511311135113512311
23512351231123512351231123512351231123512351231113511351231123512351231123511351
13112351235133112351235113111351235123112351235113111351135113112351235123612361
630600150016001700170017001727162716271627152715271435143114351535153115351
43513311235123512311135113511311135113511311135113512311235133513311435143514311
33513351331123512351231123513351331133513351331123512351331133513351431143514351
43113351335133113351435143113351335123112351235123112351235123112351235123613361
643600170015001500170017001717171717271727162714271335123111351135123112351
13512311335143515311635163516311535153515311535163516311735173517311635163516311
63517351731173517351731173517351731173517351631163516351631153514351331133513351
43114351635163117351735173117351735173117351735173117351735173116351635163616361
645600170017001700150016001717171717271727172715271335123111351235133114351
53515311635163516311635163516311635163516311635163517311735173517311735163516311
63516351731173517351731173517351731173516351631163516351631163516351631163516351
63115351535143115351635173117351735173117351735173117351735173116351635163616361
650400150015001600170017001617161716171627162717271735173117351735173117351
73517311735173517311735173517311735173517311735173517311635163516311635163517311
73517351731173516351631163516351531153514351431153515351631173517351731173516351
63114351435133114351635173117351735173117351735173117351735173116351635163616361
675400140014001400140016001617162716271627162717271735173117351735173117351
73517311735173517311735173517311735173517311735173517311735173517311635153515311
53515351531153515351531163516351631163515351531153516351631163516351631163515351
53115351535163116351735173117351735173117351735173117351635163116351635163616361
690500170014001400150014001517152715271527152716371635173117351735173117351
73517311735173517311735163516311635163515311535143513311335133513311335133514311
43515351531163516351631163516351631153515351431143514351331133512351231133514351
53115351635163116351735173117351735173117351735173117351735173117351735163616361
747300140014001400140014001517161716171727172717271635153115351535153115351
53515311535153515311435143514311435143514311435143514311435143514311435153515311
53515351531153515351631163516351531153515351431143514351431143514351431143514351
43114351435143114351435153115351535153115351535153114351435133114351435143614361
