20150719121439
T2M TEDF  78  35 1
20150719122015071907
20150719122015071908
20150719122015071909
20150719122015071910
20150719122015071911
20150719122015071912
20150719122015071913
20150719122015071914
20150719122015071915
20150719122015071916
20150719122015071917
20150719122015071918
20150719122015071919
20150719122015071920
20150719122015071921
20150719122015071922
20150719122015071923
20150719122015072000
20150719122015072001
20150719122015072002
20150719122015072003
20150719122015072004
20150719122015072005
20150719122015072006
20150719122015072007
20150719122015072008
20150719122015072009
20150719122015072010
20150719122015072011
20150719122015072012
20150719122015072013
20150719122015072014
20150719122015072015
20150719122015072016
20150719122015072017
20150719122015072018
20150719122015072019
20150719122015072020
20150719122015072021
20150719122015072022
20150719122015072023
20150719122015072100
20150719122015072101
20150719122015072102
20150719122015072103
20150719122015072104
20150719122015072105
20150719122015072106
20150719122015072107
20150719122015072108
20150719122015072109
20150719122015072110
20150719122015072111
20150719122015072112
20150719122015072113
20150719122015072114
20150719122015072115
20150719122015072116
20150719122015072117
20150719122015072118
20150719122015072119
20150719122015072120
20150719122015072121
20150719122015072122
20150719122015072123
20150719122015072200
20150719122015072201
20150719122015072202
20150719122015072203
20150719122015072204
20150719122015072205
20150719122015072206
20150719122015072207
20150719122015072208
20150719122015072209
20150719122015072210
20150719122015072211
20150719122015072212
002 157   001 138   001 144   001 154   001 163   001 168   001 169   371
 173   771 175   971 177  1071 177   971 176   971 174  1171 169  1171 166  1171
 166  1271 166  1271 166  1371 167  1371 167  1271 167  1271 168  1171 170  1171
 174  1071 177  1171 182  1371 184  1471 186  1471 186  1471 186  1471 187  1571
 189  1571 192  1671 195  1571 197  1471 196  1371 193  1271 189  1171 186  1071
 185  1171 185  1171 184  1271 181  1271 177  1271 173  1271 170  1271 168  1171
 168  1171 170  1271 173  1371 176  1471 178  1571 179  1571 180  1671 181  1771
 182  1851 182  1811 181  1851 179  1651 176  1511 173  1451 169  1351 166  1211
 164  1351 162  1351 160  1411 158  1451 155  1551 154  1511 154  1451 155  1251
 157  1111 160  1251 164  1451 167  1511 169  1651 171  1851 172  1911
005 148   001 156   001 166   001 182   001 191   001 187   001 195   271
 201   571 203   671 201   971 197  1171 188  1171 178  1171 167  1071 159   971
 156  1071 157  1171 159  1271 161  1271 163  1371 164  1371 166  1271 169  1171
 175  1071 182  1271 191  1271 199  1371 206  1571 210  1671 215  1671 220  1671
 225  1571 228  1571 229  1571 227  1471 222  1371 213  1271 203  1171 195  1071
 190  1171 189  1171 188  1271 186  1371 183  1471 180  1571 177  1371 176  1171
 179   971 186  1171 195  1371 204  1571 209  1671 212  1671 214  1771 216  1771
 217  1771 217  1771 214  1571 208  1571 199  1471 187  1371 176  1171 166  1071
 160  1171 157  1371 155  1471 152  1571 149  1671 148  1771 149  1551 153  1351
 160  1111 169  1351 179  1451 188  1611 195  1851 200  2151 203  2311
015 161   001 168   001 178   001 179   001 193   001 199   001 209   571
 216   671 221   671 221   771 216  1171 207   971 194  1071 181  1171 170  1171
 162  1171 158  1171 156  1171 155  1171 155  1171 157  1171 160  1071 165  1071
 170   971 179  1071 186  1071 194  1171 202  1371 210  1471 217  1671 226  1571
 234  1471 240  1371 242  1271 240  1271 234  1171 225  1171 214  1071 206  1071
 200  1171 196  1171 195  1271 192  1271 189  1171 187  1171 187  1071 189   871
 193   771 200   971 209  1171 217  1371 222  1471 227  1671 229  1671 232  1671
 235  1771 237  1671 237  1571 234  1571 227  1471 215  1371 200  1371 187  1271
 177  1271 171  1471 167  1471 163  1471 159  1471 158  1471 160  1351 164  1151
 171  1011 180  1151 190  1351 199  1411 207  1751 213  1951 219  2211
027 156   001 179   001 191   001 203   001 211   001 212   001 218   671
 220   971 219  1271 215  1471 210  1371 203  1271 193  1271 183  1171 175  1071
 171  1171 171  1271 171  1271 172  1371 174  1371 176  1471 179  1271 183  1071
 187   871 192  1171 197  1471 202  1771 210  1671 218  1571 227  1571 235  1671
 241  1771 245  1871 245  1671 242  1571 234  1371 223  1371 211  1471 199  1371
 192  1371 187  1371 183  1371 178  1471 174  1571 171  1671 170  1471 172  1171
 177   971 184  1271 192  1571 201  1871 211  1771 220  1771 225  1671 226  1671
 224  1671 222  1771 221  1671 218  1471 212  1371 200  1371 185  1471 172  1471
 164  1471 159  1571 156  1571 153  1671 150  1871 149  1971 150  1751 153  1451
 160  1211 171  1451 183  1751 196  1911 206  1951 214  1951 219  1911
070 180   001 206   001 218   001 224   001 228   001 226   001 231   371
 236   671 238   971 237   971 233  1071 224  1171 211  1371 198  1471 184  1471
 178  1571 174  1671 170  1771 166  1971 162  2071 162  2171 167  1871 176  1571
 186  1271 198  1271 209  1271 221  1271 232  1271 244  1371 252  1371 255  1571
 257  1671 258  1771 260  1671 261  1571 255  1571 242  1471 224  1471 210  1571
 202  1771 199  1871 196  1971 191  2071 187  2271 185  2371 189  1971 197  1571
 209  1271 222  1271 236  1271 248  1371 256  1371 262  1371 268  1471 275  1571
 282  1671 287  1771 289  1771 285  1771 275  1671 257  1671 235  1571 216  1571
 202  1771 193  1971 185  2171 177  2271 170  2471 168  2671 172  2251 181  1851
 193  1411 207  1451 221  1351 233  1311 242  1551 249  1651 255  1711
110 160   001 165   001 176   001 182   001 189   001 184   001 187   471
 186   771 182   871 180   871 179  1071 179  1171 179   971 178   871 177   671
 174   771 171   871 170   971 169  1071 169  1071 169  1171 169  1071 170   971
 173   871 180   971 189   971 198  1071 203  1171 205  1271 206  1271 206  1371
 205  1471 203  1571 200  1471 196  1471 192  1371 187  1271 182  1071 176   971
 171  1071 166  1071 161  1171 157  1271 155  1471 155  1571 157  1371 160  1171
 165   971 172   971 179   971 187   971 193  1071 199  1071 201  1171 201  1171
 200  1171 197  1371 194  1371 191  1371 187  1371 180  1271 171  1071 164   971
 158  1071 155  1171 152  1271 151  1371 150  1471 150  1571 150  1471 151  1351
 155  1211 163  1251 173  1251 183  1211 191  1351 197  1551 200  1611
120 151   001 173   001 193   001 212   001 218   001 224   001 219   571
 215   971 212  1071 207  1371 201  1471 194  1671 188  1571 183  1371 180  1271
 179  1271 178  1171 178  1171 177  1171 176  1171 175  1171 174  1171 175  1171
 178  1171 184  1271 191  1271 203  1371 213  1471 223  1571 230  1571 233  1571
 234  1671 233  1671 231  1671 228  1771 221  1871 210  1671 199  1571 189  1371
 182  1371 178  1371 175  1371 172  1371 168  1371 165  1371 163  1271 164  1271
 168  1171 175  1171 185  1271 193  1271 200  1371 205  1471 209  1571 212  1671
 213  1651 213  1711 211  1851 208  2051 200  2111 189  1951 176  1651 164  1411
 156  1451 151  1451 149  1411 148  1451 147  1551 147  1511 148  1451 150  1351
 155  1211 164  1351 176  1451 188  1511 199  1651 207  1851 212  1911
130 181   001 202   001 213   001 219   001 236   001 243   001 235   371
 231   671 229  1171 224  1371 217  1471 208  1471 200  1271 193  1171 188   971
 185  1071 183  1271 182  1371 181  1371 182  1371 182  1371 182  1271 183  1171
 187  1071 193  1171 202  1471 213  1571 223  1571 233  1571 242  1571 249  1771
 255  2071 257  2271 255  2071 248  1971 239  1771 228  1571 216  1371 205  1171
 196  1271 190  1371 185  1471 182  1571 181  1771 179  1871 178  1671 180  1471
 186  1271 195  1371 208  1571 217  1671 223  1671 227  1571 231  1571 239  1771
 247  1971 252  2171 252  2171 245  1971 234  1871 218  1771 201  1471 185  1371
 173  1471 163  1671 157  1771 152  1871 148  1971 146  2071 145  1871 147  1551
 155  1311 169  1451 187  1651 204  1711 217  1751 227  1851 235  1811
145 179   001 190   001 200   001 213   001 215   001 204   001 214   571
 222   571 228   871 231  1171 231  1471 227  1571 221  1471 208  1271 198  1171
 190  1171 185  1171 181  1171 177  1171 175  1171 175  1171 177  1171 181  1271
 187  1271 194  1371 203  1471 214  1471 223  1571 234  1471 243  1471 252  1471
 260  1371 267  1371 272  1471 273  1671 269  1771 259  1771 245  1571 231  1471
 218  1371 207  1371 198  1271 192  1271 187  1171 184  1171 184  1171 187  1271
 193  1271 203  1271 215  1371 227  1371 236  1471 244  1471 252  1571 260  1771
 268  1871 274  2071 276  2071 274  2171 266  2171 253  1971 236  1771 221  1571
 208  1471 197  1371 187  1271 178  1271 170  1371 166  1371 167  1351 172  1351
 181  1311 192  1351 203  1451 214  1411 224  1551 232  1751 240  1811
149 187   001 200   001 223   001 234   001 228   001 221   001 232   371
 242   571 248   771 252   971 251  1171 247  1271 238  1251 224  1251 211  1211
 202  1151 197  1151 193  1111 188  1151 184  1251 182  1211 183  1151 188  1071
 195   971 205  1171 215  1271 226  1371 238  1371 249  1271 258  1271 265  1371
 270  1371 274  1471 278  1471 280  1471 277  1471 264  1371 249  1371 234  1371
 224  1371 216  1371 210  1371 202  1371 194  1471 190  1471 190  1271 195  1171
 203   971 214  1171 226  1271 238  1471 249  1371 259  1371 267  1271 274  1471
 280  1771 285  1971 288  1871 287  1871 280  1771 267  1671 250  1571 234  1471
 221  1471 211  1471 202  1471 193  1571 183  1571 177  1671 177  1471 181  1251
 190  1011 202  1151 215  1351 228  1411 240  1551 249  1551 257  1611
156 192   001 204   001 216   001 226   001 227   001 239   001 246   371
 251   471 255   871 255   971 252  1171 246  1271 236  1271 224  1271 213  1171
 207  1071 203  1071 201   971 199   971 197   871 196   871 196   871 198   871
 202   871 208  1071 217  1371 227  1571 238  1471 249  1371 256  1271 263  1371
 267  1371 271  1471 276  1471 280  1571 277  1571 268  1571 254  1471 242  1371
 234  1271 227  1171 223  1071 217  1071 212   971 207   971 205   971 206   871
 211   871 219  1071 229  1271 240  1471 251  1471 261  1371 269  1471 276  1671
 281  1771 285  1971 288  1971 287  1971 281  1971 270  1771 254  1671 238  1471
 226  1371 217  1171 210  1071 204  1071 199   971 194   971 191   971 191  1051
 196  1011 206  1251 219  1351 232  1511 242  1651 249  1651 255  1711
168 242   001 243   001 220   001 243   001 255   001 269   001 267   171
 266   671 266   871 265  1071 261  1171 252  1271 237  1671 219  1671 203  1871
 195  1871 191  1771 187  1771 180  1771 173  1871 171  1871 177  1571 189  1371
 202  1071 215  1071 228  1071 240  1071 252  1171 262  1271 269  1371 275  1471
 277  1471 280  1571 282  1571 280  1571 271  1571 252  1671 229  1871 210  1871
 200  1971 196  1971 191  2071 184  2071 175  2171 172  2171 178  1871 192  1471
 209  1171 229  1171 248  1271 264  1271 278  1271 288  1271 295  1271 301  1371
 306  1371 311  1471 315  1571 314  1671 302  1771 278  1871 248  1871 222  1971
 206  2071 198  2171 192  2271 181  2271 171  2371 167  2371 173  1951 185  1651
 201  1211 216  1251 229  1351 242  1311 253  1451 263  1551 271  1611
180 232   001 256   001 257   001 257   001 273   001 290   001 285   371
 278   471 273   871 268  1171 262  1471 252  1571 240  1671 227  1571 216  1571
 208  1471 204  1471 199  1471 193  1471 186  1571 184  1571 188  1371 196  1271
 205  1071 216  1171 226  1371 237  1471 249  1371 261  1371 269  1271 274  1471
 277  1571 279  1771 280  1671 279  1671 273  1671 262  1571 245  1571 232  1371
 221  1371 214  1471 209  1471 201  1571 194  1571 192  1671 197  1471 207  1271
 220  1071 235  1271 250  1571 264  1771 278  1571 291  1471 301  1371 310  1471
 316  1571 320  1671 321  1671 317  1671 306  1771 288  1671 266  1771 247  1671
 233  1771 224  1771 215  1771 204  1871 195  1971 191  2071 196  1851 208  1751
 222  1511 236  1751 249  2051 262  2211 274  2151 284  2051 292  1911
190 226   001 214   001 232   001 264   001 266   001 293   001 294   471
 293   671 290   871 282  1471 269  1671 255  1871 240  1771 228  1671 218  1571
 208  1571 200  1571 195  1571 188  1471 185  1471 186  1371 192  1271 202  1271
 213  1171 226  1271 238  1371 248  1471 256  1571 264  1671 271  1671 280  1771
 289  1771 295  1671 298  1671 295  1871 286  1971 269  1871 249  1571 232  1471
 221  1571 212  1671 207  1771 202  1671 197  1571 196  1471 201  1371 212  1371
 228  1271 246  1371 266  1371 282  1471 295  1471 304  1471 312  1571 321  1571
 329  1671 334  1671 335  1671 330  1771 317  1671 296  1571 272  1571 249  1371
 234  1471 224  1571 215  1671 206  1671 198  1671 196  1671 202  1551 215  1551
 231  1411 249  1451 267  1551 282  1511 294  1851 304  2051 312  2311
222 212   001 220   001 224   001 225   001 232   001 243   001 242   371
 239   871 234  1071 227  1271 219  1371 210  1271 201  1271 194  1171 187  1171
 182  1271 180  1271 178  1371 178  1371 179  1371 181  1371 183  1271 187  1071
 192   971 200  1171 208  1471 218  1671 228  1671 234  1871 241  1871 246  1871
 250  1871 250  1871 247  1571 241  1471 231  1371 220  1271 205  1171 195  1071
 186  1171 182  1371 179  1471 178  1571 176  1571 176  1671 177  1471 181  1171
 188   971 199  1271 211  1371 225  1671 235  1671 243  1771 249  1771 252  1771
 253  1771 251  1771 246  1771 237  1671 225  1571 208  1471 191  1271 177  1171
 169  1271 164  1371 161  1471 157  1571 152  1671 149  1771 148  1571 152  1351
 161  1111 176  1451 195  1651 213  1911 227  1951 237  2051 245  2011
240 193   001 204   001 215   001 219   001 242   001 234   001 240   371
 244   671 246   871 245   971 242  1271 238  1271 231  1271 223  1171 211  1171
 203  1171 196  1071 190  1071 184  1071 181  1071 179  1071 180   971 183   871
 190   771 198   971 208  1371 220  1571 231  1471 241  1571 251  1571 259  1571
 265  1671 270  1671 273  1571 273  1471 267  1571 255  1371 241  1271 225  1071
 213  1071 205  1171 197  1171 189  1271 182  1271 178  1371 177  1271 181  1071
 190   971 203  1171 221  1571 236  1771 248  1871 258  1871 266  1971 273  1971
 279  1971 284  1871 286  1771 283  1671 275  1671 260  1571 243  1471 225  1371
 211  1371 201  1371 192  1371 183  1471 175  1471 169  1571 167  1471 169  1251
 177  1111 191  1351 208  1651 225  1811 239  1951 251  1951 260  2011
255 208   001 214   001 227   001 232   001 236   001 239   001 248   371
 255   671 258  1171 259  1271 256  1371 252  1471 245  1371 236  1271 226  1171
 218  1071 210  1171 201  1171 192  1171 185  1071 181  1071 182  1071 187  1071
 195  1071 204  1171 216  1271 225  1371 235  1371 245  1371 252  1371 259  1471
 265  1771 270  1871 274  1871 274  1671 269  1671 259  1471 246  1371 232  1271
 223  1171 215  1271 207  1271 197  1371 187  1371 180  1471 180  1371 186  1271
 197  1171 213  1371 229  1571 245  1671 259  1671 271  1471 282  1471 291  1671
 297  1771 301  1971 302  1771 299  1571 291  1371 279  1271 265  1171 249  1071
 237  1171 225  1371 214  1471 203  1571 195  1571 189  1671 188  1571 192  1451
 199  1311 209  1551 221  1751 233  1911 243  1951 252  1851 259  1811
260 211   001 225   001 226   001 236   001 254   001 260   001 267   471
 272   671 275  1071 275  1171 271  1171 263  1071 248  1471 230  1771 213  2071
 200  1971 191  2071 183  1971 175  1971 169  1971 168  1971 174  1671 186  1371
 199  1071 211  1071 224  1171 235  1271 245  1271 253  1571 260  1671 267  1771
 272  1671 275  1771 278  1671 276  1371 269  1271 253  1671 235  1871 216  2271
 201  2171 192  2171 182  2171 172  2271 165  2371 163  2471 170  2071 183  1571
 201  1171 219  1371 238  1371 255  1571 269  1671 280  1671 290  1671 297  1671
 303  1671 308  1671 311  1471 309  1371 299  1171 280  1571 258  1771 236  2071
 220  2071 210  2171 199  2171 187  2371 178  2571 173  2771 177  2251 187  1851
 201  1311 217  1451 232  1451 245  1511 255  1751 262  1851 268  2011
280 226   001 244   001 253   001 285   001 265   001 287   001 285   371
 283   571 284   871 283   771 281   971 274   971 261  1071 248  1371 238  1471
 229  1471 220  1371 212  1371 203  1471 196  1471 194  1571 197  1371 205  1271
 215  1071 225  1271 236  1271 247  1371 257  1371 267  1471 277  1471 286  1571
 292  1571 296  1671 295  1471 290  1271 280  1171 267  1271 250  1371 239  1371
 229  1371 221  1471 213  1471 204  1571 196  1571 193  1671 196  1471 206  1271
 220  1071 236  1271 253  1371 270  1571 285  1571 299  1371 311  1371 321  1371
 328  1471 332  1471 332  1371 327  1271 315  1171 297  1271 277  1371 258  1571
 246  1571 238  1671 230  1671 220  1771 211  1771 207  1871 210  1671 219  1551
 231  1311 243  1451 256  1651 267  1711 277  1751 286  1751 293  1711
299 222   001 229   001 237   001 249   001 260   001 274   001 286   371
 290   571 289   871 285  1671 277  1671 266  1571 251  1571 233  1671 219  1771
 210  1771 204  1571 197  1571 190  1571 184  1671 183  1671 190  1471 202  1271
 216  1071 228  1371 240  1571 251  1771 264  1671 275  1471 285  1471 291  1571
 294  1571 296  1771 297  1771 294  1571 284  1571 268  1671 245  1671 226  1871
 213  1771 207  1671 202  1571 194  1571 187  1671 185  1671 191  1471 203  1171
 220   971 239  1271 260  1471 278  1771 293  1471 303  1371 312  1171 320  1271
 326  1471 329  1571 328  1451 322  1451 308  1311 287  1451 262  1451 241  1511
 228  1551 220  1551 213  1511 205  1651 198  1851 196  1911 202  1751 214  1451
 230  1211 248  1451 266  1651 282  1811 294  1751 302  1651 307  1511
434 181   001 195   001 211   001 218   001 228   001 244   001 248   171
 250   571 252   771 253   971 251   971 245   871 235  1071 222  1071 210  1271
 201  1171 194  1171 188  1171 182  1171 178  1171 175  1171 175  1171 180  1071
 188  1071 199  1371 211  1471 225  1671 236  1671 246  1671 253  1671 258  1571
 261  1371 263  1271 265  1271 265  1271 260  1271 248  1371 233  1371 219  1271
 208  1271 201  1271 195  1271 188  1271 182  1271 179  1271 178  1271 181  1171
 190  1171 204  1471 222  1671 241  1971 256  2071 267  2071 276  2071 282  1971
 285  1971 286  1771 285  1671 280  1571 271  1571 256  1571 241  1671 227  1571
 217  1571 210  1471 204  1471 197  1471 191  1571 188  1571 188  1471 191  1451
 196  1311 203  1551 211  1851 220  2011 230  2051 240  1951 248  1911
460 221   001 250   001 258   001 262   001 272   001 293   001 293   471
 291   971 287  1471 282  1271 274  1371 263  1571 250  1671 235  1671 224  1571
 216  1571 212  1671 207  1671 199  1671 190  1671 186  1671 188  1471 198  1271
 210  1071 224  1271 239  1471 255  1671 269  1671 281  1571 288  1571 291  1771
 290  1771 288  1871 287  1871 285  1671 278  1671 266  1671 251  1671 238  1671
 226  1671 218  1771 210  1771 199  1771 189  1871 185  1871 187  1571 196  1371
 210  1071 228  1371 247  1571 267  1871 283  1771 297  1671 309  1471 317  1471
 322  1571 324  1571 323  1671 317  1671 306  1771 289  1671 270  1571 255  1471
 244  1671 236  1671 228  1771 217  1871 206  1971 200  2071 201  1771 209  1451
 222  1111 238  1451 254  1851 268  2111 278  2051 284  2051 288  1911
481 237   001 252   001 276   001 288   001 298   001 306   001 302   271
 297   571 292   871 287  1071 282  1371 275  1571 266  1771 255  1771 245  1771
 239  1671 236  1371 232  1271 227  1271 221  1171 216  1171 213  1271 213  1271
 217  1371 226  1471 238  1571 251  1571 262  1471 270  1271 276  1171 282  1271
 285  1271 288  1271 290  1471 289  1571 284  1871 274  1971 261  1971 250  1771
 242  1571 237  1471 232  1171 226  1171 221  1171 216  1171 213  1251 215  1351
 221  1411 233  1551 249  1551 265  1611 280  1451 292  1351 303  1011 311  1051
 317  1151 321  1111 322  1351 320  1551 312  1611 298  1651 283  1551 269  1411
 261  1351 256  1451 252  1311 246  1351 239  1251 233  1211 231  1351 233  1351
 238  1411 247  1551 258  1751 271  1811 284  1651 296  1551 304  1311
497 199   001 232   001 265   001 286   001 300   001 316   001 313   671
 306  1071 296  1071 282   871 264  1471 245  1571 228  1571 213  1471 203  1371
 196  1371 192  1271 185  1271 177  1271 169  1271 164  1271 165  1171 171  1171
 183  1071 201  1271 220  1471 242  1671 262  1871 281  1971 297  2071 310  1971
 318  1651 316  1371 302  1371 283  1571 261  1771 242  1671 228  1571 216  1471
 208  1371 199  1271 192  1171 184  1271 175  1271 170  1371 169  1271 175  1271
 188  1171 209  1371 234  1671 259  1871 282  1971 301  2171 316  2271 325  2071
 328  1871 323  1771 309  1571 289  1571 269  1471 251  1371 236  1371 224  1271
 215  1271 208  1271 200  1271 191  1371 184  1371 180  1471 182  1251 189  1151
 202   911 219  1151 238  1351 257  1511 274  1651 288  1751 300  1811
510 216   001 230   001 243   001 253   001 256   001 272   001 277   371
 280   871 281  1071 279  1271 273  1371 264  1471 252  1371 238  1171 225  1071
 216  1071 209   971 203   971 197   971 192  1071 191  1071 193  1071 199  1171
 210  1171 225  1271 244  1271 259  1371 273  1471 283  1571 291  1671 299  1671
 304  1571 307  1571 306  1571 300  1571 287  1571 270  1471 249  1471 233  1371
 221  1271 214  1271 209  1171 204  1271 199  1271 196  1371 195  1371 198  1271
 206  1271 221  1471 240  1671 257  1871 271  1871 282  1971 290  1871 297  1771
 301  1671 301  1571 294  1571 283  1571 268  1571 251  1571 235  1471 222  1371
 213  1371 206  1371 201  1271 195  1371 189  1371 185  1471 184  1371 188  1351
 196  1211 208  1451 223  1651 236  1811 246  1851 255  1751 263  1711
579 260   001 271   001 286   001 303   001 318   001 321   001 328   271
 331   671 328  1171 320  1371 308  1371 294  1171 281  1171 269  1071 261   971
 254  1071 249  1171 244  1271 238  1371 232  1471 229  1571 230  1471 237  1271
 248  1171 264  1171 281  1271 296  1271 310  1271 321  1271 329  1271 336  1371
 340  1371 341  1471 339  1371 333  1471 323  1471 310  1371 296  1171 286   971
 277  1071 269  1271 261  1371 252  1471 243  1571 238  1671 238  1471 244  1371
 256  1171 272  1171 291  1271 308  1271 324  1271 336  1271 346  1271 352  1371
 355  1371 354  1411 349  1451 340  1451 327  1411 310  1351 292  1251 276  1011
 263  1251 254  1351 245  1511 236  1651 229  1751 226  1811 229  1651 238  1351
 251  1111 268  1151 286  1251 303  1211 317  1251 327  1351 333  1311
588 227   001 255   001 283   001 298   001 313   001 316   001 320   271
 321   671 318  1071 313  1171 307  1171 297  1071 283  1071 266  1171 252  1171
 242  1271 235  1371 228  1471 220  1571 213  1571 208  1671 208  1471 213  1171
 224   971 242   971 262  1171 280  1171 294  1171 306  1271 315  1271 326  1371
 334  1471 337  1471 332  1371 321  1171 307  1071 289  1071 272  1071 258  1071
 246  1271 235  1371 227  1571 221  1571 215  1571 211  1571 211  1371 216  1271
 228  1071 249  1171 274  1371 294  1471 307  1471 314  1471 320  1471 326  1571
 330  1571 331  1671 325  1471 314  1271 300  1071 284  1071 269  1171 255  1171
 244  1271 233  1371 224  1471 216  1571 209  1571 206  1671 208  1351 217  1151
 232   811 253   951 277  1051 299  1111 315  1151 325  1251 330  1211
621 191   001 201   001 207   001 218   001 231   001 242   001 251   471
 260   871 266  1071 269  1171 266  1271 256  1671 239  1671 219  1371 205  1371
 196  1271 193  1271 192  1171 189  1171 185  1271 182  1271 181  1171 184   971
 192   871 206  1171 224  1571 240  1871 253  1971 264  1971 272  2071 281  2071
 289  1971 295  1971 296  1971 292  1971 281  2071 264  1771 243  1671 224  1471
 214  1371 211  1371 208  1271 204  1271 199  1371 195  1371 194  1271 197  1071
 202   971 211  1271 222  1671 233  2071 244  2071 255  2171 263  2171 271  2271
 275  2271 274  2371 269  2271 259  2071 248  1971 235  1771 223  1571 213  1471
 207  1471 203  1471 200  1371 195  1371 191  1371 188  1371 187  1171 188  1051
 192   811 198  1151 207  1551 216  1811 226  1951 236  2151 246  2211
630 215   001 220   001 222   001 228   001 252   001 258   001 266   271
 274   871 279   971 283   871 282  1171 277  1371 268  1371 256  1271 245  1171
 236  1071 228  1071 221   971 214   971 207   971 203   971 202   871 205   871
 214   771 228   871 244   971 259  1171 272  1271 283  1371 290  1371 297  1371
 303  1271 308  1171 311  1371 310  1471 304  1671 292  1571 277  1471 263  1371
 251  1271 242  1171 234  1071 226  1071 219   971 214   971 211   971 212   871
 221   871 237  1071 257  1271 276  1471 291  1471 302  1471 310  1471 317  1471
 322  1271 324  1271 323  1571 318  1771 309  1971 296  1871 281  1771 268  1671
 259  1471 251  1271 245  1071 237  1071 228   971 222   971 218   971 217  1051
 221  1011 230  1251 241  1451 252  1611 261  1651 268  1651 275  1611
643 247   001 261   001 278   001 289   001 284   001 284   001 292   471
 296   671 299  1071 303  1271 305  1471 304  1471 298  1371 287  1271 277  1171
 270  1171 266  1271 260  1271 254  1271 247  1271 245  1271 247  1271 253  1371
 265  1371 280  1271 296  1271 309  1171 317  1171 321  1271 323  1271 326  1371
 329  1571 330  1671 329  1671 325  1571 319  1571 310  1471 300  1371 290  1271
 283  1271 276  1271 269  1271 261  1271 253  1271 249  1271 251  1271 259  1371
 271  1371 285  1371 299  1371 311  1371 318  1371 322  1471 324  1471 325  1471
 325  1471 322  1571 317  1571 309  1671 301  1771 294  1571 287  1471 281  1371
 277  1471 275  1471 270  1571 262  1571 253  1471 248  1471 250  1451 258  1351
 271  1311 287  1451 302  1451 313  1511 318  1651 319  1651 319  1711
645 267   001 283   001 290   001 309   001 317   001 327   001 322   371
 318   971 314  1371 307  1571 296  1471 284  1371 272  1371 260  1171 252  1071
 248  1171 247  1171 245  1271 243  1271 240  1171 240  1171 242  1171 248  1071
 259  1071 275  1071 293  1171 309  1171 323  1171 334  1171 344  1171 353  1371
 360  1471 361  1671 355  1671 343  1571 327  1571 309  1571 294  1371 280  1171
 272  1271 266  1271 262  1371 256  1271 251  1271 248  1171 249  1171 255  1071
 266  1071 282  1171 300  1271 317  1371 331  1271 340  1271 347  1171 354  1271
 358  1571 357  1771 349  1771 335  1571 319  1571 302  1571 285  1371 272  1371
 263  1471 257  1471 252  1571 248  1571 244  1471 243  1471 246  1251 253  1151
 265   911 280  1051 298  1251 315  1311 330  1351 342  1451 349  1411
650 277   001 291   001 310   001 321   001 308   001 311   001 317   471
 316   771 312  1071 306  1171 299  1371 292  1471 283  1471 276  1271 269  1171
 263  1171 257  1271 252  1271 248  1371 245  1471 244  1571 246  1471 252  1371
 262  1271 275  1271 290  1171 305  1171 317  1171 327  1071 334  1071 339  1171
 341  1271 339  1371 334  1471 326  1471 315  1571 304  1571 292  1371 281  1271
 273  1271 267  1371 260  1371 253  1471 248  1471 245  1571 248  1571 255  1471
 266  1471 280  1371 294  1271 307  1171 317  1171 323  1071 327  1071 330  1171
 330  1151 327  1111 321  1251 313  1351 303  1411 292  1351 282  1251 273  1111
 267  1351 263  1351 258  1411 252  1551 247  1651 246  1711 250  1551 259  1451
 271  1211 283  1251 296  1351 309  1311 321  1351 331  1351 337  1311
675 255   001 291   001 320   001 331   001 349   001 358   001 366   271
 364   471 357   671 348   871 336   971 322  1171 308  1271 293  1271 281  1371
 269  1471 258  1471 249  1571 239  1571 229  1571 222  1571 219  1571 222  1571
 234  1571 256  1371 282  1271 306  1071 326  1171 339  1271 345  1371 345  1371
 341  1271 335  1271 328  1271 319  1271 308  1271 293  1271 279  1371 264  1371
 254  1471 244  1471 236  1571 227  1571 221  1671 216  1671 216  1671 223  1671
 238  1671 262  1571 291  1471 316  1371 333  1371 345  1271 350  1271 352  1271
 350  1371 345  1371 338  1371 328  1271 315  1271 300  1271 284  1371 270  1371
 258  1471 248  1571 238  1671 228  1671 220  1571 215  1571 217  1571 226  1551
 243  1511 269  1451 299  1351 326  1211 347  1251 360  1351 366  1311
690 278   001 288   001 288   001 291   001 302   001 293   001 295   171
 295   271 294   471 291   771 287   971 283  1071 280   971 277   871 275   771
 272   871 269   971 265  1071 260  1171 254  1171 252  1271 253  1171 257   971
 264   871 272   971 281   871 287   871 291   871 292   751 292   671 292   671
 291   771 289   771 287   871 284   871 281   971 277  1071 274   971 272   871
 270   871 266   971 263   971 259  1071 256  1071 255  1171 257  1071 263  1071
 270   971 279   971 288  1071 294  1071 296   971 296   971 296   871 297   871
 299   771 299   771 296   871 291   971 286  1071 281  1071 277  1071 273  1071
 272  1071 270  1071 268  1171 263  1171 259  1271 256  1271 257  1171 262  1051
 270   911 279   951 288  1051 296  1011 301   951 303   951 305   811
747 268   001 277   001 276   001 292   001 312   001 323   001 321   371
 319   671 318  1271 312  1271 305  1471 296  1471 288  1371 279  1171 270  1071
 264  1071 260  1171 256  1171 251  1171 246  1271 242  1271 242  1171 246  1071
 254   971 266  1071 282  1171 296  1271 307  1371 315  1371 321  1471 325  1471
 327  1471 327  1571 326  1571 323  1571 320  1571 312  1471 302  1271 294  1171
 286  1171 278  1171 271  1171 263  1171 258  1171 253  1171 253  1071 257   971
 267   871 282  1071 300  1171 315  1471 325  1471 331  1571 332  1571 331  1571
 328  1671 325  1571 323  1571 320  1471 316  1471 311  1371 306  1271 299  1171
 294  1171 289  1271 283  1271 276  1271 268  1371 264  1371 263  1271 267  1151
 274  1011 285  1151 297  1351 308  1411 316  1451 321  1351 323  1311
NT  TEDF  78  35 1
20150719122015071907
20150719122015071908
20150719122015071909
20150719122015071910
20150719122015071911
20150719122015071912
20150719122015071913
20150719122015071914
20150719122015071915
20150719122015071916
20150719122015071917
20150719122015071918
20150719122015071919
20150719122015071920
20150719122015071921
20150719122015071922
20150719122015071923
20150719122015072000
20150719122015072001
20150719122015072002
20150719122015072003
20150719122015072004
20150719122015072005
20150719122015072006
20150719122015072007
20150719122015072008
20150719122015072009
20150719122015072010
20150719122015072011
20150719122015072012
20150719122015072013
20150719122015072014
20150719122015072015
20150719122015072016
20150719122015072017
20150719122015072018
20150719122015072019
20150719122015072020
20150719122015072021
20150719122015072022
20150719122015072023
20150719122015072100
20150719122015072101
20150719122015072102
20150719122015072103
20150719122015072104
20150719122015072105
20150719122015072106
20150719122015072107
20150719122015072108
20150719122015072109
20150719122015072110
20150719122015072111
20150719122015072112
20150719122015072113
20150719122015072114
20150719122015072115
20150719122015072116
20150719122015072117
20150719122015072118
20150719122015072119
20150719122015072120
20150719122015072121
20150719122015072122
20150719122015072123
20150719122015072200
20150719122015072201
20150719122015072202
20150719122015072203
20150719122015072204
20150719122015072205
20150719122015072206
20150719122015072207
20150719122015072208
20150719122015072209
20150719122015072210
20150719122015072211
20150719122015072212
002800180018001700140013001217122712271127113711271135113512311335153516311
73517351731173517351731173517351731173517351731173517351731163515351531153516351
63116351635163116351635163116351535143114351335133113351235123113351335133113351
33513311435143515311635163516311635163516311635163516311635163515311535143513311
005700180018001700180018001717162715271427122711271135123513311435153516311
73517351731173517351731173517351731173517351731173517351631153513351231123513351
43114351435143114351435143115351635163116351635153115351435143113351335123112351
23512311235123513311435153515311535143514311535163517311635163515311435133513311
015800180017001800180018001717152714271327122711271135113511311235133514311
53516351731173517351731173517351731173517351731173517351731153513351231113512351
23112351235133114351535163116351635153115351535153115351435143114351435143113351
23512311135113511311235123512311235123512311335153515311535133512311235123512311
027500170017001700180018001717172717271727172717271735173517311735173517311
63516351631163517351731173517351731173517351731173517351631163515351431133513351
23113351435153115351535153116351635163116351535143113351335143114351335133113351
33513311335123512311235123512311235123512311335143514311335133512311335143514311
070700180018001700170017001717172716271627163715371635163517311735173517311
73517351731173517351731173517351731173517351731173516351631153513351231123511351
13112351235123112351235123112351235123112351235123113351435153115351435143113351
33513311335133513311335143514311335133513311335143514311435143513311235123512311
110700170017001800180018001717172718271727172717371735173516311735173517311
63516351631163516351631173517351731173517351731173517351731173517351731163515351
43114351535153115351435143114351535163116351635153115351535143113351335123112351
23512311235123512311335143515311535153515311535163516311635143513311335133513311
120700170017001700170017001717171717271727172717271735173517311735163516311
63515351531153515351531163516351631173517351631163516351531153514351331133513351
43115351635163116351535133113351335133113351235123112351335133113351235123113351
33513311335123512311235123512311235123512311235123513311335133514311535163516311
130600160017001700180016001617172717271727173717371735173517311635153515311
53515351631153515351531163516351731173517351731173516351531153514351331133512351
23113351335143114351535153115351535163116351635153115351535153115351435143114351
33513311335123512311235123512311235123512311235133513311335123512311335133514311
145800160017001800170017001717172717271627163716371635173517311735173517311
73517351731173516351631163517351731173517351731163516351531153514351431133512351
13111351135123112351235123112351335143114351535153115351535153115351535153115351
43514311335123512311235133513311335133512311235123513311235123512311235123512311
149800160016001700180017001717172717271727162716371635173517311735173517311
73517351731173516351631163517351731173517351731163516351531143514351431133512351
13111351135123112351235123112351335133114351435153115351535153115351535153115351
43514311335123512311235133513311335133512311235133513311335123512311235123512311
156800170017001700180017001717172717271727162716371635173517311735173517311
73517351731173517351631173517351731173517351731163516351531153514351431133512351
13111351135123112351235123112351335143114351535153115351535153115351535153115351
53514311335123512311235133513311335133512311335133513311335123512311235123512311
168500180017001700170017001717172717271627162716371635173517311735173517311
63516351631163516351731173517351631163516351631163516351631153514351331123512351
13111351135123112351235123112351235123112351235123112351235133112351235123112351
23512311235123512311235123512311235133514311535163516311635153514311335133513311
180600160018001700160016001617162716271627153715371535143514311535163517311
73517351731173517351731173517351631153514351431153516351631153513351231113511351
23112351335133113351335123112351235123112351235123112351235123112351235133113351
33512311235123511311135113512311235123512311235123513311435153515311635163516311
190800180016001700170016001617162716271527153715371535153515311535153515311
63516351731173517351731173516351531143514351431153515351631153514351331123512351
23112351235123112351235123112351235123112351235123112351235123112351235123112351
23512311235123512311235123512311235123512311235123512311235123512311135113512311
222500160017001700170017001717171717271727172717271735173517311635153515311
43515351531153515351631163516351731173517351731173516351631153513351331133514351
53115351435143114351535153116351635173116351635163115351535153114351335133113351
33513311235123512311235123512311235123512311235123512311235123512311235133513311
240800170017001800180018001817172717271727173716271535143514311535163516311
73517351631163516351531163516351631173517351631163516351531153514351331123512351
23112351235123111351135123112351335133114351335133113351235133113351435153116351
63516311535143514311435143514311435133512311235123512311235123512311235123512311
255600160016001600170018001817172717271727172716371635163516311435133513311
33515351631163516351631163516351631163515351531153515351531143513351231123511351
23112351235123112351235123112351235123111351135113112351235123112351235123112351
23513311335143514311535163517311635163515311535153514311435143513311335143514311
260800160017001400150017001717162716271537153715371535163516311635163515311
53514351431143515351531153515351531153515351531153515351431133512351231113511351
13111351135113111351135113112351235123112351135113112351235133113351335133112351
23512311235133514311435153515311635163516311735173517311635153515311535153516311
280700170016001500160011001117122712271327132713371335123512311335153515311
53514351231123512351231123513351331133513351331133513351331133513351331123512351
23111351135113111351135113111351135113111351235123112351235123112351235123112351
23512311235123511311135123512311135113511311235123512311235123512311335143515311
299600180017001800180015001517151714271427142714271435143515311435133513311
33513351431143514351431133512351231113511351231123512351231123512351231123512351
23112351235123112351235123112351235123111351135113111351235123112351235123111351
13511311135113511311135113511311135113512311235123512311235123512311235123513311
434800160016001600170017001617152715271427142713371235123511311235123512311
23512351231123512351231123511351231123513351431143514351431133513351231123511351
13111351135113112351235123112351235123112351135113111351135123112351235133114351
53516311635163516311635163516311635163516311535153514311435143515311535153515311
460700160014001600140014001417132713271327133713371335133513311335123512311
13511351131123512351231123512351231123512351231133513351431143514351431133512351
13111351135113111351135113112351235123112351135113112351235123112351235123112351
23513311235123512311235133513311335143514311535163516311535143513311335133514311
481400130010001000100010001117122713271327122712371135123512311235123512311
23512351231123512351231123512351231113512351231123512351231123511351131113511351
13111351235123112351235123112351235123112351135113111351135113111351135113111351
13511311135113511311235123512311135113512311335143514311435133512311235123512311
497000100010001400160015001617162716271627162716371535153514311335133513311
33513351331133513351331133512351231133513351431143515351531143513351331123512351
23112351235123112351235123113351335133113351335133113351435143114351535153115351
43514311435133513311335133513311335123512311235123513311335133513311335143515311
510700160017001600140015001417132713271327133714371435143515311535153514311
43513351331123512351231133513351331123512351231123512351331123512351231123512351
23112351235123112351235123112351235123112351235123113351535163116351635163116351
73517311635163516311635163516311535153514311535153516311635153514311335133513311
579000100010001000100010001117112712271227122712371235123511311135113511311
13511351131113511351131113511351131113511351131113511351131113511351131113511351
13111351135113111351135113111351135113111351135113111351135123112351235123112351
23512311135113511311135123512311235113511311235123513311335123512311135123512311
588000100010001000100010001017112711271127112711271135113511311135113511311
13511351131113511351131113511351131113511351131123512351231123511351131113511351
13111351135113111351135113111351135113111351135123112351335133114351435143115351
53515311435133513311335143514311535163516311535153515311435143513311335133513311
621700170017001700170016001617162716271527142713271235123512311235133514311
33512351231123513351331133512351231133513351431143514351331133512351231123512351
23112351235123112351135123112351335143114351435143114351435153115351535153115351
63516311635153515311535143514311435143514311535153516311635163516311635163516311
630800180018001800170016001517141713271227122712271135113511311235123512311
23512351231123512351231123512351231123512351231123511351131113511351131113511351
13111351135113111351135113112351235123112351235113111351135113111351135113112351
23512311335133513311335143515311535163516311635163517311735173517311735173516311
643500150014001300120012001217122712271127112711271135113511311135113511311
13511351131113511351131113512351231123511351131113511351131113511351131113511351
13111351135113111351135113111351135113111351135113111351135113111351135113111351
23512311235113511311135113511311135113512311335143514311435133513311335143516311
645000100011001300120012001217122712271227112711371135113511311135113511311
13511351131113511351131113511351131113511351131113511351131113511351131113512351
23112351135113111351135113111351135113111351135113111351135113111351135113111351
13512311235113511311135113512311235123512311235133513311335123512311235123513311
650000100010001000110011001117111711271127112711271135113511311135113511311
13511351131113511351131113511351131113511351131113511351131113511351131113511351
13111351135113111351135113111351135123112351235123112351235123112351235123112351
23512311235123511311135113511311135113511311135123512311235123512311235123513311
675000100010001000100010001017112711271127112711371135113511311135113511311
13511351131123512351231123512351231113511351131123512351331123512351131113511351
13111351135123111351135113112351235123112351235113111351235123112351235123112351
23512311235123512311235123513311335123512311235123512311235123511311135113511311
690000100010001000100010001017112711271137113711371135113511311135113511311
13511351131123513351331133512351231123513351431143514351331133513351331133512351
23112351235123113351335143113351335133113351335133114351435133113351335133112351
23512311235113511311235123512311135113511311235123512311235123512311235123512311
747400170016001400120010001117122713271427153716371635153514311335123511311
13511351131123512351231123512351231123512351331133513351331133512351231123512351
13111351135113111351135113111351135113111351135113112351235123113351335123112351
23512311235123512311235133513311335133513311435153515311535143514311335133513311
