20150320171430
T2M TEDF  78  35 1
20150320172015032012
20150320172015032013
20150320172015032014
20150320172015032015
20150320172015032016
20150320172015032017
20150320172015032018
20150320172015032019
20150320172015032020
20150320172015032021
20150320172015032022
20150320172015032023
20150320172015032100
20150320172015032101
20150320172015032102
20150320172015032103
20150320172015032104
20150320172015032105
20150320172015032106
20150320172015032107
20150320172015032108
20150320172015032109
20150320172015032110
20150320172015032111
20150320172015032112
20150320172015032113
20150320172015032114
20150320172015032115
20150320172015032116
20150320172015032117
20150320172015032118
20150320172015032119
20150320172015032120
20150320172015032121
20150320172015032122
20150320172015032123
20150320172015032200
20150320172015032201
20150320172015032202
20150320172015032203
20150320172015032204
20150320172015032205
20150320172015032206
20150320172015032207
20150320172015032208
20150320172015032209
20150320172015032210
20150320172015032211
20150320172015032212
20150320172015032213
20150320172015032214
20150320172015032215
20150320172015032216
20150320172015032217
20150320172015032218
20150320172015032219
20150320172015032220
20150320172015032221
20150320172015032222
20150320172015032223
20150320172015032300
20150320172015032301
20150320172015032302
20150320172015032303
20150320172015032304
20150320172015032305
20150320172015032306
20150320172015032307
20150320172015032308
20150320172015032309
20150320172015032310
20150320172015032311
20150320172015032312
20150320172015032313
20150320172015032314
20150320172015032315
20150320172015032316
20150320172015032317
002  57   001  63   001  69   001  70   001  70   001  58   001  56   371
  54   571  52   671  51   671  50   871  51   971  52  1071  54  1071  55   971
  58   971  62   971  65   871  70   871  74   871  77   971  78   971  76  1071
  74  1071  71  1171  70  1171  70  1271  69  1271  68  1271  65  1171  63  1171
  60  1071  59   971  58   871  56   971  54  1071  52  1171  49  1171  48  1071
  44  1071  40  1071  36   971  35   971  37   971  42   871  47   871  53   971
  57  1171  63  1271  68  1271  72  1371  73  1371  71  1371  66  1271  61  1271
  56  1171  52  1171  49  1071  47  1171  44  1171  43  1271  44  1151  43  1051
  41  1011  39  1051  37  1051  38  1011  43   951  51   951  59   811  67   951
  74  1151  79  1211  83  1351  85  1351  85  1411  82  1451  78  1351
005  59   001  67   001  76   001  74   001  74   001  64   001  55   171
  47   371  41   571  35   671  30   771  26   971  23  1071  22  1071  22  1171
  24  1171  28  1171  34  1071  42  1071  54  1171  67  1071  79  1071  86  1171
  90  1271  92  1371  93  1471  92  1471  89  1571  84  1371  76  1071  69   871
  64   971  59   971  57  1071  54  1071  53  1171  51  1171  49  1171  45  1271
  41  1271  37  1271  35  1271  35  1271  38  1171  44  1071  51   971  59  1071
  67  1271  73  1371  79  1471  83  1571  83  1671  79  1371  73  1271  64  1071
  55  1071  47  1071  39  1071  34  1171  30  1371  26  1471  29  1151  27  1251
  22  1211  14  1251   8  1251   9  1211  20  1151  39  1051  60   911  79  1151
  94  1251 104  1411 109  1551 109  1651 105  1711  97  1551  88  1251
015  73   001  74   001  79   001  81   001  78   001  69   001  58   471
  48   571  39   671  31   871  26   971  23   971  21  1071  21  1071  21  1071
  25  1071  25  1071  28   971  34   971  46   971  59  1071  73  1071  82  1271
  88  1371  92  1571  92  1571  91  1671  88  1671  83  1571  77  1371  71  1271
  66  1171  59  1171  55  1071  52  1071  50  1171  47  1171  43  1271  40  1271
  37  1371  35  1371  35  1371  36  1371  40  1271  45  1271  53  1171  62  1271
  71  1371  80  1371  87  1471  92  1571  93  1671  91  1471  86  1371  78  1271
  67  1171  57  1171  47  1071  41  1171  36  1271  32  1371  27  1251  22  1251
  17  1311  11  1251   7  1251  10  1111  21  1151  38  1151  57  1111  74  1251
  89  1451 101  1511 109  1651 113  1751 113  1811 108  1751  99  1551
027  74   001  75   001  75   001  75   001  73   001  71   001  61   471
  55   571  49   571  43   571  38   771  33   971  30  1071  27  1071  26  1071
  24  1071  25  1071  27  1071  35  1071  50  1171  67  1071  81  1071  90  1071
  93   971  93   971  93  1071  91  1071  88  1071  82  1071  75   971  67   971
  63  1171  58  1071  56  1171  54  1271  53  1271  52  1371  51  1271  50  1271
  48  1171  46  1171  45  1171  45  1171  47  1171  52  1171  58  1271  64  1271
  70  1271  75  1171  80  1371  83  1451  83  1611  80  1551  74  1351  67  1211
  60  1251  53  1251  46  1211  39  1251  32  1351  28  1311  25  1151  23  1251
  21  1211  17  1251  15  1351  19  1311  31  1351  48  1251  67  1211  84  1251
  97  1151 106  1111 110  1351 109  1551 104  1711  96  1551  87  1451
070  99   001 115   001 128   001 131   001 133   001 115   001 103   371
  88   771  73  1471  60  1571  53  1671  50  1771  47  1771  42  1771  38  1771
  30  1771  26  1871  24  1871  27  1871  37  1671  53  1471  68  1171  82  1371
  94  1471 102  1771 105  1871 104  1971 100  1971  94  1771  86  1671  79  1571
  71  1671  64  1671  58  1771  54  1971  52  2071  49  2071  46  2071  43  2171
  39  2271  36  2271  34  2271  35  2271  41  1971  51  1871  62  1671  71  1571
  80  1671  86  1671  91  1671  93  1671  94  1671  93  1671  88  1571  79  1371
  64  1471  49  1571  35  1671  27  1971  23  2071  20  2271  17  2151  14  2151
   8  2111   1  2151  -4  2151  -1  2111  14  1951  37  1751  62  1511  84  1551
 101  1651 112  1611 118  1751 119  1851 117  1911 113  1751 107  1651
110  78   001  75   001  75   001  73   001  74   001  71   001  64   271
  62   571  60   871  59   971  58   971  58  1071  57  1071  57  1171  57  1271
  56  1371  55  1371  55  1371  58  1371  65  1271  75  1171  84  1071  91  1271
  96  1371 100  1471 103  1371 103  1271 100  1171  93  1071  84   971  77   871
  73   871  72   971  70   971  69  1071  66  1171  64  1271  63  1371  62  1571
  60  1671  57  1671  55  1571  55  1571  58  1471  65  1471  72  1371  79  1371
  85  1271  91  1171  93  1171  92  1271  89  1371  84  1271  78  1071  70   971
  63  1071  56  1271  49  1371  44  1471  40  1571  37  1671  44  1351  39  1451
  33  1411  27  1551  23  1551  26  1611  37  1451  54  1351  71  1111  84  1151
  94  1251  99  1211 101  1251 100  1251  96  1211  91  1151  85   951
120  61   001  59   001  60   001  61   001  60   001  61   001  58   371
  55   371  54   571  54   671  53   871  52  1071  50  1171  48  1271  45  1271
  45  1371  45  1271  47  1271  52  1171  59  1171  68  1271  75  1271  82  1271
  87  1271  90  1171  92  1171  93  1071  90  1071  84  1071  77   971  71   971
  68   971  68  1071  68  1071  67  1071  65  1171  64  1171  63  1271  62  1271
  60  1371  58  1371  56  1371  55  1371  57  1471  60  1471  65  1571  70  1471
  74  1371  78  1271  81  1371  83  1471  82  1571  78  1471  71  1371  64  1271
  57  1271  51  1271  46  1271  43  1271  40  1271  37  1271  39  1251  36  1251
  32  1311  29  1351  28  1451  32  1411  41  1451  53  1451  66  1411  77  1451
  85  1351  90  1311  92  1451  92  1451  89  1511  84  1451  78  1351
130  76   001  81   001  87   001  88   001  91   001  87   001  83   271
  78   471  75   771  72   871  67  1071  61  1271  55  1571  49  1671  44  1671
  39  1771  36  1771  35  1871  39  1871  50  1771  68  1471  85  1271 101  1371
 112  1371 120  1471 123  1471 122  1371 118  1371 110  1371 100  1271  89  1271
  80  1171  74  1171  68  1171  63  1271  57  1471  54  1571  51  1671  49  1671
  45  1771  40  1871  36  1871  35  1971  39  1771  47  1671  58  1471  71  1471
  84  1371  94  1371 101  1471 103  1471 102  1571 100  1571  95  1471  88  1371
  79  1371  69  1271  60  1271  52  1471  45  1571  39  1771  32  1651  25  1751
  18  1811  10  1951   5  1951   8  2011  22  1851  44  1751  68  1511  90  1551
 107  1451 119  1411 124  1551 125  1551 121  1611 115  1551 107  1451
145  73   001  86   001  96   001 111   001 113   001 100   001  92   271
  86   671  78  1171  69  1271  60  1271  54  1271  48  1271  43  1271  40  1371
  38  1371  36  1271  35  1271  38  1171  47  1271  59  1271  72  1371  84  1371
  93  1371  99  1371 103  1471 104  1471 102  1571  98  1471  92  1471  86  1471
  80  1471  72  1471  66  1471  60  1471  55  1371  51  1371  48  1371  45  1371
  42  1371  38  1371  36  1471  35  1471  38  1471  45  1471  54  1471  65  1471
  75  1471  84  1471  89  1571  93  1771  94  1871  94  1771  93  1671  88  1571
  81  1571  72  1571  63  1571  55  1571  47  1571  40  1571  33  1351  27  1351
  20  1311  12  1351   7  1451  10  1411  25  1451  47  1351  69  1311  87  1351
 100  1451 109  1411 114  1551 117  1751 117  1811 115  1751 111  1751
149  81   001  94   001 100   001 111   001 115   001 115   001 106   371
  95   771  85   971  76  1671  67  1271  59  1371  52  1371  47  1271  43  1171
  40  1071  35  1071  34  1171  36  1171  46  1171  60  1271  75  1271  89  1171
 100  1271 109  1271 113  1371 114  1371 112  1471 107  1371 100  1371  93  1271
  86  1271  79  1371  72  1371  66  1371  60  1371  56  1371  54  1371  53  1271
  50  1271  47  1371  45  1471  44  1571  46  1471  53  1471  62  1371  73  1471
  84  1471  94  1571 101  1671 104  1771 104  1871 103  1771  98  1571  93  1471
  86  1471  77  1371  68  1371  59  1471  50  1471  43  1571  37  1451  31  1351
  24  1311  15  1351   9  1451  10  1411  23  1451  44  1351  67  1311  88  1451
 106  1451 118  1511 125  1651 127  1751 126  1811 122  1751 116  1551
156  81   001  97   001 108   001 120   001 126   001 119   001 111   271
 103   471  94   671  87   871  80   971  74  1171  69  1171  66  1171  63  1071
  61  1071  57  1071  55  1171  57  1171  64  1171  75  1171  88  1171  97  1171
 104  1171 109  1271 113  1271 114  1271 113  1371 109  1271 103  1071  97  1071
  90  1071  83  1071  79  1071  75  1171  70  1171  67  1271  64  1271  63  1271
  59  1271  56  1271  55  1271  55  1271  58  1271  63  1171  70  1171  77  1271
  85  1271  92  1371  98  1471 102  1571 104  1671 104  1571 102  1371  98  1271
  92  1271  85  1271  78  1271  72  1271  66  1371  61  1371  54  1251  49  1151
  42  1111  34  1151  29  1251  31  1211  42  1251  59  1251  78  1211  95  1251
 108  1351 117  1311 122  1351 124  1451 123  1411 121  1351 118  1351
168 103   001 122   001 141   001 150   001 152   001 141   001 125   571
 107  1571  89  1571  74  1671  61  1771  52  1771  45  1871  41  1871  37  1771
  32  1771  28  1771  25  1871  29  1871  39  1571  54  1371  70  1071  83  1271
  93  1471 101  1671 108  1771 113  1771 112  1871 104  1871  92  1871  80  1871
  71  1871  65  1871  59  1771  55  1871  49  2071  45  2171  40  2171  35  2071
  31  2071  27  2071  25  2071  27  2071  35  1871  48  1671  62  1471  76  1571
  88  1571  99  1671 107  1771 112  1771 113  1871 109  1771 102  1771  90  1671
  77  1671  61  1771  49  1771  40  1971  32  2271  26  2471  20  2251  13  2151
   5  2011  -4  2051 -10  2151  -6  2111  11  1951  36  1651  63  1411  87  1551
 107  1651 122  1711 133  1851 138  1851 138  1911 131  1851 119  1851
180 127   001 137   001 154   001 156   001 151   001 135   001 109   771
  88  1371  73  1971  60  2171  49  2171  40  1871  33  1971  30  1871  29  1871
  27  1771  26  1671  25  1671  31  1571  46  1571  64  1571  84  1671 101  1771
 111  1871 119  2171 122  2171 123  2271 118  2271 109  2171  98  2071  86  1971
  77  2071  68  2071  61  2071  55  1971  49  2071  45  2071  40  2071  35  2071
  31  2071  27  1971  25  1971  29  1871  40  1871  55  1871  70  1871  83  1871
  91  2071  98  2071 101  2171 103  2171 102  2271  97  2171  89  1971  78  1871
  65  1871  51  1971  39  2071  30  2171  23  2271  18  2371  15  2151  11  2151
   5  2111  -4  2051 -10  2051  -7  1911   9  1951  34  1951  61  1911  85  2051
 104  2051 119  2111 129  2251 135  2351 135  2411 130  2351 120  2251
190 138   001 154   001 165   001 166   001 165   001 150   001 128   571
 107  1071  90  1471  74  1671  60  1771  49  1571  41  1671  38  1571  38  1571
  36  1471  35  1471  35  1571  42  1571  58  1671  78  1671  97  1771 110  2171
 117  2571 122  2771 128  2871 132  3071 131  3071 125  2571 114  2071 102  1771
  89  1771  77  1571  67  1571  60  1671  56  1871  51  1971  46  1971  41  1971
  37  1971  35  1971  36  1971  41  1971  51  1971  63  2171  74  2171  84  2171
  92  2271  99  2471 105  2471 110  2571 112  2571 109  2271 102  1971  91  1671
  78  1771  65  1771  53  1771  43  1871  35  2071  30  2171  26  1951  23  1851
  20  1811  14  1851   9  1851  12  1811  26  1951  47  1951  69  2011  88  2251
 104  2551 117  2711 128  2851 135  2851 138  2911 135  2651 127  2351
222  63   001  64   001  68   001  69   001  72   001  73   001  81   271
  87   371  90   571  91  1071  91  1071  90  1071  87  1071  81  1171  75  1271
  69  1371  61  1271  56  1271  56  1171  63  1071  76  1071  90  1071 102  1071
 114  1071 123  1071 130  1071 132  1071 131  1071 125  1071 116  1071 108  1171
 100  1171  95  1071  88  1071  81  1171  74  1271  68  1371  66  1371  63  1471
  59  1471  53  1371  47  1371  45  1271  50  1271  60  1171  71  1171  83  1071
  92  1071 101   971 108  1171 112  1171 113  1471 111  1371 105  1371  97  1271
  90  1271  81  1171  73  1171  67  1271  60  1371  55  1471  50  1451  45  1551
  38  1511  29  1551  23  1451  25  1411  37  1451  57  1351  79  1311  98  1251
 114  1251 127  1111 136  1351 141  1451 142  1611 138  1551 129  1351
240  67   001  73   001  83   001  90   001  92   001  92   001  92  1071
  91  1171  89  1271  86  1271  84  1171  81  1171  79  1071  75  1071  72  1171
  67  1171  63  1171  57  1171  55  1171  60  1171  68  1271  78  1271  89  1271
  99  1271 107  1371 112  1371 113  1271 112  1271 107  1271 100  1271  94  1471
  88  1471  83  1471  79  1471  74  1371  68  1271  62  1171  58  1271  55  1371
  53  1471  49  1471  46  1471  45  1471  47  1471  52  1471  59  1471  68  1471
  78  1571  87  1571  95  1671 101  1771 103  1771 102  1671  98  1471  91  1471
  82  1471  73  1571  65  1571  58  1471  51  1371  45  1271  41  1251  36  1451
  30  1511  21  1551  14  1451  15  1411  27  1351  46  1351  69  1211  90  1351
 108  1451 123  1511 133  1651 139  1751 139  1811 135  1751 126  1651
255  82   001  88   001  95   001 102   001 102   001  99   001  95   471
  90  1071  87  1071  84  1471  81  1471  77  1371  74  1471  69  1471  64  1471
  62  1471  59  1371  56  1271  56  1171  63  1171  73  1271  85  1271  95  1371
 103  1371 108  1471 111  1671 112  1771 111  1871 107  1771 102  1571  97  1471
  93  1471  87  1571  82  1671  75  1671  68  1571  63  1571  59  1571  56  1571
  53  1571  49  1571  46  1471  46  1471  50  1571  57  1471  66  1471  74  1571
  82  1471  89  1571  96  1671 100  1771 102  1871 100  1771  96  1671  89  1571
  81  1571  73  1671  63  1671  55  1671  47  1671  41  1671  40  1551  35  1651
  29  1611  20  1551  14  1551  15  1411  28  1451  49  1451  74  1411  97  1551
 117  1551 133  1611 143  1851 147  1951 146  2111 140  1951 131  1851
260  89   001 101   001 108   001 111   001 111   001 108   001  99   471
  89   871  79  1171  71  1371  63  1571  56  2071  51  2171  49  2271  48  2271
  47  2371  46  2171  45  2071  48  1811  57  1651  70  1451  85  1211 100  1451
 113  1651 121  1811 123  2051 121  2051 116  2271 110  2071 104  1871  96  1671
  87  1771  78  1871  69  2071  61  2071  52  2271  45  2371  39  2471  33  2471
  29  2571  26  2371  26  2171  29  1971  37  1871  48  1671  63  1571  78  1771
  91  1871 103  1971 110  2171 113  2271 113  2411 111  2251 105  1951  94  1811
  78  1951  61  1851  45  1911  34  2151  27  2451  22  2611  22  2451  19  2451
  13  2511   4  2451  -2  2351   1  2211  18  1951  43  1751  72  1411  98  1651
 119  1951 136  2111 148  2251 154  2451 153  2511 146  2251 133  2051
280 130   001 143   001 145   001 148   001 148   001 134   001 120   471
 108  1271  99  1371  92  1571  86  1571  82  1471  78  1671  76  1671  72  1771
  70  1771  67  1771  65  1771  67  1771  76  1771  89  1671 103  1571 115  1571
 122  1671 129  1671 134  1971 134  2071 131  2271 122  2171 110  1871  98  1771
  90  1671  84  1671  80  1471  76  1571  71  1671  66  1771  61  1771  56  1871
  49  1871  41  1871  36  1971  37  1971  48  1771  63  1571  79  1371  92  1371
 103  1371 111  1371 118  1571 123  1671 124  1871 119  1771 109  1671  97  1471
  85  1471  73  1471  64  1571  55  1671  48  1671  44  1771  41  1751  39  1851
  33  1811  23  1851  15  1851  15  1811  28  1751  50  1651  74  1511  95  1551
 112  1651 126  1611 138  1851 147  2151 149  2311 144  2051 133  1851
299 129   001 142   001 148   001 149   001 149   001 138   001 112  1071
  90  1571  75  1471  63  1671  54  1771  46  1671  39  1671  35  1671  32  1771
  32  1771  34  1771  38  1771  45  1771  57  1771  71  1571  87  1471 102  1571
 115  1771 124  1971 131  2071 133  2171 130  2371 122  2171 110  1971  98  1671
  85  1771  74  1671  64  1871  58  1771  52  1871  47  1771  42  1771  37  1871
  32  1871  27  1871  24  1871  26  1871  35  1771  50  1771  66  1671  80  1671
  93  1771 105  1871 115  1971 121  1871 123  1971 118  1771 108  1771  94  1571
  78  1571  62  1671  50  1671  40  1671  34  1871  29  1871  26  1851  22  1851
  17  1911  11  1951   7  2051  10  2011  23  1951  43  1751  66  1611  88  1751
 106  1851 122  1911 133  2051 140  2151 140  2211 134  2151 122  1951
434  95   001  92   001  92   001  93   001  98   001  94   001  90   571
  86   671  83   771  82  1171  81  1071  81  1271  80  1271  79  1271  78  1271
  75  1271  69  1271  65  1171  66  1171  75  1371  90  1471 106  1571 119  1571
 128  1471 130  1471 125  1671 115  1671 104  1771  96  1671  88  1471  83  1371
  76  1471  72  1471  65  1371  62  1371  60  1471  55  1471  51  1471  47  1471
  43  1471  37  1471  35  1371  35  1371  39  1471  46  1571  57  1671  69  1871
  82  2071  93  2171  99  2171 100  2271  99  2171  95  1971  91  1771  84  1571
  77  1571  70  1471  65  1471  60  1571  55  1471  52  1571  54  1451  52  1351
  48  1311  43  1251  40  1251  43  1111  54  1251  70  1451  90  1511 110  1651
 127  1851 141  1911 149  1951 152  1951 149  1911 141  1851 131  1651
460  83   001  91   001  99   001  99   001  99   001  99   001  99   371
  97   671  95   871  93  1071  91  1171  88  1471  83  1571  77  1671  72  1871
  65  1971  58  1871  55  1771  57  1671  67  1571  84  1571 100  1471 112  1471
 119  1471 123  1471 122  1671 119  1571 114  1671 108  1571 101  1471  97  1371
  91  1471  86  1571  80  1671  73  1671  67  1771  60  1771  55  1771  50  1871
  45  1871  39  1871  35  1871  36  1871  43  1771  55  1771  66  1671  76  1671
  82  1671  89  1571  95  1671 100  1671 102  1771  99  1671  93  1571  85  1471
  75  1471  65  1471  55  1471  48  1671  42  1671  38  1771  33  1851  28  2051
  22  2111  15  2051  11  1851  15  1711  29  1751  51  1751  76  1711 101  1751
 123  1751 140  1711 151  1851 156  1851 154  1911 147  1851 136  1751
481 108   001 117   001 123   001 128   001 133   001 130   001 129   371
 127   871 123  1071 119  1271 112  1371 104  1271  98  1371  93  1371  89  1271
  83  1271  78  1271  74  1371  75  1371  83  1571  95  1571 110  1671 123  1771
 135  1771 141  1871 143  1871 140  1871 134  1871 126  1771 119  1571 110  1571
 104  1571  99  1571  94  1471  90  1471  85  1371  80  1271  76  1271  73  1371
  69  1371  63  1471  57  1471  54  1571  55  1571  61  1471  71  1471  83  1571
  95  1571 107  1671 116  1671 122  1871 123  1971 120  1771 114  1571 106  1371
  98  1371  90  1271  80  1271  71  1271  61  1271  53  1271  52  1251  46  1351
  40  1311  35  1351  32  1451  34  1411  42  1451  57  1551  75  1511  96  1751
 117  1851 135  2011 147  2151 155  2151 157  2211 156  2051 151  1751
497 161   001 174   001 180   001 175   001 155   001 145   001 123   371
 107   571  95   671  85  1071  75  1471  65  1971  57  2171  51  2071  46  1971
  41  1871  36  1971  35  1971  42  2071  60  2071  84  1971 109  1871 131  2171
 146  2371 153  2571 152  2671 144  2471 130  2371 113  2071  97  1971  83  1771
  75  1771  70  1871  66  1871  61  1971  57  2071  52  2071  49  2071  46  1971
  42  1971  38  1971  35  2071  38  2071  48  2071  63  1971  79  1871  92  2271
 102  2471 110  2771 114  2671 114  2751 109  2611  99  2251  87  1951  75  1611
  65  1651  58  1751  50  1711  42  1851  34  1951  28  2011  24  1951  22  1951
  17  1811   9  1951   3  1951   6  2011  24  1951  51  1951  82  1811 109  2051
 132  2151 147  2311 155  2351 154  2451 146  2411 131  2251 112  1951
510  82   001  88   001  91   001  94   001  94   001  94   001  90   571
  88   771  89   871  89   871  89  1171  89  1071  90  1071  91  1171  93  1171
  92  1271  89  1271  86  1271  86  1271  93  1271 103  1271 118  1271 132  1271
 144  1271 151  1271 151  1371 146  1371 139  1471 131  1471 124  1471 117  1471
 111  1371 105  1371 101  1271  98  1271  95  1371  92  1371  89  1371  85  1471
  80  1471  73  1471  67  1471  65  1471  69  1471  77  1471  88  1471  98  1571
 108  1471 117  1571 125  1771 131  1771 133  1971 130  1771 122  1671 113  1471
 104  1471  95  1271  87  1271  80  1371  76  1471  72  1571  71  1551  68  1651
  65  1711  60  1751  57  1751  59  1711  69  1651  85  1551 103  1411 120  1451
 135  1451 147  1411 157  1651 163  1751 164  1911 160  1851 151  1851
579 137   001 150   001 168   001 163   001 163   001 155   001 145   371
 132   571 118   671 105   771  95   971  89  1171  85  1371  84  1471  84  1571
  82  1671  78  1671  75  1771  80  1771  96  1571 120  1571 141  1371 158  1471
 168  1471 171  1571 169  1471 162  1471 154  1271 144  1271 134  1471 125  1471
 118  1471 112  1471 108  1371 105  1471 103  1471 100  1571  97  1671  91  1671
  86  1771  80  1771  76  1771  75  1771  77  1671  82  1471  90  1371  99  1371
 109  1371 118  1371 125  1371 130  1371 131  1371 127  1271 121  1271 111  1271
 100  1271  92  1271  84  1271  80  1371  77  1371  76  1471  71  1651  68  1651
  63  1711  57  1751  53  1751  56  1711  69  1651  89  1551 111  1411 131  1451
 149  1551 162  1511 171  1551 174  1551 172  1511 164  1551 152  1451
588 147   001 148   001 152   001 158   001 157   001 156   001 134   271
 114   471 100   771  87   871  78  1171  70  1571  64  1671  60  1771  57  1771
  54  1871  47  1871  45  1771  50  1771  67  1771  92  1771 116  1671 132  1771
 140  1771 143  1871 142  2071 137  2171 131  2271 123  2071 116  1871 107  1771
  99  1771  92  1771  87  1771  83  1771  79  1871  77  1871  73  1971  70  1971
  67  2071  65  2071  66  1971  68  1971  72  1871  78  1771  85  1671  92  1671
  98  1771 105  1771 109  1971 112  2171 113  2371 112  2171 108  1971 102  1771
  93  1771  83  1671  74  1671  68  1771  65  1771  62  1871  55  1851  52  2051
  47  2111  40  2151  35  2051  37  2011  51  1951  72  1851  95  1711 115  1751
 132  1751 144  1711 152  1951 155  2151 152  2311 143  2251 130  2051
621  89   001  80   001  81   001  76   001  74   001  68   001  65   271
  65   671  66   871  68   971  69  1371  68  1371  67  1471  65  1471  63  1471
  64  1471  65  1471  68  1351  70  1371  75  1471  80  1771  87  1871  93  1871
  97  1771 101  1771 102  1871 102  1771 102  1871 101  1671  99  1571  96  1471
  92  1371  88  1271  84  1271  80  1371  78  1471  76  1571  74  1571  73  1571
  70  1571  68  1571  68  1571  68  1571  70  1571  74  1571  80  1671  85  1771
  90  1771  95  1871 100  1971 103  1971 103  2071 100  1871  94  1571  87  1371
  80  1271  75  1371  69  1371  64  1571  60  1671  58  1771  58  1851  56  1851
  53  1811  51  1851  51  1951  55  1911  64  1851  77  1851  91  1711 104  1851
 116  1851 125  1911 131  2051 134  2151 134  2211 130  2051 123  1751
630 143   001 159   001 144   001 152   001 152   001 149   001 137   571
 129   671 123   671 118   771 115   871 112   971 110   971 108  1071 106  1071
 104  1171  99  1171  96  1071  96  1071 102   971 113   971 123   971 132  1071
 139  1171 141  1171 141  1171 137  1271 132  1171 125  1171 118  1071 113  1171
 108  1071 106  1071 105   971 103   971 103  1071 101  1071  98  1171  96  1171
  91  1271  88  1271  86  1271  85  1271  86  1171  90  1271  95  1171 103  1171
 110  1171 119  1171 126  1271 130  1271 130  1271 125  1271 117  1271 109  1171
 102  1171  98  1171  94  1171  91  1171  87  1171  84  1171  83  1151  83  1251
  81  1211  78  1251  75  1351  77  1311  85  1251  98  1251 112  1111 124  1151
 134  1251 144  1211 153  1251 159  1251 161  1211 156  1251 147  1251
643 168   001 176   001 166   001 170   001 154   001 151   001 141   371
 133   771 128   771 122  1071 119  1071 116  1271 115  1371 116  1371 118  1271
 119  1271 117  1271 116  1271 119  1271 127  1271 138  1371 147  1371 151  1471
 151  1571 151  1571 151  1571 152  1371 150  1371 145  1371 138  1271 130  1271
 126  1271 124  1171 122  1171 120  1271 118  1471 114  1571 111  1571 108  1671
 104  1671 100  1571  97  1471  96  1371  97  1471 102  1471 109  1571 119  1571
 128  1571 137  1571 141  1471 142  1571 138  1571 131  1471 121  1271 112  1171
 106  1171 102  1171  98  1271  95  1371  93  1471  90  1571  89  1451  89  1551
  89  1511  87  1551  87  1451  90  1411  99  1551 113  1551 127  1611 139  1651
 149  1651 157  1611 162  1651 163  1551 161  1511 154  1451 145  1451
645 160   001 167   001 181   001 178   001 173   001 160   001 143   571
 130   771 118   971 108   971 101  1271  98  1371  97  1471  98  1471  99  1371
  99  1371  97  1371  96  1371 101  1371 115  1371 132  1471 148  1471 158  1571
 161  1571 161  1671 160  1671 157  1471 152  1471 145  1471 134  1371 125  1371
 118  1571 112  1671 107  1671 104  1671 102  1571 100  1571  98  1571  96  1471
  93  1471  90  1471  87  1471  86  1471  87  1471  93  1471 100  1471 109  1571
 119  1571 128  1671 136  1571 141  1571 140  1571 133  1471 121  1371 109  1271
  98  1371  91  1571  87  1671  84  1671  82  1671  82  1571  79  1651  79  1551
  78  1511  74  1551  72  1451  75  1411  87  1551 105  1551 124  1611 140  1651
 152  1751 162  1711 169  1751 173  1751 170  1711 161  1651 147  1551
650 168   001 156   001 182   001 169   001 161   001 152   001 149   371
 140   571 130   671 125   871 122  1171 119  1471 117  1771 117  1771 115  1771
 116  1771 116  1771 117  1771 119  1771 125  1671 131  1471 140  1371 149  1371
 156  1371 161  1371 162  1271 159  1171 155  1071 151  1071 145   971 138  1071
 132  1171 124  1171 119  1271 114  1371 111  1471 108  1571 105  1671 102  1771
  99  1871  98  1871  96  1971  97  1971  99  1671 102  1471 106  1271 110  1271
 114  1271 120  1271 125  1271 130  1151 132  1011 130  1051 124   951 117   811
 109   951 103  1051  98  1111  96  1351  95  1551  93  1711  84  1851  82  1851
  79  1911  76  1951  74  1951  78  1911  89  1751 104  1551 121  1311 136  1351
 149  1451 158  1411 163  1451 164  1351 161  1311 154  1251 145  1251
675 157   001 155   001 162   001 164   001 160   001 147   001 135   371
 128   571 121   771 114  1071 108  1271 104  1571 102  1771 102  1871  98  1971
  99  2071  96  2071  96  2171  98  2171 106  2171 119  2271 133  2271 147  1971
 157  1571 162  1271 162  1471 157  1571 150  1771 141  1671 134  1471 125  1371
 118  1371 108  1471 101  1471  93  1671  87  1771  83  1971  81  2071  81  2171
  79  2271  77  2271  76  2271  79  2271  87  2171  99  2171 110  2071 119  1971
 124  1771 128  1671 131  1771 132  1971 133  2071 132  1871 128  1571 121  1371
 112  1371 101  1471  91  1471  83  1671  76  1871  71  2071  78  2151  74  2251
  68  2411  58  2451  50  2451  51  2411  66  2351  90  2251 117  2111 141  2051
 160  1951 172  1811 176  1951 174  2151 167  2211 157  1951 146  1751
690 153   001 158   001 152   001 148   001 144   001 142   001 138   271
 132   671 127   871 123  1071 119  1171 115  1171 114  1171 113  1171 111  1071
 110  1071 106  1071 105  1071 108  1071 119  1171 134  1271 146  1271 151  1371
 152  1271 149  1271 146  1171 143  1271 140  1271 138  1271 137  1271 134  1371
 129  1371 123  1371 118  1271 116  1271 115  1271 113  1271 110  1171 107  1171
 106  1071 105  1071 107   971 111   971 118  1071 125  1071 132  1171 137  1271
 139  1371 141  1571 142  1471 143  1571 143  1571 143  1471 143  1371 139  1371
 133  1471 127  1471 121  1471 118  1471 115  1271 114  1271 109  1151 106  1051
 101   911  95   951  92  1051  95  1011 108  1151 126  1151 142  1211 152  1351
 158  1351 160  1411 161  1451 161  1451 159  1411 154  1451 147  1351
747 151   001 156   001 160   001 150   001 146   001 139   001 135   671
 129   871 121  1071 116  1071 115  1471 117  1471 120  1471 123  1471 127  1571
 129  1571 130  1671 130  1871 130  1971 131  1871 132  1771 134  1571 135  1671
 134  1771 133  1871 131  1671 128  1671 125  1571 123  1471 121  1371 120  1271
 119  1471 116  1671 115  1871 113  1771 112  1571 110  1471 109  1671 108  1771
 107  1971 106  1971 106  2071 108  2071 111  1871 116  1871 122  1671 127  1771
 132  1971 134  2071 134  1971 132  1971 127  1771 121  1671 113  1471 107  1371
 101  1471  98  1671  95  1771  93  1671  93  1671  92  1571  98  1651  98  1751
  98  1811  98  1951 100  2151 104  2211 111  2051 120  1751 128  1511 135  1651
 139  1851 143  1911 146  1851 147  1751 145  1611 140  1551 133  1451
NT  TEDF  78  35 1
20150320172015032012
20150320172015032013
20150320172015032014
20150320172015032015
20150320172015032016
20150320172015032017
20150320172015032018
20150320172015032019
20150320172015032020
20150320172015032021
20150320172015032022
20150320172015032023
20150320172015032100
20150320172015032101
20150320172015032102
20150320172015032103
20150320172015032104
20150320172015032105
20150320172015032106
20150320172015032107
20150320172015032108
20150320172015032109
20150320172015032110
20150320172015032111
20150320172015032112
20150320172015032113
20150320172015032114
20150320172015032115
20150320172015032116
20150320172015032117
20150320172015032118
20150320172015032119
20150320172015032120
20150320172015032121
20150320172015032122
20150320172015032123
20150320172015032200
20150320172015032201
20150320172015032202
20150320172015032203
20150320172015032204
20150320172015032205
20150320172015032206
20150320172015032207
20150320172015032208
20150320172015032209
20150320172015032210
20150320172015032211
20150320172015032212
20150320172015032213
20150320172015032214
20150320172015032215
20150320172015032216
20150320172015032217
20150320172015032218
20150320172015032219
20150320172015032220
20150320172015032221
20150320172015032222
20150320172015032223
20150320172015032300
20150320172015032301
20150320172015032302
20150320172015032303
20150320172015032304
20150320172015032305
20150320172015032306
20150320172015032307
20150320172015032308
20150320172015032309
20150320172015032310
20150320172015032311
20150320172015032312
20150320172015032313
20150320172015032314
20150320172015032315
20150320172015032316
20150320172015032317
002800180018001500140013001227122711271127122713271431153517351731163514351
23111351235123113351435153115351535153114351435143114351535153114351335123111351
23512311235123512311235123513311435153515311535143513311335133513311335133513311
33513351331133512351231123513351431143514351431143514351331133514351331133513351
005800180018001800140014001327132712271227122712371231133515351631163516351
43113351235123112351335143115351535153114351435143115351635163114351335123112351
23513311335133512311235123512311335133513311335133512311235123512311235123512311
23512351231123512351231123513351331133513351231133513351331133513351331133513351
015800180018001700150015001427142714271327133713371331143515351531153514351
33113351335143115351635173117351735173116351535143114351435143114351435143115351
53515311535143513311335133514311535163516311535143512311235123512311335133514311
43514351431143514351331143514351431143514351431143514351431143514351431143514351
027800180018001800180018001727172716271627152714371431133513351431153516351
73117351635163114351335123112351235123112351235113111351235133114351535153114351
33512311135123512311235123512311335143514311435133512311135123512311235123511311
13511351231123511351131113511351231123512351231123512351231133513351331133512351
070000100010001000100010001127112711271227122712271231123512351231123513351
43116351735173116351535143114351535153114351335123111351135123112351235123111351
13511311135113511311135113511311135113511311135113511311135113511311135113511311
13511351131113511351231123513351331133512351231123512351331133513351331133512351
110800180018001800180018001727162715271427132713271231133514351531153514351
43114351435143114351435143113351235113111351135113111351135113111351135123112351
23512311235113512311235123513311235123512311235133513311335123512311135113511311
23512351231123511351131113512351231123511351231123512351231133513351331133512351
120800180018001800180018001727162715271427142713271231133514351531153514351
43114351435143115351535153114351335123111351135113111351135113111351135123112351
23513311335133513311335143514311535153514311435133513311335123512311235123512311
23512351231123512351231133514351531153516351631163516351531153514351431133513351
130800180018001800180018001727172716271627152715271431153515351631163516351
53115351435143114351435143113351235123111351135113111351135113111351135123112351
23512311235113511311135113511311135113511311135113512311235113511311135113511311
13511351231113511351131113511351231123512351231123512351231133513351331133512351
145800150010001000100010001127112711271127122712271331133513351331143514351
53115351535153114351435143115351535153114351235123112351235133113351235113111351
13512311235113511311135123512311235123512311135113511311135113511311135113511311
13511351131113511351131123512351231123512351131123512351231133513351331123512351
149700110010001000100010001127112711271227122713371331133513351431143515351
53115351635153115351535153115351535153114351335123112351235123112351235123111351
13511311135113511311135113512311235123512311235113511311135113511311135113511311
13511351131113511351131123512351231123512351231123513351331133513351331133513351
156800150010001000100010001127112711271127122712371331133513351331143514351
53115351535153115351435143115351535153114351335123112351235123112351235113111351
13512311235113511311135113512311235123512311235113511311135113511311135113511311
13511351131113511351131123512351231123512351231123512351331133513351331133513351
168100100010001000110010001117112712271327132714271531163516351731173517351
73117351635163116351535153115351535153114351335123112351135113111351235123112351
23512311235123512311235113511311135113511311235123512311235113511311135113511311
13511351131113511351131113512351231123511351231133514351431153515351431133513351
180000100010001000100010001127112711271227122713371331143514351431143515351
53115351535153115351535153115351535153116351635153114351335123112351335133113351
33512311235113511311135123512311235123512311235123512311235123511311135113511311
13511351131113511351131113512351231123512351231123513351331133513351331133513351
190000100010001000100010001127112711271127112711371131123513351431153516351
63116351535143114351535153116351635163115351535153115351635173116351635153115351
53514311335123512311235133514311335123512311135123512311235123512311235113511311
13511351131113511351231123512351331133512351231123512351231123513351331133512351
222800180018001800180018001727162715271427132713271431143515351531153515351
53115351635173116351635153114351335123111351135113111351135113111351135113111351
13511311135113511311135113512311235123513311235123512311235123511311135113511311
13511351131113511351131113511351131113511351131123512351231123512351231123513351
240700180018001800180018001727172716271637152715271531153516351631173517351
73117351735173117351735173116351535143113351235113111351235123112351235113111351
23512311135113512311335153516311535133512311235143514311435133512311135113511311
13511351131113511351131113511351231123511351131123512351231123512351231123512351
255800170018001800180018001817172717271727172716271631163516351631163516351
73116351635163117351735173117351735163115351435133113351435143114351235113111351
23512311335133514311535163516311535153514311435143514311335123512311135113511311
13511351131113511351131113512351231123512351231123512351231123512351231123512351
260700170018001800180018001817172717271727172716271631163516351631163517351
73117351635163116351735173117351735173116351535143114351435143113351235113111351
23513311435153515311535153514311435153515311435143513311235123511311135113511311
13511351131113511351231123512351231123511351131123512351231123512351231123511351
280300120014001600130013001427142714271437143714271431153515351531163516351
73117351735173117351735173117351735173117351635153114351335133112351235123112351
23512311235133513311335123512311235123512311235123512311235123512311235113511311
13511351131113511351131123512351231123512351231123512351231123512351231123512351
299000120011001000100010001127112712271227132713271431143514351431153516351
73117351635163116351635163116351735173117351635163116351635173117351735173117351
73517311735163516311635163516311635153515311435143513311335123512311235123512311
23512351231123512351231133513351431133513351231123512351231123513351331123512351
434800180018001800180018001727172716271537153714371431133512351231113511351
23113351435153115351535153115351635173118351835173117351635153114351335123111351
13511311235133514311435153515311635153515311435133512311235123512311235123511311
13511351231123511351131113511351131113511351131113512351231123512351231133513351
460800180018001800180018001727173717371727172716271631143513351331133514351
53115351535143114351435143115351635173117351735173117351635163116351635163116351
63516311635163516311635173517311735173517311635163515311535153514311435133513311
23512351231123512351231123512351231123512351231123512351231133514351431153515351
481600150016001800180018001727162716271627152715271531153515351531153515351
53116351635173117351635163116351735173117351735173117351735173116351535153115351
63517311735173517311735173517311735163516311635153515311435143514311335123512311
23512351231123512351231123512351231123512351231123512351231123512351331133513351
497600170017001800180018001627152714271327132714271431153516351731173517351
73117351735173117351735173117351735173117351735173117351735173117351735173117351
73517311735173517311735173517311635163515311435143514311435143514311335133513311
33513351331133513351231123512351231123512351231123512351231133514351531153515351
510800180018001800170018001827182718271727173717271731173517351731163516351
53116351635173116351535143115351635173117351735173117351735173117351635163115351
43513311235123511311135113511311135123511311135113511311235133514311435133513311
33513351331123512351231133515351531153514351331133513351431143514351531153516351
579700170014001500170014001427142714271427142714271431143514351431143515351
53116351635173117351735173117351735173117351735173117351735173117351735173117351
73516311635163516311735173517311735173517311735173517311635153515311535153515311
53515351431133513351331133513351431143514351431143515351531153516351631153514351
588700170017001800170017001727162716271527162716271631163515351431143515351
63116351635163116351735173117351735173117351735173117351735173117351735173117351
73517311735173517311735173517311735163516311635163515311535143514311435143515311
53516351631153514351331143514351431143514351431143515351631173517351731163515351
621800180018001800180018001827182718271727172717271731173517351731173517351
73117351735173117351735173117351735173117351735173117351735173117351735173117351
73517311735173517311735173517311735173517311735173517311735173517311735173516311
63516351631153514351331133514351531153516351731163516351631163516351631163516351
630700160017001700170018001827172717271727162716271631163516351631163516351
63116351635163116351635163117351735173117351735173117351735173117351735173117351
73517311735173517311735173517311735173517311735173517311735173517311635163516311
53515351531153515351531153515351531153515351531153515351531143514351431143515351
643400150014001700160017001727162716271527152714371431143514351431153516351
63117351735173117351735163117351735173117351735173117351735173117351735173117351
73517311735173517311735173517311735173517311735173517311735173517311735173517311
73516351631163516351631163516351631153514351331133513351331133513351331133514351
645400150015001600160015001527152715271427142714371431143514351431143515351
53116351735173117351735163116351735173117351735173117351735173117351735173117351
63516311635173517311735173517311735173517311735173517311735163516311635153515311
53515351531153515351531153515351531153514351431133513351331133513351431143514351
650400150014001500160015001527152715271527152715271531153515351531163517351
73117351735173117351735173117351735173117351735173117351735173117351735173117351
73517311735173517311735173517311735173517311735173517311635163515311535153515311
53515351531153515351531163516351531143513351331133514351431143514351431143514351
675700180017001700170014001427142714271527152715371531143514351431153515351
63117351735173117351635163116351735173117351735173117351735173117351735173117351
73517311735173517311735173517311735173517311635163516311635163516311635163516311
63516351631163516351531153515351531143514351431143514351431143514351431143514351
690700140015001700180018001627153715371427143714371431143514351431143514351
43114351535153116351635173117351735173117351735173117351735173117351735173117351
73517311735173517311735173517311735173517311735173516311635163516311535153514311
33512351231123513351431143515351531163516351631163516351631163516351631163516351
747600150016001600150018001827172717271627162717271731173517351731173517351
73117351735173117351735173117351735173117351735173117351735173117351735173117351
73517311735173517311735173517311735173517311735173517311635153515311535153516311
63516351631163516351731173517351731173517351731173517351731173516351631153514351
