20151214181424
T2M TEDF  78  35 1
20151214182015121413
20151214182015121414
20151214182015121415
20151214182015121416
20151214182015121417
20151214182015121418
20151214182015121419
20151214182015121420
20151214182015121421
20151214182015121422
20151214182015121423
20151214182015121500
20151214182015121501
20151214182015121502
20151214182015121503
20151214182015121504
20151214182015121505
20151214182015121506
20151214182015121507
20151214182015121508
20151214182015121509
20151214182015121510
20151214182015121511
20151214182015121512
20151214182015121513
20151214182015121514
20151214182015121515
20151214182015121516
20151214182015121517
20151214182015121518
20151214182015121519
20151214182015121520
20151214182015121521
20151214182015121522
20151214182015121523
20151214182015121600
20151214182015121601
20151214182015121602
20151214182015121603
20151214182015121604
20151214182015121605
20151214182015121606
20151214182015121607
20151214182015121608
20151214182015121609
20151214182015121610
20151214182015121611
20151214182015121612
20151214182015121613
20151214182015121614
20151214182015121615
20151214182015121616
20151214182015121617
20151214182015121618
20151214182015121619
20151214182015121620
20151214182015121621
20151214182015121622
20151214182015121623
20151214182015121700
20151214182015121701
20151214182015121702
20151214182015121703
20151214182015121704
20151214182015121705
20151214182015121706
20151214182015121707
20151214182015121708
20151214182015121709
20151214182015121710
20151214182015121711
20151214182015121712
20151214182015121713
20151214182015121714
20151214182015121715
20151214182015121716
20151214182015121717
20151214182015121718
002  63   001  64   001  59   001  59   001  58   001  59   001  63   571
  68   571  72   671  74   771  74   771  74   871  78   871  83   771  89   771
  91   771  91   871  91   871  91   771  92   771  94   671  98   771 101   771
 103   871 103   871 102   771 100   771  99   771 101   871 101   871 103   871
 106   871 109   871 111   971 114   971 116  1071 118  1071 122  1171 125  1171
 129  1171 134  1171 136  1171 136  1071 135  1071 133   971 135   971 136   971
 139   971 140   971 140  1071 138  1071 135  1071 133  1171 131  1171 131  1171
 133  1171 134  1171 134  1171 134  1171 133  1171 130  1151 129  1251 129  1211
 128  1251 127  1151 126  1111 126  1051 127  1051 130   911 134   951 139   951
 142   911 143   951 142   951 139   911 135   951 132   951 129   911
005  62   001  64   001  63   001  62   001  59   001  59   001  61   371
  65   671  68   771  70   871  70   971  71   971  73   971  75  1071  77  1071
  77  1071  77  1071  77  1071  79  1171  82  1071  86  1071  91  1171  97  1171
 100  1271 102  1171 102  1171 101  1071  99  1071  99   871  99   871  99   971
  99  1071 101  1171 103  1171 106  1171 109  1171 110  1271 109  1371 111  1471
 114  1371 118  1371 122  1271 124  1171 126  1171 128  1071 132  1071 138  1171
 143  1171 147  1171 148  1171 146  1171 141  1071 136  1071 132   971 129  1071
 127  1171 127  1271 128  1271 128  1371 129  1371 128  1151 126  1151 122  1211
 117  1151 113  1151 111  1011 112  1051 116  1051 121  1011 127  1151 133  1151
 138  1211 141  1251 142  1151 140  1111 134  1151 126  1251 120  1211
015  52   001  55   001  54   001  55   001  55   001  55   001  57   571
  60   871  62  1071  62  1071  63  1071  63  1071  65  1071  65  1071  65  1071
  65  1071  65  1071  65  1071  66   951  69   971  74   871  80   971  88  1071
  93  1171  96  1171  96  1071  95  1071  97  1071  97  1071  96  1071  94  1071
  93  1171  94  1171  97  1271 103  1271 106  1371 105  1371 104  1471 103  1471
 104  1471 107  1571 110  1571 113  1471 116  1371 119  1271 127  1271 133  1271
 139  1171 141  1171 143  1071 142  1071 140  1071 138  1071 134  1071 130  1171
 126  1171 124  1271 124  1371 125  1471 125  1571 122  1251 120  1251 117  1211
 115  1251 115  1351 114  1311 113  1251 113  1151 115  1011 119  1151 125  1151
 130  1211 133  1251 135  1251 134  1211 131  1251 128  1351 124  1311
027  90   001  87   001  83   001  80   001  79   001  88   001  89   771
  86   871  84   871  85  1171  86  1571  86  1571  87  1471  88  1471  90  1371
  89  1371  90  1371  90  1371  91  1371  92  1271  95  1171  99  1171 104  1171
 108  1171 110  1071 112   871 112   771 112   871 113  1071 114  1271 115  1371
 115  1471 116  1471 117  1471 117  1571 119  1571 121  1571 124  1571 127  1571
 129  1471 130  1471 131  1371 131  1271 132  1171 135  1171 139  1171 144  1171
 150  1071 154  1071 156  1071 154  1071 152  1171 145  1171 138  1271 132  1371
 126  1371 124  1471 122  1471 122  1571 122  1571 121  1551 118  1651 115  1611
 111  1651 107  1751 105  1711 107  1651 112  1551 119  1411 128  1351 137  1351
 145  1211 149  1251 149  1251 146  1211 139  1451 130  1551 123  1711
070  57   001  70   001  65   001  45   001  31   001  26   001  28   971
  34  1471  38  1671  41  1671  41  1771  41  1871  41  1871  39  1871  39  1871
  37  1771  35  1771  34  1771  38  1571  46  1471  54  1371  66  1371  76  1471
  84  1671  86  1571  86  1471  85  1371  85  1371  85  1471  86  1571  86  1671
  87  1671  87  1871  87  1971  87  2071  87  2071  86  2171  85  2171  86  2271
  89  2171  94  2071 100  2071 105  1951 110  1871 115  1771 121  1671 127  1671
 133  1671 137  1471 139  1371 139  1271 136  1371 132  1571 127  1671 125  1771
 123  1971 122  2071 121  2171 119  2371 115  2471 109  2051 105  2051 103  2011
 103  2051 104  2051 106  2011 108  1951 111  1851 115  1711 121  1651 127  1651
 133  1511 137  1451 137  1451 135  1311 129  1551 122  1651 115  1811
110 131   001 133   001 137   001 131   001 129   001 127   001 125   871
 123  1071 123  1071 125   971 126   971 128   871 129   871 129   871 127   871
 125  1071 124  1171 124  1371 126  1171 130  1071 134   871 138   871 141   771
 144   771 145   671 147   671 147   571 148   771 148   971 147  1171 146  1171
 145  1271 144  1271 143  1271 142  1171 142  1171 143  1171 142  1171 141  1171
 139  1271 137  1471 136  1571 136  1371 138  1271 140  1071 144  1071 148  1071
 152  1071 153   971 154   971 152  1071 149  1171 145  1171 141  1271 140  1271
 141  1371 142  1371 142  1471 141  1471 140  1571 141  1451 141  1451 141  1411
 142  1551 142  1651 141  1711 138  1651 135  1451 134  1311 137  1351 143  1251
 147  1211 147  1251 145  1351 140  1311 135  1351 130  1451 126  1411
120  98   001  99   001 101   001 103   001 103   001 103   001 102   671
 104   671 105   771 108   971 110  1071 112  1171 113  1171 114  1271 114  1271
 113  1271 112  1271 111  1271 111  1171 113   971 116   871 121   871 127   971
 131   971 134   871 135   771 136   871 137   871 138   871 138   971 137   971
 135  1171 134  1171 133  1271 133  1371 133  1471 133  1471 132  1571 132  1571
 132  1571 131  1471 131  1471 131  1371 132  1271 136  1171 142  1171 148  1171
 155  1171 157  1171 156  1171 153  1171 148  1171 141  1171 136  1171 133  1171
 132  1271 131  1271 130  1371 130  1571 130  1671 129  1551 128  1651 128  1611
 127  1651 126  1651 125  1611 123  1651 123  1551 127  1511 135  1551 146  1451
 153  1411 155  1451 151  1351 145  1311 137  1351 130  1351 124  1311
130  96   001 101   001 101   001  98   001  98   001  93   001  93   571
  94   871  96  1071  97  1071  98  1171  99  1171 101  1271 100  1271  99  1371
  97  1371  94  1471  93  1471  94  1471  97  1471 101  1371 106  1371 112  1271
 116  1271 121  1271 123  1171 125  1171 125  1171 125  1171 125  1171 124  1171
 127  1171 129  1271 131  1271 132  1371 133  1371 133  1471 132  1471 131  1571
 130  1571 130  1671 129  1671 129  1671 129  1571 132  1571 138  1471 146  1471
 153  1371 158  1371 159  1471 157  1471 150  1371 141  1471 133  1371 128  1371
 126  1371 125  1371 125  1471 123  1571 122  1671 120  1551 118  1551 115  1611
 112  1751 109  1751 108  1811 108  1851 111  1751 116  1711 124  1751 134  1651
 143  1611 149  1651 152  1751 150  1711 144  1751 135  1751 128  1711
145  53   001  58   001  56   001  51   001  50   001  54   001  54   871
  53  1071  52  1171  53  1171  52  1171  51  1171  49  1171  48  1271  47  1271
  46  1271  46  1271  46  1271  48  1271  52  1271  61  1271  69  1271  82  1271
  91  1271  96  1171  97  1071  97   971  96   971  96  1071  96  1171  96  1171
  95  1271  96  1271  98  1371 101  1471 102  1571 102  1571 102  1571 104  1571
 108  1571 113  1471 116  1471 117  1471 116  1371 118  1371 122  1371 128  1471
 135  1471 139  1371 141  1371 141  1271 138  1371 134  1371 129  1471 124  1471
 120  1571 118  1571 117  1571 117  1671 117  1671 110  1351 107  1351 104  1311
 101  1451  99  1451  99  1511 100  1551 104  1451 109  1411 116  1551 124  1551
 130  1611 134  1551 135  1551 134  1411 130  1551 124  1551 119  1611
149  46   001  55   001  51   001  49   001  55   001  57   001  54   771
  51   871  48  1571  49  1271  50  1271  50  1371  47  1371  42  1371  40  1371
  38  1371  35  1471  34  1471  36  1471  43  1371  52  1271  64  1271  78  1371
  90  1371  97  1271 100  1071 100   971 100   971  99   971  97   971  98  1171
  97  1171  96  1271  98  1371 101  1471 103  1571 105  1571 104  1571 105  1571
 109  1571 113  1671 116  1671 116  1671 116  1571 117  1571 122  1571 131  1571
 138  1571 143  1471 144  1471 143  1371 139  1371 134  1471 129  1471 122  1471
 119  1571 117  1571 117  1671 118  1771 118  1871 111  1451 109  1451 106  1411
 103  1551 100  1651  98  1711  99  1651 102  1651 108  1511 117  1551 127  1651
 135  1611 140  1551 142  1551 140  1411 134  1551 127  1551 120  1611
156  54   001  59   001  56   001  56   001  60   001  65   001  64   471
  59   571  56   971  55  1071  54  1171  53  1271  51  1271  51  1271  49  1271
  49  1271  47  1271  47  1271  48  1371  52  1371  60  1471  72  1471  86  1271
  97  1271 103  1171 105  1071 104   971 105   971 106   971 107   971 106   971
 104  1071 103  1071 104  1171 108  1271 110  1371 112  1371 113  1471 115  1471
 119  1471 123  1571 126  1571 127  1571 127  1471 128  1471 133  1471 140  1471
 145  1471 149  1471 150  1371 149  1271 147  1271 143  1271 139  1271 134  1271
 130  1371 127  1371 125  1471 125  1571 124  1671 118  1251 116  1351 114  1311
 112  1451 109  1451 108  1511 108  1551 111  1551 116  1511 124  1551 133  1651
 140  1611 144  1551 144  1351 142  1211 139  1351 135  1351 130  1411
168  92   001 103   001  91   001  41   001  23   001  24   001  30  1871
  37  1771  41  1871  41  1971  41  2171  45  2271  45  2171  47  1971  47  1871
  48  1771  45  1771  45  1671  48  1671  54  1571  64  1571  75  1771  87  1771
  97  1871 102  1771 102  1671  98  1571  93  1671  87  1871  85  1971  86  2071
  89  2071  91  2071  90  2171  87  2371  85  2471  85  2371  86  2371  89  2271
  93  2171  98  2171 102  2071 106  1971 109  1771 114  1671 120  1671 128  1771
 134  1771 138  1671 139  1671 136  1571 131  1771 124  1971 117  2071 115  2271
 116  2371 115  2471 113  2671 109  2771 106  2971 100  2351  99  2351  98  2211
  97  2251  96  2251  96  2211  98  2151 101  2051 108  1911 118  1851 128  1851
 138  1711 144  1751 145  1651 141  1611 131  1851 118  2051 108  2211
180  92   001 100   001  98   001  82   001  54   001  51   001  51  1571
  53  2071  54  2271  54  2271  53  2071  54  2171  54  2071  57  2071  60  1971
  60  1871  61  1771  62  1671  62  1671  63  1771  69  1871  78  1971  88  2271
  97  2571  99  2271  98  2171  93  1971  87  1771  81  1771  76  1671  76  1871
  76  1971  78  2071  80  2071  80  2071  82  2171  83  2171  83  2071  84  2071
  85  1971  87  1971  89  1871  90  1871  93  1871  98  1871 105  1971 114  2171
 122  2271 129  2171 132  1971 132  1871 128  1771 123  1571 116  1471 114  1671
 113  1771 113  2071 113  2171 112  2471 112  2571 107  2251 105  2151 104  2111
 103  2151 102  2051 101  2011 101  2051 102  2051 107  2011 116  2151 127  2351
 136  2411 141  2351 141  2151 136  2011 125  1951 113  1751 102  1611
190  37   001  46   001  44   001  44   001  41   001  33   001  28  1571
  23  1771  20  1871  19  1971  20  1871  21  1971  24  1971  25  2071  25  2071
  26  1971  26  1971  27  1871  30  1871  36  1971  46  1871  62  2171  78  2371
  90  2471  95  2571  94  2471  90  2371  85  2071  78  1871  72  1671  64  1771
  58  1771  54  1871  53  1971  55  1971  59  2071  60  2171  62  2171  64  2271
  66  2171  67  2171  69  2071  71  1971  76  1771  83  1771  94  1771 107  1771
 120  1971 129  1971 134  1871 135  1871 132  1771 127  1571 120  1471 114  1471
 110  1671 106  1671 105  1771 107  2071 107  2171  99  2151  98  2251  96  2211
  94  2151  93  2151  93  2011  95  1951  98  1851 104  1711 111  1951 119  2151
 127  2311 133  2251 135  2251 132  2111 122  2051 108  1951  96  1811
222 112   001 124   001 118   001 115   001 114   001 114   001 109   571
 102   671  98  1171  96  1271  95  1271  94  1371  92  1371  89  1471  87  1471
  85  1471  83  1571  84  1571  87  1371  91  1371  97  1171 105  1171 113  1071
 119  1071 125  1071 128  1271 128  1171 125  1071 121  1071 118  1071 117  1071
 117  1171 118  1171 119  1271 121  1371 122  1471 123  1571 124  1671 125  1771
 125  1771 124  1871 124  1871 125  1671 127  1471 131  1371 137  1271 145  1171
 151  1071 156  1171 157  1271 155  1471 148  1371 137  1371 126  1271 119  1371
 114  1371 112  1471 111  1671 109  1771 108  1971 108  1851 103  1951  99  2011
  96  2051  94  1951  95  1911  98  1851 103  1651 111  1511 122  1451 133  1251
 143  1111 150  1351 152  1551 150  1711 142  1751 132  1751 124  1711
240  94   001 105   001 106   001  95   001  84   001  77   001  75   971
  75  1271  76  1271  76  1271  75  1371  75  1371  74  1471  72  1571  72  1671
  74  1571  76  1571  78  1471  78  1471  79  1671  81  1671  88  1571  95  1571
 102  1571 107  1571 108  1471 107  1471 106  1271 104  1171 104  1171 105  1171
 105  1271 107  1271 108  1371 108  1471 107  1571 105  1671 104  1871 104  1971
 108  1871 113  1871 118  1771 120  1771 120  1971 122  1971 126  1971 132  1871
 138  1871 143  1871 146  1771 145  1671 140  1671 132  1571 124  1671 117  1671
 113  1671 111  1671 109  1771 107  1871 105  1971  99  1951  95  2151  91  2211
  90  2151  90  1951  91  1811  93  1951  96  1951 103  2011 114  1951 127  1951
 138  1811 144  1851 146  1851 142  1811 134  1851 124  1851 116  1811
255  92   001  97   001  97   001  78   001  64   001  51   001  48  1271
  49  1571  51  2171  52  2271  52  1971  54  2071  54  2071  53  2071  50  2071
  46  2071  43  1971  42  1971  44  1971  51  1971  61  1871  76  1871  91  1771
 101  1771 106  1671 106  1671 104  1571 103  1471 101  1571  98  1571  94  1671
  90  1771  87  1971  87  1971  89  1971  90  1971  90  2071  89  2071  87  2171
  86  2171  87  2071  88  2071  90  2171  94  2071 100  2171 108  1971 118  1871
 127  1771 134  1771 136  1571 135  1571 129  1671 119  1871 110  1971 104  2071
 100  2171  97  2271  95  2271  93  2371  91  2371  87  2151  85  2251  82  2211
  78  2251  75  2251  74  2211  76  2251  82  2151  93  2111 108  2051 125  1951
 138  1811 145  1751 147  1751 143  1611 135  1851 126  1951 116  2111
260  90   001  96   001  85   001  75   001  64   001  59   001  49  1771
  40  1871  35  2171  36  2571  39  3071  40  3271  37  3171  31  3071  26  2971
  23  2671  23  2471  26  2171  30  2171  36  1971  44  1871  57  1871  70  1871
  83  1871  91  1871  95  1671  95  1671  92  1971  87  2271  83  2571  81  2671
  83  2871  83  3071  83  3171  84  3271  84  3371  86  3271  85  3271  86  3171
  86  2971  87  2671  89  2471  92  2571  96  2371 102  2371 110  2371 120  2171
 129  2071 138  2071 143  1971 142  1971 133  2271 121  2671 109  2971 101  3071
  97  3171  95  3171  95  3371  94  3471  94  3671  89  3251  87  3151  85  3111
  82  2951  80  2751  80  2511  84  2451  91  2351 101  2211 113  2151 126  2151
 138  2011 147  2051 152  2051 149  2011 138  2451 123  2751 108  3111
280  43   001  49   001  51   001  48   001  45   001  43   001  39  1571
  34  1771  30  1971  28  1971  27  1771  27  1771  28  1771  27  1871  28  1871
  28  1971  22  2071  20  2171  17  2271  16  2171  22  2271  33  2371  48  2271
  61  2471  67  2471  67  2371  66  2371  66  2171  66  1871  65  1671  64  1871
  63  1971  64  2171  66  2171  69  2071  70  2071  70  2171  68  2171  66  2271
  66  2271  67  2271  69  2271  72  2171  76  2171  85  2171  96  2171 107  2071
 118  2171 125  2071 127  2071 125  1971 118  1771 112  1671 104  1371 100  1471
  98  1571  95  1771  93  1871  91  1871  89  1971  80  2151  76  2151  71  2211
  65  2251  60  2351  57  2311  58  2351  63  2351  72  2311  84  2451  98  2451
 111  2511 121  2451 127  2451 125  2311 115  2151 102  1951  90  1711
299  82   001  83   001  74   001  58   001  41   001  34   001  28  1971
  23  1871  19  1871  17  2271  17  2071  18  2171  21  2171  23  2271  24  2271
  23  2171  21  2071  20  1971  23  1971  31  1771  43  1671  60  1771  77  1771
  90  1971  96  1971  96  1871  89  1971  78  2071  65  1971  54  1871  47  1971
  43  2171  43  2271  46  2371  48  2371  50  2371  52  2471  53  2471  54  2571
  55  2471  57  2371  61  2271  66  2171  74  1971  84  1871  96  1771 109  1771
 120  1771 129  1771 133  1771 132  1771 124  1771 115  1671 104  1671  97  1771
  93  1871  91  1971  90  1971  91  2171  93  2171  85  2351  86  2351  84  2411
  80  2351  75  2351  74  2211  78  2051  87  1951  98  1711 109  1751 119  1851
 128  1811 134  1751 136  1551 131  1411 118  1551 101  1551  85  1611
434 123   001 126   001 122   001 105   001  94   001  92   001  87   671
  82   771  79   871  77  1071  76  1171  76  1171  75  1271  76  1371  76  1471
  75  1471  73  1471  72  1471  72  1571  74  1571  82  1571  94  1571 109  1371
 122  1371 129  1371 131  1271 128  1171 123  1071 117   971 111   871 107   871
 105   971 104   971 102  1071 100  1171  98  1271  97  1371  96  1371  94  1471
  91  1471  89  1571  87  1571  87  1671  89  1671  95  1771 104  1871 116  1771
 126  1671 137  1771 141  1571 141  1471 135  1371 125  1371 116  1271 111  1271
 108  1271 107  1271 106  1371 104  1271 101  1371 100  1451  97  1551  94  1611
  92  1751  91  1751  92  1811  95  1851 100  1751 109  1711 122  1751 136  1651
 147  1611 153  1551 153  1551 148  1411 138  1451 127  1351 117  1311
460 143   001 151   001 139   001 113   001 106   001  91   001  79  1171
  70  1571  66  1771  68  1971  75  2171  80  2171  80  2171  76  2271  70  2271
  64  2471  58  2571  56  2771  59  2471  67  2171  80  1871  97  1771 114  1771
 128  1671 135  1771 135  1571 131  1571 123  1771 115  1971 106  2171 100  2171
  98  2171  97  2171  99  2171 101  2271 101  2271  99  2371  96  2371  92  2471
  88  2571  86  2771  86  2871  90  2571  98  2371 108  2071 121  2071 134  2071
 146  1971 155  1971 159  1971 156  1971 145  2171 129  2271 113  2371 103  2371
  96  2471  94  2471  94  2471  95  2671  95  2671  88  2551  86  2551  82  2611
  77  2751  72  2951  71  3011  76  2851  86  2551 102  2311 123  2251 144  2151
 161  2011 171  2051 172  2151 166  2111 153  2351 137  2451 122  2611
481 139   001 136   001 130   001 120   001 111   001 107   001  98  1271
  89  1471  82  1671  79  1771  77  1571  74  1571  71  1571  70  1571  70  1571
  67  1571  65  1671  64  1671  64  1771  68  1671  77  1671  91  1871 108  1871
 122  2071 130  1971 131  1671 127  1571 118  1471 108  1471  97  1471  92  1571
  91  1671  90  1671  89  1771  87  1771  86  1771  86  1771  87  1771  87  1771
  86  1771  85  1771  85  1771  87  1671  91  1671  99  1671 111  1771 124  1971
 137  2071 147  1971 152  1871 151  1771 142  1771 128  1671 117  1571 110  1571
 106  1671 103  1671  97  1671  92  1871  88  1871  80  1951  78  1951  76  2011
  72  1951  68  1951  67  1811  71  1851  80  1851  91  1811 104  2051 117  2351
 129  2511 138  2351 143  2151 142  1911 135  1851 125  1851 115  1711
497  78   001  73   001  56   001  36   001  25   001  13   001   9   771
   9   971   9  1271   6  1471   3  1671   1  1571  -1  1571  -2  1571  -2  1571
  -2  1571  -4  1471  -8  1471 -12  1371 -11  1471   2  1371  31  1571  63  1871
  87  2071  89  2071  77  1971  58  1671  43  1671  32  1671  25  1771  23  1871
  23  1871  25  1971  27  1971  29  1871  29  1771  30  1771  31  1671  32  1671
  32  1571  31  1571  28  1471  24  1571  24  1871  36  1971  62  1971  93  2171
 112  2171 111  1971  97  1871  79  1771  68  1671  62  1771  58  1771  54  1871
  49  1871  43  1971  38  1971  34  1871  31  1871  23  1651  21  1551  19  1511
  16  1551  13  1451  11  1411  12  1651  20  1851  38  2011  68  1951 100  1951
 121  1811 122  1851 109  1751  89  1711  70  1751  55  1751  44  1711
510 161   001 166   001 162   001 139   001 132   001 123   001 113  1171
 105  1371  98  1471  94  1671  92  1771  92  1771  89  1871  87  1871  85  1971
  83  1971  80  1871  80  1871  81  1771  86  1771  95  1771 110  1771 127  1871
 139  1971 146  1871 147  1871 144  1771 140  1671 135  1571 128  1471 121  1571
 115  1771 110  1871 107  1871 104  1971 101  1971  97  1971  93  2071  89  2071
  85  2071  83  2071  83  2071  86  2171  92  2171 101  2171 116  2271 131  2271
 146  2271 158  2171 165  1871 165  1771 156  1671 142  1571 128  1471 117  1671
 110  1671 105  1771 103  1871 101  2171  98  2271  99  2251  97  2251  95  2211
  93  2251  91  2251  92  2211  96  2251 102  2351 113  2311 127  2451 143  2451
 157  2511 168  2351 173  2251 170  2011 159  1951 144  1951 130  1811
579 128   001 139   001 144   001 133   001 107   001 100   001  95   871
  90  1071  87  1271  85  1471  83  1771  82  1871  81  1971  79  2171  76  2271
  72  2371  69  2371  69  2471  74  2471  83  2371  95  2271 109  2071 123  1771
 134  1571 141  1471 143  1271 138  1071 128  1271 114  1571 102  1771  96  1771
  93  1871  90  1771  90  1871  89  1971  88  2071  87  2171  83  2171  77  2271
  69  2271  63  2371  62  2371  69  2371  83  2271  99  2271 116  1971 130  1771
 145  1471 157  1371 164  1371 161  1171 146  1371 128  1571 109  1771  98  1971
  94  2171  93  2271  92  2271  91  2271  88  2271  86  2151  82  2251  76  2211
  69  2251  64  2351  63  2311  69  2351  80  2351  95  2311 111  2151 125  1951
 138  1711 147  1651 151  1551 148  1411 139  1651 126  1851 114  2011
588  94   001  90   001  89   001  79   001  74   001  70   001  64   871
  58  1171  53  1371  50  1871  48  2171  48  2271  49  2271  51  2271  50  2271
  46  2071  40  1971  36  1771  37  1871  42  1971  52  1971  67  1971  82  1971
  97  1971 108  1871 112  1671 107  1471  93  1771  76  2171  59  2471  52  2471
  50  2371  50  2471  51  2371  53  2371  54  2371  56  2371  56  2371  54  2371
  49  2271  43  2071  42  1971  48  2071  60  2071  77  2171  95  2171 114  2171
 129  2171 140  2071 143  1971 137  1871 121  2071 102  2371  84  2571  73  2471
  68  2471  65  2371  61  2371  58  2371  55  2371  57  2351  57  2451  56  2411
  51  2251  46  2151  42  1911  43  2051  50  2051  62  2111  79  2151  97  2251
 113  2211 124  2151 127  2051 123  1911 111  2251  95  2451  81  2711
621 163   001 157   001 162   001 124   001  66   001  62   001  57   971
  52  1171  50  1371  49  1771  49  1871  52  1871  54  1871  56  1971  58  1971
  58  1971  59  2071  62  2071  71  1971  85  1971 105  1871 129  1971 152  2071
 171  2171 182  1971 182  1671 171  1471 149  1771 123  1971  99  2371  85  2271
  80  2171  80  2071  82  1971  84  1971  85  1871  83  1871  80  1971  75  1971
  70  2071  68  2071  71  2171  82  2071  98  1971 119  1971 141  2071 162  2071
 180  2171 193  2071 196  1771 184  1671 158  1971 125  2171  96  2471  82  2371
  79  2371  81  2271  83  2271  83  2371  82  2371  84  2151  80  2151  76  2111
  73  2151  72  2251  77  2211  89  2151 106  2051 127  1911 149  2051 170  2151
 187  2211 198  2051 198  1951 185  1711 156  2051 122  2351  95  2611
630 137   001 147   001 141   001 126   001 115   001 111   001 102  1171
  93  1271  87  1671  85  1571  86  1671  87  1571  86  1571  86  1671  86  1671
  83  1671  83  1771  83  1771  84  1771  89  1671  98  1571 112  1871 129  2371
 143  2471 152  2371 154  2271 151  2171 143  2071 132  1971 121  1871 111  1871
 106  1871 102  1871  99  1771  95  1771  91  1671  86  1671  80  1771  75  1771
  70  1771  67  1771  65  1771  66  1971  72  2071  85  2171 103  2471 126  2571
 148  2771 164  2671 172  2471 171  2271 161  2371 145  2171 130  2071 118  2071
 110  2071 104  2071  98  2071  93  2071  88  2071  94  1951  93  2151  91  2211
  88  2251  84  2151  83  2111  86  2151  93  2051 105  2011 122  2351 140  2651
 156  2911 165  2751 167  2651 162  2411 150  2351 135  2151 122  2011
643 163   001 166   001 143   001 130   001 128   001 108   001 102  1171
 103  1171 106  1271 108  1371 110  1571 111  1671 109  1671 106  1771 103  1771
 102  1771 100  1871 100  1871 101  1771 103  1671 110  1671 119  1571 131  1271
 140  1171 144  1171 144  1171 140  1171 133  1171 126  1271 120  1271 118  1371
 117  1371 117  1471 116  1571 113  1771 110  1871 107  1871 104  1771  99  1771
  93  1771  88  1771  86  1771  90  1571  98  1471 110  1271 124  1271 138  1171
 149  1171 157  1171 160  1271 156  1371 145  1371 130  1371 118  1371 111  1371
 110  1471 111  1471 112  1771 111  1871 107  2071  92  1951  87  1951  83  1911
  80  1951  79  1851  80  1811  84  1751  90  1651 101  1511 115  1551 130  1451
 141  1411 146  1551 146  1551 142  1611 136  1651 129  1551 124  1511
645 130   001 150   001 138   001 113   001 101   001  96   001  96   871
  97  1071  98  1071  96  1271  96  1371  97  1371  98  1571  98  1671  97  1871
  96  1771  96  1671  97  1571 102  1651 110  1551 119  1511 129  1651 139  1651
 146  1711 150  1751 150  1551 144  1511 133  1551 120  1551 110  1511 105  1751
 105  1751 105  1711 104  1751 102  1651 100  1611  98  1751  96  1851  93  1911
  88  1851  84  1751  85  1671  93  1571 107  1571 124  1471 139  1471 154  1571
 166  1571 173  1471 175  1571 169  1571 154  1571 135  1571 118  1571 108  1671
 102  1771 101  1871 101  1971 102  1871 102  1871  99  1851  95  2051  89  2111
  84  2151  81  2051  82  2011  89  1851 100  1751 114  1511 128  1651 141  1751
 150  1811 154  1851 152  1951 146  1911 136  1951 126  1851 117  1811
650 153   001 151   001 143   001 140   001 132   001 125   001 118   871
 114   971 111  1171 109  1471 107  1771 104  1871 100  1971  98  2071  97  2171
  96  2171  98  2271 100  2271 103  1971 109  1771 118  1471 129  1471 141  1471
 151  1471 154  1271 153  1171 149   971 143  1071 137   971 128  1071 123  1271
 119  1271 116  1371 113  1571 112  1671 111  1871 109  1971 106  2171 102  2271
  98  2271  94  2371  95  2371 103  2071 114  1871 126  1671 136  1571 145  1571
 151  1471 157  1271 160  1271 157  1071 147  1071 132  1171 120  1171 113  1371
 109  1471 108  1571 106  1771 104  1971 103  2171  96  2151  97  2251  97  2311
  95  2451  93  2451  94  2511  99  2351 108  2051 119  1811 129  1751 139  1751
 146  1611 151  1551 152  1351 149  1211 141  1351 131  1351 123  1411
675 140   001 142   001 138   001 125   001 122   001 116   001 106   971
  96  1171  89  1571  85  1871  84  2171  82  2271  79  2371  75  2571  68  2671
  62  2671  57  2771  57  2771  62  2671  72  2671  87  2571 105  2271 123  2071
 138  1671 148  1471 150  1271 144  1071 131  1271 116  1371 101  1571  91  1771
  86  1971  84  2171  84  2271  86  2471  86  2571  85  2671  83  2771  77  2871
  68  2871  59  2871  57  2871  64  2871  78  2771  95  2771 113  2371 130  1971
 143  1571 152  1471 157  1371 153  1271 140  1471 122  1571 105  1771  95  1971
  90  2271  88  2471  87  2671  87  2771  86  2971  90  2751  88  2851  85  2811
  80  2951  75  2951  73  3011  77  2951  86  2951  99  2811 114  2351 130  1951
 143  1411 151  1451 153  1351 148  1311 136  1451 120  1551 106  1611
690 152   001 150   001 140   001 138   001 118   001 117   001 112   871
 105   971 101  1071  98  1171  96  1171  91  1171  89  1171  87  1171  86  1171
  83  1171  81  1171  79  1171  80  1351  85  1351  94  1511 108  1451 125  1351
 139  1211 148  1051 151   971 147   871 137   971 123  1071 114  1271 108  1271
 107  1271 107  1171 106  1171 104  1271 102  1271 100  1271  99  1271  97  1271
  95  1271  93  1271  92  1271  94  1371 100  1471 109  1571 124  1471 139  1471
 152  1471 158  1271 158  1151 151  1011 139  1051 125  1051 113  1111 107  1151
 105  1351 105  1311 104  1351 103  1351 101  1311  99  1351  98  1351  96  1311
  93  1351  89  1351  88  1311  91  1451  98  1451 109  1511 124  1451 140  1351
 152  1211 158  1151 157   951 149   811 136   951 122  1051 111  1111
747 125   001 124   001 117   001 104   001  78   001  59   001  56  1071
  61  1271  68  1171  71  1571  71  2071  71  2271  69  2271  68  2171  66  2171
  65  2171  65  2171  67  2171  72  2071  81  1771  94  1571 111  1671 127  1771
 139  1871 142  1671 139  1471 133  1371 125  1471 118  1471 112  1571 106  1671
 102  1971  98  1971  95  2071  93  2271  91  2371  89  2371  86  2471  82  2471
  76  2471  71  2371  72  2371  81  2271  97  2071 118  1871 140  1871 161  1971
 176  1971 184  1971 183  1971 174  1871 158  1871 141  1871 125  1871 116  1971
 112  2071 110  2171 109  2371 108  2471 106  2671 101  2651  97  2651  93  2711
  88  2751  85  2851  84  2811  88  2551  96  2151 109  1811 125  1851 141  1851
 153  1811 159  1951 159  1951 154  2011 145  2051 136  1951 128  1911
NT  TEDF  78  35 1
20151214182015121413
20151214182015121414
20151214182015121415
20151214182015121416
20151214182015121417
20151214182015121418
20151214182015121419
20151214182015121420
20151214182015121421
20151214182015121422
20151214182015121423
20151214182015121500
20151214182015121501
20151214182015121502
20151214182015121503
20151214182015121504
20151214182015121505
20151214182015121506
20151214182015121507
20151214182015121508
20151214182015121509
20151214182015121510
20151214182015121511
20151214182015121512
20151214182015121513
20151214182015121514
20151214182015121515
20151214182015121516
20151214182015121517
20151214182015121518
20151214182015121519
20151214182015121520
20151214182015121521
20151214182015121522
20151214182015121523
20151214182015121600
20151214182015121601
20151214182015121602
20151214182015121603
20151214182015121604
20151214182015121605
20151214182015121606
20151214182015121607
20151214182015121608
20151214182015121609
20151214182015121610
20151214182015121611
20151214182015121612
20151214182015121613
20151214182015121614
20151214182015121615
20151214182015121616
20151214182015121617
20151214182015121618
20151214182015121619
20151214182015121620
20151214182015121621
20151214182015121622
20151214182015121623
20151214182015121700
20151214182015121701
20151214182015121702
20151214182015121703
20151214182015121704
20151214182015121705
20151214182015121706
20151214182015121707
20151214182015121708
20151214182015121709
20151214182015121710
20151214182015121711
20151214182015121712
20151214182015121713
20151214182015121714
20151214182015121715
20151214182015121716
20151214182015121717
20151214182015121718
002600180016001700170018001727172717271727162716371635163517311735173517311
73517351731173517351731173517351731173517351731173517351731163516351631163516351
63116351735173117351635163117351735173117351735173117351635163116351635163116351
63516311635153515311535153515311535143513311335123512311335133514311535153515311
005500170016001600170017001727162716271627163715371535163517311735173517311
73517351731173517351731173517351731173517351731173517351731173516351631163515351
53116351635173117351635163116351735173117351735173117351735173117351735163116351
63516311535143514311435153515311535143513311235123512311235133514311535153516311
015800170014001500170018001827182718271837173717371735173517311735173516311
63516351631173517351731173517351731173517351731173516351631163516351631163516351
73117351735173117351735173117351735173117351635163115351535153116351635163116351
63516311635163517311735173516311635163516311535133512311135113512311335143515311
027700180017001700150017001727172717271727173717371735173517311735173517311
73517351731173517351731183518351731173516351531153515351531153515351531153515351
53115351535153115351635163117351735173117351635163116351635153115351535153115351
63516311635163515311535143513311335123512311135123512311335153516311635173517311
070100130013001400140014001527162716271627162716371635173517311635153514311
53516351731173517351731173517351731173517351731173517351731173516351531153515351
53115351635163116351735173117351735173117351635163116351535153115351535153115351
53515311635163517311735163516311635163515311535143513311335143514311535153515311
110800170015001000140010001127112712271227132714371535153515311535163517311
73517351731173518351831173517351631173517351631153514351331133513351431153515351
53116351635163116351735173117351735173117351735173117351735173116351635163116351
53515311535143514311435143514311535163516311735173517311735173517311735173516311
120700180017001500130013001327142714271527152716371635163516311635163517311
73517351731183518351831173517351731173516351531143513351331133513351431143514351
43114351535153115351635163116351735173117351735173116351535153114351435143115351
53516311535153514311435143514311435143514311335123512311335143514311435143514311
130600160016001200110015001527152716271627162717371735173517311735173517311
73517351731173517351831183518351731173516351531153515351531153515351431143514351
43114351535163116351635163116351735173116351635153115351635163115351535143114351
53516311635163515311535153515311435133512311135113512311235133514311535163516311
145200140015001600150016001627152715271527142714371435143515311535163516311
73517351731173517351731173517351731173517351731173516351631153515351531153515351
53115351535153116351635173117351735173117351635163116351635163116351635163116351
63516311635153515311435143515311535163516311635153514311435153515311535153515311
149300120013001600150013001427142714271427143714371535143514311535153516311
73517351731173517351731173517351731173517351731173516351631163515351531153515351
53115351535153116351635173117351735173117351635163116351635163116351635163117351
73516311635153515311535143515311535163516311635153515311535153515311535153515311
156300130014001600150015001527152715271527153715371535143514311535153516311
73517351731173517351731173517351731173517351731173516351631163515351531153515351
53115351535153116351635173117351735173117351635163116351635163116351635163116351
73516311635153515311535143515311535163516311635153515311535153515311535153515311
168000110010001400130014001427142714271427152715371635163516311635163516311
63516351731173517351731173517351731173517351731173517351731163515351431143514351
43115351535153116351635173117351835173116351535153115351635163117351635163116351
63516311535153515311535153516311635163516311535153514311535153516311635163516311
180000100010001000100010001127122713271427143715371635163517311735163516311
63516351631163516351631163517351731173517351731173517351731173517351731163515351
53115351535153116351635173117351735173117351735173117351735173117351635163116351
63516311635163516311635163517311735173517311635153515311535153515311535163516311
190800170017001700180012001227132713271327143714371435153515311535163516311
63516351631163515351531143514351431153515351631163516351631163517351731173517351
73116351535153115351635173117351735163116351635163116351635163117351735173117351
63516311635163516311635163516311635173517311735163516311635163516311635153515311
222300140015001700140017001727172717271727172717371735173517311735173517311
73517351731173517351731173517351731173516351531143513351331133514351531153515351
53115351535153116351635163116351635153114351435133114351535163117351635163115351
53515311435143514311435153515311535153514311235123512311335153516311735173516311
240300170013001000100012001327132714371527152716371735173517311735173517311
73517351731173517351731173517351731183518351731163514351331133514351431143515351
43115351535153116351635173117351735173116351535143114351435143114351535153115351
53515311535153515311635163516311635163515311435133512311235123513311435153516311
255100120014001100110010001127122712271327142714371535153515311535163516311
73517351731163516351631163517351731173517351731173517351731153514351331133513351
43114351435143115351635173117351735173116351635153115351535153115351635163116351
53515311535153514311435143514311435143515311435143514311435153515311535153514311
260000100012001400120010001127122713271427142714371535153515311535163516311
63516351631163516351631173517351731173517351731173518351731163514351331133513351
43114351435143115351635173117351735173116351635173117351735173116351535153115351
63516311635153514311335133513311335133514311435153515311535163516311635163515311
280800170017001700170015001527152715371537142714371435143515311535153515311
53516351731173517351731173517351731173517351731173517351731173517351731163514351
33113351435153116351635173117351735173116351635153115351535153115351535153115351
53515311535143514311435143514311535163516311635153514311435143515311535153515311
299300100011001200120012001127112711271127122712371335143514311535153515311
53515351431143515351531153515351531153515351631163516351631163516351731173517351
73116351535143115351635173117351735173117351735173116351535153115351535153115351
53515311635163516311635153515311535153516311635163516311535143514311435143514311
434200100010001000120011001227122713371337143714371435143514311435143515311
53515351631163515351531163517351731173517351731163515351531143514351431143514351
53115351435143115351635163117351635163116351535153114351435133113351435143114351
43515311535153515311435133513311335133514311435143514311335123512311235123512311
460000110012001500110010001037113712271227132713371435153515311635163516311
53515351431143515351531163516351731173517351731173517351631163515351431143514351
43114351435143115351535153115351535153116351635163116351535153114351435143113351
33512311235133513311335143514311435143513311335123512311235123512311335133514311
481500160011001100110011001127112712271227132714371435143514311535153515311
63515351531153515351531163516351631163516351631163516351731173517351731163515351
43114351435153115351535153115351535153116351635163115351535143114351435153115351
53514311435143514311435143515311535163516311535143514311435143515311635163516311
497100100010001000100010001127112711271127112711371235133514311435153515311
43514351331133512351131113512351231133513351431153515351531153516351631153515351
53115351535153116351635163116351535153115351435143114351435133113351335133112351
23512311335143514311435143514311435143514311435143514311335133513311235123512311
510000100013001400170015001527152714271437132713371335143514311535153515311
53516351631163516351631163517351731173517351631153514351431143514351431143514351
43115351535163116351735173116351435133113351335133113351435143114351535153115351
43513311335123512311235123513311335133513311335123512311235123512311335143514311
579800170016001400140015001527152715271527152715371535153515311535153515311
63516351631163516351631163516351531153515351531153516351631163516351631153514351
43114351435153115351535153115351535153115351535153114351335123112351335133113351
33513311335143514311435153515311535153515311535153515311535163517311635163516311
588800180017001700170016001527152714271327132713371235133513311435143514311
43515351531153515351531143513351331133514351431153516351631163516351531153514351
43114351435143114351435153115351535153114351335123112351235123112351335133113351
33513311435143513311335123512311335133514311335123512311235133515311535153515311
621200100010001000140014001427152715271527142714371435143515311535153515311
53515351631163516351631163517351731163516351531143513351331133514351531153515351
43114351435153115351535153114351435143114351435143114351335133113351435143114351
33513311235123513311335133513311335133513311335133512311235123513311335123513311
630700140013001200100012001327132714271427142714371435143514311435143514311
53515351531153515351531163517351731173516351531143514351431143514351431143514351
33113351335133113351435143115351535153115351535153114351435143114351435143114351
43514311435133513311335133513311335143514311435143514311535153515311535143514311
643500160015001300140014001427142714271427153716371635163516311535153515311
63516351731173516351631153515351631163516351731163516351631163516351631163516351
53115351435153115351635163116351535153115351535153115351435133113351335133113351
33513311335133514311535153516311635173517311735173517311735163516311635153515311
645800170012001000120012001227122713271327143714371535153515311535153515311
53516351631173517351631163516351631163516351631163516351631163516351531153515351
53115351435143114351435143115351535153115351635153114351335123112351235123113351
33513311335143515311535163516311735173517311735173517311735173517311635163515311
650800170017001200120013001327132713271327132713371335133513311435143514311
43514351431153515351531153515351531153514351431143515351531163517351731163515351
53114351435143114351435143114351435143115351535153115351435143114351435153115351
53515311435143514311435143514311435153515311535143515311535153515311535153515311
675800180018001600170017001627162715271427143713371335133513311335143514311
43515351531153515351531143514351331133514351431143514351531153515351531153515351
43114351535153115351535153114351435143114351535153115351435143114351535153115351
43514311435143514311435143514311435153515311535163516311535153515311535153515311
690500160018001600160017001637153714271437133712371235123513311335133514311
43515351531153514351331133513351331143514351431143514351531153516351631153514351
43114351435153115351535153115351435143114351435143114351435143114351435143114351
43514311435143513311335133513311435143514311435143513311335133513311335143514311
747200140015001000100010001127122713271327142714371435143514311435143514311
53516351631163515351531153515351531153515351531153515351531153514351431143514351
53115351535153115351535153115351535153115351535163115351535153114351435143114351
33513311335133513311435143515311635163516311535143514311435153516311535153514311
