20150411091428
T2M TEDF  78  35 1
20150411092015041104
20150411092015041105
20150411092015041106
20150411092015041107
20150411092015041108
20150411092015041109
20150411092015041110
20150411092015041111
20150411092015041112
20150411092015041113
20150411092015041114
20150411092015041115
20150411092015041116
20150411092015041117
20150411092015041118
20150411092015041119
20150411092015041120
20150411092015041121
20150411092015041122
20150411092015041123
20150411092015041200
20150411092015041201
20150411092015041202
20150411092015041203
20150411092015041204
20150411092015041205
20150411092015041206
20150411092015041207
20150411092015041208
20150411092015041209
20150411092015041210
20150411092015041211
20150411092015041212
20150411092015041213
20150411092015041214
20150411092015041215
20150411092015041216
20150411092015041217
20150411092015041218
20150411092015041219
20150411092015041220
20150411092015041221
20150411092015041222
20150411092015041223
20150411092015041300
20150411092015041301
20150411092015041302
20150411092015041303
20150411092015041304
20150411092015041305
20150411092015041306
20150411092015041307
20150411092015041308
20150411092015041309
20150411092015041310
20150411092015041311
20150411092015041312
20150411092015041313
20150411092015041314
20150411092015041315
20150411092015041316
20150411092015041317
20150411092015041318
20150411092015041319
20150411092015041320
20150411092015041321
20150411092015041322
20150411092015041323
20150411092015041400
20150411092015041401
20150411092015041402
20150411092015041403
20150411092015041404
20150411092015041405
20150411092015041406
20150411092015041407
20150411092015041408
20150411092015041409
002 101   001  95   001  88   001  92   001  99   001 100   001 105   471
 105   671 103   671 103   671 103   971 103  1071 102  1071  97   971  94   971
  88   871  85   871  79   771  76   871  71   871  68   971  66   971  66   971
  62   971  59   971  56  1071  61  1071  72  1171  86  1171 100  1271 109  1271
 113  1271 118  1271 124  1271 129  1371 132  1371 130  1271 126  1271 120  1171
 113  1071 108   971 103   871  98   971  93  1071  89  1171  86  1171  82  1171
  77  1171  72  1171  69  1151  70  1111  78  1151  89  1151 100  1111 108  1251
 113  1251 118  1311 123  1451 127  1451 128  1511 126  1451 122  1351 117  1211
 113  1151 109  1151 106  1011 104  1151 103  1251 102  1311 102  1351 101  1251
 100  1211  98  1251  97  1151 102  1111 114  1151 129  1251 142  1211
005 110   001 102   001 100   001 105   001 113   001 118   001 127   471
 130   571 131   871 128   871 123  1171 117  1271 112  1171 107   971 100   871
  91   871  82   771  73   771  68   771  63   871  59   871  55   971  51   971
  45  1071  39  1071  36  1071  43  1071  61  1171  86  1171 109  1171 126  1271
 137  1271 146  1371 155  1471 161  1671 162  1771 156  1571 145  1171 133   971
 121   971 111   971 103   971  96   971  90  1071  86  1071  82  1171  78  1171
  72  1271  64  1271  59  1251  62  1211  76  1251  97  1151 118  1111 134  1251
 145  1251 153  1311 160  1551 165  1651 166  1811 161  1451 152  1351 140  1011
 128   951 116   951 105   811  95   951  87  1151  82  1211  80  1351  79  1351
  76  1411  69  1451  64  1551  69  1511  88  1451 116  1251 144  1111
015 118   001 119   001 112   001 104   001 112   001 125   001 125   471
 130   571 134   871 129   971 119  1171 110  1271 105  1271 103  1171 100   971
  91   971  82  1071  71  1071  64  1171  57  1171  52  1271  48  1271  46  1271
  42  1271  38  1171  36  1171  42  1071  58  1071  79  1071  99  1071 114  1171
 124  1171 132  1271 140  1371 147  1471 151  1571 151  1471 147  1271 140  1171
 131  1171 120  1171 109  1171 100  1271  94  1371  89  1471  85  1471  81  1571
  77  1571  71  1471  67  1251  69  1111  79  1151  93  1051 109  1011 122  1151
 132  1251 140  1211 147  1451 152  1551 156  1611 157  1451 154  1451 147  1211
 135  1251 120  1151 106  1111  95  1251  87  1451  81  1511  76  1551  72  1651
  67  1611  62  1551  62  1551  70  1411  91  1351 118  1251 145  1111
027 108   001  98   001 106   001 105   001 116   001 124   001 121   371
 118   571 115   671 116   771 118   971 119  1071 118   971 112   971 104   871
  93   871  80   871  71   871  64   971  60   971  58  1071  54  1171  52  1271
  46  1371  39  1371  36  1371  42  1371  63  1371  92  1171 119  1071 140  1171
 154  1271 162  1371 168  1371 171  1471 172  1471 169  1371 164  1371 150  1271
 133  1271 112  1071  94  1071  82  1071  73  1071  68  1071  64  1171  59  1371
  55  1471  47  1471  44  1351  50  1311  70  1351  98  1451 127  1411 150  1551
 166  1551 176  1611 180  1651 180  1851 177  1911 172  1751 164  1451 153  1211
 138  1151 121  1151 106  1011  95  1051  88  1151  83  1111  79  1351  75  1451
  70  1611  64  1751  63  1751  71  1811  93  1651 124  1451 155  1211
070 116   001 116   001 117   001 118   001 121   001 126   001 127   471
 133   771 138   871 143   971 143  1171 141  1171 134  1271 123  1271 112  1371
 101  1471  92  1771  83  1771  76  1871  69  1971  64  1971  61  1971  59  1971
  55  1971  49  1971  45  1971  50  1971  67  1671  91  1471 112  1171 126  1271
 136  1371 143  1471 151  1571 159  1571 163  1571 162  1471 155  1471 143  1571
 127  1571 111  1671  97  1871  88  1971  82  2171  79  2171  76  2171  72  2271
  67  2271  62  2271  61  2251  66  2211  80  1951  98  1851 117  1611 132  1551
 142  1451 150  1311 156  1451 160  1551 162  1611 161  1651 155  1551 143  1311
 123  1451 101  1651  83  1711  73  1951  68  2051  66  2211  63  2251  58  2351
  52  2411  46  2451  44  2451  53  2411  75  2151 106  1851 136  1511
110 103   001 103   001  96   001  94   001 102   001 101   001 111   471
 120   671 126   771 129   771 131  1071 130  1071 127   971 121   771 111   671
  97   771  82   871  69   971  59  1071  54  1071  51  1171  49  1171  47  1171
  42  1171  37  1271  36  1271  45  1371  67  1271  96  1171 123  1071 140  1271
 150  1271 155  1371 159  1371 162  1271 161  1271 156  1071 148   871 135   671
 119   771 104   971  90  1071  81  1171  75  1171  72  1271  70  1271  68  1271
  63  1271  56  1271  53  1351  61  1311  86  1251 119  1051 151   911 173  1051
 185  1251 192  1211 195  1351 196  1351 195  1411 192  1351 185  1151 172   911
 153  1051 133  1051 116  1111 108  1251 105  1451 106  1511 106  1551 105  1451
 101  1411  96  1451  93  1551 101  1511 122  1451 150  1251 177  1111
120 103   001 100   001 102   001 106   001 101   001  98   001 105   471
 107   771 107   971 109  1071 111  1071 111  1071 107   971 100   971  92   871
  82   871  76   871  70   871  67   871  65   971  65   971  64  1071  62  1071
  57  1171  50  1271  46  1271  51  1371  68  1271  92  1171 115  1071 133  1171
 144  1171 152  1171 158  1171 162  1051 160  1011 152   951 140   951 126   811
 113   851 101   951  92   911  86   951  83  1051  81  1011  78  1051  75  1051
  69  1011  62  1151  58  1351  63  1411  81  1351 107  1251 133  1111 152  1251
 163  1251 170  1311 173  1451 172  1451 169  1511 164  1451 156  1251 147  1111
 136  1151 125  1051 116  1011 110  1051 106  1051 104  1011 103  1151 102  1151
  97  1211  88  1351  82  1551  86  1611 105  1551 133  1451 160  1311
130 109   001 105   001 107   001 109   001 127   001 126   001 130   471
 130   771 129   971 129   871 130  1271 130  1271 130  1171 125   971 118   871
 107   871  94   871  85   871  79  1071  76  1171  73  1371  68  1471  60  1571
  51  1671  41  1671  36  1771  42  1771  63  1671  90  1571 118  1371 139  1471
 152  1571 163  1671 171  1671 178  1671 182  1671 182  1471 176  1371 166  1171
 149  1071 130   971 113   971 102  1171  94  1271  88  1471  83  1571  76  1571
  68  1671  57  1671  51  1751  57  1711  81  1751 115  1651 149  1611 173  1651
 189  1551 199  1511 205  1651 208  1651 209  1711 207  1651 202  1451 192  1111
 177  1051 158  1051 141   911 127  1151 117  1251 110  1411 106  1551 101  1651
  95  1711  85  1851  79  1951  84  2011 106  1951 137  1851 169  1711
145 110   001 111   001 110   001 107   001 108   001 116   001 131   671
 138   971 139  1071 139  1071 137  1271 134  1371 131  1371 129  1371 123  1371
 115  1271 105  1271  95  1171  87  1171  81  1071  76  1071  70  1171  64  1171
  55  1271  49  1271  48  1171  56  1171  74  1271  99  1271 122  1371 136  1371
 144  1471 152  1471 160  1471 168  1471 173  1471 174  1471 170  1571 161  1571
 147  1571 130  1371 116  1271 104  1271  95  1171  88  1171  81  1171  75  1271
  69  1271  64  1271  62  1351  70  1311  89  1351 113  1451 135  1411 150  1451
 159  1551 166  1511 174  1651 181  1851 185  1911 185  1951 181  1851 171  1811
 157  1651 140  1451 125  1211 114  1251 105  1151  98  1111  91  1251  85  1251
  78  1311  73  1351  72  1451  81  1411 102  1451 130  1451 156  1411
149 116   001 114   001 114   001 114   001 110   001 119   001 136   471
 146   671 150   871 150   871 148  1271 144  1371 139  1371 135  1271 130  1271
 123  1271 117  1171 111  1271 105  1171 100  1071  94  1071  86  1171  78  1171
  72  1271  67  1171  66  1171  73  1071  88  1171 110  1171 129  1271 143  1171
 153  1171 162  1171 172  1271 178  1471 183  1471 183  1571 179  1471 169  1471
 154  1371 138  1371 123  1271 111  1171 102  1171  94  1071  86  1171  80  1271
  74  1371  68  1371  66  1251  73  1211  92  1351 116  1451 139  1511 155  1451
 164  1451 172  1311 180  1551 188  1851 192  2011 192  1951 186  1751 176  1611
 162  1551 146  1351 130  1211 117  1251 107  1151  99  1111  93  1251  87  1351
  81  1411  74  1451  71  1451  78  1411  98  1451 126  1451 153  1411
156 120   001 120   001 122   001 126   001 123   001 127   001 141   471
 149   771 152   971 152  1071 148  1171 142  1271 137  1171 131  1171 127  1071
 120   971 114   971 110   871 106   871 102   871  98   871  93   871  87   971
  83   971  78   971  76   871  80   871  93  1071 111  1171 129  1371 143  1471
 154  1371 163  1471 172  1471 179  1471 183  1471 182  1471 176  1371 168  1371
 159  1371 149  1171 139  1071 130  1071 122   971 116   971 112   971 108  1071
 102  1071  94  1071  89   971  91   911 105  1151 125  1251 145  1411 160  1551
 171  1451 179  1511 186  1751 192  1851 194  1911 193  1851 188  1651 180  1511
 171  1451 160  1251 149  1111 139  1051 129  1051 122   911 117  1051 113  1051
 108  1111 101  1151  97  1151 102  1111 118  1251 142  1351 166  1411
168 109   001 114   001 113   001 117   001 124   001 135   001 138   571
 142   671 148   771 154   971 160  1171 162  1171 157  1271 146  1371 133  1471
 121  1771 110  1771  99  1971  90  2071  82  2171  77  2271  76  2171  78  1971
  78  1871  76  1871  75  1971  79  1971  92  1771 111  1471 129  1271 144  1371
 157  1571 168  1671 179  1671 187  1571 192  1571 191  1671 182  1671 167  1771
 144  1871 119  1971  96  1971  82  2171  74  2271  70  2471  67  2371  63  2271
  60  2171  54  2171  52  2051  60  2011  82  1951 111  1851 138  1711 157  1651
 170  1551 179  1411 188  1551 194  1551 197  1611 194  1651 183  1551 166  1511
 142  1651 116  1751  93  1811  78  2051  68  2351  63  2511  59  2451  55  2351
  50  2211  43  2251  40  2251  50  2211  77  2051 114  1851 149  1611
180 118   001 112   001 116   001 106   001 102   001 107   001 119   471
 129   771 135   871 143   971 149   971 152  1071 150  1171 143  1371 134  1371
 125  1471 115  1571 107  1671  99  1771  94  1771  88  1871  84  1871  82  1771
  79  1771  77  1771  77  1771  83  1771  97  1671 116  1571 132  1471 143  1471
 151  1471 156  1571 164  1471 170  1371 173  1371 169  1371 158  1271 142  1271
 124  1371 104  1671  88  1671  78  1771  74  1871  71  1971  68  1971  64  2071
  60  2071  57  2071  58  1951  67  1911  87  1851 113  1851 136  1711 152  1651
 161  1551 167  1511 172  1551 176  1651 176  1611 172  1451 162  1151 147   911
 126  1151 104  1251  86  1511  75  1651  68  1751  64  1811  59  1951  53  1951
  47  2011  41  2051  41  1951  51  1911  75  1951 106  1851 136  1811
190 133   001 133   001 133   001 137   001 149   001 140   001 145   771
 152   871 157   871 163   971 168  1171 171  1271 169  1371 162  1471 152  1471
 146  1471 136  1471 129  1471 119  1471 110  1471 102  1471  96  1471  89  1571
  87  1571  86  1671  88  1671  95  1771 107  1671 124  1571 140  1471 155  1471
 167  1571 177  1471 186  1471 191  1671 192  1571 187  1471 177  1471 163  1471
 145  1471 129  1371 114  1371 103  1471  94  1471  89  1571  83  1671  79  1771
  76  1871  74  1871  75  1851  84  1811 102  1751 125  1651 147  1611 163  1451
 174  1251 181  1211 186  1451 189  1451 188  1511 183  1451 173  1351 160  1211
 143  1351 126  1451 109  1511  95  1551  85  1651  77  1611  71  1751  66  1751
  61  1811  56  1851  55  1951  64  1911  85  1851 114  1851 142  1711
222 114   001 114   001 116   001 119   001 122   001 143   001 144   471
 144   671 144   871 144   971 144  1371 143  1471 141  1471 137  1271 127  1171
 111  1171  91  1271  76  1271  66  1171  61  1171  59  1071  54  1071  47  1171
  38  1171  29  1171  27  1171  34  1171  54  1171  80  1171 107  1271 131  1471
 147  1671 162  1871 175  1871 186  2071 191  1911 191  1651 187  1551 177  1411
 163  1351 147  1351 132  1211 121  1251 112  1251 106  1211 101  1351  96  1351
  90  1411  83  1451  80  1351  86  1311 105  1351 132  1351 159  1311 179  1451
 194  1751 204  1811 212  1951 217  2051 219  2111 217  2051 212  1851 202  1611
 188  1551 172  1351 157  1211 144  1251 133  1351 126  1311 121  1351 118  1351
 113  1311 107  1451 104  1551 109  1611 127  1651 152  1551 177  1511
240 110   001 109   001 110   001 111   001 114   001 124   001 133   371
 141   671 147   871 150   871 150  1271 149  1371 147  1271 144  1271 138  1171
 126  1071 113  1071 100   971  93   971  89   871  86   871  83   971  78   971
  72  1071  67  1071  65  1171  70  1171  86  1071 108  1071 130  1071 148  1271
 162  1471 172  1771 181  1771 186  1671 190  1671 192  1471 190  1271 181  1271
 163  1271 142  1171 122  1171 109  1071 102  1071  97   971  93  1071  89  1171
  82  1271  75  1271  72  1251  78  1211  97  1351 124  1551 151  1611 172  1751
 188  2051 199  2011 207  2051 212  2151 214  2011 213  1851 207  1651 195  1511
 177  1451 156  1351 137  1211 124  1251 117  1151 112  1111 108  1151 104  1251
  98  1211  89  1351  84  1351  89  1411 109  1451 137  1351 166  1311
255 113   001 112   001 111   001 116   001 122   001 129   001 140   671
 148   971 154   971 161  1071 167  1471 171  1571 170  1571 166  1471 157  1471
 146  1471 136  1371 124  1471 115  1371 110  1271 105  1171 100  1171  95  1171
  89  1171  80  1071  76   971  81   871  99   971 123  1271 146  1371 161  1471
 170  1571 177  1771 186  1871 194  1871 200  1971 201  1871 196  1771 186  1671
 170  1571 152  1571 136  1571 122  1371 111  1271 103  1171  97  1171  91  1271
  85  1271  78  1171  75  1151  82  1011 104  1351 133  1451 161  1611 180  1751
 192  1751 201  1811 210  1951 217  1851 220  1911 217  1851 207  1951 194  1811
 178  1651 161  1551 145  1311 132  1251 122  1251 114  1111 108  1251 102  1251
  95  1311  86  1351  82  1251  87  1211 107  1251 135  1351 163  1311
260 105   001 104   001 106   001 112   001 123   001 133   001 142   971
 151  1071 160  1271 167  1271 170  1671 172  1771 171  1671 167  1571 158  1471
 143  1671 126  1771 108  1971  94  1971  84  2071  78  2071  78  2171  79  2271
  77  2371  71  2171  67  1971  72  1771  92  1671 122  1571 149  1471 167  1671
 180  1971 187  2171 194  2171 199  2171 202  2171 201  1971 194  1771 180  1571
 158  1771 134  1971 110  2171  94  2171  83  2171  77  2271  73  2371  70  2571
  67  2671  63  2471  63  2151  73  1911  98  1951 130  2051 161  1911 183  2051
 198  2151 208  2111 216  2151 221  2251 222  2211 216  2051 204  1851 185  1711
 160  1851 133  1751 111  1811  97  2051  89  2251  84  2411  79  2551  74  2751
  68  2811  62  2651  61  2351  71  2111  97  1951 131  1651 164  1411
280  94   001  86   001  84   001  92   001  99   001 111   001 132   371
 148   671 160   771 168   871 171  1271 171  1371 168  1371 161  1371 150  1371
 135  1471 118  1571 107  1571 100  1571  97  1571  94  1571  89  1471  81  1471
  73  1371  66  1371  65  1471  75  1471  97  1471 126  1371 151  1271 166  1271
 173  1371 178  1371 183  1471 189  1571 192  1671 191  1671 185  1571 172  1671
 153  1671 132  1571 113  1471 103  1471  98  1571  93  1571  86  1571  78  1471
  71  1471  67  1571  69  1551  80  1611 100  1551 125  1451 149  1311 167  1351
 181  1251 190  1211 197  1451 200  1551 200  1711 196  1551 186  1551 172  1311
 153  1351 133  1351 116  1411 106  1451 100  1551  95  1511  89  1551  82  1551
  75  1511  69  1651  68  1651  77  1711  97  1651 124  1451 151  1311
299  99   001 106   001 115   001 151   001 146   001 143   001 150   571
 156   771 159   971 161   971 162  1171 162  1171 160  1271 153  1371 145  1371
 134  1471 123  1471 114  1571 106  1671  98  1771  92  1871  89  1971  86  2071
  83  2171  78  2071  75  1971  82  1871 100  1871 124  1671 148  1571 165  1471
 176  1471 183  1471 189  1371 193  1571 192  1571 186  1671 175  1571 160  1571
 144  1571 126  1571 110  1671  96  1671  86  1871  80  1871  76  2071  74  2271
  72  2471  68  2371  68  2151  77  2011  98  1951 127  1851 153  1711 171  1451
 183  1251 190  1011 196  1251 199  1351 198  1511 192  1451 180  1351 165  1211
 147  1351 127  1451 109  1511  94  1651  82  1851  73  1911  68  2151  64  2451
  60  2611  55  2551  54  2351  64  2211  88  2151 120  2151 150  2011
434  94   001  93   001  92   001  90   001  94   001 101   001 116   471
 131   671 143   971 151  1271 156  1571 157  1671 155  1671 149  1571 140  1571
 128  1571 118  1471 108  1571 102  1571  97  1471  93  1471  89  1371  87  1371
  83  1271  78  1271  76  1171  82  1171  97  1371 120  1471 141  1571 158  1571
 173  1671 183  1671 191  1771 197  1771 198  1911 195  1751 188  1751 178  1611
 167  1751 156  1651 146  1611 139  1551 133  1551 128  1511 123  1451 118  1451
 112  1311 106  1351 103  1251 108  1211 123  1451 145  1551 167  1711 185  2051
 198  2351 208  2511 216  2651 220  2851 220  2811 215  2551 206  2451 194  2111
 181  1951 169  1951 158  1611 150  1651 143  1551 137  1511 130  1551 124  1451
 117  1411 111  1451 110  1451 116  1411 132  1551 154  1551 177  1611
460 105   001  99   001  98   001 108   001 121   001 144   001 159   571
 172   971 182  1171 188  1271 190  1471 189  1571 183  1471 173  1371 162  1371
 148  1471 134  1471 119  1471 109  1471 103  1571 100  1571 101  1671 103  1671
 101  1771  93  1771  87  1671  88  1671 103  1671 125  1671 148  1671 167  1671
 182  1771 194  1771 201  1871 208  1671 209  1671 206  1671 198  1571 185  1571
 168  1471 149  1571 133  1471 119  1571 109  1571 104  1671 102  1771 102  1871
  99  1971  93  1971  89  1851  93  1811 110  1851 135  1951 161  1911 182  2051
 198  2051 210  2011 219  2051 224  2051 225  2011 220  1951 210  1851 195  1711
 176  1551 155  1451 137  1311 123  1451 114  1451 109  1511 106  1751 104  1951
  99  2111  92  2051  87  1951  91  1811 109  1851 135  1951 164  1911
481 108   001  87   001 103   001 112   001 121   001 134   001 146   371
 160   671 174   871 184   971 190  1271 191  1371 187  1271 180  1071 172   971
 163  1071 153  1171 143  1171 134  1171 126  1071 120  1071 115  1071 110   971
 105   971  98   971  95  1071  99  1071 115  1171 137  1271 160  1371 177  1471
 189  1371 198  1471 205  1571 209  1471 211  1571 209  1471 203  1271 191  1271
 177  1271 160  1271 145  1171 133  1171 125  1271 119  1171 113  1171 108  1071
 100  1071  93  1171  89  1151  93  1211 109  1351 132  1251 157  1311 178  1451
 194  1451 206  1511 214  1551 219  1751 219  1811 215  1751 208  1551 196  1311
 181  1251 164  1151 148  1011 135  1151 125  1151 118  1111 113  1151 108  1251
 103  1211  96  1251  92  1351  95  1311 110  1351 132  1451 156  1411
497  77   001  67   001  61   001  88   001 109   001 136   001 151   871
 165  1371 178  1571 188  1671 192  2071 188  2071 176  1771 159  1571 142  1471
 124  1471 110  1471  95  1471  84  1571  75  1671  67  1771  60  1771  52  1771
  45  1771  37  1871  35  1971  45  2071  72  2171 108  2071 144  2071 172  2171
 192  2371 205  2371 212  2371 213  2471 207  2371 194  2071 176  1671 156  1571
 137  1571 119  1671 104  1671  93  1771  84  1871  77  1871  71  1871  65  1871
  59  1871  52  1871  51  1951  61  1911  87  2051 121  1951 157  1911 186  2251
 207  2351 221  2511 227  2551 225  2751 217  2711 202  2351 183  2051 163  1711
 144  1651 127  1651 112  1511 100  1751  91  1851  84  2011  78  2051  72  2051
  65  2011  57  2151  55  2251  65  2311  92  2251 128  2151 165  2011
510 113   001 114   001 113   001 118   001 129   001 139   001 151   471
 163   771 171   871 178   871 181  1271 183  1371 181  1371 175  1471 164  1471
 149  1371 130  1271 114  1171 102  1171  95  1171  91  1171  89  1271  87  1371
  84  1471  78  1371  76  1371  83  1271 106  1271 136  1171 163  1171 184  1271
 198  1371 209  1471 218  1471 227  1571 231  1571 231  1571 226  1671 214  1671
 198  1571 178  1371 161  1271 146  1271 137  1371 130  1371 126  1371 122  1471
 116  1471 109  1371 104  1351 109  1211 128  1351 155  1451 182  1511 203  1651
 217  1851 228  1811 236  1951 242  1951 245  2011 244  1951 239  1951 228  1811
 212  1751 194  1451 177  1311 165  1351 156  1451 150  1411 144  1451 139  1551
 132  1511 125  1451 121  1451 126  1311 144  1351 169  1251 196  1211
579  45   001  37   001  47   001 103   001 110   001 143   001 169   771
 183  1071 194  1071 201  1071 207  1271 209  1371 205  1271 196  1171 180  1071
 161  1071 140  1071 120  1071 107  1071 100  1171  96  1171  97  1271  99  1471
  98  1571  97  1571  96  1471 104  1471 125  1371 152  1471 179  1371 198  1371
 210  1471 218  1471 224  1471 228  1571 228  1571 220  1371 206  1271 188  1271
 166  1271 143  1371 122  1271 106  1271  97  1371  91  1371  88  1471  86  1471
  84  1571  79  1571  79  1451  88  1411 111  1351 141  1351 172  1211 196  1351
 214  1451 227  1511 237  1651 243  1651 242  1711 234  1551 219  1451 200  1311
 179  1351 157  1251 139  1211 126  1251 117  1351 110  1311 104  1451  99  1651
  94  1711  90  1651  91  1651 102  1511 124  1451 154  1451 182  1311
588  17   001  19   001  36   001  59   001  99   001 136   001 156   571
 174   771 190   871 200   971 205  1271 204  1271 199  1271 188  1171 170  1171
 148  1271 125  1271 104  1371  88  1571  76  1671  69  1871  65  1971  62  2071
  59  2171  56  2071  57  2071  68  1971  93  1871 125  1671 156  1471 179  1471
 194  1571 204  1571 210  1571 213  1671 210  1571 202  1471 188  1371 172  1271
 152  1371 132  1471 114  1571 100  1771  92  1971  84  2171  78  2271  73  2271
  69  2371  67  2271  71  2151  84  2011 109  1851 140  1551 171  1311 196  1451
 215  1551 228  1611 236  1751 239  1751 237  1811 229  1651 216  1551 198  1311
 177  1451 155  1451 135  1511 120  1751 109  1951 100  2111  93  2251  87  2351
  83  2411  81  2351  85  2251  98  2111 122  1951 151  1751 181  1511
621  72   001  70   001  58   001 102   001 122   001 126   001 145   471
 158   771 164   871 168  1071 171  1271 172  1371 172  1371 168  1371 159  1271
 148  1271 133  1171 121  1171 109  1271 100  1371  94  1471  90  1471  85  1471
  78  1471  69  1471  65  1471  74  1471 100  1571 134  1771 167  1871 188  1771
 198  1571 203  1471 207  1571 212  1471 213  1571 210  1471 203  1471 189  1471
 170  1371 148  1271 131  1271 119  1371 112  1471 108  1571 105  1571 101  1671
  96  1671  89  1771  86  1751  95  1811 119  1851 151  1951 181  2011 200  2151
 211  2151 217  2211 223  2351 228  2351 229  2411 225  2251 216  1951 201  1711
 180  1551 158  1451 140  1311 130  1551 125  1651 122  1711 118  1751 113  1651
 106  1611  98  1751  95  1851 106  1911 134  1951 171  2051 205  2011
630 100   001  99   001 107   001 116   001 122   001 131   001 151   371
 166   671 177   771 187   771 195  1071 199  1071 198   971 191  1071 182  1071
 172  1171 161  1071 148  1071 136  1071 123  1071 115  1071 110   971 105   971
  99   871  90   971  85   971  90  1071 112  1071 140   971 169  1071 189  1171
 202  1171 211  1171 220  1171 227  1271 229  1171 224  1171 214  1171 199  1271
 185  1271 170  1171 156  1171 145  1171 137  1171 131  1171 127  1071 123  1071
 117   971 109   971 104  1051 108  1011 125  1051 150  1051 175  1111 194  1151
 208  1151 219  1111 228  1251 234  1251 235  1311 228  1351 217  1351 203  1211
 189  1151 177  1151 166  1011 157  1051 150  1151 143  1111 136  1251 129  1251
 121  1311 114  1451 112  1551 119  1611 138  1451 165  1351 191  1111
643  65   001  62   001  63   001  98   001 117   001 157   001 170   371
 176   671 178   971 177   971 173  1171 168  1071 160   971 153   871 143   771
 133   871 125   871 117   971 110   971 104  1071 100  1071  98  1171  96  1171
  90  1271  81  1271  76  1271  85  1271 111  1271 147  1271 176  1271 190  1271
 188  1471 184  1371 180  1271 176  1271 172  1171 166  1071 158  1071 149   971
 139   971 131   971 124   971 118  1071 112  1071 107  1171 103  1271  99  1271
  94  1371  87  1371  85  1451  93  1411 116  1451 147  1451 173  1411 188  1451
 193  1551 194  1511 195  1451 195  1551 192  1511 184  1351 173  1251 161  1011
 151  1051 143  1051 136  1111 130  1251 124  1251 119  1311 115  1451 110  1451
 104  1511  96  1651  93  1651 100  1711 122  1651 152  1551 177  1411
645  44   001  45   001  45   001  93   001 126   001 154   001 173   371
 187   571 196   671 204   871 208  1071 208  1171 202  1071 190   971 174   871
 157   971 139  1171 123  1271 112  1371 105  1371 102  1471 102  1471 103  1471
 102  1471  98  1371  96  1371 105  1271 129  1271 161  1271 189  1271 206  1171
 213  1171 216  1071 218  1171 219  1071 215  1171 205  1071 190  1071 172   971
 153  1071 134  1171 119  1271 108  1371 101  1471  95  1571  92  1571  89  1471
  86  1471  82  1371  81  1351  92  1211 117  1251 150  1351 182  1311 205  1251
 219  1251 228  1111 233  1251 235  1451 231  1611 222  1451 207  1251 189  1011
 168  1151 147  1151 130  1311 119  1451 113  1451 109  1511 106  1551 102  1451
  98  1411  93  1451  93  1451 103  1411 127  1451 159  1351 190  1311
650  52   001  57   001  73   001 105   001 118   001 134   001 160   571
 173   671 180   871 187   971 191   971 191   971 184   971 170   871 156   871
 141   971 130  1071 119  1171 111  1271 103  1371  98  1471  94  1571  92  1571
  89  1671  86  1571  87  1371  97  1271 118  1271 143  1271 167  1271 181  1271
 188  1171 190  1171 192  1171 192  1271 188  1271 180  1171 169   971 156   971
 144  1071 133  1071 124  1171 116  1271 109  1371 104  1471 101  1571  99  1671
  97  1771  96  1671  99  1551 109  1411 128  1351 152  1151 174  1011 190  1051
 201  1051 208  1011 214  1151 216  1151 213  1111 203  1051 188   951 171   811
 156   951 143  1151 132  1211 124  1351 118  1551 113  1611 109  1751 105  1851
 103  1911 102  1951 105  1851 115  1811 133  1651 156  1551 178  1311
675  67   001  68   001  74   001  81   001  88   001 104   001 134   771
 161   871 181   771 193   871 198  1171 196  1171 188  1171 174  1071 158  1071
 140  1271 124  1471 108  1671  96  1771  88  1971  82  2071  79  2171  76  2371
  70  2471  61  2471  55  2571  64  2571  91  2371 128  2271 163  2071 187  1871
 199  1571 207  1371 212  1371 213  1371 210  1371 201  1271 188  1271 171  1171
 153  1371 135  1471 119  1671 106  1871  98  2171  92  2371  87  2471  83  2471
  79  2571  73  2671  71  2651  83  2711 112  2551 151  2251 189  2011 217  1851
 236  1751 247  1511 252  1651 251  1751 245  1811 234  1651 219  1551 201  1311
 181  1451 162  1651 145  1711 133  1951 124  2151 118  2311 112  2451 106  2551
  99  2611  91  2751  88  2751  98  2811 124  2551 159  2351 193  2011
690  95   001  94   001  92   001 113   001 134   001 161   001 167   371
 169   571 169   471 166   471 163   871 159  1171 154  1171 150   971 144   871
 137   971 131  1071 125  1171 120  1171 117  1271 112  1271 108  1171 104  1171
  99  1071  95  1071  96  1071 105  1071 123  1271 147  1271 164  1471 172  1371
 171  1171 168   971 167   971 167  1071 167  1171 166  1071 163   971 157   971
 151  1171 145  1271 139  1271 137  1271 136  1371 134  1371 130  1271 125  1271
 119  1171 117  1171 119  1151 128  1111 145  1251 165  1251 180  1311 186  1251
 185  1351 182  1311 181  1251 180  1251 179  1211 175  1051 170  1051 164   911
 159  1051 154  1251 150  1311 146  1451 142  1351 138  1411 133  1351 128  1251
 123  1111 120  1151 122  1151 131  1111 148  1251 167  1251 180  1311
747  91   001  83   001  88   001 108   001 132   001 140   001 156   371
 168   671 175   871 180   971 182  1271 183  1271 180  1171 174  1071 165   971
 156  1171 145  1371 136  1471 129  1571 124  1471 120  1471 117  1571 112  1571
 105  1671  94  1771  86  1771  91  1871 115  1771 148  1471 176  1271 191  1371
 193  1571 191  1671 190  1471 189  1451 187  1311 182  1251 174  1251 164  1111
 153  1351 142  1551 131  1711 122  1651 115  1551 110  1411 107  1551 104  1551
 101  1611  96  1751  95  1751 102  1811 121  1751 146  1751 168  1611 182  1851
 189  1951 192  2111 194  2151 195  2051 192  1911 185  1751 174  1551 162  1311
 150  1451 140  1651 131  1711 124  1751 118  1751 114  1711 111  1751 108  1851
 105  1811 102  2051 103  2151 112  2311 131  2051 156  1751 178  1411
NT  TEDF  78  35 1
20150411092015041104
20150411092015041105
20150411092015041106
20150411092015041107
20150411092015041108
20150411092015041109
20150411092015041110
20150411092015041111
20150411092015041112
20150411092015041113
20150411092015041114
20150411092015041115
20150411092015041116
20150411092015041117
20150411092015041118
20150411092015041119
20150411092015041120
20150411092015041121
20150411092015041122
20150411092015041123
20150411092015041200
20150411092015041201
20150411092015041202
20150411092015041203
20150411092015041204
20150411092015041205
20150411092015041206
20150411092015041207
20150411092015041208
20150411092015041209
20150411092015041210
20150411092015041211
20150411092015041212
20150411092015041213
20150411092015041214
20150411092015041215
20150411092015041216
20150411092015041217
20150411092015041218
20150411092015041219
20150411092015041220
20150411092015041221
20150411092015041222
20150411092015041223
20150411092015041300
20150411092015041301
20150411092015041302
20150411092015041303
20150411092015041304
20150411092015041305
20150411092015041306
20150411092015041307
20150411092015041308
20150411092015041309
20150411092015041310
20150411092015041311
20150411092015041312
20150411092015041313
20150411092015041314
20150411092015041315
20150411092015041316
20150411092015041317
20150411092015041318
20150411092015041319
20150411092015041320
20150411092015041321
20150411092015041322
20150411092015041323
20150411092015041400
20150411092015041401
20150411092015041402
20150411092015041403
20150411092015041404
20150411092015041405
20150411092015041406
20150411092015041407
20150411092015041408
20150411092015041409
002800180017001800170018001817181717271527132712271235133515311535153514311
43514351431143513351331133514351431143515351431143513351331133514351431133513351
33113351435153115351435143115351535153115351435143114351535153115351535153115351
43514311435143514311435133513311335123512311235113511311135113512311235123512311
005800180016001700170018001717162716271527142713371335133514311435143514311
43514351431143514351431143514351431143514351331133514351431143514351431133513351
23112351335133113351335133113351435143114351535153114351435143114351435143114351
43513311335133512311235123512311235123512311135113511311135113511311235123512311
015700180018001800170017001717171716171627152714371435133513311335133514311
43514351431143513351431143514351431143513351231133513351431143514351431133513351
33113351435143115351435143114351435143114351535153115351535153115351535163116351
53515311435143513311235123512311235123512311235123512311235123512311235123512311
027700140018001800170018001717161716271527153714371435143514311335123512311
33513351431143513351331123512351231123512351231133513351431143514351331133512351
23112351235123113351335133113351335123112351235123112351235113112351235123112351
23511311235123512311235113511311135113511311135113511311135113511311135113511311
070500160017001800170017001717172717271727173716371635153514311435143514311
43514351431143513351331143514351531153514351431143514351431143514351431143513351
23112351135123112351235123112351235123112351235123112351235123113351335133113351
33513311335123512311235113511311135113511311135123512311235123512311235123512311
110400170017001800160015001417142714271427143713371335123511311135123512311
23512351131113512351231123512351131113511351131113512351231123511351131113511351
13112351235133112351235123112351235123112351135113111351135113111351235123112351
13511311135113511311135113511311135113511311135113511311135113511311135113511311
120400140016001800180018001717162714271327132713371435153516311635153514311
33513351331133513351331123512351231133513351331123512351231123512351231123512351
13112351235123113351335133113351235123112351135123112351135113112351235123112351
23512311235123512311135113511311135113511311235113511311135113511311135113512311
130800160017001800160017001717172716271627152714271335123512311235133513311
33513351331133513351231123512351131113512351231123513351331133512351231123512351
23111351135113112351235123112351235123112351235123112351235123112351235123112351
13511311235123512311235113511311135113511311135113511311135123512311235113511311
145700180016001800180018001827182718271727173717271635163515311535153514311
43514351431143514351431143513351331133513351331133513351231123512351231123512351
13111351135113112351335133113351335123112351235113111351135113111351135113111351
23512311235113511311135113511311135113511311135113511311135113511311135113511311
149700180017001800180018001717171717271727172717271635163516311535153514311
43514351431143514351431143513351331133513351431133513351331123512351231123511351
13111351135113112351335133113351235123112351135113111351135113111351135113111351
23512311235123511311135113511311135113511311135113511311135113511311135113511311
156700180016001800180018001817172717271727172717271635163516311535153515311
43514351431143514351431143513351331133513351331133513351331123512351231123512351
13111351135113112351335133113351235123112351135113111351135113111351135113111351
23512311235123511311135113511311135113511311135113511311135113511311135113511311
168700170018001800180018001817181717271727172717271635163515311535153515311
53515351531153515351531153516351731173516351631163516351531143513351131113511351
13111351135113111351135113112351235123112351235123111351135113112351235123112351
13511311135123512311135113511311135113511311135113511311135113511311135113511311
180600170018001800180018001817181718171827172717271735163515311435143514311
43514351531153515351531163516351631163516351631163516351531153515351431133512351
13111351135123112351235123112351235123112351235123113351335133113351335133113351
33513311335133513311335123512311135113512311235113511311235123512311235133513311
190700170018001800180018001827182718271827183717311635153515311435143514311
53515351531153515351531153515351531153515351531153515351531153515351431143514351
33113351235123112351235123112351235133113351335133113351335133113351335133114351
43514311435143514311335133512311235123512311235123512311235133513311235123512311
222700180017001800170015001517162716271727173716371635163515311435133512311
33513351431133512351231123513351431143515351431133512351131113511351231123512351
13111351135113111351135113111351135113111351135113111351135113111351135113111351
23512311235123511311135113511311135113511311135113511311135113511311135113511311
240700170018001700180017001717172717271727173717371635163516311635163516311
63516351531153514351431143514351431143513351231123512351231123512351231123511351
13111351135113111351135113111351135113111351135113111351135113112351235123112351
23512311135113511311135113511311135113511311135113511311135113511311135113511311
255700180018001700160017001717171717271727172716371635163515311535153514311
43514351431143514351531153515351531143513351231123512351231123512351231123512351
13111351135113111351135113111351135113111351135113111351135113111351135113112351
23512311235113511311135113511311135113511311135113511311135113511311135113511311
260700160017001800160017001727172717271727173716371635153514311435153515311
43514351331143514351531153515351531143514351331133512351231123513351331123512351
13111351135113111351135113111351135113111351135113111351135113111351235123112351
23512311135113511311135113511311135113511311135113511311135113511311135113511311
280700170017001800180017001717162716271727172717271635163515311435143513311
33512351231133513351431143514351431143514351331133514351431143514351431133512351
13111351135113111351135113111351135113112351235123112351235113111351135113112351
23511311135113511311135113511311135113511311135113511311135113511311135113511311
299500150015001700180018001817182718271827172717371635163515311435133513311
23512351231133513351431153515351531143513351231113511351231123513351331123512351
23111351135113111351135113111351235123113351435143114351335123112351235123112351
23512311235123512311235113511311135123512311235113511311135113512311235123512311
434700170018001800160018001817171717271627162715271535143514311435133513311
23512351131113512351231123512351231113511351131113511351131113512351131113511351
13111351135113111351135113111351135113111351135113111351135113111351135113111351
13511311135113511311135113511311135113511311135113511311135113511311135113511311
460600150016001700150013001317131714271427142715271535153515311535153515311
53514351331133512351231123512351231133513351331133512351231123512351331123512351
23111351135113111351135113111351135113111351135113111351135113111351135123112351
23511311135113511311135113511311135113511311135113511311135113511311135113511311
481200120014001500160017001717161715271427132713371235133513311335123512311
23512351331123512351231113512351231123512351131113512351231123511351131113511351
13111351135113111351135113111351135113111351135113111351135113111351135113111351
13511311135113511311135113511311135113511311135113511311135113511311135113511311
497700120012001000110016001617162716271627152715271435143514311435143514311
33512351231113511351131123512351131113511351131123512351231123512351231123512351
13111351135113111351235123111351135113111351135113111351135113111351135113111351
13511311135113511311135113511311135113511311135113511311135113511311135113511311
510800170017001500160018001817172716271627153715371435143514311335123512311
13511351231123512351231123512351231123512351131113511351131113511351131113511351
13111351135113111351135113111351135113111351135113111351135113111351135113111351
13511311235133513311335133512311235113511311135113511311235123512311235123512311
579200160010001000100010001017112711271127112711371135113512311135113511311
13511351131113511351131113511351231113511351131113511351131113511351131113511351
13111351135113111351135113111351135113111351135113111351135113111351135113111351
13511311135113511311135113511311135113511311135113511311135113511311135113511311
588200150015001200100010001017101710171027112711371135113511311135113511311
13511351231123512351231123511351131113511351131113511351131113511351131113511351
13111351135113111351135113111351135113111351135113111351135113111351135113111351
23512311235123511311135113511311135113511311135113511311135113511311135113511311
621100110010001200150015001617161717171727172716271635163515311435133512311
23512351231123512351131113512351231113511351231123513351431143514351431133513351
23112351235123112351235123111351135113112351235123112351235123112351235123113351
33512311235133513311235123512311235123512311135113511311135113511311135123512311
630300120014001200160016001617151715271427132713271235123512311235123511311
13511351231123511351131113512351231123512351231113511351131113511351131113511351
13111351135113111351235123112351135113111351135113111351135113111351135113111351
13511311235123512311235123511311135113511311135113511311135113512311235123511311
643000130010001100100010001027102710271127112711271135113511311135113511311
13511351131113511351131113511351231123511351131113512351231113511351131113511351
13111351135113111351135113111351135113111351135113112351235123111351135113111351
13511311235123512311135113511311135113511311135113511311135113512311235123512311
645100140012001000100010001017101710271127112711271135113511311135113511311
13511351131113511351131113512351231123512351231123511351131113511351131113511351
13111351135113111351135113111351135113111351135113111351135113111351135113111351
13511311135113511311135113511311135123512311135113511311135123512311235123512311
650300140014001500110010001017102710271027102711271135113511311135113511311
13511351131113511351131113511351131113511351131113511351131113511351131113511351
13111351135113111351135113111351135113111351135113111351135123112351235123112351
23512311235123512311235123512311235123512311235133513311335133512311235123513311
675300160015001600160013001317131713271227123712271135113511311135113511311
13511351131113512351231123512351231123513351331123512351231123512351131113511351
13111351135113111351135113111351135113111351135113111351135113111351135113111351
13511311135113511311135113511311135123512311235113511311135123512311235113511311
690200130014001700140013001317132713271227122712271235113511311135113511311
13511351131123512351331133514351431143513351331133513351231123512351231133513351
33113351235123112351235123112351135113111351235123112351235123112351235123112351
23512311235113511311135113511311135113511311135113511311235123512311335133513311
747300130012001200110011001117111711271227122712271235113511311135113511311
13511351131113511351131113511351131113511351131123512351231123512351131113511351
13111351135113111351135113111351135113111351135113111351135113111351135113111351
13512311235123512311235123512311135113512311235113511311135123512311235133513311
