20150325061431
T2M TEDF  78  35 1
20150325062015032501
20150325062015032502
20150325062015032503
20150325062015032504
20150325062015032505
20150325062015032506
20150325062015032507
20150325062015032508
20150325062015032509
20150325062015032510
20150325062015032511
20150325062015032512
20150325062015032513
20150325062015032514
20150325062015032515
20150325062015032516
20150325062015032517
20150325062015032518
20150325062015032519
20150325062015032520
20150325062015032521
20150325062015032522
20150325062015032523
20150325062015032600
20150325062015032601
20150325062015032602
20150325062015032603
20150325062015032604
20150325062015032605
20150325062015032606
20150325062015032607
20150325062015032608
20150325062015032609
20150325062015032610
20150325062015032611
20150325062015032612
20150325062015032613
20150325062015032614
20150325062015032615
20150325062015032616
20150325062015032617
20150325062015032618
20150325062015032619
20150325062015032620
20150325062015032621
20150325062015032622
20150325062015032623
20150325062015032700
20150325062015032701
20150325062015032702
20150325062015032703
20150325062015032704
20150325062015032705
20150325062015032706
20150325062015032707
20150325062015032708
20150325062015032709
20150325062015032710
20150325062015032711
20150325062015032712
20150325062015032713
20150325062015032714
20150325062015032715
20150325062015032716
20150325062015032717
20150325062015032718
20150325062015032719
20150325062015032720
20150325062015032721
20150325062015032722
20150325062015032723
20150325062015032800
20150325062015032801
20150325062015032802
20150325062015032803
20150325062015032804
20150325062015032805
20150325062015032806
002  52   001  53   001  54   001  53   001  52   001  44   001  47   371
  50   671  54   971  58   971  61   971  64   971  66   951  66   951  66   911
  65   951  63   951  60   911  57   851  53   851  51   711  50   851  49   851
  48   911  46   951  44   951  42   911  40   951  40   851  41   811  44   951
  48   951  51  1011  54  1051  57  1151  62  1111  71  1151  81  1251  88  1211
  90  1251  89  1151  85  1111  81  1051  77  1051  73   911  69  1051  66  1051
  63  1111  60  1151  57  1151  53  1111  49  1151  46  1051  46  1011  51  1051
  59   951  66   911  71  1051  74  1051  76  1111  78  1251  79  1251  78  1311
  75  1351  72  1351  69  1311  68  1251  68  1151  68  1011  68  1151  67  1251
  66  1311  66  1351  66  1251  67  1211  68  1251  69  1351  71  1311
005  40   001  44   001  44   001  43   001  43   001  35   001  42   471
  50   671  58   871  65   971  72  1171  76  1271  79  1251  78  1251  74  1211
  68  1051  60   951  51   711  42   751  33   751  26   711  21   851  17   851
  15   911  13  1051  12  1051  12  1111  13  1151  15  1051  20  1011  28  1051
  38   951  45   911  48  1051  50  1251  54  1311  63  1451  74  1451  83  1511
  86  1351  84  1251  79  1011  72  1051  65  1051  59  1011  55  1051  53  1151
  51  1111  48  1251  44  1251  39  1311  32  1351  28  1351  29  1311  38  1251
  52  1151  67  1011  78  1151  86  1351  92  1411  96  1551  97  1551  93  1611
  85  1451  74  1251  66  1011  62  1051  62  1051  62  1011  61  1151  60  1351
  59  1411  59  1451  60  1551  62  1511  64  1551  66  1651  70  1611
015  51   001  45   001  44   001  45   001  40   001  39   001  43   471
  49   971  55  1071  62  1271  68  1371  73  1571  77  1551  76  1651  74  1611
  71  1451  65  1251  58  1011  48  1051  37   951  27   911  20   951  16  1051
  13  1011  10  1151   6  1151   3  1211   1  1151   2  1051   8   911  19  1051
  32  1051  43  1111  48  1251  48  1451  48  1511  49  1651  52  1651  58  1711
  66  1551  72  1351  75  1111  71  1151  64  1151  56  1111  51  1151  49  1251
  47  1211  45  1351  41  1451  36  1511  30  1551  26  1451  27  1411  36  1351
  49  1251  64  1111  77  1251  87  1351  94  1411  98  1551  99  1751  96  1811
  89  1651  80  1451  71  1211  65  1251  61  1251  58  1211  55  1351  53  1451
  51  1511  49  1551  49  1651  49  1611  51  1651  54  1751  59  1711
027  30   001  25   001  18   001  27   001  18   001  20   271  30   571
  43   971  55   971  64   971  70   871  74   811  76   951  76   951  75  1011
  72   951  66   951  58   811  48   851  37   851  27   811  19   951  15   951
  14  1011  17  1151  22  1151  27  1211  32  1151  36  1151  40  1011  45  1051
  50   951  57   911  66   951  76  1051  86  1011  96  1151 103  1151 106  1211
 103  1151  95  1151  85  1011  75  1051  65  1151  57  1111  51  1151  47  1251
  43  1211  39  1251  35  1251  32  1211  29  1251  29  1151  31  1111  37  1151
  46  1151  56  1111  66  1151  76  1151  84  1111  90  1351  94  1551  94  1711
  90  1551  85  1451  82  1211  83  1251  87  1151  90  1111  90  1251  89  1251
  87  1311  86  1451  85  1451  85  1511  85  1551  87  1551  89  1511
070  46   001  43   001  40   001  39   001  40   001  43   001  46   971
  50  1271  54  1171  59  1271  65  1371  70  1571  76  1551  80  1551  81  1511
  77  1551  70  1551  61  1411  53  1451  45  1551  37  1511  30  1651  23  1751
  18  1811  14  1751  10  1751   4  1711  -5  1751 -11  1851  -7  1811  10  1651
  34  1451  56  1211  68  1351  72  1551  71  1611  67  1651  63  1751  59  1711
  58  1651  58  1651  58  1511  58  1651  57  1651  55  1711  53  1851  51  2051
  48  2111  44  2151  39  2151  32  2211  25  2251  20  2251  21  2211  32  1951
  48  1751  66  1511  81  1551  93  1551 101  1511 104  1651 104  1651  99  1711
  91  1651  82  1551  73  1411  66  1551  61  1651  57  1711  53  1951  48  2151
  45  2311  43  2351  42  2251  43  2211  45  2351  48  2351  54  2411
110  49   001  40   001  39   001  36   001  31   001  19   001  30   471
  45   771  58   871  70   971  78   971  84  1071  88  1051  88  1151  87  1111
  84  1051  79   851  70   711  58   751  47   851  41   811  42   951  49   951
  58  1011  66  1151  72  1251  79  1311  87  1351  94  1351  99  1311 101  1251
 101  1051 101   911 102  1051 103  1151 105  1211 107  1251 107  1251 106  1211
 102  1051  95   951  87   711  79   851  71   851  63   911  56  1051  51  1051
  47  1111  45  1251  45  1351  47  1411  51  1451  56  1451  62  1411  68  1351
  75  1251  81  1111  87  1151  94  1251 100  1211 106  1351 110  1351 112  1411
 111  1251 108  1051 105   811 103   951 102   951 101  1011  99  1151  97  1251
  96  1311  97  1451  99  1451 101  1511 103  1551 104  1551 106  1511
120  26   001  24   001  22   001  23   001  18   001  16   001  24   271
  34   571  45   671  55   971  64   971  71  1071  75  1051  76  1051  76  1011
  74  1051  69   951  61   911  50   951  40   951  32   911  30   951  32  1051
  37  1011  42  1151  47  1151  52  1211  56  1251  61  1151  67  1111  76  1151
  86  1051  92  1011  93  1151  92  1151  92  1211  95  1251  99  1151 101  1111
  99  1151  93  1051  85  1011  76  1051  68  1051  61  1011  56  1051  52  1051
  49  1011  47  1051  45  1151  44  1111  44  1151  45  1251  47  1211  51  1251
  57  1151  63  1111  70  1251  77  1251  85  1311  93  1451 101  1551 105  1611
 105  1551 103  1351 100  1211  98  1251  97  1151  97  1111  97  1151  97  1151
  97  1111  96  1151  95  1251  94  1211  93  1251  92  1351  93  1311
130  25   001  19   001  12   001   7   001   8   001  18   001  29   571
  43   871  59  1071  74  1171  84  1271  90  1371  90  1351  88  1251  85  1211
  82  1151  78  1151  71  1011  59  1051  46   951  33   911  24  1051  19  1251
  18  1311  21  1451  26  1651  32  1711  36  1751  41  1751  47  1711  56  1551
  68  1351  78  1111  86  1251  92  1351  97  1411 101  1451 104  1351 106  1311
 106  1251 103  1251  97  1111  86  1151  74  1051  62  1011  53  1151  47  1251
  42  1311  39  1451  36  1551  32  1611  28  1651  24  1751  24  1711  29  1651
  39  1551  51  1411  64  1451  78  1451  89  1411  98  1551 103  1551 106  1611
 106  1551 104  1451 103  1311 103  1251 104  1251 105  1111 105  1251 103  1451
 101  1511  98  1651  94  1851  90  1911  87  1951  85  2051  87  2011
145  28   001  28   001  31   001  31   001  28   001  28   001  34   571
  43  1071  52  1271  61  1371  69  1371  75  1471  79  1451  80  1551  79  1511
  76  1451  71  1351  64  1211  54  1251  42  1251  31  1211  22  1251  15  1151
  10  1111   7  1151   4  1151   2  1111   0  1151   0  1151   5  1111  17  1251
  31  1351  42  1411  46  1451  46  1551  46  1511  49  1551  55  1551  62  1511
  69  1551  73  1451  75  1411  72  1451  67  1351  60  1311  54  1351  48  1251
  43  1211  39  1251  35  1251  29  1211  22  1351  16  1351  16  1411  24  1451
  38  1451  54  1411  67  1551  78  1551  86  1611  91  1751  92  1751  90  1811
  84  1751  76  1651  70  1511  67  1551  67  1451  67  1411  67  1451  67  1451
  68  1411  69  1451  71  1451  73  1411  74  1551  76  1651  78  1711
149  39   001  39   001  40   001  39   001  41   001  42   001  46   771
  53  1071  61  1071  70  1171  78  1371  84  1471  88  1451  89  1551  88  1511
  84  1451  78  1351  70  1211  60  1251  49  1151  39  1111  30  1151  23  1151
  17  1111  13  1151   9  1051   5  1011   0  1051  -3  1051   2  1011  16  1151
  35  1151  50  1211  57  1351  57  1351  56  1411  57  1551  60  1551  64  1611
  69  1551  74  1451  76  1311  75  1351  72  1351  67  1311  62  1351  57  1251
  53  1211  49  1251  44  1351  37  1311  29  1451  22  1451  21  1511  29  1451
  42  1451  59  1311  75  1451  88  1551  98  1611 102  1751 102  1851  98  1911
  91  1751  83  1651  77  1411  74  1451  73  1351  72  1311  71  1351  70  1351
  70  1311  71  1351  74  1351  76  1311  78  1551  80  1651  83  1811
156  43   001  43   001  43   001  44   001  46   001  47   001  54   471
  61   871  67  1071  74  1171  80  1271  86  1371  90  1351  92  1451  90  1411
  86  1351  80  1151  74  1011  67  1051  61  1051  55  1011  49  1051  44  1151
  40  1111  36  1051  33  1051  29   911  26   951  24  1051  27  1011  35  1151
  46  1251  55  1311  58  1451  58  1451  58  1511  59  1551  63  1551  68  1511
  74  1451  79  1251  82  1111  81  1151  77  1151  73  1111  70  1151  67  1251
  64  1211  60  1251  56  1151  50  1111  43  1151  38  1251  37  1211  44  1251
  55  1251  68  1211  80  1351  89  1551  97  1611 102  1651 104  1751 102  1711
  96  1551  88  1451  81  1211  77  1251  75  1151  75  1111  76  1151  77  1251
  78  1211  79  1251  81  1351  82  1311  84  1351  86  1451  89  1411
168  41   001  39   001  39   001  40   001  43   001  45   001  49   771
  54  1271  59  1171  64  1371  69  1471  73  1571  77  1551  80  1551  80  1511
  77  1551  71  1651  64  1611  56  1651  47  1751  37  1711  26  1851  17  1951
   9  2011   5  1951   1  1751  -4  1611 -12  1751 -19  1751 -15  1811   3  1651
  28  1451  53  1211  69  1451  77  1551  80  1711  79  1751  76  1751  71  1711
  66  1751  62  1751  59  1711  58  1751  56  1851  54  1811  49  2051  43  2251
  38  2411  35  2251  32  2151  28  1911  21  1951  16  2051  16  2011  25  1951
  41  1751  58  1611  73  1651  86  1751  96  1711 104  1751 109  1751 107  1711
  98  1651  86  1651  75  1511  68  1651  63  1851  59  1911  53  2251  46  2451
  41  2711  39  2551  39  2251  40  2011  41  2151  43  2151  48  2211
180  74   001  83   001  75   001  78   001  62   001  53   001  57   771
  62  1171  66  1171  71  1371  75  1471  80  1671  84  1651  84  1751  81  1711
  77  1751  72  1651  67  1611  62  1651  58  1651  53  1611  47  1751  42  1751
  37  1811  34  1751  31  1751  26  1611  19  1651  14  1551  13  1511  20  1451
  33  1351  49  1211  65  1451  79  1551  89  1711  94  1851  93  1951  89  2011
  81  2051  73  1951  66  1911  62  1951  61  1851  59  1811  56  1851  51  1951
  46  1911  42  1951  38  1851  33  1811  28  1751  25  1751  27  1611  37  1551
  51  1551  66  1411  79  1651  89  1751  97  1911 103  2051 107  2151 106  2211
 100  2151  91  2051  80  1911  70  1951  60  2051  51  2011  43  2151  35  2151
  29  2211  25  2151  22  2151  20  2011  19  1951  20  1951  25  1811
190  74   001  63   001  59   001  53   001  49   001  47   001  61   771
  82  1371 103  1171 119  1271 129  1271 132  1371 129  1451 122  1551 113  1611
 104  1551  95  1351  87  1211  81  1251  76  1351  72  1311  67  1451  63  1551
  59  1611  56  1651  54  1551  51  1511  47  1651  44  1651  44  1711  49  1651
  58  1451  69  1311  80  1451  90  1551  99  1611 107  1751 112  1951 111  2011
 103  1851  92  1651  82  1411  76  1451  72  1451  69  1411  65  1651  61  1751
  58  1911  56  1951  55  1851  51  1811  45  1851  40  1951  42  1911  53  1851
  70  1651  87  1511  98  1651 106  1851 111  1911 116  2051 119  2251 119  2311
 114  2151 105  1851  94  1611  83  1751  73  1751  63  1811  54  1951  46  2051
  40  2111  36  2151  34  2051  31  2011  27  2051  24  2051  28  2011
222  22   001  15   001  14   001   3   001   2   001  -4   001   9   471
  26   871  43   871  60   971  76   971  89  1071  98  1051 100  1151 100  1111
  97  1151  90  1151  80  1111  67  1151  53  1151  41  1111  33  1151  28  1151
  26  1111  26  1251  28  1251  31  1311  35  1251  40  1251  47  1111  56  1151
  66  1051  75  1011  82  1151  88  1351  95  1411 103  1451 112  1451 117  1411
 118  1451 114  1351 106  1311  95  1351  81  1251  69  1211  59  1351  51  1351
  46  1411  42  1451  39  1451  36  1411  31  1351  28  1351  28  1211  34  1251
  43  1251  55  1211  67  1351  78  1551  89  1611 100  1751 108  1951 112  2011
 110  1851 106  1751 102  1511 101  1451 103  1351 106  1211 108  1351 108  1351
 108  1411 107  1551 105  1551 103  1611 101  1651  99  1751 100  1711
240  29   001  24   001  16   001  11   001   3   001  -2   001   8   271
  21   671  35   871  49  1171  63  1371  74  1471  82  1451  85  1351  85  1311
  83  1251  78  1251  72  1111  64  1151  56  1151  46  1111  36  1051  26  1051
  18   911  13  1051   9  1051   7  1111   6  1151   7  1151  12  1111  22  1151
  34  1151  44  1111  50  1351  53  1451  56  1611  61  1651  67  1551  74  1511
  80  1451  83  1351  84  1211  81  1251  76  1251  69  1211  62  1151  56  1151
  50  1011  45  1151  41  1351  36  1411  30  1451  25  1451  23  1411  25  1451
  31  1451  41  1411  53  1551  66  1751  77  1811  85  1851  89  1951  89  1911
  86  1751  82  1551  80  1311  82  1351  87  1251  91  1211  93  1251  94  1151
  93  1111  92  1351  92  1451  91  1611  90  1651  89  1751  90  1711
255  38   001  37   001  38   001  39   001  38   001  38   001  42   371
  47   471  54  1071  63  1371  72  1471  79  1671  83  1751  83  1751  82  1811
  79  1751  75  1651  70  1511  63  1551  55  1451  47  1411  40  1451  33  1351
  27  1311  22  1351  17  1351  11  1311   4  1251   1  1151   4  1011  17  1151
  36  1151  53  1211  64  1451  69  1551  71  1711  71  1851  70  1951  69  2011
  69  1851  69  1751  70  1511  70  1551  70  1651  69  1611  67  1551  65  1551
  62  1411  59  1451  55  1551  50  1511  44  1551  39  1451  37  1411  40  1451
  48  1551  58  1511  69  1651  79  1851  87  1911  93  2051  95  2051  94  2111
  89  2051  82  1851  77  1711  75  1751  75  1751  76  1711  77  1651  77  1651
  77  1511  77  1651  76  1651  76  1711  77  1751  79  1651  82  1611
260  37   001  37   001  38   001  38   001  37   001  37   001  42   771
  49  1071  57  1071  65  1371  73  1671  80  1871  84  1951  84  2051  82  2111
  79  1951  74  1751  67  1511  58  1651  48  1851  38  1911  29  1951  22  2051
  17  2011  14  2151  12  2251   6  2311  -4  2251 -13  2051 -11  1911   6  1751
  31  1551  56  1311  73  1651  81  2051  84  2311  83  2351  80  2451  76  2411
  72  2251  69  2051  67  1811  66  1951  66  1951  64  2011  60  2151  56  2251
  52  2311  49  2451  47  2451  43  2511  37  2451  31  2251  30  2111  37  1951
  48  1751  62  1511  74  1851  84  2151  92  2411  97  2451  98  2551  96  2511
  90  2351  82  2051  76  1811  73  1951  71  1951  68  2011  63  2251  57  2451
  53  2611  51  2651  52  2751  54  2711  57  2651  60  2451  66  2311
280  74   001  63   001  53   001  44   001  39   001  34   001  36   471
  41   771  47   971  55  1171  62  1171  68  1171  72  1351  74  1551  74  1711
  71  1651  67  1551  63  1411  60  1451  57  1351  55  1311  53  1451  52  1451
  50  1511  48  1551  44  1651  38  1611  28  1651  20  1651  19  1611  29  1551
  45  1451  63  1311  77  1451  88  1451  94  1511  97  1751  96  1851  92  2011
  85  1951  78  1751  72  1611  70  1551  69  1551  70  1411  70  1551  69  1551
  66  1611  62  1651  56  1751  50  1711  44  1751  40  1651  42  1611  51  1551
  65  1451  78  1311  88  1451  95  1651 101  1711 107  1951 110  2051 109  2211
 102  2051  91  1751  80  1511  72  1551  67  1551  63  1511  60  1651  58  1651
  55  1711  52  1751  48  1751  45  1711  43  1751  43  1851  47  1811
299  27   001  23   001  29   001  32   001  34   001  29   001  45   571
  61   971  78  1071  92  1371 103  1371 111  1471 114  1451 106  1551  96  1511
  86  1451  78  1351  72  1211  68  1351  65  1451  62  1511  58  1551  53  1651
  49  1611  46  1751  43  1751  40  1811  37  1751  34  1751  34  1611  37  1551
  43  1451  52  1311  64  1451  78  1551  91  1611 102  1751 108  1751 108  1811
 100  1651  87  1551  76  1311  69  1351  66  1451  63  1411  60  1551  56  1651
  52  1711  49  1851  46  1951  42  2011  37  2051  35  1951  37  1911  47  1751
  61  1651  75  1411  87  1551  96  1651 104  1711 112  1851 117  1951 117  2011
 110  1851  97  1651  84  1411  72  1551  63  1551  55  1611  48  1751  43  1751
  38  1811  33  2051  29  2151  25  2311  22  2351  21  2251  27  2211
434  20   001  20   001  21   001  21   001  20   001  18   001  24   671
  29  1071  37  1271  48  1371  60  1471  70  1471  74  1551  74  1551  71  1611
  67  1551  62  1551  55  1411  47  1451  39  1351  33  1311  29  1351  27  1451
  25  1411  22  1451  18  1351  14  1311  10  1251   8  1251   9  1111  16  1251
  26  1451  39  1511  52  1551  63  1551  70  1511  71  1651  69  1751  64  1811
  60  1751  56  1651  54  1511  53  1551  53  1551  53  1511  53  1551  54  1551
  54  1511  54  1551  52  1551  48  1511  42  1451  36  1351  33  1211  35  1351
  41  1551  52  1611  66  1851  79  1951  89  2111  92  2251  90  2251  84  2311
  76  2151  68  1951  63  1711  61  1651  62  1651  65  1511  68  1551  71  1551
  74  1511  76  1551  77  1551  78  1511  79  1551  79  1551  80  1511
460  34   001  30   001  28   001  29   001  30   001  34   001  36   471
  40   771  45  1171  52  1271  59  1471  65  1471  68  1551  69  1551  68  1611
  66  1551  63  1451  60  1311  56  1351  52  1451  48  1411  44  1451  40  1551
  36  1511  31  1651  26  1651  19  1711  11  1651   7  1651  10  1511  23  1551
  42  1651  61  1611  74  1651  82  1651  88  1611  93  1751  96  1751  95  1811
  89  1851  82  1751  76  1711  74  1751  75  1651  75  1611  73  1651  69  1651
  65  1611  62  1751  60  1751  57  1811  53  1851  49  1851  49  1811  55  1851
  64  1951  73  1911  80  2051  84  2051  89  2111  94  2151  99  2251  99  2211
  94  2151  86  2051  80  1911  78  1851  77  1851  77  1711  74  1751  70  1751
  67  1711  66  1851  66  2051  67  2111  69  2051  72  2051  78  1911
481  99   001  97   001  62   001  45   001  43   001  36   001  34   371
  35   671  37   971  41  1371  47  1471  53  1571  60  1551  62  1551  64  1511
  66  1451  67  1251  67  1111  65  1151  62  1151  60  1111  59  1151  58  1151
  57  1111  55  1151  52  1151  50  1111  48  1151  47  1251  47  1211  48  1351
  51  1451  57  1511  68  1651  80  1851  91  1911  98  2051 101  2051 100  2111
  97  1951  92  1851  87  1611  83  1551  80  1351  77  1211  75  1251  74  1151
  73  1111  72  1251  71  1251  69  1311  65  1351  61  1451  60  1411  63  1451
  69  1551  77  1511  84  1751  91  1951  96  2111 100  2251 103  2251 104  2311
 103  2151 101  1851  96  1611  90  1551  83  1451  77  1311  73  1251  70  1251
  67  1111  64  1251  62  1251  61  1311  61  1351  62  1451  65  1411
497  99   001 102   001 103   001  98   001  78   001  59   001  61   671
  64  1171  67  1571  70  1871  74  2171  78  2271  82  2251  76  2151  68  2111
  61  2051  56  1851  51  1711  47  1751  44  1851  43  1811  43  1951  43  2151
  43  2211  41  2151  37  2151  34  2011  32  2051  31  2151  33  2111  38  2051
  46  1851  57  1711  71  1951  85  2051  96  2211 102  2251 103  2251  99  2211
  90  2051  79  1951  68  1711  60  1851  56  1851  53  1911  52  2051  51  2051
  49  2111  46  2151  42  2051  37  2011  33  2051  31  2051  33  2011  41  2051
  54  1951  69  1911  85  2151 100  2351 111  2511 118  2551 119  2651 114  2611
 104  2351  91  1951  78  1611  68  1651  61  1651  55  1611  50  1751  44  1751
  39  1811  34  1951  29  1951  24  2011  20  2151  20  2351  24  2411
510  38   001  30   001  25   001  23   001  19   001  14   001  26   771
  39   971  52  1271  65  1271  78  1371  89  1371 100  1351 102  1251 102  1211
  98  1251  91  1351  83  1311  74  1251  66  1151  57  1011  49  1051  41  1151
  36  1111  33  1251  31  1251  28  1311  24  1351  22  1251  27  1211  41  1251
  60  1351  76  1311  85  1351  89  1451  91  1411  93  1451  95  1551  97  1511
  98  1551  98  1451  97  1411  96  1351  95  1351  94  1211  92  1251  89  1351
  86  1311  83  1451  78  1451  73  1511  66  1451  61  1451  61  1311  67  1351
  78  1451  90  1411 100  1551 108  1751 114  1811 118  1951 120  2151 118  2211
 113  2051 106  1951 102  1711 102  1651 105  1451 108  1311 110  1351 110  1351
 110  1311 110  1451 110  1451 111  1511 112  1551 113  1451 114  1411
579 107   001 105   001 101   001 101   001 100   001  85   001  80   371
  70   771  60   971  58  1271  63  1371  70  1471  75  1451  77  1351  79  1311
  80  1251  80  1251  80  1111  79  1151  77  1051  76  1011  75  1051  74  1151
  72  1111  69  1251  66  1251  62  1311  59  1351  59  1451  61  1411  68  1351
  77  1351  88  1211  99  1351 109  1451 118  1511 125  1551 129  1551 129  1511
 124  1451 117  1451 109  1311 103  1351  99  1451  96  1411  94  1451  92  1351
  90  1311  87  1451  85  1451  82  1511  80  1551  80  1551  83  1511  91  1451
 101  1451 113  1311 124  1451 134  1651 140  1711 143  1851 142  1851 138  1911
 133  1751 126  1651 119  1411 113  1351 107  1351 102  1211  98  1251  95  1351
  93  1311  91  1451  88  1551  85  1611  82  1651  81  1651  84  1611
588  85   001  84   001  83   001  82   001  79   001  80   001  82   671
  85  1071  90  1471  95  1571 100  1571 105  1571 108  1651 107  1651 104  1711
  99  1751  93  1751  88  1711  83  1651  79  1651  74  1511  69  1551  64  1651
  60  1611  57  1751  54  1851  51  1911  47  1951  45  1851  48  1811  58  1751
  73  1651  91  1511 110  1651 128  1651 141  1711 148  1751 149  1851 145  1811
 137  1851 126  1751 114  1711 103  1751  94  1651  86  1611  79  1751  74  1751
  69  1811  65  1951  62  1951  59  2011  57  2051  57  1951  63  1911  75  1851
  91  1751 109  1611 126  1651 140  1751 150  1711 156  1951 157  2051 153  2211
 144  2051 132  1951 120  1711 109  1751 101  1651  93  1611  87  1751  81  1851
  76  1911  72  2051  67  2151  63  2211  59  2251  57  2251  62  2211
621  34   001  33   001  32   001  32   001  32   001  27   001  34   571
  43  1171  51  1471  58  1571  63  1771  67  1771  70  1651  72  1651  71  1511
  67  1451  61  1351  54  1211  46  1251  38  1151  32  1111  27  1251  24  1351
  22  1411  20  1451  18  1351  15  1311  11  1351   9  1351  15  1311  31  1451
  52  1651  71  1711  82  1751  87  1751  89  1711  90  1751  90  1751  89  1711
  87  1651  85  1551  83  1411  83  1351  84  1351  85  1211  86  1351  87  1451
  86  1511  83  1551  79  1451  74  1411  69  1451  66  1551  67  1511  72  1651
  80  1751  89  1811  97  2051 104  2151 108  2311 110  2451 109  2451 105  2511
  99  2251  92  2051  88  1711  87  1651  89  1451  91  1311  92  1551  93  1651
  93  1811  93  1751  93  1551  94  1411  95  1451  97  1551  97  1511
630  57   001  54   001  52   001  50   001  48   001  49   001  54   371
  61   471  69   771  78   971  86   971  93   971  98   951 100   951 100   911
  97   951  92   951  85   911  76   951  67   951  59   911  54   951  51   851
  49   811  47   951  44   951  40  1011  35  1051  31   951  34   911  45   951
  61   951  77   911  90  1051 100  1051 107  1111 112  1151 115  1151 115  1111
 112  1151 106  1151 100  1111  95  1151  92  1051  92  1011  95  1051 100  1051
 102  1011 101  1151  96  1151  91  1211  87  1251  84  1251  84  1211  87  1151
  92  1151 100  1011 109  1051 117  1151 124  1111 128  1251 129  1351 127  1411
 123  1351 117  1351 112  1211 108  1151 105  1151 103  1011 103  1051 104  1051
 106  1011 108  1151 110  1351 112  1411 114  1451 117  1451 118  1411
643  87   001  84   001  86   001  76   001  73   001  72   001  75   571
  80  1071  85  1271  90  1271  96  1371 102  1371 108  1251 111  1251 112  1111
 110  1051 106  1051 101   911  96   951  92  1051  88  1011  84  1151  81  1351
  79  1411  77  1451  75  1351  72  1311  67  1351  64  1251  65  1211  74  1351
  88  1351 105  1411 122  1451 136  1551 148  1511 155  1551 158  1451 155  1411
 147  1351 136  1251 125  1111 117  1151 112  1151 108  1111 104  1251 100  1351
  97  1411  96  1551  96  1551  95  1611  93  1551  92  1551  94  1411 100  1451
 111  1551 126  1511 143  1551 159  1651 171  1611 175  1651 173  1751 167  1711
 158  1551 149  1351 139  1111 130  1151 122  1251 115  1211 109  1351 105  1351
 103  1411 104  1551 106  1551 107  1611 107  1651 107  1651 111  1611
645 104   001  98   001  85   001  77   001  77   001  75   001  76   671
  77  1071  79  1071  81  1371  85  1371  88  1471  92  1451  99  1451 101  1411
  98  1351  92  1151  86  1011  83  1151  81  1251  80  1311  78  1351  76  1351
  74  1311  73  1351  72  1251  70  1211  67  1251  64  1151  66  1111  74  1251
  86  1251 101  1311 117  1351 131  1451 143  1411 151  1451 154  1551 150  1511
 140  1451 126  1351 114  1211 106  1351 101  1351  98  1411  96  1451  94  1551
  92  1511  89  1451  87  1451  84  1311  82  1351  83  1351  87  1311  96  1351
 108  1451 123  1411 139  1551 153  1651 164  1711 169  1851 168  1851 161  1911
 150  1751 137  1551 125  1311 117  1451 111  1451 107  1511 103  1551  99  1551
  96  1511  94  1551  93  1551  92  1511  92  1551  95  1651 100  1611
650 113   001 109   001 109   001 107   001 108   001 108   001 102   671
  94  1071  87  1071  84  1171  85  1271  87  1271  90  1151  93  1151  94  1011
  94   951  92   951  90   811  88   951  86  1151  84  1211  81  1351  77  1551
  74  1611  72  1651  71  1651  69  1611  67  1651  66  1751  68  1711  74  1551
  83  1451  93  1211 104  1251 114  1351 124  1311 132  1351 137  1251 138  1211
 134  1151 126  1151 119  1011 114  1151 111  1251 108  1311 103  1451  98  1451
  93  1511  90  1651  90  1751  90  1811  91  1851  93  1951  96  1911 102  1751
 109  1451 118  1211 128  1251 138  1351 146  1311 151  1351 154  1451 152  1411
 147  1351 139  1151 131  1011 124  1151 117  1251 111  1311 105  1551  99  1651
  96  1811  96  1951  98  1951  99  2011  98  2151  97  2151  98  2211
675 105   001 101   001  99   001  98   001  99   001  98   001 104   971
 111  1871 119  1871 127  1671 135  1371 140  1171 144  1251 140  1451 134  1511
 127  1451 121  1351 114  1211 107  1251 100  1351  93  1311  85  1451  78  1651
  73  1711  70  1851  67  2051  62  2111  55  2251  49  2251  50  2311  63  2251
  83  2251 108  2111 132  1851 153  1651 168  1311 176  1451 177  1551 172  1611
 162  1551 150  1451 136  1311 123  1351 110  1451  98  1411  87  1651  78  1751
  71  1911  67  2051  65  2151  64  2211  63  2251  65  2351  72  2311  87  2251
 109  2251 133  2111 158  1951 180  1851 195  1611 202  1851 201  1951 193  2111
 181  1851 166  1651 151  1311 137  1351 124  1451 112  1411 101  1651  91  1851
  84  2011  80  2151  77  2351  74  2411  69  2551  65  2551  68  2611
690 140   001 139   001 123   001 122   001 119   001 124   001 126   571
 128   971 133  1171 138  1171 143  1071 146  1071 145  1051 142  1051 138  1011
 136  1051 134  1151 132  1111 129  1151 125  1251 121  1211 118  1251 115  1251
 113  1211 112  1151 110  1151 108  1011 105  1051 104  1151 107  1111 116  1151
 129  1151 140  1111 147  1151 149  1151 150  1111 150  1151 150  1151 149  1111
 147  1151 143  1151 138  1111 132  1151 125  1251 119  1211 115  1251 113  1351
 111  1311 109  1251 107  1151 103  1011  99  1051  97  1051 102  1011 116  1151
 133  1151 149  1211 158  1351 161  1351 162  1411 163  1451 164  1451 164  1411
 161  1351 156  1351 149  1211 141  1251 133  1351 127  1311 124  1351 124  1351
 123  1311 121  1251 116  1151 111  1011 105  1051 102  1151 105  1111
747  85   001  81   001  83   001  80   001  76   001  76   001  75   971
  75  1371  78  1371  82  1471  87  1471  93  1571  97  1451 100  1451 102  1311
 101  1251  99  1151  95  1011  91  1251  88  1351  84  1511  81  1551  78  1451
  75  1411  73  1451  71  1451  69  1411  66  1551  64  1651  66  1711  73  1651
  83  1451  96  1311 109  1451 120  1551 130  1611 137  1651 140  1551 139  1511
 135  1451 128  1351 122  1211 118  1451 116  1651 115  1811 115  1751 116  1551
 117  1411 117  1551 116  1751 114  1811 111  1851 109  1951 109  1911 112  1851
 117  1651 125  1511 134  1651 142  1851 148  1911 150  1951 148  1851 145  1811
 142  1651 139  1551 136  1311 133  1451 130  1551 127  1611 124  1551 122  1551
 121  1411 121  1551 123  1651 127  1711 132  1951 138  2151 143  2311
NT  TEDF  78  35 1
20150325062015032501
20150325062015032502
20150325062015032503
20150325062015032504
20150325062015032505
20150325062015032506
20150325062015032507
20150325062015032508
20150325062015032509
20150325062015032510
20150325062015032511
20150325062015032512
20150325062015032513
20150325062015032514
20150325062015032515
20150325062015032516
20150325062015032517
20150325062015032518
20150325062015032519
20150325062015032520
20150325062015032521
20150325062015032522
20150325062015032523
20150325062015032600
20150325062015032601
20150325062015032602
20150325062015032603
20150325062015032604
20150325062015032605
20150325062015032606
20150325062015032607
20150325062015032608
20150325062015032609
20150325062015032610
20150325062015032611
20150325062015032612
20150325062015032613
20150325062015032614
20150325062015032615
20150325062015032616
20150325062015032617
20150325062015032618
20150325062015032619
20150325062015032620
20150325062015032621
20150325062015032622
20150325062015032623
20150325062015032700
20150325062015032701
20150325062015032702
20150325062015032703
20150325062015032704
20150325062015032705
20150325062015032706
20150325062015032707
20150325062015032708
20150325062015032709
20150325062015032710
20150325062015032711
20150325062015032712
20150325062015032713
20150325062015032714
20150325062015032715
20150325062015032716
20150325062015032717
20150325062015032718
20150325062015032719
20150325062015032720
20150325062015032721
20150325062015032722
20150325062015032723
20150325062015032800
20150325062015032801
20150325062015032802
20150325062015032803
20150325062015032804
20150325062015032805
20150325062015032806
002700180016001700150014001317132713271327132713271335123512311235123512311
23512351231113511351131113512351231143515351731173517351731183518351731163514351
33112351335133113351235113111351135113112351235123112351335143114351535143114351
33513311435153516311635173517311635163516311635163516311635163516311635163516311
005700180017001700170015001417132713271327132713271335133512311235113511311
13511351131113511351131113511351231133514351631173517351731183518351731163515351
43113351335123112351235113111351135113111351235123113351435143115351535153115351
53515311535163516311635163516311635163516311635163516311635163516311635163516311
015800180017001700170017001717172717271727162716271635163516311535133511311
13511351131113512351231123512351231133514351431153516351731173517351731183517351
73115351335123112351335133113351235123112351235133113351435143114351435153115351
53515311535153516311635163516311635163516311635163516311635153515311535163516311
027100120011001200110013001317132713271327132713271335133513311235123511311
13511351131113511351231143515351731173517351731173517351731173517351731163515351
43113351235123111351135113112351235123112351235123113351435143114351435143115351
53515311635163516311635163516311735173516311635153515311535153516311635163516311
070700170018001600170017001717172717271727172717271735183517311635153513311
23512351231113511351131113511351131123512351331143515351631173517351731173517351
73116351535143115351635163115351435123112351235123112351235123113351435143115351
53515311635163516311635153515311535163517311735163516311635163515311535153515311
110200110010001000110010001117112711271127112712271235123511311135113511311
23513351431163516351731173517351731173517351731173516351531153515351431143514351
33112351235113112351335133113351235123112351335143114351535153116351635173117351
73517311835183517311735163515311535153515311535163516311635163515311435143514311
120200130012001300120012001217122712271227123713371335133513311235123511311
13512351331133514351531163516351731173517351731173517351731163516351531153515351
43113351235113111351135113112351335143114351435153115351535153115351635163117351
73517311735173517311735163515311535153516311635163516311635163516311635153515311
130200120010001000140013001437142714271527152715271535143513311235123511311
13511351131123512351331143516351731173517351631163517351731173517351731163515351
43113351235113111351135123112351335143114351335133113351335143115351635163116351
73517311735173517311735163515311535153515311635163516311635163516311635163515311
145500170017001700160016001627162715271427132713271435153516311535133512311
13511351131113511351131113511351131133514351631173517351731173517351731173517351
63116351535143113351335123112351235123112351135123112351335143115351435143114351
53515311635163517311635163516311635173517311635163515311535153516311535153515311
149700170017001700160017001717172716271527142714371435163516311535133512311
13511351131113511351131113511351131123514351531163517351731173517351731173517351
73116351535143114351335133113351335133112351235123112351335143115351535153114351
43515311635163517311735163516311635173517311635163515311535153516311635153515311
156600170018001700170017001717171716271527142714271535163516311535133512311
13511351131113511351131113511351131123514351531163517351731173517351731173517351
73116351535143114351335133112351235123112351235123112351335143115351535143114351
53515311635163517311735163516311635173517311635163515311535163516311635153515311
168700170017001600170017001717171717171727172717271835183517311635153514311
33513351231123512351231123512351131113511351231133515351631173517351731173517351
73117351535153115351535153115351535153115351435143113351335133114351435153115351
63516311635163516311635153515311535163516311635163516311635163516311635163516311
180600150016001700170018001827172718271827172717371735173517311735173517311
73517351731173517351631163515351431143514351431143514351531153515351631163517351
73117351735163116351635163116351535153116351635163115351435133113351335143115351
63517311735163516311535153515311535163516311635163515311535153516311635163516311
190500130014001700140017001717162716271727172717371735173517311735173517311
73517351731173517351731173517351731173517351631153514351331133512351331143515351
63117351735173117351735163115351335133113351535163117351735163116351635163116351
63516311635163515311535153515311535143514311435143515311535153515311535153514311
222000100010001000100010001127112711271227122713271435143514311335123511311
13511351131113512351231143515351731173517351731173517351731173517351731163515351
43113351235113111351135113112351335143114351435143113351335133114351535153116351
73517311735173517311735173516311635163516311635163516311635163515311535153515311
240400130012001100100010001117111712271327142715271635163515311435133512311
13511351131113511351131113511351231133515351631173517351731173517351731173517351
63116351535143114351435143114351335133113351335133113351335143114351535153115351
53516311635163516311635173517311735163516311735173517311635163516311535153515311
255700170017001700170016001617172717271627162716271635163515311535143513311
23512351131113511351131113511351231123513351431153515351631173517351731173517351
73116351535153115351535163116351535153115351535153115351535153115351635173116351
63515311635163517311635153515311535163517311735173517311735173516311635153515311
260800180017001700170018001827172717271727172717271735173517311535133512311
23514351531143513351131113511351231123513351431153516351631163516351631163517351
73117351635153114351535153115351535153115351535153115351435143115351635163116351
53515311535163516311635153514311535153516311635163516311735173516311635153514311
280700170017001800180018001727172717271727172717271735173517311735173517311
73517351731173516351631153515351431143513351231123512351331143515351631173517351
73117351735163116351635153114351335123113351435153115351435143113351435143114351
53515311635163515311535143513311435143515311535143514311535153516311635163516311
299400140014001400140016001727172717271737173717371735173517311735173517311
73517351731173517351731173517351731173517351731173517351631153514351331133513351
43116351735173117351635153115351535153114351335133114351535163116351635153115351
53515311635163516311535153514311435143514311335133513311335133513311335133513311
434800160016001500150017001627162715271427142713271335143515311535143513311
23512351131113511351131123513351331143514351431153516351731173517351731183518351
83117351635153114351435143114351435143114351435133113351435143115351635173117351
63516311635163517311735163516311635173517311735173517311735173517311735163516311
460700170016001700170018001817181718271827182718371735173517311735163515311
43513351331133514351531153515351531143514351531153515351531153515351531163517351
73117351635163115351535153115351535153115351435143115351535153116351635163116351
63515311635163516311635163515311535163516311635163516311635163516311635163516311
481800180018001700160018001817182718271827182717271735173517311735173517311
73517351731173517351731173517351731163515351531143514351431143514351431153516351
73117351735173116351535153114351535153115351435143114351435143114351335133113351
33513311435143514311435143513311335133514311435153515311535153515311535153515311
497600170017001700180018001817182718271727172717271735173517311735173517311
73517351731173517351731173517351731173517351731173516351631163516351731173517351
73117351635163115351535153115351535153115351535153115351535153115351535153115351
43514311335143514311335133513311335133513311335123512311235133513311335133513311
510000100010001000110011001117122712271227133713371435143514311335123511311
13511351131113511351131113511351131133515351631173517351731173517351731173517351
73117351735163115351435133113351435143114351435143114351435143115351535163116351
63516311635173517311735173517311735173516311635153515311535153515311535153515311
579800170017001800180018001817182717271727173717271735173517311735163516311
53514351431143513351331133513351231123512351231123512351231123512351231133515351
53114351335113111351135113111351235123112351235123111351135113111351235123112351
23512311135113511311135113511311135113511311135113512311235133514311535163516311
588800180017001700180018001817182718171727172717271735173517311735173517311
63516351531153515351531153515351431143515351431143512351131113511351231133514351
63116351635153114351235113111351135113111351135113111351135113111351135113111351
13511311135113511311135113511311235123513311335133513311335133513311335123512311
621800180018001700170018001827172717271727162716271535153515311535153515311
53515351531143514351331133514351431133513351331143515351631173517351731173517351
73117351735173117351735163116351535153115351435143113351335133113351335143114351
43515311535163516311635163516311735173517311635163515311535153515311635163516311
630700160016001500140016001617162715271527142714371435133513311335123512311
23512351231123512351231123512351231123512351231133513351331143514351531163516351
73117351735163116351635163116351535153115351535153114351435143114351535153115351
53515311535143514311435143515311535163516311635163516311735173517311635153515311
643700180017001700170018001827182718271727172717371735173517311635153515311
53515351431133512351131113511351131113511351131113511351131113511351231133514351
53115351435133112351235113111351135113112351235123111351135113112351235123111351
13511311235133513311335123511311135123512311235123512311235133513311435143514311
645800170017001700170018001817182718271727172717271735173517311635163515311
43514351331123512351131113511351131113511351131113511351131113511351131123514351
53114351335123111351135113111351135113111351135113111351135113111351135113111351
13511311135113512311135113511311135113511311135113511311235133514311435153514311
650800180017001800180018001817182718271827172717371735173517311735173516311
63515351431143514351431143514351431133512351231113511351131113511351131123513351
43115351435143113351235113111351135113111351135113111351135113111351135113111351
23512311235123512311235113511311135113511311235123512311235123512311335133513311
675800180017001700180018001817182717271727172717271735173517311735173517311
63516351631163516351631163516351631153515351431143514351431133513351231123512351
33114351435143113351235113111351135113111351135113111351135113111351135113111351
13511311135113511311135123512311235123512311235113511311135113512311335133513311
690800180018001800180018001827182718271727172717371735173517311735173517311
73516351631163517351731163516351631163515351531153515351431143514351431143514351
43115351535153114351335123112351235123111351135113111351135123112351235123111351
13511311135113512311235123512311235123511311135113511311135113511311135113511311
747700180018001800180018001817182717271727172717371735173517311635163515311
33512351231113512351231123512351231123512351231123512351231123512351231133514351
53115351435143113351335133113351235123112351335133114351435143113351335133113351
33513311235123512311235123512311235123513311235123512311235133513311335133513311
