20151108141431
T2M TEDF  78  35 1
20151108142015110809
20151108142015110810
20151108142015110811
20151108142015110812
20151108142015110813
20151108142015110814
20151108142015110815
20151108142015110816
20151108142015110817
20151108142015110818
20151108142015110819
20151108142015110820
20151108142015110821
20151108142015110822
20151108142015110823
20151108142015110900
20151108142015110901
20151108142015110902
20151108142015110903
20151108142015110904
20151108142015110905
20151108142015110906
20151108142015110907
20151108142015110908
20151108142015110909
20151108142015110910
20151108142015110911
20151108142015110912
20151108142015110913
20151108142015110914
20151108142015110915
20151108142015110916
20151108142015110917
20151108142015110918
20151108142015110919
20151108142015110920
20151108142015110921
20151108142015110922
20151108142015110923
20151108142015111000
20151108142015111001
20151108142015111002
20151108142015111003
20151108142015111004
20151108142015111005
20151108142015111006
20151108142015111007
20151108142015111008
20151108142015111009
20151108142015111010
20151108142015111011
20151108142015111012
20151108142015111013
20151108142015111014
20151108142015111015
20151108142015111016
20151108142015111017
20151108142015111018
20151108142015111019
20151108142015111020
20151108142015111021
20151108142015111022
20151108142015111023
20151108142015111100
20151108142015111101
20151108142015111102
20151108142015111103
20151108142015111104
20151108142015111105
20151108142015111106
20151108142015111107
20151108142015111108
20151108142015111109
20151108142015111110
20151108142015111111
20151108142015111112
20151108142015111113
20151108142015111114
002 127   001 137   001 153   001 163   001 166   001 172   001 168   371
 163   571 159   571 156   671 156   771 155   971 154   971 151   971 145   971
 141   971 138   971 135   971 130   971 125   971 120   971 117   971 118   971
 121   871 126   871 130   871 133   971 135   971 137  1071 137  1171 136  1271
 134  1171 132  1171 129  1071 129  1171 129  1171 129  1271 129  1171 128  1171
 127  1071 127  1071 126  1171 126  1171 125  1171 125  1271 125  1271 126  1271
 128  1171 130  1171 134  1171 137  1071 140  1071 142  1171 143  1251 142  1311
 138  1251 134  1251 130  1111 129  1251 129  1251 130  1311 130  1251 129  1251
 128  1111 127  1251 127  1251 126  1311 125  1351 124  1451 123  1411 123  1351
 125  1251 128  1111 132  1151 136  1251 140  1211 143  1351 143  1351
005 124   001 139   001 148   001 165   001 170   001 187   001 185   471
 179   671 170   971 162   871 156   871 153  1071 151  1071 151  1171 151  1171
 150  1271 147  1271 143  1371 138  1371 133  1271 129  1271 125  1171 122  1271
 120  1271 121  1271 124  1571 128  1671 133  1771 137  1771 139  1671 138  1671
 136  1571 132  1371 128  1171 126  1171 126  1271 125  1271 125  1371 123  1371
 122  1471 121  1471 121  1571 120  1571 118  1471 117  1471 117  1371 119  1471
 122  1571 127  1671 131  1671 136  1771 142  1771 145  1671 147  1671 144  1571
 139  1371 131  1271 124  1171 121  1271 119  1371 119  1471 119  1571 118  1671
 117  1771 116  1871 113  1871 111  1971 110  1871 111  1871 113  1771 116  1751
 121  1751 125  1711 129  1751 133  1851 137  1811 141  1851 143  1751
015 127   001 130   001 144   001 172   001 172   001 176   001 175   571
 171   671 166   671 160   671 153   871 149  1071 146  1271 145  1271 145  1271
 143  1271 141  1271 139  1371 135  1371 132  1371 128  1371 125  1371 123  1271
 122  1271 124  1171 128  1271 134  1371 139  1471 140  1471 138  1471 135  1471
 133  1371 131  1171 128  1071 124  1171 121  1271 119  1371 118  1371 118  1471
 118  1471 117  1571 117  1571 116  1671 116  1771 116  1771 116  1811 116  1771
 118  1771 123  1671 130  1671 139  1571 146  1471 149  1471 149  1471 145  1471
 138  1371 131  1271 124  1171 121  1271 120  1371 119  1471 117  1571 114  1671
 112  1771 111  1871 111  1871 111  1971 110  2071 109  2071 109  2111 111  2051
 114  1851 120  1711 127  1751 135  1751 141  1711 145  1751 146  1851
027 156   001 164   001 179   001 188   001 188   001 188   001 191   371
 186   571 174   671 163   771 155   971 151  1071 149  1371 147  1371 146  1471
 143  1471 139  1571 134  1571 128  1671 122  1671 117  1671 115  1671 116  1671
 121  1471 126  1371 134  1271 140  1171 147  1071 153  1071 156  1171 156  1071
 151  1071 143   971 135   971 128  1371 123  1571 119  1771 116  1771 115  1771
 114  1771 113  1771 112  1871 110  1871 107  1871 104  1971 104  1971 108  1871
 115  1971 123  1871 132  1571 140  1271 146   871 150   971 150  1171 147  1271
 141  1171 131  1171 123  1071 117  1271 115  1571 113  1771 111  1871 110  1871
 109  1971 108  2071 108  2071 107  2171 106  2271 106  2271 108  2311 112  2251
 118  2051 125  1911 133  1651 142  1251 150   911 156  1051 159  1051
070 130   001 137   001 145   001 167   001 193   001 190   001 196   571
 191   671 180   771 170   871 164  1071 161  1371 159  1571 158  1571 155  1671
 152  1771 148  1771 144  1771 144  1771 144  1871 145  1971 147  1971 148  1771
 149  1571 150  1371 154  1471 157  1571 159  1771 159  1671 157  1671 153  1571
 146  1471 139  1471 133  1471 129  1571 124  1671 122  1871 121  1871 118  1971
 115  1971 110  1971 105  2071 102  2071 101  2071 102  2171 105  2171 110  1971
 116  1871 123  1771 130  1671 135  1771 140  1871 144  1671 145  1571 143  1471
 136  1471 126  1471 116  1471 108  1571 103  1671 100  1771  97  1971  96  2071
  95  2171  93  2171  90  2271  87  2271  86  2271  87  2371  91  2311  98  2151
 108  1951 117  1711 125  1851 131  1951 136  2111 139  2051 140  1951
110 149   001 157   001 159   001 164   001 164   001 163   001 160   371
 157   471 153   671 150   771 147   971 144   971 141  1071 137  1171 132  1271
 127  1371 123  1371 121  1371 119  1371 117  1351 117  1471 118  1471 121  1271
 126  1171 132   971 138   971 141  1071 145  1071 147   971 147   971 144   971
 139   971 134   971 128   971 123  1071 122  1171 121  1271 121  1371 122  1371
 124  1471 126  1471 127  1371 127  1371 126  1371 126  1471 126  1471 129  1271
 133  1171 138   971 144  1071 148  1071 152  1171 154  1171 154  1371 151  1471
 143  1371 135  1171 127   971 123  1071 122  1171 122  1271 123  1371 123  1471
 124  1571 126  1571 126  1471 125  1471 124  1551 123  1551 123  1611 126  1451
 131  1251 137  1011 143  1151 149  1151 154  1211 157  1351 157  1551
120 146   001 150   001 158   001 165   001 174   001 167   001 167   471
 165   371 161   571 157   571 151   771 146   871 142  1071 139  1171 135  1271
 131  1371 127  1371 124  1471 122  1471 120  1471 119  1371 120  1371 122  1271
 125  1171 129  1071 133  1071 139  1171 144  1071 149  1071 152  1071 151  1071
 144   971 134   971 127   871 122   971 120  1171 119  1271 118  1271 117  1371
 116  1371 116  1471 116  1471 115  1571 114  1571 113  1571 115  1571 119  1471
 125  1371 131  1271 137  1271 142  1271 145  1271 148  1271 149  1371 147  1371
 140  1271 132  1071 125   971 122  1071 119  1171 120  1271 120  1371 119  1371
 118  1471 118  1571 118  1571 117  1671 116  1671 116  1671 118  1611 122  1551
 128  1351 134  1211 140  1251 145  1251 150  1211 154  1351 155  1351
130 149   001 153   001 164   001 179   001 188   001 198   001 193   271
 185   471 175   771 166   771 159   871 154  1071 150  1171 150  1271 149  1471
 146  1571 141  1671 136  1671 131  1771 128  1671 126  1671 127  1571 130  1571
 134  1371 140  1271 145  1271 151  1371 156  1371 160  1271 161  1271 158  1171
 150  1171 140  1071 132  1071 127  1171 125  1271 124  1471 121  1571 118  1571
 113  1671 109  1771 105  1871 102  1971 101  1871 101  1871 105  1771 112  1671
 121  1571 131  1471 140  1471 148  1471 153  1471 156  1471 156  1471 151  1471
 143  1271 135  1171 126   971 121  1271 119  1371 118  1571 117  1671 115  1771
 113  1871 110  1971 109  1971 108  2071 109  2071 112  2071 116  2071 121  1851
 127  1651 134  1411 142  1451 151  1451 158  1411 163  1451 164  1451
145 146   001 150   001 163   001 179   001 195   001 201   001 193   771
 182  1071 173  1271 163  1271 157  1271 153  1171 152  1271 151  1171 150  1171
 148  1071 145  1071 144  1171 142  1171 141  1171 139  1171 137  1171 134  1171
 132  1171 132  1171 134  1371 140  1671 145  1771 148  1771 149  1771 147  1771
 143  1671 138  1471 134  1471 130  1471 129  1471 128  1471 127  1471 126  1371
 124  1371 122  1471 118  1471 115  1571 112  1471 110  1471 108  1371 106  1371
 106  1471 109  1471 116  1571 126  1671 136  1771 141  1771 142  1771 140  1771
 133  1671 126  1571 118  1471 113  1471 110  1471 108  1471 105  1471 103  1571
 100  1571  99  1671 100  1671 100  1771 100  1771 101  1671 101  1611 102  1651
 104  1551 109  1511 116  1751 125  1951 132  2111 136  2151 138  2051
149 143   001 150   001 175   001 192   001 205   001 210   001 204   571
 195   771 184   971 175   971 168  1071 162  1171 159  1371 156  1271 153  1271
 151  1271 149  1271 147  1271 147  1271 147  1271 147  1171 146  1171 144  1171
 142  1171 142  1171 145  1371 148  1571 153  1871 157  1771 159  1771 157  1571
 152  1571 144  1471 137  1371 132  1371 129  1371 127  1371 126  1471 125  1471
 123  1571 122  1571 119  1671 116  1671 113  1671 111  1671 110  1671 110  1671
 111  1571 115  1571 122  1671 130  1671 137  1771 145  1771 148  1671 148  1671
 141  1571 132  1571 123  1471 118  1471 114  1471 110  1471 106  1571 102  1771
 100  1871 100  1871 100  1871 101  1871 102  1871 103  1871 104  1811 105  1751
 107  1751 112  1611 120  1751 129  1951 138  2011 144  2051 147  2051
156 157   001 159   001 175   001 186   001 203   001 209   001 205   471
 198   671 190   771 182   971 176   971 171  1071 168  1071 165  1071 162   971
 160   971 158   971 157  1071 155  1071 152  1071 149   971 146   971 144  1071
 143  1071 144  1171 147  1371 149  1571 153  1771 156  1671 158  1671 157  1571
 154  1471 151  1371 145  1271 140  1371 137  1271 134  1271 133  1271 132  1271
 131  1271 130  1271 127  1371 124  1371 121  1371 118  1371 116  1371 115  1471
 116  1471 120  1571 127  1571 136  1571 142  1671 148  1671 151  1571 150  1471
 146  1471 141  1371 135  1371 129  1371 125  1271 122  1271 119  1371 118  1471
 117  1571 115  1571 114  1571 111  1571 110  1571 109  1571 109  1571 109  1551
 111  1651 116  1611 124  1851 133  1951 141  2111 146  2051 149  1851
168 125   001 166   001 191   001 212   001 221   001 222   001 213   571
 200   871 183   971 168  1171 156  1671 152  1471 150  1671 150  1871 150  1971
 148  2171 145  2171 141  2171 138  2171 135  2171 134  2271 135  2271 138  1971
 144  1571 150  1271 157  1371 162  1471 168  1571 173  1471 173  1471 168  1371
 156  1471 142  1571 129  1671 124  1771 123  1971 123  1971 120  2171 117  2271
 113  2471 109  2471 107  2471 104  2471 100  2471  97  2471  96  2471  99  2171
 105  1871 113  1571 123  1671 133  1671 141  1771 147  1671 148  1571 143  1471
 132  1471 121  1571 109  1571 104  1671 103  1671 103  1771 100  2071  96  2371
  93  2671  91  2671  90  2671  89  2671  86  2671  84  2571  85  2511  90  2251
  99  1851 109  1511 120  1651 130  1851 139  1911 145  1851 147  1651
180 147   001 170   001 196   001 199   001 216   001 214   001 200   571
 186   971 171  1471 157  1471 150  1771 148  1871 148  1871 144  1871 140  1871
 135  1871 132  1871 132  1871 133  1871 136  1771 140  1671 143  1571 144  1671
 144  1671 145  1871 148  1971 153  2271 157  2571 159  2371 158  2271 155  2071
 149  1971 142  1871 134  1771 129  1971 126  2071 123  2171 120  2071 116  2171
 113  2171 111  2171 109  2071 109  2071 109  1971 111  1771 113  1671 116  1771
 119  1771 122  1871 123  2071 125  2371 127  2571 128  2371 129  2271 127  2071
 121  1971 112  1871 103  1771  98  1871  95  1871  92  2071  88  2071  83  2271
  79  2271  77  2271  75  2271  74  2271  74  2171  75  2171  77  2011  81  2051
  86  2151  93  2111 102  2451 111  2851 119  3111 124  2951 126  2751
190 156   001 180   001 189   001 206   001 214   001 217   001 203   371
 185  1071 169  1271 153  1271 141  1371 133  1571 128  1571 125  1671 123  1571
 124  1671 126  1671 130  1771 132  1771 134  1671 134  1671 136  1571 139  1671
 143  1871 150  1871 159  2171 168  2671 173  2771 173  2771 169  2971 162  2871
 156  2371 148  1971 142  1671 137  1671 133  1671 130  1671 127  1671 126  1771
 125  1771 124  1771 124  1871 123  1871 122  1771 121  1771 122  1671 126  1771
 132  1971 139  2171 144  2171 149  2171 151  2371 152  2371 150  2471 143  2471
 130  2171 117  1871 103  1571  96  1571  93  1671  93  1671  92  1671  90  1771
  88  1771  86  1871  84  2071  81  2171  78  2071  76  1971  76  1811  80  2051
  86  2151  95  2311 104  2551 113  2751 121  2911 126  2951 127  2951
222 149   001 152   001 175   001 192   001 202   001 212   001 204   371
 193   671 181   771 170   871 161   971 153   971 148  1171 146  1271 143  1371
 141  1471 139  1471 138  1471 138  1471 137  1371 136  1271 137  1171 139  1171
 143  1171 147  1271 152  1271 156  1271 161  1271 164  1371 165  1371 163  1371
 157  1171 149  1171 144  1171 141  1271 140  1271 140  1371 136  1471 132  1571
 128  1671 126  1671 124  1671 123  1671 120  1671 118  1571 119  1571 124  1471
 132  1371 141  1271 149  1271 155  1371 160  1371 161  1471 160  1471 156  1571
 150  1571 144  1371 137  1271 135  1371 133  1471 132  1571 130  1671 128  1671
 127  1771 126  1771 126  1871 125  1871 122  1871 120  1771 120  1771 124  1651
 131  1651 140  1511 149  1551 158  1451 164  1411 168  1451 168  1551
240 126   001 133   001 148   001 166   001 205   001 207   001 200   471
 191   771 182  1071 173  1071 164  1071 157  1171 153  1171 151  1171 148  1171
 145  1171 143  1171 141  1271 140  1271 139  1271 140  1271 140  1271 140  1271
 140  1471 142  1471 147  1371 153  1471 160  1471 165  1371 168  1371 166  1271
 158  1171 150  1171 142  1271 136  1271 133  1271 131  1271 129  1271 127  1371
 124  1371 120  1371 116  1471 114  1471 113  1471 112  1571 112  1571 112  1671
 114  1771 119  1871 127  1871 137  1771 146  1771 154  1671 157  1471 155  1371
 148  1371 139  1371 130  1471 125  1471 121  1571 119  1571 118  1571 118  1571
 118  1571 118  1571 117  1671 116  1671 115  1671 115  1771 115  1771 116  1751
 118  1851 123  1811 130  1851 139  1751 148  1711 155  1651 159  1551
255 146   050 170   030 191   350 206   650 216   850 219  1150 215  1471
 204  1371 189  1271 174  1171 164  1171 158  1171 155  1271 152  1371 151  1271
 148  1371 145  1371 141  1371 137  1371 133  1371 131  1371 130  1371 132  1471
 137  1371 145  1371 153  1471 163  1371 169  1471 173  1671 173  1651 169  1771
 161  1571 152  1371 142  1271 134  1271 128  1271 124  1371 123  1371 122  1371
 121  1471 118  1471 114  1471 109  1471 105  1471 102  1471 101  1471 102  1571
 106  1571 111  1571 120  1671 132  1571 141  1671 149  1671 152  1471 151  1471
 145  1471 136  1471 128  1471 121  1471 117  1371 113  1371 109  1471 105  1471
 102  1571 101  1571 101  1571 100  1571  97  1571  95  1571  96  1511 102  1551
 112  1451 122  1411 131  1551 139  1751 145  1811 150  1851 153  1851
260 132   001 166   001 177   001 208   001 223   001 226   001 219   571
 205  1071 187  1571 170  1671 158  1771 151  1771 149  2071 150  2171 152  2471
 154  2571 153  2571 150  2471 146  2471 141  2371 137  2371 136  2271 138  2071
 142  1771 149  1471 158  1471 167  1471 174  1371 178  1671 179  1671 174  1871
 164  1871 151  1771 140  1771 132  1871 128  2071 126  2271 123  2371 118  2471
 115  2671 112  2671 109  2571 107  2571 104  2471 102  2471 101  2371 102  2271
 107  2071 114  1871 122  1871 132  1671 142  1571 151  1671 155  1671 153  1771
 144  1871 131  1871 120  2071 112  2171 107  2071 104  2171 103  2471 102  2671
 101  2971 100  2871  99  2871  97  2771  95  2671  94  2671  96  2511 102  2251
 112  1951 122  1611 132  1751 141  1751 149  1811 156  1851 160  1951
280 111   001 131   001 157   001 178   001 188   001 195   001 187   671
 173   971 159  1071 146  1071 138  1471 132  1571 130  1571 129  1571 128  1571
 126  1571 123  1471 121  1471 118  1371 116  1371 116  1271 116  1271 118  1471
 122  1471 130  1571 142  1671 155  1871 166  1971 172  2171 171  2271 166  2371
 155  2271 142  2071 131  1971 123  1971 119  2071 116  2071 113  1971 108  1871
 106  1871 105  1771 104  1571 100  1471  95  1471  90  1371  88  1371  91  1471
  99  1471 108  1571 117  1771 127  1871 131  2071 134  2071 131  1971 125  1971
 116  1971 105  1771  96  1671  90  1871  86  1871  84  1971  80  2071  75  2171
  73  2171  71  1971  70  1871  69  1671  69  1671  68  1671  69  1611  74  1751
  81  1851  91  1911 102  2151 114  2451 124  2611 131  2651 133  2651
299 149   001 175   001 193   001 216   001 220   001 221   001 206   471
 185  1571 163  1671 143  1671 130  1671 123  1571 121  1771 122  1771 123  1771
 125  1771 126  1871 126  1871 126  1971 124  1971 123  1971 126  1971 134  1971
 146  1871 159  1771 172  1771 182  1771 189  1871 191  1971 188  1971 180  2171
 166  2171 152  1971 138  1771 130  1771 126  1871 125  1871 125  1771 125  1871
 124  1771 122  1871 120  1871 117  1971 115  1971 114  2071 115  2071 120  1971
 127  1971 136  1871 145  1771 155  1771 162  1771 165  1871 162  1871 153  1871
 138  1771 121  1671 107  1571  99  1571  97  1571  96  1571  93  1571  90  1771
  87  1771  86  1871  85  1871  84  1971  81  1971  79  1871  79  1811  83  1851
  91  1951 103  1911 117  1951 132  1951 143  1911 149  2051 148  2051
434 147   001 164   001 188   001 211   001 221   001 222   001 216   571
 206   771 193   771 179   871 167   971 159   971 153  1071 147  1071 141  1171
 136  1171 130  1071 126  1071 122   971 119   971 118   971 119   971 122  1071
 128  1171 135  1271 144  1371 153  1371 161  1471 166  1571 168  1371 165  1371
 156  1271 145  1071 136   971 129  1171 127  1171 124  1171 121  1171 117  1271
 113  1271 109  1171 108  1171 106  1071 105  1071 105  1071 106  1071 107  1271
 110  1271 116  1471 126  1771 136  1971 146  2171 152  2171 154  2171 151  2071
 145  1771 134  1571 126  1371 122  1371 120  1371 118  1371 115  1371 111  1371
 108  1371 107  1371 105  1271 104  1271 103  1271 103  1171 104  1111 108  1251
 114  1351 123  1411 135  1651 147  1951 158  2111 165  2151 167  2151
460 148   001 168   001 193   001 217   001 231   001 237   001 235   571
 219   871 199   971 181   971 170  1371 165  1471 163  1571 160  1671 157  1871
 153  1971 149  1871 144  1871 139  1771 135  1871 132  2071 132  2171 136  1971
 144  1771 154  1571 168  1771 181  1871 193  2071 203  2071 207  2071 202  1871
 188  1771 170  1671 153  1571 142  1671 136  1771 132  1871 127  1971 121  2071
 116  2171 115  2071 114  2071 113  1971 109  2071 104  2171 102  2271 104  2071
 110  1771 118  1571 130  1771 141  1871 151  1971 159  1971 163  2071 160  2071
 151  1971 138  1771 126  1671 118  1671 112  1671 109  1671 106  1871 104  2071
 102  2171 101  2171  99  2071  98  2071  95  2171  92  2371  93  2411  99  2151
 109  1751 120  1411 130  1751 140  1951 150  2211 161  2351 168  2351
481 143   001 174   001 198   001 211   001 220   001 223   001 221   471
 210   671 193   871 177   971 164  1171 157  1271 153  1271 151  1271 149  1171
 147  1171 143  1271 139  1371 133  1471 127  1371 120  1371 117  1271 117  1471
 122  1471 131  1571 146  1871 164  1971 179  2271 191  2171 197  2071 196  1971
 187  1771 174  1671 161  1571 151  1571 144  1371 139  1271 134  1271 129  1271
 125  1171 121  1271 117  1471 113  1571 108  1571 103  1471 102  1471 106  1471
 112  1371 122  1371 131  1571 141  1871 149  2071 153  1971 154  1971 150  2071
 142  1871 131  1771 121  1571 114  1571 109  1371 106  1271 101  1271  96  1371
  91  1371  89  1471  86  1671  83  1771  79  1771  75  1671  74  1611  78  1651
  86  1751  98  1711 112  2051 126  2451 138  2711 146  2751 148  2651
497 118   001 163   001 174   001 217   001 217   001 192   001 182   871
 165   971 144  1171 128  1471 117  1971 113  2371 111  2871 106  2871  99  2971
  93  2971  89  2971  87  2871  85  2871  82  2871  80  2971  80  2971  85  2871
  97  2771 117  2671 145  2571 173  2671 193  2571 198  2671 191  2671 178  2471
 160  2471 144  2671 129  2871 120  3071 115  3171 110  3371 106  3371  99  3271
  93  3171  89  3071  87  3071  83  2971  78  2971  73  2971  74  2971  82  2971
  98  2871 119  2871 143  2771 167  2671 182  2571 185  2571 177  2671 162  2671
 143  2571 124  2671 109  2671 101  2771  98  2871  96  2971  92  2971  87  2971
  83  2971  80  2971  78  2871  74  2871  68  2871  62  2871  61  2871  68  2751
  82  2651 102  2511 126  2551 149  2451 163  2411 164  2451 155  2451
510 138   001 169   001 198   001 227   001 248   001 263   001 252   671
 236  1071 218  1071 200  1071 183  1171 169  1271 158  1371 150  1371 145  1371
 142  1371 140  1471 138  1571 136  1671 132  1671 129  1771 129  1771 135  1571
 145  1471 157  1271 170  1271 181  1371 189  1371 195  1371 196  1471 193  1471
 184  1371 171  1171 159  1071 150  1171 141  1371 136  1471 132  1471 130  1471
 128  1471 126  1571 124  1671 122  1771 121  1871 120  1971 121  2071 124  1971
 129  1871 139  1671 151  1771 164  1971 175  1971 180  2071 181  2171 178  2271
 172  1971 164  1771 155  1471 146  1571 139  1571 134  1571 130  1671 127  1571
 124  1571 120  1671 117  1771 113  1871 110  1971 110  2071 112  2111 118  1851
 127  1551 139  1211 153  1451 166  1651 178  1811 185  1951 188  2151
579 109   001 112   001 127   001 148   001 176   001 183   001 178   971
 167  1271 152  1171 138   971 129  1271 126  1471 126  1671 124  1671 121  1671
 119  1671 117  1771 115  1771 113  1871 111  1871 109  1871 109  1871 112  1871
 120  1871 134  1771 153  1771 174  1771 195  1771 210  1771 218  1771 217  1771
 205  1571 189  1571 174  1471 166  1571 163  1671 161  1671 157  1671 151  1671
 144  1671 141  1771 138  1771 135  1871 130  1971 126  1971 127  2071 136  1971
 149  1771 162  1671 173  1771 181  1871 188  1971 196  2071 200  2171 195  2271
 179  1971 158  1771 140  1471 131  1671 129  1771 128  1871 125  1871 121  1971
 116  1971 112  2071 109  2071 106  2171 101  2171  97  2271  98  2211 106  2051
 120  1751 135  1511 149  1651 161  1851 172  1911 182  2051 186  2151
588 116   001 147   001 170   001 184   001 199   001 215   001 203   471
 179   771 149   971 122   971 105   971  96  1171  91  1371  85  1471  78  1571
  73  1671  70  1571  70  1471  70  1371  71  1371  73  1371  77  1371  85  1371
  98  1471 117  1471 141  1571 166  1771 189  1871 204  1871 210  1971 204  1871
 186  1671 163  1571 140  1371 125  1371 117  1471 111  1471 105  1571 101  1671
  97  1771  95  1671  94  1671  92  1571  89  1571  87  1471  89  1471  99  1471
 115  1571 134  1571 155  1671 176  1871 195  1971 211  2071 218  2271 213  2371
 191  2071 161  1871 133  1571 114  1571 101  1471  94  1471  90  1571  87  1771
  85  1871  84  1771  81  1771  79  1671  76  1671  74  1651  76  1611  84  1651
  96  1651 113  1611 133  1751 153  1951 172  2011 187  2151 195  2251
621 164   001 206   001 232   001 249   001 248   001 244   001 238   271
 218   571 188   771 160   971 140  1271 129  1271 124  1511 123  1751 123  1751
 123  1811 121  1851 118  1851 114  1811 111  1851 112  1951 118  1971 131  1871
 147  1771 162  1671 174  1771 183  1771 191  1871 199  1671 203  1471 199  1271
 185  1371 163  1371 142  1571 130  1571 122  1671 118  1771 115  1871 113  1871
 111  1971 108  1971 104  1971 100  1971  96  2071  94  2071  98  2171 108  1871
 125  1671 144  1371 162  1771 179  2071 193  2371 202  2171 205  1971 197  1771
 179  1671 156  1671 133  1571 119  1571 111  1571 106  1671 104  1871 102  1971
 100  2071  98  2071  96  2171  95  2171  91  2271  89  2371  92  2411 102  2151
 118  1851 137  1511 157  1751 175  1851 191  2011 202  1951 206  1851
630 153   001 162   001 165   001 170   001 171   001 171   001 166   471
 163   471 160   671 156  1071 153  1271 149  1271 147  1371 147  1371 145  1471
 143  1471 141  1571 139  1571 137  1671 134  1771 132  1771 132  1871 137  1871
 145  1771 155  1671 166  1571 176  1471 186  1271 193  1371 198  1471 197  1471
 190  1371 181  1171 170  1171 161  1271 152  1271 146  1371 139  1471 133  1471
 127  1571 122  1671 117  1771 113  1871 110  1971 110  1971 111  2071 115  2071
 123  1871 133  1771 147  1771 162  1671 175  1671 184  1771 188  1671 186  1771
 180  1671 170  1471 161  1271 154  1371 148  1371 142  1471 136  1571 129  1671
 122  1771 116  1871 109  1871 105  1971 100  2071 100  2171 102  2211 109  2051
 120  1951 135  1711 153  1751 170  1851 185  1811 195  1851 198  1951
643 124   001 132   001 140   001 148   001 153   001 154   001 151   371
 149   571 145   771 142   771 141   971 140  1071 141  1071 142  1071 142  1171
 142  1171 141  1171 139  1271 137  1271 134  1271 132  1271 131  1271 134  1171
 142   971 154   871 170   871 186   971 200   971 209  1071 213  1171 211  1271
 202  1171 190  1171 179  1071 171  1171 164  1171 159  1271 152  1271 147  1271
 142  1271 139  1271 136  1271 131  1271 124  1271 118  1171 120  1171 131  1171
 150  1071 169  1071 185  1071 197  1071 205  1071 207  1171 206  1271 199  1471
 188  1371 175  1371 161  1271 150  1271 142  1271 135  1371 129  1471 124  1471
 119  1571 115  1571 110  1571 103  1571  93  1471  85  1471  87  1311 103  1251
 128  1151 152  1011 169  1051 180  1151 186  1111 189  1251 188  1351
645 118   001 125   001 132   001 141   001 148   001 148   001 150   471
 144   671 132   871 123   871 121   971 123  1171 126  1271 128  1371 127  1371
 126  1471 124  1471 122  1471 120  1471 119  1471 119  1471 122  1471 129  1571
 141  1571 155  1571 173  1671 192  1771 208  1871 220  1871 224  1771 220  1771
 206  1571 187  1471 171  1271 163  1471 160  1471 158  1471 155  1571 150  1571
 146  1671 142  1671 139  1571 134  1571 128  1671 124  1671 127  1771 139  1671
 157  1671 176  1571 189  1671 200  1771 208  1871 214  1871 216  1971 209  2071
 191  1871 167  1571 147  1371 136  1371 131  1471 130  1471 128  1671 127  1671
 124  1771 120  1771 115  1871 108  1871 100  1871  95  1971  98  1911 114  1751
 136  1651 158  1411 173  1551 183  1751 191  1811 198  1951 201  2051
650 130   001 141   001 142   001 151   001 171   001 175   001 176   371
 169   571 158   571 146   571 138   771 135   871 133  1071 131  1171 129  1371
 128  1471 128  1471 129  1571 128  1571 125  1671 122  1671 123  1771 130  1671
 142  1571 153  1471 163  1471 172  1371 182  1371 193  1271 203  1071 207   971
 201   971 189   871 179   871 173   971 170   971 165  1071 155  1271 143  1371
 134  1571 129  1671 127  1671 124  1771 118  1871 113  1871 115  1971 128  1771
 147  1671 165  1571 179  1471 188  1471 195  1371 200  1271 202  1171 198  1071
 187   971 172   971 155   871 141   971 130  1071 123  1171 117  1371 113  1671
 111  1871 110  1871 108  1971 106  1971 101  1971  97  2071  99  2011 109  1851
 124  1751 141  1511 156  1551 168  1451 177  1411 183  1351 184  1251
675  96   001 119   001 149   001 192   001 221   001 219   001 213   371
 198   571 177   771 153  1071 133  1171 118  1371 110  1471 103  1571  96  1671
  91  1771  88  1771  87  1871  87  1871  88  1971  90  2071  95  2171 105  2171
 119  2071 137  2171 160  2071 184  1971 205  1771 220  1671 225  1571 217  1471
 195  1371 168  1271 141  1171 123  1271 113  1471 106  1571 103  1671 100  1671
  97  1771  95  1871  91  1971  88  2071  84  2171  82  2171  84  2271  93  2171
 110  2171 131  2071 153  2071 176  2071 196  2071 211  1971 216  1971 211  1871
 193  1671 169  1571 145  1371 128  1471 117  1571 108  1671 100  1771  94  1871
  89  1971  88  1971  88  2071  86  2071  82  2171  78  2171  80  2211  90  2151
 106  2051 126  1911 146  1951 164  1951 180  1911 192  1951 197  1851
690 168   001 185   001 181   001 183   001 178   001 178   001 172   471
 167   571 161  1071 155  1171 150  1271 145  1271 140  1271 136  1271 132  1371
 130  1371 127  1271 125  1271 123  1171 122  1171 122  1171 127  1171 137  1371
 150  1371 163  1571 173  1571 179  1471 183  1471 185  1371 184  1371 181  1371
 175  1371 168  1171 158  1271 150  1271 143  1271 138  1171 135  1271 133  1271
 132  1371 131  1271 129  1271 126  1171 123  1171 122  1171 127  1171 139  1271
 154  1371 169  1471 178  1471 182  1671 185  1771 186  1571 185  1571 182  1471
 175  1371 168  1271 160  1271 153  1371 147  1271 143  1271 140  1271 138  1271
 137  1271 136  1271 134  1171 131  1171 126  1171 123  1171 126  1111 136  1151
 151  1251 164  1211 172  1251 175  1251 176  1211 176  1151 175  1151
747 149   001 152   001 156   001 158   001 162   001 167   001 166   471
 164   571 161   871 159   971 157  1071 155  1171 151  1171 147  1271 143  1471
 141  1571 140  1671 142  1671 143  1771 141  1771 141  1671 142  1671 148  1571
 160  1471 174  1271 192  1371 209  1471 223  1571 231  1471 233  1371 227  1371
 214  1271 199  1171 186  1071 177  1171 171  1171 166  1271 159  1471 153  1571
 147  1771 144  1771 142  1871 140  1871 136  1871 134  1971 139  1971 152  1671
 173  1571 192  1271 210  1471 223  1571 231  1771 233  1771 229  1671 220  1571
 205  1471 191  1371 176  1271 166  1371 158  1371 151  1471 146  1571 142  1771
 137  1871 134  1871 132  1971 128  1971 121  1971 116  1971 119  1911 133  1751
 154  1451 177  1211 196  1351 209  1551 216  1611 217  1651 212  1551
NT  TEDF  78  35 1
20151108142015110809
20151108142015110810
20151108142015110811
20151108142015110812
20151108142015110813
20151108142015110814
20151108142015110815
20151108142015110816
20151108142015110817
20151108142015110818
20151108142015110819
20151108142015110820
20151108142015110821
20151108142015110822
20151108142015110823
20151108142015110900
20151108142015110901
20151108142015110902
20151108142015110903
20151108142015110904
20151108142015110905
20151108142015110906
20151108142015110907
20151108142015110908
20151108142015110909
20151108142015110910
20151108142015110911
20151108142015110912
20151108142015110913
20151108142015110914
20151108142015110915
20151108142015110916
20151108142015110917
20151108142015110918
20151108142015110919
20151108142015110920
20151108142015110921
20151108142015110922
20151108142015110923
20151108142015111000
20151108142015111001
20151108142015111002
20151108142015111003
20151108142015111004
20151108142015111005
20151108142015111006
20151108142015111007
20151108142015111008
20151108142015111009
20151108142015111010
20151108142015111011
20151108142015111012
20151108142015111013
20151108142015111014
20151108142015111015
20151108142015111016
20151108142015111017
20151108142015111018
20151108142015111019
20151108142015111020
20151108142015111021
20151108142015111022
20151108142015111023
20151108142015111100
20151108142015111101
20151108142015111102
20151108142015111103
20151108142015111104
20151108142015111105
20151108142015111106
20151108142015111107
20151108142015111108
20151108142015111109
20151108142015111110
20151108142015111111
20151108142015111112
20151108142015111113
20151108142015111114
002700180018001700160017001617152715271527152716371731173517351731153514351
23111351135123112351435153115351635163116351635163116351635163116351535153116351
63516311635163516311635163517311735173517311735173517311635163516311535153515311
63516351631163515351531163516351631173517351731173517351731173517351731163516351
005500180018001700160017001617152714271427152715271631163516351631163515351
43114351335133113351435153115351635163117351735173116351635163115351535153115351
53515311535153516311635163516311635163516311635173517311635163515311535143514311
43515351531153515351531153516351631173517351731173517351731173517351731163516351
015600160018001800170018001617152715271527152715371631163516351731173516351
53113351235123113351435153116351635163116351635163116351635153115351535153115351
53514311435153515311535163516311735173517311735173517311735163516311535153514311
53516351631163516351631163515351531163516351631163516351531153516351631153515351
027700180017001400120015001517152715271527152715371531163517351731153513351
23112351335143115351635163116351635163116351635163115351535143114351435143113351
33513311335133514311535153515311535143514311435143514311435133513311335133513311
33514351431143514351531153516351631163516351631163516351731173517351731173517351
070500180015001600180016001517142713271227122712271231133514351531163517351
73116351635153115351535153115351635163116351635153115351535153114351435143114351
43514311435143514311435153515311635163516311635153515311435143513311335133513311
23512351231123512351231133514351531153515351631163517351731163516351531153515351
110700170016001700170016001717172717271727172717371731153513351231123513351
43114351435143114351535153114351335133114351635173117351635153114351335123112351
23512311435153516311635153514311435143515311535163516311635163516311635163516311
63515351531153516351631163516351631153515351431143514351531153516351631163516351
120700180017001300170017001717171717271727162716371631143513351231123513351
43114351435143115351535163116351535153114351335133113351435153114351335123112351
23513311435153515311535153514311435153515311535163516311635153515311435143514311
53516351631163516351631163516351631163516351531153515351531163516351631163515351
130800170018001300110011001117122712271327143715371531163517351631153513351
23112351335153115351535153115351535153115351535153115351535153115351535143114351
33513311335133513311435143514311435133513311435143515311535153514311435143514311
43515351531153515351531153515351531153515351531153515351431143514351431143515351
145700160017001700170012001217122712271227132713371331143514351431153515351
53115351535153115351635163116351535143114351335143114351435143114351435143114351
43514311435133512311335143515311635163515311535143513311235123512311235123512311
23512351231133513351431143515351531153515351531153516351631173517351731163515351
149700130013001600170013001327132713271327132713371331133514351531153515351
53115351535153115351635163116351635153114351335133113351435143114351435143114351
43514311435133513311435153515311535153514311435133512311235123512311235123512311
23512351231123513351431153515351531153515351531153516351631173517351731163515351
156800140016001700170014001417132713271327123712371331143514351531153515351
53115351535153115351635163116351635153114351335133113351435143114351435143114351
43514311435133513311335143515311635153515311435133512311235123512311235123512311
23512351231123513351431153515351531153514351531153516351631173517351731163515351
168300110010001400180018001817172716271427133712371131113511351231133514351
53116351635173117351735173116351635163115351535143114351335133113351435143114351
43514311435153515311535153515311535153515311435123511311135113511311235123512311
23512351231133513351431143514351431143514351531153516351631173517351631153514351
180200100011001000100017001717162715271527142714271331133512351231133515351
63116351535143115351635173117351735173117351635163115351435133113351435143115351
53515311535153514311535153515311535143514311335123512311135113512311235123512311
23512351231123512351231123512351231123513351431153515351631163517351731153513351
190600130011001100100012001217122712271237122712371231123512351231123513351
43115351635173117351635163115351535153116351635153115351435143114351435143115351
53514311435143514311435143514311435143513311335133513311335133513311235123512311
33513351331133512351231123512351331133513351231123512351231133513351331133512351
222700180013001000100010001117132713271427153715371531153515351531153515351
53115351535153115351635173117351635163115351435143114351435143114351335133112351
23512311335133514311435143515311535153515311535153515311535153516311535153515311
53515351531153515351431153515351631163516351731163516351631153515351531153516351
240600160013001300100010001017112711271127112711371231123513351431143515351
53115351535153115351635163116351635163114351335123112351335143114351435133113351
33513311435143515311535153514311535153516311635163516311635153514311335123512311
23513351431143514351531153516351631163516351531153516351631163517351631153514351
255300110013001200110010001117112711271127112711371131113511351231123514351
43115351535163116351735173117351735173117351635163115351435143114351435153115351
53515311535153515311435133513311435163516311535143513311235123513311335123512311
23512351331133514351431153515351631153515351531153516351631163515351431143513351
260300110013001200100010001127112712271227122712371131113511351131123513351
33114351535153116351635173117351735173116351635153114351335133113351435143114351
43514311435143514311435143515311535143514311335123511311135113511311235123512311
23512351331133513351431143515351531153515351531153515351631163516351631153514351
280300100010001000100010001027112711271237123712351331133513351331133513351
33114351535163116351635163115351535153115351535153114351435133113351335143114351
43514311435153515311535153515311535153515311435133512311135113511311135123512311
23512351231123513351431143514351431143513351331143514351431143514351431133513351
299000100010001000100010001117112711271127113711371231123512351231123513351
33114351635163117351635153114351335123113351535163116351535143114351435143114351
43514311435143514311435143514311435143514311335133512311235133513311435143514311
33513351231123512351231123512351231123512351231123512351231123512351231123512351
434000100010001000100010001117112711271127113711371131113512351231123513351
33113351435153115351635163116351635163116351635163115351435123112351235123113351
33514311435133513311335143514311535153516311635163516311635173517311635153514311
43514351431143513351331133513351331143514351431143514351431133513351231123512351
460000110010001000100010001117112711271127112711271131113511351131113511351
23113351435153114351335123112351335143115351535153115351535143113351335133113351
33513311335133513311235123512311235123512311235133513311235123511311135123512311
23512351231123513351331123512351231123512351231123512351231123512351231113511351
481200100010001000100010001117112711271127122712271331133513351331133514351
43113351335123113351435143114351335123112351235133113351435143113351235123112351
23512311235123512311335133514311435143513311335133512311235123512311235133513311
43514351431143514351331133513351331133513351331133513351331133513351231123512351
497300130013001300120011001117112711271127112712271231123511351131113512351
23112351235123113351335133114351335133113351235123113351435143113351335123111351
13512311235123512311235113511311135113511311135113511311135113511311135123512311
23512351231123512351231123512351231133513351331123512351231113511351131113511351
510000100010001000100010001127112711371237123712371231123512351231123512351
33113351435153116351735173117351635153115351435143113351235123112351235123113351
43514311435143514311435153515311535153515311635163516311635153515311535143514311
43515351531143513351331123512351231123513351331123512351231123512351231123512351
579400130012001000110012001217122713271327143714371431143514351431143514351
33114351435143115351435143113351235123111351135113111351135113111351135113111351
13511311135113511311135113511311135113511311135113511311135113511311235123513311
33513351331133513351331133513351331133512351231123512351231123511351131113511351
588000100010001000100010001017112711271127112711271131113511351131113511351
13112351335143114351335123111351135113111351135113111351135113111351135113111351
13511311135113511311135113511311235133513311235123511311135113511311135123512311
23513351331143514351431143514351431133513351231133513351431133512351131113511351
621000100010001000100010001117111711271127112711371131123513351331133512351
23112351235133113351335143115351535163115351435133113351235123112351235123112351
23512311335133513311335133513311335133512311235123512311235123512311235123512311
23512351231113511351131123512351231133513351331133512351231123512351131113511351
630500140015001500140014001317121712271227122712271331133513351331143514351
43114351435143115351635173117351735163115351435133112351235123112351235123111351
13511311235133514311435143514311535163516311635153515311435143514311435143513311
33513351331123512351231123512351231133513351331143514351331133513351231123512351
643800180018001800180018001717172716271627153714371431143515351531163516351
63116351535153115351635163115351335123111351135113111351135113111351135113111351
13511311135113511311135113511311135113511311135113511311135123512311235133513311
43514351431143514351431143514351431133513351331133512351231123512351131113511351
645700170017001700170018001717162715271537153715371531153515351531163516351
63115351535143114351435143113351235123111351135113111351135113111351135113111351
13511311135113511311135113512311235113511311135113511311135123512311235123513311
33514351431143514351431133513351231123512351231123512351231123511351131113511351
650700180018001800170016001417132712271227133714371531153515351431143515351
53115351535153115351535143114351435133113351235123111351135113111351135113111351
13511311135113511311135113512311235123512311235113511311135123512311135113512311
23513351431143514351431143514351431133513351331133513351331133513351231123512351
675400130013001200100010001017101710171127112711271231123511351131113512351
23113351335143114351535153114351335123112351135113111351135113111351135113112351
33513311335133513311235123512311335133514311335123512311235123512311235123512311
23513351431143514351431143514351431143514351531153515351531163515351531143513351
690000100010001000100010001117112711371137112711271131113511351131113511351
13111351135123112351335133113351335123112351235113111351135113112351335143113351
33512311235133513311335133513311335143514311435143513311335123512311235133513311
33514351431143514351431143514351431143513351331143515351531153514351431133513351
747700180018001800180018001727172716271527152714271431143514351431153514351
43114351435143114351435143114351335133113351335133113351235123112351235123112351
13511311135113511311235123512311235133513311235123512311335133514311435143513311
33513351331133513351431133512351231123512351331133513351331123512351131123512351
