20150307081430
T2M TEDF  78  35 1
20150307082015030703
20150307082015030704
20150307082015030705
20150307082015030706
20150307082015030707
20150307082015030708
20150307082015030709
20150307082015030710
20150307082015030711
20150307082015030712
20150307082015030713
20150307082015030714
20150307082015030715
20150307082015030716
20150307082015030717
20150307082015030718
20150307082015030719
20150307082015030720
20150307082015030721
20150307082015030722
20150307082015030723
20150307082015030800
20150307082015030801
20150307082015030802
20150307082015030803
20150307082015030804
20150307082015030805
20150307082015030806
20150307082015030807
20150307082015030808
20150307082015030809
20150307082015030810
20150307082015030811
20150307082015030812
20150307082015030813
20150307082015030814
20150307082015030815
20150307082015030816
20150307082015030817
20150307082015030818
20150307082015030819
20150307082015030820
20150307082015030821
20150307082015030822
20150307082015030823
20150307082015030900
20150307082015030901
20150307082015030902
20150307082015030903
20150307082015030904
20150307082015030905
20150307082015030906
20150307082015030907
20150307082015030908
20150307082015030909
20150307082015030910
20150307082015030911
20150307082015030912
20150307082015030913
20150307082015030914
20150307082015030915
20150307082015030916
20150307082015030917
20150307082015030918
20150307082015030919
20150307082015030920
20150307082015030921
20150307082015030922
20150307082015030923
20150307082015031000
20150307082015031001
20150307082015031002
20150307082015031003
20150307082015031004
20150307082015031005
20150307082015031006
20150307082015031007
20150307082015031008
002  69   001  67   001  71   001  70   001  69   001  73   001  82   471
  90   571  98   771 107   771 115   771 121   971 123   971 121   971 117   971
 112   971 108   871 107   871 105   771 101   771  98   871  95   871  93   871
  92   871  89   871  86   771  83   771  82   671  84   671  87   571  91   571
  93   771  94   871  94  1071  93  1071  92  1171  88  1171  81  1071  74  1071
  69   971  69   971  71   871  74   871  76   871  76   971  76   971  77   971
  76   871  76   871  76   871  75   751  76   711  77   751  80   751  83   711
  87   851  91  1051  94  1111  96  1151  97  1251  95  1211  91  1151  86  1051
  83   911  82   951  83   951  85   911  86   951  87   951  86   911  84   951
  82   951  81   911  81  1051  81  1051  81  1111  80  1051  80  1051
005  45   001  42   001  41   001  39   001  43   001  57   001  76   371
  95   671 113   771 131   871 145   871 152  1071 151  1171 141  1071 127   971
 111   871  99   871  93   971  86   971  80   971  75  1071  72  1071  70  1071
  69  1171  64  1171  55  1171  47  1071  46  1071  56  1171  73  1071  92  1071
 108  1171 123  1171 134  1271 141  1371 143  1471 136  1571 120  1371 100  1171
  82   971  72   971  69  1071  68  1071  68  1071  67  1171  68  1171  69  1171
  70  1271  72  1271  74  1171  75  1171  77  1011  79  1051  83  1051  88  1011
  95  1151 103  1251 111  1311 118  1451 121  1551 121  1611 116  1351 107  1351
  99  1111  92  1151  88  1151  84  1111  81  1151  79  1251  77  1211  76  1351
  75  1351  74  1411  72  1451  71  1551  72  1511  77  1451  86  1451
015  32   001  24   001  29   001  29   001  39   001  49   001  70   471
  87   771 102   971 118  1271 132  1271 141  1371 143  1471 136  1371 124  1371
 109  1271  97  1071  88  1071  80   971  74   971  67  1071  62  1071  57  1071
  52  1071  46  1071  40  1071  36  1071  37  1071  46  1071  62   971  82   971
 103  1171 123  1271 140  1471 155  1471 162  1571 160  1571 147  1471 126  1271
 106  1171  90  1171  77  1071  69  1071  63  1071  60  1171  58  1171  57  1271
  57  1271  58  1371  59  1371  61  1471  64  1411  70  1351  77  1251  84  1111
  91  1251  98  1351 105  1311 113  1351 119  1451 122  1411 120  1351 115  1251
 108  1111 100  1151  93  1151  85  1111  78  1151  72  1351  68  1311  66  1451
  66  1451  66  1511  66  1651  67  1651  70  1711  76  1651  83  1451
027  23   001  37   001  36   001  55   001  51   001  72   001  84   471
 100   671 118   771 134   771 147   771 153   971 150   971 138   971 120   871
 102   871  90   871  81   871  74   871  67   971  61   971  56  1071  53   971
  49   971  44   871  38   871  35   871  38   871  50   871  67   971  86   971
 103   971 116  1071 126  1071 132  1071 132  1171 127  1071 116  1071 102   971
  89   971  77  1171  70  1071  64  1171  62  1171  61  1271  62  1271  63  1171
  65  1071  68   971  69   971  71  1071  73  1011  76  1051  81  1051  88  1111
  98  1051 108  1051 118   811 125   951 127  1151 126  1211 121  1251 113  1151
 105  1111  99  1251  94  1251  90  1311  85  1351  81  1251  78  1211  77  1251
  78  1251  77  1211  74  1351  71  1451  72  1511  78  1551  88  1451
070 -16   001 -10   001 -23   001 -19   001 -11   001   3   001  39   471
  68   871  90  1071 111  1371 126  1271 134  1571 132  1571 120  1471 100  1371
  82  1271  68  1271  58  1371  51  1371  44  1371  40  1471  36  1471  33  1471
  29  1471  22  1471  12  1471   5  1371   6  1371  20  1271  44  1171  72  1071
  98  1271 121  1371 141  1471 156  1671 164  1771 162  1871 150  1671 131  1471
 109  1371  89  1471  71  1471  58  1671  50  1671  44  1771  40  1671  36  1771
  31  1771  27  1771  25  1771  25  1771  31  1611  43  1551  58  1551  74  1411
  87  1451  98  1551 107  1611 114  1651 118  1651 119  1611 116  1551 109  1451
  98  1211  85  1351  72  1451  60  1511  52  1751  48  1851  47  1911  48  1951
  49  1951  48  1911  44  1951  40  1951  42  1811  52  1751  68  1651
110  69   001  64   001  66   001  69   001  70   001  85   001  94   671
 104   871 114  1171 120  1271 123  1171 123  1271 119  1171 113  1071 105  1071
  97   971  90   971  83   971  81   971  82   971  84  1071  86  1071  87  1171
  85  1371  83  1471  79  1371  76  1371  75  1271  79  1271  86  1171  94  1171
 103  1371 110  1471 116  1571 120  1471 123  1171 122  1071 118  1071 112  1071
 105  1071  98  1071  92  1171  87  1171  85  1271  85  1271  85  1371  85  1471
  85  1671  84  1771  85  1771  86  1771  87  1711  88  1651  89  1651  93  1511
 100  1451 109  1451 117  1211 122  1251 125  1151 123  1211 118  1151 110  1151
 103  1011  97  1151  92  1351  89  1511  86  1551  84  1651  82  1711  80  1951
  77  2051  75  2211  74  2251  74  2151  75  2111  78  2051  83  1851
120  59   001  64   001  62   001  53   001  60   001  70   001  79   671
  95   971 113  1071 129  1071 139  1071 143   971 139   971 128   971 114   971
  97   971  84   971  73  1071  64  1071  59  1071  55  1171  52  1171  49  1171
  46  1271  43  1271  39  1271  35  1171  36  1171  42  1171  56  1271  73  1271
  92  1271 110  1271 124  1171 132  1071 133  1071 128   971 119   971 106   971
  96   971  89   971  86  1171  83  1171  82  1171  81  1271  79  1271  79  1371
  79  1371  79  1471  78  1471  77  1451  78  1411  81  1551  87  1551  95  1611
 105  1551 116  1451 124  1311 128  1351 128  1351 124  1311 118  1251 110  1251
 103  1111  97  1151  91  1251  87  1211  84  1351  81  1351  79  1411  76  1551
  74  1651  71  1711  69  1851  68  1851  70  1911  75  1951  83  1851
130  15   001  16   001  19   001  10   001  13   001  47   001  61   571
  79   771 101   971 121   971 136   871 143  1071 141   971 130   971 112  1071
  95  1071  81  1071  68  1071  60  1071  52  1171  46  1271  39  1371  33  1371
  28  1371  22  1371  18  1371  15  1471  16  1471  24  1471  38  1471  58  1371
  80  1271 103  1271 125  1171 141  1171 151  1271 152  1271 143  1271 127  1171
 111  1171  96  1071  84  1171  74  1171  66  1271  61  1271  58  1371  57  1471
  58  1471  58  1571  57  1671  57  1671  57  1711  60  1651  65  1651  74  1511
  87  1451 101  1251 114  1111 123  1251 128  1351 130  1411 128  1351 124  1451
 117  1311 108  1351  99  1351  91  1311  85  1451  80  1651  76  1711  72  1851
  69  1851  65  1911  61  2051  59  2151  60  2211  66  2151  77  1951
145   8   001  28   001  15   001  25   001  29   001  40   001  56   471
  78   871  99   971 117  1171 132  1071 142  1371 143  1371 135  1271 121  1271
 105  1171  92  1271  81  1271  71  1371  61  1371  52  1271  46  1271  44  1271
  42  1171  36  1171  25  1071  16  1071  17   971  35  1071  62  1071  92  1171
 114  1171 130  1171 144  1171 155  1271 163  1171 163  1271 154  1271 139  1171
 122  1271 104  1271  87  1371  74  1371  64  1371  58  1471  55  1471  52  1471
  51  1371  49  1371  48  1371  47  1371  49  1311  54  1351  61  1351  70  1311
  80  1351  90  1351 100  1311 109  1351 116  1451 120  1411 120  1451 116  1351
 110  1311 102  1451  93  1451  84  1511  77  1551  71  1651  68  1611  67  1651
  67  1651  66  1611  63  1651  60  1751  60  1711  66  1651  76  1551
149  15   001  13   001  -7   001  -3   001  11   001  22   001  56   471
  85   871 107  1071 126  1371 142  1271 152  1371 153  1371 143  1271 127  1171
 109  1071  97  1171  88  1171  78  1371  67  1271  56  1271  49  1271  46  1171
  43  1171  37  1071  27  1071  16  1071  15  1071  30  1071  55  1071  84  1071
 111  1071 134  1171 153  1271 167  1271 174  1271 172  1271 160  1171 142  1171
 122  1071 105  1171  91  1271  80  1371  68  1371  59  1371  52  1371  49  1371
  48  1271  47  1271  44  1371  41  1371  42  1411  49  1351  60  1351  73  1211
  85  1351  96  1451 106  1511 115  1551 122  1551 125  1511 124  1451 119  1451
 112  1311 105  1351  97  1451  88  1411  79  1451  71  1551  66  1511  65  1551
  66  1551  65  1511  61  1651  57  1751  57  1811  64  1751  76  1551
156   6   050  16   030  25   150  35   350  45   450  57   650  72   771
  91   871 111   971 128  1071 143  1171 152  1271 153  1371 144  1271 131  1171
 118  1071 111  1171 107  1171 102  1271  95  1271  87  1171  79  1171  74  1071
  69  1071  63   971  54   971  47  1071  46  1071  55  1071  72   971  93   971
 114  1071 136  1071 153  1271 166  1171 173  1271 173  1211 164  1151 150  1151
 136  1111 125  1151 116  1251 107  1211  96  1251  84  1251  74  1211  68  1251
  65  1151  63  1111  60  1151  56  1251  56  1211  60  1251  67  1151  78  1111
  91  1251 103  1251 114  1311 121  1351 124  1351 125  1311 124  1251 122  1251
 119  1111 115  1251 110  1251 104  1311  98  1351  93  1451  89  1411  86  1451
  83  1351  81  1311  78  1451  77  1451  77  1511  81  1451  87  1351
168 -34   001 -21   001 -27   001 -49   001 -20   001  -1   001  33   471
  65   771  92   971 115  1071 133  1071 142  1371 141  1371 129  1371 110  1371
  87  1371  67  1471  51  1371  38  1371  30  1471  26  1471  22  1571  19  1571
  15  1471   8  1471   0  1371  -5  1371   0  1271  18  1171  43  1071  74   971
 102  1071 128  1371 149  1471 165  1571 173  1571 171  1611 158  1551 138  1551
 114  1411  91  1551  70  1551  55  1511  46  1651  41  1651  38  1711  34  1751
  30  1751  24  1711  17  1651  14  1651  17  1511  31  1451  51  1351  74  1211
  95  1351 112  1451 125  1511 133  1651 136  1651 134  1711 126  1651 114  1451
 100  1311  84  1451  70  1551  59  1611  53  1851  51  1951  50  2111  49  2151
  47  2051  43  2011  36  2051  31  1951  32  1911  43  1751  61  1651
180 -31   001 -35   001 -39   001 -38   001 -27   001  10   001  33   671
  57  1071  81  1371 101  1671 116  1771 123  1871 122  2071 112  2071  96  1871
  77  1771  60  1771  46  1671  36  1671  28  1771  24  1671  22  1771  21  1671
  17  1671  10  1571   1  1471  -4  1371  -1  1271  16  1371  41  1471  67  1671
  90  1671 109  1871 125  2071 141  2071 151  2271 152  2271 140  2071 119  2071
  97  1871  78  1871  62  1871  51  1671  43  1771  38  1771  34  1871  31  1871
  28  1871  23  1871  17  1771  14  1671  17  1511  30  1651  50  1651  73  1711
  96  1751 116  1951 132  1911 143  2051 148  2251 145  2311 134  2151 118  2051
 100  1811  84  1851  69  1851  58  1911  49  2051  44  2151  40  2111  38  2051
  36  2051  31  1911  23  1851  16  1751  17  1611  29  1751  48  1751
190 -15   001 -22   001 -21   001 -24   001 -17   001  10   001  32   671
  55  1171  77  1571  97  1771 111  1871 120  2071 121  2171 110  1971  94  1771
  75  1471  60  1471  49  1471  40  1471  32  1571  26  1571  20  1671  17  1571
  13  1471   9  1371   6  1371   5  1471  11  1471  25  1571  45  1671  66  1771
  84  2171 101  2571 118  2771 135  2871 149  2971 151  2971 139  2471 119  1971
  96  1671  79  1671  67  1671  57  1671  47  1771  37  1971  30  2071  27  1971
  26  1971  25  1871  22  1871  21  1871  25  1811  37  1951  55  1951  75  2111
  94  2151 111  2251 126  2411 139  2451 146  2451 146  2411 136  2151 120  1951
 103  1611  88  1751  75  1751  63  1811  52  1951  42  2151  36  2211  34  2151
  33  2151  30  2011  24  1951  20  1851  22  1711  36  1851  56  1951
222  39   001  20   001   9   001   5   001   4   001  44   001  69   571
  95   771 121   771 143   771 158   671 164   771 160   871 148   871 130   971
 112   971  96   971  83   971  73   971  63  1071  54  1171  46  1271  39  1371
  35  1471  29  1571  26  1471  25  1271  29  1171  41  1071  59   971  79   871
 100   971 119   971 136   971 148   971 153  1071 150  1071 139   971 123  1071
 106  1071  92  1071  81  1071  71  1071  62  1171  54  1371  50  1471  49  1471
  49  1471  49  1471  47  1371  45  1371  45  1211  50  1251  59  1151  71  1111
  83  1051  96   951 107   811 116   951 123  1151 124  1211 120  1251 112  1151
 103  1111  95  1151  88  1151  82  1111  77  1251  72  1451  69  1511  67  1651
  66  1651  65  1711  63  1751  63  1751  65  1711  71  1751  81  1651
240  17   001  12   001   7   001   3   001  13   001  55   001  77   371
  99   671 122   671 144   771 162   771 172  1071 172  1071 161  1071 143  1171
 123  1171 107  1171  95  1171  86  1171  76  1171  67  1071  59  1071  52  1071
  46  1171  39  1171  31  1171  25  1071  27  1071  40  1071  63  1071  89  1171
 115  1071 140  1171 160  1171 175  1171 182  1171 180  1171 168  1071 150  1171
 130  1271 113  1271  99  1271  87  1271  76  1271  67  1171  61  1171  57  1271
  54  1371  49  1471  44  1471  40  1371  39  1311  44  1251  54  1351  66  1211
  79  1251  93  1351 105  1311 115  1451 123  1451 127  1511 127  1451 123  1351
 117  1311 110  1351 102  1451  95  1411  89  1451  84  1351  80  1311  77  1451
  74  1551  70  1611  64  1651  58  1751  57  1711  63  1651  74  1551
255  -2   001  -8   001   6   001   7   001  11   001  39   001  60   471
  85   871 110  1171 132  1271 149  1171 160  1571 161  1571 151  1471 135  1271
 115  1171  97  1171  83  1171  70  1271  61  1171  53  1271  45  1271  37  1271
  29  1371  23  1371  17  1271  15  1271  20  1171  35  1071  57  1171  84  1071
 113  1271 138  1471 160  1771 175  1771 182  1871 179  1871 167  1571 149  1471
 130  1271 113  1371  99  1371  85  1571  72  1571  61  1371  53  1371  48  1371
  45  1471  39  1471  30  1471  22  1471  22  1411  34  1451  55  1451  78  1311
  99  1551 116  1651 130  1811 140  1951 144  1851 144  1911 138  1751 128  1551
 117  1311 106  1451  95  1551  86  1611  78  1651  72  1751  67  1711  63  1851
  60  1851  56  1911  50  1951  46  1951  47  1911  55  1851  69  1651
260 -28   001 -31   001 -39   001 -39   001 -25   001  27   001  55   471
  82   871 109  1171 132  1471 148  1471 154  1771 150  1871 136  1671 116  1471
  93  1271  72  1371  54  1471  40  1471  33  1571  29  1771  27  1871  25  1871
  21  1771  17  1771   9  1671   5  1671   9  1571  26  1371  52  1171  81   971
 109  1171 132  1571 152  1771 165  1871 173  1971 171  2071 159  1871 139  1571
 116  1371  91  1571  68  1771  52  1971  45  1871  44  1971  44  1971  42  1971
  36  1971  28  1971  17  1871  10  1871  12  1711  28  1651  53  1451  81  1211
 105  1651 125  1751 139  1911 148  2051 151  2251 148  2311 140  2051 126  1851
 109  1611  89  1851  71  1851  58  2011  54  2151  56  2151  59  2211  60  2251
  57  2351  50  2311  39  2351  29  2251  28  2211  41  2051  63  1751
280   1   001  -1   001 -10   001 -12   001   1   001  44   001  66   471
  84   871 100  1071 115  1171 127  1271 134  1571 133  1671 124  1571 107  1371
  88  1271  71  1271  57  1271  44  1271  36  1371  31  1271  28  1371  26  1471
  25  1571  22  1671  17  1671  15  1771  20  1771  36  1771  58  1571  82  1471
 100  1471 114  1571 128  1571 141  1671 152  1971 154  2071 145  1771 128  1571
 108  1471  89  1471  73  1471  60  1371  52  1371  46  1471  43  1471  40  1571
  36  1671  31  1771  24  1871  19  1871  22  1911  37  1751  58  1551  81  1311
 100  1351 115  1351 127  1311 137  1551 144  1651 144  1811 137  1751 124  1551
 109  1311  94  1351  80  1351  67  1411  57  1551  49  1551  44  1611  41  1751
  39  1851  35  1911  28  1951  23  2051  25  2011  37  1951  56  1751
299 -20   001 -24   001 -31   001 -22   001 -17   001  14   001  35   571
  62  1071  85  1371 106  1671 119  1671 123  1671 120  1671 108  1771  91  1671
  72  1571  55  1471  43  1571  33  1571  27  1571  22  1571  19  1571  16  1571
  11  1671   7  1671   4  1671   5  1671  13  1671  28  1671  48  1571  70  1471
  90  1671 107  1771 122  2071 134  2071 142  2271 141  2371 129  2171 111  1771
  90  1571  72  1671  56  1571  45  1771  38  1771  33  1771  30  1771  27  1871
  23  1971  19  2071  14  2071  12  2171  17  2111  31  2051  50  1851  73  1711
  95  1751 114  1851 129  1811 139  1951 142  1951 137  1911 124  1851 107  1751
  89  1611  74  1651  62  1751  52  1711  44  1851  38  2051  35  2111  35  2251
  35  2351  33  2411  27  2451  22  2351  25  2311  39  2151  61  2051
434  35   001  36   001  33   001  37   001  43   001  58   001  85   471
 111   671 135   771 158   871 177   971 188  1171 189  1371 176  1171 156  1071
 137   871 124   871 117   871 111   871 104   871  97   871  91   871  87   871
  83   871  78   871  72   971  66   971  65  1071  70  1071  81  1171  97  1171
 118  1271 140  1171 159  1271 173  1471 180  1471 178  1571 167  1371 151  1171
 133   971 119  1071 107   971  97   971  85   971  74   971  66   971  62   971
  60  1071  56  1071  48  1171  41  1171  38  1211  43  1351  55  1451  72  1511
  90  1751 109  1751 124  1811 135  1951 140  2151 138  2111 129  1751 117  1551
 105  1211  96  1251  90  1151  85  1111  80  1151  74   951  70   911  67  1051
  65  1051  62  1111  58  1251  54  1351  53  1411  57  1451  65  1451
460   5   001   2   001  -1   001  -2   001   7   001  27   001  62   471
  93   871 119  1071 142  1171 160  1271 171  1371 170  1471 156  1371 135  1271
 112  1171  95  1271  83  1371  73  1371  65  1371  57  1471  51  1471  47  1571
  43  1571  38  1671  30  1571  25  1371  29  1271  46  1271  71  1271  97  1271
 121  1271 142  1371 158  1371 172  1571 181  1571 180  1671 168  1571 149  1371
 125  1371 104  1471  87  1571  75  1671  70  1671  68  1671  68  1671  65  1671
  59  1771  50  1771  40  1671  33  1671  33  1511  45  1451  64  1351  88  1211
 111  1351 132  1451 149  1411 160  1551 165  1751 162  1811 152  1651 138  1551
 120  1311 102  1451  86  1651  75  1711  69  1851  68  1851  68  1811  67  1951
  64  2051  58  2111  49  2051  42  2051  41  1911  51  1851  68  1651
481  13   001  14   001   4   001  -4   001   1   001  28   001  47   571
  67  1071  86  1171 104  1371 120  1371 130  1671 133  1671 127  1571 115  1471
 102  1371  90  1471  80  1371  71  1371  63  1371  56  1371  50  1371  45  1371
  40  1271  34  1271  28  1271  24  1371  26  1371  36  1571  52  1571  70  1671
  88  1771 106  1771 120  1871 133  1871 141  1871 143  1871 137  1771 127  1571
 114  1571 101  1571  91  1471  82  1371  75  1371  69  1471  64  1371  59  1371
  55  1471  49  1471  43  1471  38  1471  40  1411  49  1451  65  1451  83  1411
 101  1551 118  1651 132  1711 142  1751 147  1851 147  1911 142  1751 133  1651
 122  1411 112  1351 102  1351  94  1211  88  1351  82  1551  76  1611  69  1651
  61  1651  53  1611  46  1651  42  1751  43  1711  52  1851  66  1851
497 -18   001 -20   001 -22   001 -23   001 -22   001   8   001  37   471
  70  1171 102  1571 127  1971 141  1771 143  2071 131  1971 109  1771  83  1671
  60  1671  46  1671  37  1771  31  1771  24  1871  18  1971  13  2071   9  1971
   6  1871   0  1771  -8  1671 -14  1571 -12  1471   3  1471  29  1571  59  1571
  89  1971 114  2271 134  2571 143  2571 143  2471 133  2271 115  2071  93  1971
  73  1871  57  1871  47  1871  38  1871  30  1971  22  2071  14  2071   7  1971
   2  1971  -4  1871  -9  1771 -11  1771  -8  1611   3  1851  21  1851  47  1911
  78  2351 109  2551 133  2811 145  2651 144  2751 132  2511 111  2151  88  1951
  67  1611  54  1651  47  1651  42  1611  36  1751  30  1751  25  1811  21  1851
  17  1851  11  1811   3  1851  -3  1851  -2  1811   9  1951  28  1951
510  27   001  17   001  29   001  14   001  13   001  61   001  89   471
 115   571 143   771 167   771 185   671 193   971 191   971 180  1071 162  1071
 144  1171 127  1171 113  1071  99  1071  87  1071  79  1171  71  1171  65  1171
  60  1271  52  1271  43  1271  36  1271  37  1271  51  1271  72  1171  97  1171
 121  1171 143  1271 160  1271 170  1271 173  1171 169  1171 157  1271 139  1271
 121  1371 104  1271  91  1171  80  1071  73  1171  69  1171  67  1271  65  1271
  63  1371  61  1371  59  1371  57  1471  57  1411  60  1451  66  1451  75  1411
  88  1451 102  1451 116  1411 128  1651 136  1751 139  1911 137  1751 130  1651
 121  1411 110  1451  98  1251  87  1111  77  1251  70  1251  64  1311  60  1451
  58  1551  55  1611  52  1651  50  1751  53  1711  61  1651  74  1651
579  82   001  78   001  54   001  18   001  29   001  69   001  87   471
 105   871 124  1071 142  1071 156  1071 163  1071 160  1171 150  1171 133  1171
 116  1171 101  1171  89  1071  79  1071  70  1171  63  1371  57  1471  51  1471
  46  1571  39  1571  31  1571  25  1571  28  1571  43  1471  66  1571  91  1471
 113  1471 133  1571 148  1571 162  1471 170  1471 170  1271 161  1271 145  1271
 127  1371 108  1371  93  1371  80  1271  70  1371  65  1571  61  1671  58  1671
  55  1671  48  1671  39  1671  31  1571  31  1511  43  1551  65  1451  90  1411
 114  1451 135  1451 152  1411 163  1451 168  1351 165  1311 154  1251 139  1251
 123  1111 110  1151 100  1051  92  1011  85  1251  79  1351  74  1511  70  1551
  66  1651  61  1611  54  1751  50  1751  52  1811  65  1751  84  1551
588  14   001  11   001  -3   001   1   001  16   001  54   001  73   671
  93  1071 114  1271 133  1271 147  1371 154  1671 153  1771 145  1771 130  1771
 111  1771  90  1771  69  1671  54  1671  44  1771  42  1771  41  1871  40  1771
  39  1771  34  1671  28  1571  25  1571  29  1471  43  1471  65  1671  87  1671
 106  1671 121  1671 134  1671 144  1871 152  1971 152  2171 143  1971 129  1971
 110  1871  90  1871  72  1771  57  1771  47  1771  42  1871  40  1871  39  1871
  38  1771  34  1771  27  1671  22  1651  23  1511  35  1651  54  1651  77  1711
  99  1651 120  1651 137  1511 150  1851 156  2051 155  2311 145  2151 130  2051
 113  1811  98  1751  85  1751  74  1611  66  1751  60  1751  56  1811  54  1851
  52  1851  48  1811  41  1851  36  1751  38  1711  51  1751  70  1651
621  14   001  18   001   4   001  15   001   7   001  67   001  95   571
 122   971 149  1271 169  1471 182  1471 185  1571 178  1671 164  1471 145  1471
 126  1471 111  1371  99  1171  89  1171  78  1271  69  1271  63  1371  58  1371
  53  1371  48  1371  41  1371  37  1371  40  1371  54  1471  77  1571 101  1671
 122  1871 141  1971 154  2171 161  2171 163  1971 156  1911 142  1851 124  1651
 106  1611  93  1451  83  1351  76  1211  70  1351  65  1351  61  1411  58  1451
  55  1451  51  1411  47  1551  45  1551  47  1611  56  1551  69  1551  87  1411
 106  1751 124  2051 138  2211 145  2351 147  2351 144  2411 139  2151 131  1851
 121  1511 108  1451  94  1451  82  1411  73  1551  66  1651  62  1611  59  1751
  56  1751  52  1811  46  1951  42  1951  44  2011  56  1951  75  1751
630  31   001  23   001   9   001  10   001  15   001  44   001  77   471
 107   771 133   971 155   871 171   871 180   971 181   971 175   871 164   871
 153   871 142   871 132   871 120   871 105   871  89   971  75   971  65  1071
  59  1171  51  1271  42  1271  35  1171  37  1171  50  1071  72  1171  97  1071
 121  1171 142  1271 159  1271 172  1271 180  1271 180  1111 172  1151 158  1051
 143  1111 130  1151 119  1151 110  1111 102  1151  94  1251  87  1211  80  1351
  74  1351  69  1411  65  1451  62  1351  62  1311  65  1351  70  1451  78  1411
  88  1451 100  1251 112  1211 123  1351 133  1351 138  1411 139  1451 135  1451
 129  1311 121  1351 112  1351 102  1311  92  1351  84  1451  76  1411  70  1451
  64  1451  58  1411  51  1451  46  1451  46  1411  54  1451  69  1351
643  30   001  25   001  23   001  24   001  25   001  69   001  86   571
 104   771 121   871 136   971 145   971 149  1071 148   971 137   971 123  1071
 112  1071 106  1071 101  1071  97  1071  89  1171  79  1271  71  1371  67  1371
  65  1371  60  1371  53  1371  47  1471  48  1471  62  1371  83  1371 104  1271
 120  1471 131  1471 140  1571 147  1571 152  1371 150  1371 141  1371 127  1371
 114  1371 104  1271  96  1271  91  1171  86  1271  82  1371  79  1471  78  1571
  76  1571  71  1671  62  1571  55  1571  56  1411  69  1451  90  1451 112  1411
 129  1451 141  1551 149  1511 155  1451 156  1551 153  1511 144  1451 132  1351
 121  1211 113  1251 108  1151 103  1211  97  1351  90  1451  85  1511  83  1651
  81  1851  78  1911  71  1851  65  1751  67  1611  80  1651 100  1651
645  50   001  31   001  62   001  78   001  88   001 107   001 120   471
 134   871 148  1071 158  1171 166  1271 171  1371 168  1371 155  1371 136  1371
 116  1371 103  1471  92  1471  85  1471  78  1571  70  1471  64  1471  60  1471
  57  1471  51  1471  42  1471  36  1371  39  1371  55  1271  80  1371 105  1271
 127  1371 142  1471 155  1571 165  1571 171  1571 168  1511 156  1551 137  1451
 118  1411 102  1651  90  1851  81  1811  76  1751  72  1751  70  1611  68  1651
  64  1651  58  1611  49  1551  43  1551  46  1411  62  1451  86  1351 112  1311
 133  1451 149  1551 161  1611 169  1551 172  1651 168  1611 155  1551 138  1451
 121  1311 109  1451 100  1651  94  1711  89  1851  85  1751  81  1711  78  1751
  75  1851  71  1811  66  1751  63  1751  66  1611  78  1551  97  1551
650  25   001  15   001  12   001  14   001  46   001  69   001  78   771
  97   871 116  1171 131  1371 139  1271 143  1071 141   971 134   871 124   871
 112   771 102   871  93   971  84  1071  75  1271  67  1571  61  1771  58  1771
  56  1871  51  1871  43  1871  37  1871  40  1871  57  1671  82  1371 107  1171
 124  1271 135  1371 142  1471 148  1371 152  1271 150  1171 142  1071 130   971
 116   971 103  1071  91  1071  83  1171  79  1271  77  1471  75  1571  71  1771
  66  1871  59  2071  50  2071  45  2171  47  2111  60  1851  80  1551 102  1311
 120  1351 134  1351 145  1311 152  1251 155  1451 152  1311 144  1151 132  1051
 120   811 109   951 100  1051  93  1111  89  1351  85  1651  82  1811  78  1951
  72  2151  66  2211  60  2251  58  2251  63  2211  76  1951  95  1751
675  -1   001  -7   001 -12   001 -11   001   0   001  42   001  68  1071
  95  1371 120  1371 143  1271 158  1471 164  1671 161  1871 151  1671 136  1571
 118  1371 103  1371  89  1471  77  1471  67  1571  60  1671  55  1771  52  1871
  48  1871  42  1971  33  1971  26  2071  31  2071  52  2071  83  2071 115  2171
 142  1971 162  1771 175  1471 182  1671 183  1871 178  2071 166  1871 150  1671
 132  1471 114  1471  97  1571  82  1571  69  1671  60  1871  54  1971  50  2071
  47  2071  41  2171  32  2071  26  2071  27  1911  41  1951  65  2051  93  2011
 121  1951 145  1851 162  1711 170  1951 169  2251 163  2411 153  2151 141  1751
 126  1411 110  1551  96  1551  83  1611  74  1751  68  1951  64  2011  61  2151
  57  2251  51  2311  43  2351  38  2351  40  2311  53  2351  75  2251
690  78   001  75   001  70   001  64   001  68   001 101   001 111   571
 122   771 131   771 139   771 143   771 144  1071 142  1171 138  1271 132  1371
 123  1471 113  1371 102  1371  94  1271  91  1271  90  1171  89  1171  86  1271
  80  1271  73  1371  67  1271  65  1251  70  1171  85  1271 105  1371 125  1471
 142  1471 154  1271 161  1271 163  1271 161  1371 156  1471 149  1471 140  1571
 129  1571 118  1571 108  1471  99  1371  94  1371  91  1371  89  1371  87  1371
  83  1471  78  1471  72  1371  68  1351  71  1211  84  1251 103  1351 122  1311
 137  1351 148  1451 154  1511 156  1551 155  1551 151  1611 144  1551 135  1651
 125  1711 114  1651 104  1551  97  1411  93  1451  92  1351  91  1311  89  1451
  86  1451  81  1511  74  1551  70  1451  73  1411  86  1451 104  1451
747  46   001  33   001  30   001  23   001  39   001  81   001 109   571
 132   771 148   971 159  1071 163  1171 162  1371 157  1471 147  1371 136  1171
 125  1071 117  1171 108  1371 102  1371  95  1371  88  1271  83  1171  80  1271
  77  1271  74  1371  68  1471  66  1671  70  1771  83  1771 102  1671 122  1571
 138  1571 151  1571 159  1571 163  1571 164  1671 159  1771 150  1571 139  1471
 129  1271 123  1371 121  1371 120  1471 119  1371 118  1371 118  1271 119  1471
 120  1571 117  1771 110  1771 103  1871 101  1811 108  1751 122  1851 138  1711
 152  1751 164  1751 171  1711 174  1951 172  2051 166  2211 156  1851 144  1651
 132  1311 122  1351 113  1451 107  1411 102  1451  99  1451  96  1411  93  1451
  89  1551  84  1511  79  1651  76  1851  79  1911  90  1951 107  1851
NT  TEDF  78  35 1
20150307082015030703
20150307082015030704
20150307082015030705
20150307082015030706
20150307082015030707
20150307082015030708
20150307082015030709
20150307082015030710
20150307082015030711
20150307082015030712
20150307082015030713
20150307082015030714
20150307082015030715
20150307082015030716
20150307082015030717
20150307082015030718
20150307082015030719
20150307082015030720
20150307082015030721
20150307082015030722
20150307082015030723
20150307082015030800
20150307082015030801
20150307082015030802
20150307082015030803
20150307082015030804
20150307082015030805
20150307082015030806
20150307082015030807
20150307082015030808
20150307082015030809
20150307082015030810
20150307082015030811
20150307082015030812
20150307082015030813
20150307082015030814
20150307082015030815
20150307082015030816
20150307082015030817
20150307082015030818
20150307082015030819
20150307082015030820
20150307082015030821
20150307082015030822
20150307082015030823
20150307082015030900
20150307082015030901
20150307082015030902
20150307082015030903
20150307082015030904
20150307082015030905
20150307082015030906
20150307082015030907
20150307082015030908
20150307082015030909
20150307082015030910
20150307082015030911
20150307082015030912
20150307082015030913
20150307082015030914
20150307082015030915
20150307082015030916
20150307082015030917
20150307082015030918
20150307082015030919
20150307082015030920
20150307082015030921
20150307082015030922
20150307082015030923
20150307082015031000
20150307082015031001
20150307082015031002
20150307082015031003
20150307082015031004
20150307082015031005
20150307082015031006
20150307082015031007
20150307082015031008
002300110015001600170018001717161714271327122712371131113511351131113511351
13111351135113111351135113111351135113111351135113111351135113112351335133113351
33514311435153516311635163516311635163516311635163517311735173517311735173516311
63516351531163516351631163516351631163515351531153515351531153515351531153515351
005300110014001400140015001417131712271227122711371131113511351131113511351
13111351135113111351135113111351135113111351135113111351135113111351135123113351
43515311635163516311635153515311535153516311635163516311635173517311735173517311
63515351531153516351631163516351631163515351531153515351531153515351531153515351
015400130014001500180017001617151714271327122712271131113511351131113511351
13111351135113111351135113111351135113111351135113111351135113111351135113111351
13511311235123513311435153516311635153515311635163516311635163516311635163516311
63516351531153516351631163515351531163516351631163516351631153515351531163516351
027400100010001300150014001417141713271227122712371131123512351231123512351
23111351135113111351135113111351135113111351135113111351135113111351235123112351
23512311435153516311635163516311635163516311735173517311735173516311635163516311
63516351731163516351631163516351631163516351631163516351631163516351631163516351
070300130013001400170017001717161715271527142713371331123512351131113511351
13112351235123112351235123112351235123112351235113111351135123112351235123112351
23512311235123512311135113511311135113512311235123513311235123512311235123512311
23512351331133514351531153515351531143514351431153515351631163516351731173517351
110000100010001000120010001017112711271127112711371131113511351231133514351
43114351435143115351635163117351735173117351735173117351635163116351735173117351
73516311635153515311535163516311635163516311635163516311735173517311735173518311
83517351731173517351731173516351631163517351731173516351631173517351731173517351
120300110012001100100010001027112711271127112711271131113511351131123512351
23112351235113111351135113111351135113111351135123112351235133113351335133113351
33513311335143514311535163516311635173517311635163516311635163517311735173517311
73517351731173517351731173517351731173517351731163515351531153516351731173517351
130000120010001000100010001027112711271127112711371131123513351331133513351
33112351235113111351135113111351135113111351135113111351135113111351135113111351
13512311335153517311735173517311735173516311635163516311635173517311735163516311
63517351731173517351631163516351631163516351731173516351631163516351731173517351
145200130013001300140015001517142714271427142714371331133513351331133513351
33113351235123112351235123112351235123112351135113111351135113111351135123112351
23513311235113511311135123513311435153515311535153515311535163516311535143513311
23511351231133514351531163516351531153515351531163516351631163516351631163517351
149200110013001400150017001717161715271527142714371431133513351331133513351
33112351235123112351235123112351235123112351135113111351135113111351135123112351
23512311235113511311135123513311435153515311535153515311535153515311535143513311
23512351231133514351531153515351531153515351531153516351631163516351631163517351
156200130013001400150016001617151715271427142714371431133513351331133513351
33112351235123112351235123112351235123112351135113111351135113111351135123112351
23513311235113511311135123513311435153515311535153515311535163516311535143513311
23512351231133514351531153515351531153515351531163516351631163516351631163517351
168000100011001200120015001507141714171427132713271231123512351131113511351
13112351235133113351335133113351335133113351235123112351235123112351235123112351
23512311235113511311135113511311135113511311135113511311135113511311135113511311
13511351131123512351331133513351331133514351531153516351631163516351631163517351
180300120012001000110015001527142713271327122712371131113511351131113511351
13111351235123112351335133113351335133114351435143113351335123111351135123112351
33513311335133513311335123512311335143514311435143513311335133513311335123511311
13511351131113511351231123512351231123512351231133513351431143514351531153516351
190000100013001500140017001717162715271427132712371131113511351131113511351
13111351135123112351335133113351335123112351235123112351235123111351135113112351
23512311235123512311235123512311235123512311235123513311335133513311335123511311
13511351131123512351231123512351231123512351231123512351331143514351431143514351
222000100010001000100010001017112711271127113711371131113512351231123513351
33113351235123112351135113111351135113111351135113111351135113111351135113111351
13512311235133513311435143515311635163516311635163516311635163517311635153515311
43515351531153516351631163516351731173517351731173517351731173516351631173517351
240100100010001000100010001117111711271227122712371331133513351331133513351
23112351235123112351235113111351235123112351235113111351135113111351135113111351
13511311135113511311135113511311235133513311335133513311335133513311335133512311
23511351231133515351631163515351431143515351531163516351631163516351631163517351
255000120010001100100010001017111711171127122712371231123512351231123512351
23113351335133113351335133113351335133113351335133113351335133112351235113111351
13511311135113511311135113511311135113511311135123512311235123513311235123511311
13511351131123513351431153515351631163516351631163516351631163516351631163517351
260000100010001000100010001017112711271127112711371131113511351131113511351
13112351335133113351335123113351335143114351435143113351335123112351235113111351
13511311135113511311135113511311135113511311135113511311135113511311135113511311
13511351131113511351231123513351431143514351531153516351631163515351531163516351
280000100011001100100011001117112711271227122712371231123512351131113512351
23112351335133113351335133113351335133113351335133112351235113111351135113111351
13511311235123512311135113512311235133514311435143514311435133513311235123512311
13511351131113512351231123512351231123513351331143514351531153515351631163516351
299000100010001200110013001317122712271227122711271131113511351131113511351
13112351235133113351335133113351335133112351235123112351235123111351135113111351
13511311135113511311235123513311335133513311335133513311335123512311235123512311
23512351231123512351231123512351231123512351231123511351231123512351231123512351
434000100010001000100010001017111711271127112711371131123512351331133513351
43113351335133113351335123112351135113111351135113111351135113111351135113111351
23512311235123512311235123511311135113511311135113511311135113511311235123512311
23512351231123513351331143515351531153514351431143515351531153515351531153516351
460000100010001400100010001017102711271127112711371131123512351231123512351
23112351235123112351235123112351335133112351235113111351135113111351135113111351
13511311135113511311135113511311235123512311235123512311235123512311235123511311
13511351131113511351131113511351131123512351231133513351331143515351631163515351
481000100010001000100010001117111712271227132713271431143514351431133512351
23112351335143114351435143114351435143114351435143113351235123112351235133113351
23512311235123512311135113512311235133513311435143514311335133513311235133513311
23512351331133514351431153515351431133513351231123513351331143514351431133513351
497000100010001000110011001127112711271127112711271131113512351231123512351
23112351235133113351335133113351335133112351235113111351135113111351235123112351
23513311235123512311235123512311335133513311335133513311335133514311435143514311
33513351231123512351231133514351431143513351331133513351331123512351131113511351
510000100010001000100010001117112711271127112711371131123513351431133512351
23111351235123112351235123112351135113112351235123112351235113111351135113112351
23512311135113512311235133514311535153514311435143514311535153515311535133512311
13511351231133514351531153515351431143514351431143515351631163516351631163515351
579300100010001000100010001017112711271127122712371231123512351231123513351
33114351435143114351435133114351435143114351435133113351335133113351335133113351
33513311335133514311435143514311435143514311435153515311635163515311535143514311
43515351631163515351531143514351431143514351431143514351431143514351431133513351
588100100010001000100010001017111711271227132714271431133512351131113512351
33114351435143114351435143113351335123112351235123112351235123113351435153114351
43513311335133514311435143513311435143514311335133512311335143515311435133512311
33513351431143514351431143514351431143514351431133513351231123512351231133513351
621000100010001000100010001017111711271127112711371131113512351231123512351
23112351235123112351235123112351135113111351135113111351135113112351235123112351
23512311235123512311135113511311235123513311335133512311235123512311235113511311
13511351131113511351131123513351331133513351231133513351331133512351231123513351
630000100010001000100010001017112711271127112712371231123512351231133513351
33113351335123112351235123112351235113111351135113111351135113112351235133112351
23512311235133513311335123512311235133513311435143514311435153514311435133512311
23512351231123512351231123512351231133513351431143515351531153514351431153515351
643100100010001000100010001017112711271127122713271431143514351331133513351
33113351335143114351435143114351335133114351435143114351435133114351435143114351
43514311435143514311335133513311335143514311535153515311635163516311535143514311
43514351531153515351431143515351531153515351531153515351531163516351631163515351
645100120010001000100010001117111711271127122712371331133514351431133513351
33114351435143114351435143114351435143114351335133112351235123113351435143114351
43514311435143514311435143514311435143514311435153515311635163515311535143514311
43515351531153515351431143514351431143514351431143514351431153516351631153514351
650200100010001000100010001117122713271427142715271431143513351331123513351
33113351335143114351435133113351235113111351235123113351435143115351535143114351
43514311435143514311335133512311235113511311235123513311335133513311335133513311
33514351431143514351431143514351431143513351231123512351231113511351131123512351
675200120010001000100010001117121713271427142714371431133512351231113512351
23112351335133113351235123111351135113111351135113112351235123113351435153115351
53514311335123512311135113511311135113511311135113511311135113511311135123512311
23512351331133514351431143514351431133513351231123513351331123512351231123512351
690300110010001000110010001117122712271327132713271331133512351131113511351
13112351335133113351235113111351135113112351235123112351235133113351335133113351
33513311235123511311135113511311135113511311135113511311235123512311235123512311
13511351231123512351331133513351331123512351231113511351131113512351231123512351
747100100010001000100010001017101711171127112711371231123512351331133512351
23112351135113112351235123112351235123112351235123112351135113112351335133114351
43514311435143514311335133512311235123512311235123512311335133514311335133513311
23512351231123512351331133514351431133513351231123512351231123513351331133512351
