20131107191624
T2M TEDF  78  35 1
20131107192013110714
20131107192013110715
20131107192013110716
20131107192013110717
20131107192013110718
20131107192013110719
20131107192013110720
20131107192013110721
20131107192013110722
20131107192013110723
20131107192013110800
20131107192013110801
20131107192013110802
20131107192013110803
20131107192013110804
20131107192013110805
20131107192013110806
20131107192013110807
20131107192013110808
20131107192013110809
20131107192013110810
20131107192013110811
20131107192013110812
20131107192013110813
20131107192013110814
20131107192013110815
20131107192013110816
20131107192013110817
20131107192013110818
20131107192013110819
20131107192013110820
20131107192013110821
20131107192013110822
20131107192013110823
20131107192013110900
20131107192013110901
20131107192013110902
20131107192013110903
20131107192013110904
20131107192013110905
20131107192013110906
20131107192013110907
20131107192013110908
20131107192013110909
20131107192013110910
20131107192013110911
20131107192013110912
20131107192013110913
20131107192013110914
20131107192013110915
20131107192013110916
20131107192013110917
20131107192013110918
20131107192013110919
20131107192013110920
20131107192013110921
20131107192013110922
20131107192013110923
20131107192013111000
20131107192013111001
20131107192013111002
20131107192013111003
20131107192013111004
20131107192013111005
20131107192013111006
20131107192013111007
20131107192013111008
20131107192013111009
20131107192013111010
20131107192013111011
20131107192013111012
20131107192013111013
20131107192013111014
20131107192013111015
20131107192013111016
20131107192013111017
20131107192013111018
20131107192013111019
002 113   001 114   001 114   001 108   001 103   001  97   001  98   271
 100   471 101   571 103   771 104   771 106   871 106   871 105   871 102   871
  99   971  96   971  95   971  95  1071  99  1071 103  1071 108  1071 113  1071
 114  1171 113  1371 111  1471 108  1371 105  1271 104  1171 104  1071 105   971
 105   871 103   971  99   971  97  1071  96  1071  97  1171  96  1171  94  1171
  90  1271  87  1271  86  1271  85  1271  88  1271  92  1271  97  1171 101  1171
 104  1271 104  1271 103  1371 101  1371  99  1471  98  1471  97  1471  96  1371
  95  1371  92  1371  89  1371  87  1371  81  1151  82  1251  81  1211  78  1351
  75  1351  72  1411  71  1351  72  1351  75  1211  80  1251  84  1151  88  1111
  89  1151  89  1251  87  1211  85  1251  83  1351  81  1311  80  1351
005 120   001 115   001 108   001 107   001 103   001  97   001  96   471
  95   571  95   671  93   871  91   971  88   971  85  1071  81  1071  78  1071
  76  1171  75  1171  77  1171  81  1171  87  1071  95  1171 102  1371 108  1471
 113  1471 114  1471 112  1471 107  1371 101  1071  94   971  92   971  92   971
  91   971  89   971  86   971  84   971  83  1071  84  1271  81  1371  75  1371
  68  1371  65  1371  68  1371  75  1271  82  1271  87  1371  90  1471  92  1571
  93  1571  94  1571  92  1571  88  1371  82  1271  78  1171  76  1271  77  1271
  77  1371  76  1371  73  1271  71  1271  73  1151  72  1351  70  1411  66  1451
  63  1551  61  1511  63  1451  68  1451  75  1311  83  1451  90  1451  94  1511
  94  1551  91  1451  84  1411  75  1351  66  1151  61  1011  61  1151
015 118   001 117   001 114   001 110   250 107   350 104   550 101   771
  99   871  97   971  95   971  92  1071  91  1071  89  1171  87  1171  86  1171
  85  1171  85  1171  86  1171  88  1071  92  1071  98  1271 105  1371 110  1571
 113  1471 114  1471 112  1371 106  1271  98  1171  93  1071  90  1071  88   971
  87   971  86  1071  84  1271  82  1371  81  1471  79  1471  76  1571  71  1571
  67  1571  65  1571  67  1471  72  1371  78  1271  83  1371  88  1571  91  1571
  93  1571  94  1571  94  1571  91  1471  87  1371  83  1271  79  1271  77  1171
  74  1171  71  1171  68  1271  66  1271  62  1351  61  1451  59  1511  57  1551
  56  1551  57  1511  60  1551  65  1451  72  1411  80  1551  89  1651  95  1711
  98  1751  96  1751  89  1711  77  1651  64  1451  54  1311  50  1251
027 121   001 115   001 116   001 114   001 113   001 109   001 103   271
 100   471  98   671  96   971  93  1071  93  1071  92  1071  90  1071  87  1171
  85  1171  85  1271  88  1271  93  1171  99  1071 106  1071 111  1171 115  1171
 114  1171 110  1151 105  1011  99   951  93   951  88   811  85   951  83  1051
  81  1111  79  1251  76  1251  75  1311  75  1351  75  1451  74  1411  70  1451
  66  1551  65  1511  68  1471  74  1271  84  1271  94  1271 103  1271 110  1171
 114  1171 113  1171 108  1171 101  1071  92  1071  85   971  82  1071  83  1071
  84  1171  85  1271  85  1471  85  1571  82  1551  84  1651  85  1611  84  1651
  83  1651  83  1611  85  1451  88  1351  92  1111  96  1151 100  1151 103  1111
 106  1151 107  1151 104  1111  97  1051  89  1051  84   911  84  1051
070 156   001 157   001 155   001 153   001 152   001 154   001 147   671
 139   971 132   971 126  1071 121  1171 116  1271 112  1371 110  1471 111  1471
 111  1371 113  1371 117  1271 121  1071 126   971 130  1071 133  1271 135  1371
 134  1371 132  1271 125  1071 117  1171 109  1271 103  1371 101  1371 101  1471
 102  1571 102  1471  99  1371  96  1271  94  1371  93  1571  90  1671  83  1671
  76  1571  74  1571  78  1471  85  1571  93  1471  99  1371 103  1471 105  1471
 105  1271 105  1271 101  1171  95  1271  88  1371  83  1471  82  1471  82  1471
  81  1571  79  1471  75  1471  72  1371  75  1551  72  1551  69  1611  65  1551
  63  1551  63  1411  67  1451  73  1351  80  1311  87  1451  92  1451  96  1511
  97  1451  95  1451  89  1311  78  1451  66  1551  57  1611  54  1651
110 111   001 110   001 108   001 103   001 103   001  97   001 101   671
 102   971  97   971  89  1071  81  1171  77  1171  75  1371  75  1371  77  1371
  81  1271  87  1271  93  1071  99   971 104   771 107   871 109   971 111  1071
 113   971 114  1071 112  1071 107  1071 100   971  93   971  90  1171  89  1271
  89  1471  88  1471  87  1571  85  1571  85  1571  85  1671  85  1671  85  1751
  86  1771  87  1871  89  1571  93  1271  98   971 103   971 109  1071 115  1071
 118  1071 119  1171 118  1371 115  1271 112  1171 111  1071 112  1271 114  1571
 116  1871 117  1771 117  1871 116  1871 109  1751 109  1751 109  1811 107  1851
 105  1851 105  1811 107  1551 112  1351 117  1011 122  1051 126  1051 130  1011
 134  1151 136  1251 136  1311 133  1251 130  1151 127  1011 127  1251
120 112   001 113   001 104   001 103   001 100   001  95   001 100   371
 101   671 101   771  99   871  96   871  91   971  85  1071  79  1171  76  1271
  75  1271  77  1371  81  1171  87  1071  93   871  99   971 103   971 105   971
 104   971 101  1071  96  1071  90   971  84   971  80   871  79   971  80  1071
  81  1171  81  1171  82  1071  81  1071  80  1171  78  1171  77  1271  76  1371
  75  1471  75  1571  77  1371  82  1071  89   871  98   971 107  1171 112  1271
 114  1371 112  1371 108  1471 102  1371  97  1171  94  1071  95  1171  97  1171
 100  1271 102  1271 103  1171 102  1171 100  1251 100  1351 100  1311  98  1451
  96  1551  96  1611  98  1451 102  1151 107   911 111  1051 115  1051 118  1111
 121  1251 123  1251 122  1311 117  1251 110  1151 107  1011 109  1051
130 156   001 158   001 132   001 130   001 129   001 127   001 117   371
 115   671 113   671 113   971 112  1071 109  1171 103  1271  98  1371  92  1371
  86  1271  85  1271  88  1171  95  1171 105  1071 116  1071 127  1171 133  1171
 134  1171 129  1271 121  1271 111  1171 100   971  92   771  88   871  84  1071
  84  1171  83  1171  81  1171  80  1171  78  1371  78  1571  77  1771  76  1771
  75  1671  76  1671  80  1471  86  1371  94  1171 104  1171 113  1271 121  1271
 123  1371 123  1471 119  1571 112  1371 105  1171  99   971  97  1071  98  1171
 100  1271 102  1371 102  1471 103  1571 101  1451 101  1651  99  1711  97  1751
  96  1751  96  1711  98  1551 102  1451 107  1211 114  1251 121  1251 127  1211
 131  1251 132  1351 130  1311 124  1151 116  1051 110   811 108   951
145 145   001 153   001 145   001 147   001 143   001 142   001 135   671
 128   971 122   971 117   971 113   971 109  1071 105  1071 103  1071 102  1071
 103  1071 105  1071 107  1071 109   971 110   971 110  1071 108  1171 109  1271
 111  1171 114  1071 113   971 107   871 100   971  92   871  89   971  86   971
  85  1071  83  1171  79  1171  75  1271  70  1271  66  1371  62  1371  58  1271
  55  1271  55  1171  58  1171  63  1271  71  1271  79  1371  87  1371  92  1471
  94  1471  94  1571  92  1571  88  1371  83  1271  81  1071  80  1071  80  1071
  81  1071  80  1171  79  1171  79  1271  71  1151  69  1251  68  1211  67  1251
  68  1251  68  1211  69  1251  71  1351  75  1311  82  1451  89  1451  95  1511
  98  1551  96  1451  91  1411  82  1351  72  1251  63  1111  58  1151
149 165   001 162   001 161   001 159   001 157   001 149   001 140   571
 134  1271 130  1071 127   971 124  1071 121  1071 118  1271 116  1271 116  1171
 116  1171 117  1071 118  1071 119   971 121   971 122   971 123  1071 125  1171
 125  1071 125   871 122   771 115   871 106   871  99   971  96  1171  95  1171
  93  1271  91  1271  87  1371  84  1371  81  1471  78  1471  74  1571  69  1471
  65  1371  64  1271  66  1271  71  1371  79  1371  88  1371  97  1471 102  1471
 105  1471 105  1371 101  1371  97  1271  90  1271  85  1171  83  1271  81  1271
  82  1371  82  1371  82  1371  81  1371  78  1451  76  1451  75  1511  74  1451
  74  1351  75  1211  77  1351  80  1351  85  1411  92  1451 100  1551 105  1511
 107  1451 104  1451  98  1311  88  1351  78  1251  69  1211  65  1251
156 165   001 167   001 161   001 158   001 156   001 151   001 142   371
 134   771 128   671 123   871 119   971 116  1071 113  1171 112  1171 112  1171
 113  1071 114  1071 114  1071 115   971 116   971 119  1071 121  1171 124  1271
 125  1071 124  1071 121   771 115   771 108   871 102   871  99   871  97   971
  95   971  92  1071  87  1071  84  1171  81  1271  78  1271  75  1371  70  1371
  66  1271  65  1271  67  1271  73  1371  82  1371  92  1471 104  1471 112  1571
 115  1571 114  1371 110  1271 105  1271 100  1171  95  1171  92  1171  90  1071
  89  1071  88  1171  86  1171  85  1271  83  1151  83  1251  82  1211  80  1251
  78  1251  77  1211  78  1251  81  1351  87  1311  95  1451 103  1551 108  1611
 108  1551 104  1451  97  1311  89  1251  82  1251  76  1111  73  1051
168 156   001 148   001 148   001 148   001 152   001 156   001 152   771
 147  1171 143  1271 139  1271 135  1271 132  1271 129  1271 127  1271 126  1271
 124  1271 124  1271 127  1171 134  1071 139   971 143  1171 144  1471 145  1671
 143  1471 139  1371 132  1171 123  1271 114  1371 106  1471 103  1471 103  1571
 104  1471 103  1471 100  1471  97  1471  96  1571  94  1571  92  1671  84  1671
  78  1671  75  1671  78  1471  85  1371  92  1171  98  1371 102  1471 105  1671
 105  1571 105  1471 101  1371  95  1371  88  1371  84  1371  83  1471  85  1471
  86  1571  85  1571  82  1471  79  1471  79  1551  78  1651  77  1711  76  1751
  76  1651  76  1611  77  1551  79  1351  83  1211  88  1351  94  1551  98  1611
  99  1551  96  1351  90  1211  81  1251  71  1351  63  1311  59  1451
180 153   001 152   001 149   001 145   001 144   001 148   001 145   671
 141  1271 138   971 135  1171 132  1371 130  1571 128  1671 127  1671 127  1671
 126  1671 125  1671 125  1571 125  1571 127  1471 130  1571 133  1771 135  1971
 135  1771 134  1551 132  1471 130  1371 126  1271 121  1171 116  1271 111  1471
 105  1471 100  1571  96  1671  93  1771  92  1771  90  1671  88  1671  86  1671
  84  1571  84  1571  86  1571  89  1571  92  1571  96  1571 100  1671 102  1671
 104  1671 105  1671 103  1571  97  1471  90  1371  84  1271  82  1371  81  1371
  81  1571  78  1671  76  1671  73  1771  71  1551  68  1651  66  1611  65  1551
  65  1551  66  1411  68  1451  71  1451  74  1411  75  1651  76  1851  77  2011
  78  1951  78  1851  76  1711  70  1651  63  1551  56  1411  52  1451
190 164   050 160   001 148   050 137   050 138   001 152   001 150   671
 144   871 138  1071 133  1071 128  1271 125  1371 121  1471 119  1471 116  1471
 115  1371 116  1371 121  1371 127  1371 134  1271 138  1571 141  1771 143  1871
 144  1971 145  2071 145  2071 143  1871 140  1571 135  1471 130  1471 124  1271
 119  1271 114  1471 109  1571 105  1771 101  1771  98  1671  96  1671  93  1571
  90  1471  91  1371  95  1271 101  1271 107  1171 111  1271 113  1371 115  1571
 115  1671 115  1871 110  1971 100  1771  89  1571  79  1371  74  1371  73  1371
  73  1371  72  1471  69  1771  68  1871  70  1951  70  1851  69  1811  68  1751
  68  1651  69  1511  72  1551  76  1551  81  1511  85  1751  89  1851  91  2011
  91  2151  89  2151  83  2211  74  2051  63  1951  54  1711  48  1651
222 152   001 155   001 154   050 149   050 140   001 131   001 130   471
 127   971 127  1071 127  1071 124  1171 119  1271 114  1271 109  1371 105  1371
 104  1271 104  1271 103  1171 105  1171 108  1171 116  1171 125  1271 132  1271
 133  1371 130  1371 123  1371 116  1071 109  1071 105   971 102  1071 101  1171
  99  1271  96  1271  93  1371  90  1371  90  1471  89  1671  88  1771  86  1771
  85  1671  85  1671  88  1571  93  1271 101  1171 110  1071 119  1171 127  1071
 132  1171 134  1171 132  1271 126  1271 118  1171 114  1171 113  1271 116  1271
 119  1371 120  1371 119  1471 117  1471 118  1551 116  1751 114  1811 112  1851
 112  1851 111  1811 111  1651 112  1551 115  1311 121  1251 129  1251 135  1111
 138  1251 138  1251 134  1311 127  1351 120  1251 115  1211 114  1351
240 168   001 165   001 163   001 156   001 147   001 149   001 140   471
 134   671 132   771 131   971 130  1071 127  1171 125  1271 124  1371 124  1371
 123  1371 122  1371 119  1271 117  1271 116  1171 118  1071 121  1171 124  1171
 125  1171 124  1071 121  1071 115   971 110  1071 104  1071  99  1171  95  1171
  92  1271  88  1271  85  1371  82  1371  79  1471  77  1671  75  1771  71  1771
  67  1771  65  1771  66  1671  71  1571  79  1471  89  1471 100  1471 108  1471
 113  1471 115  1371 113  1371 108  1371 104  1271  99  1371  97  1471  96  1471
  96  1571  96  1571  96  1571  96  1571  91  1551  93  1651  94  1811  94  1851
  93  1751  92  1711  92  1651  93  1651  96  1511 101  1451 106  1451 111  1311
 114  1351 115  1251 114  1211 110  1251 104  1351  99  1311  95  1351
255 168   001 174   001 162   001 153   001 152   001 145   001 140   271
 136   571 133   671 129   771 126  1071 124  1171 124  1171 124  1171 123  1271
 124  1271 124  1371 125  1471 126  1571 128  1571 129  1671 131  1571 133  1771
 134  1671 134  1571 131  1371 126  1271 120  1171 115  1071 111  1171 109  1171
 107  1371 102  1371  98  1371  96  1471  94  1471  90  1571  88  1571  83  1571
  77  1571  75  1571  77  1671  82  1671  90  1671  98  1771 105  1771 110  1871
 113  1771 114  1571 112  1411 107  1351 101  1351  96  1211  93  1351  92  1351
  92  1411  91  1551  91  1651  90  1711  84  1551  85  1551  87  1511  88  1551
  88  1651  88  1611  87  1651  86  1751  87  1711  90  1851  94  1951  98  2011
 102  1951 104  1751 103  1611  98  1551  91  1451  85  1311  81  1451
260 172   001 168   001 158   001 154   001 154   001 148   001 135   771
 128   971 123  1271 117  1771 114  1771 114  1871 116  2071 118  2071 119  1971
 120  1771 121  1671 124  1571 128  1671 134  1571 137  1571 140  1471 143  1371
 145  1371 143  1271 138  1271 132  1371 123  1371 116  1471 110  1671 107  1871
 102  2071  99  2071  93  2171  91  2271  91  2371  92  2371  90  2471  85  2271
  79  2071  75  1871  77  1871  82  1871  90  1771  98  1771 106  1771 111  1671
 114  1671 115  1651 112  1611 105  1651  97  1651  92  1711  92  1851  93  1951
  94  2011  91  2151  86  2251  82  2311  77  2351  78  2351  80  2411  81  2251
  82  2151  82  1911  83  1851  84  1751  87  1611  92  1651  97  1651 102  1611
 106  1651 107  1751 104  1711  97  1751  88  1651  78  1611  70  1751
280 165   001 163   001 162   001 152   001 142   001 134   001 133   671
 130  1071 125  1171 121  1171 117  1371 113  1471 110  1571 106  1671 105  1671
 105  1671 108  1671 113  1771 119  1771 125  1871 128  1771 131  1771 132  1771
 133  1671 134  1571 132  1471 126  1471 117  1371 109  1471 104  1571 100  1771
  98  1871  95  1671  90  1671  87  1571  83  1671  81  1671  76  1771  71  1871
  67  1871  65  1971  68  1971  76  1771  85  1771  95  1771 104  1671 110  1671
 114  1571 112  1671 108  1771 101  1671  93  1571  87  1471  83  1671  83  1771
  83  1971  82  1971  81  1971  79  1871  76  1851  74  1851  72  1911  70  1951
  69  1951  69  1911  71  1951  75  1851  80  1811  85  1851  89  1751  92  1711
  94  1851  93  1951  89  2011  82  1851  73  1751  66  1511  62  1751
299 177   001 172   001 162   001 151   001 147   001 146   001 130   571
 122   871 118   871 115  1071 112  1171 110  1171 108  1271 107  1171 105  1271
 104  1371 108  1471 117  1571 129  1571 144  1571 155  1671 162  1671 166  1871
 165  1871 160  1871 155  1971 148  1871 143  1771 136  1671 131  1671 124  1671
 119  1771 112  1771 106  1771 101  1771  98  1671  97  1671  96  1571  93  1671
  90  1671  89  1771  91  1771  93  1771  99  1771 104  1771 109  1771 113  1871
 115  1871 114  1771 106  1771  94  1671  79  1571  68  1471  61  1571  60  1571
  60  1671  61  1771  61  1871  60  1971  63  1851  62  1851  62  1811  63  1951
  65  1951  67  2011  68  1951  69  1851  71  1711  74  1851  77  2051  80  2111
  82  2051  83  1951  79  1811  70  1851  60  1851  50  1811  44  1851
434 150   001 147   001 145   001 133   001 129   001 122   001 121   271
 119   371 117   571 115   771 113   971 112   971 115  1071 116  1071 115  1171
 115  1171 114  1271 114  1271 115  1271 117  1171 119  1071 120  1171 121  1171
 121  1271 118  1171 113  1171 107  1171 100  1171  94  1171  92  1271  88  1371
  86  1271  82  1271  78  1371  76  1371  77  1371  77  1271  76  1271  73  1271
  69  1371  66  1371  67  1471  71  1471  77  1571  85  1671  93  1771  99  1671
 101  1571 101  1471  97  1271  90  1271  83  1371  80  1371  80  1371  83  1471
  86  1471  86  1471  86  1371  86  1371  82  1351  85  1351  89  1311  92  1351
  94  1451  94  1411  92  1351  89  1351  89  1211  92  1251  97  1351 101  1311
 103  1351 101  1251  97  1211  91  1251  84  1351  79  1311  78  1351
460 158   001 162   001 147   001 138   001 132   001 127   001 121  1171
 117  1271 114  1471 112  1671 111  1671 114  1671 115  1771 116  1771 118  1871
 118  1971 121  2071 127  1871 135  1671 142  1471 148  1571 151  1571 153  1671
 154  1771 152  1671 147  1671 139  1671 130  1571 121  1571 115  1571 111  1771
 108  1771 105  1771 103  1871 101  1871  99  1971  96  1971  91  2071  84  2171
  78  2271  75  2371  78  2171  86  1871  96  1671 105  1671 114  1771 120  1671
 123  1671 123  1771 119  1771 110  1771 101  1771  96  1771  96  1771 101  1871
 105  1871 106  1971 104  2071 103  2171  94  1951  93  1951  92  1911  91  2051
  91  2151  92  2211  94  2051  97  1951  99  1711 100  1851 102  1851 103  1911
 105  1951 106  2051 105  2011 100  2051  93  1951  87  1911  83  2051
481 192   001 185   001 176   001 167   001 160   001 156   001 146   371
 140   571 135   771 128   971 122  1071 119  1171 117  1171 117  1171 115  1271
 115  1271 116  1371 121  1471 128  1471 138  1471 149  1571 159  1471 165  1571
 164  1571 159  1371 152  1371 148  1371 143  1271 140  1371 133  1471 128  1371
 122  1371 116  1371 111  1371 107  1271 104  1271 102  1371  98  1371  93  1471
  89  1471  86  1571  86  1571  89  1471  94  1471 102  1571 111  1471 119  1571
 124  1471 125  1471 123  1371 117  1471 110  1371 104  1371 101  1371  99  1371
  97  1371  94  1471  91  1571  89  1671  89  1351  88  1451  86  1411  84  1551
  82  1551  80  1611  79  1651  80  1551  83  1511  87  1651  93  1751  97  1811
 100  1851 100  1751  97  1711  91  1751  84  1851  79  1811  77  1851
497 143   001 121   001 100   001  86   001  76   001  68   001  72   371
  73   671  72  1071  70  1571  68  1771  67  1971  66  2171  65  2171  61  2071
  56  1871  56  1771  63  1871  76  1871  92  1871 109  2071 125  2371 133  2471
 134  2371 128  2271 120  1971 111  1871 103  1671  95  1671  90  1771  87  1871
  84  1971  82  1971  78  2071  76  1971  75  1971  74  2071  72  2071  67  1971
  61  1771  56  1671  55  1871  57  1971  62  2071  70  2271  78  2371  84  2471
  85  2371  81  2271  73  2271  63  1971  52  1871  43  1671  38  1771  36  1771
  35  1871  33  1971  33  1971  32  2071  39  1851  38  1951  36  1911  34  1851
  31  1751  28  1611  25  1751  24  1851  27  1911  34  2051  43  2251  48  2311
  46  2351  40  2251  33  2211  29  2151  27  1951  26  1811  26  1951
510 199   001 201   001 191   001 175   001 160   001 152   001 148   371
 143   571 139  1071 136  1171 134  1271 136  1271 138  1471 139  1471 138  1471
 137  1371 137  1311 139  1351 142  1351 144  1311 144  1551 143  1651 142  1811
 141  1651 140  1571 137  1371 132  1271 126  1271 120  1171 117  1271 116  1271
 114  1371 111  1371 108  1471 103  1471 100  1471  97  1571  93  1571  89  1571
  86  1571  85  1571  88  1671  97  1571 106  1571 115  1771 124  1871 133  1971
 140  1871 144  1671 144  1471 139  1371 133  1371 128  1271 128  1371 130  1371
 132  1371 132  1471 130  1571 129  1571 129  1651 133  1651 135  1611 136  1651
 136  1651 136  1611 137  1651 139  1551 141  1511 142  1651 143  1851 145  1911
 147  1851 148  1751 146  1611 139  1551 129  1451 122  1311 119  1451
579 225   001 202   001 197   001 162   001 142   001 136   001 133   271
 133   471 134   771 135   971 136  1171 134  1471 130  1471 124  1571 114  1671
 107  1771 108  1871 119  1871 136  1771 152  1671 164  1671 172  1571 176  1571
 181  1571 183  1571 181  1571 173  1371 162  1271 151  1271 145  1271 141  1271
 140  1171 139  1271 137  1371 135  1471 132  1571 126  1671 119  1771 109  1871
 101  1871  99  1971 106  1771 118  1571 131  1371 139  1471 144  1571 148  1671
 152  1771 153  1671 147  1771 133  1571 116  1371 101  1271  95  1271  96  1171
  99  1171 101  1271 103  1371 105  1471 105  1651 103  1751  98  1911  92  2051
  87  2151  86  2211  92  1951 103  1651 114  1311 123  1451 130  1651 135  1711
 138  1851 138  1951 133  2011 123  1851 112  1651 102  1411  98  1451
588 206   001 199   001 179   001 139   001 119   001 106   001 104   371
 103   771 101  1171  98  1271  97  1471  98  1571  99  1771 100  1771  98  1771
  95  1671  97  1671 105  1771 118  1871 133  1871 149  1871 163  1871 172  1871
 175  1871 173  1871 167  1771 160  1671 151  1471 144  1371 138  1471 133  1571
 128  1671 123  1671 118  1671 115  1671 114  1671 114  1771 112  1771 106  1771
  99  1671  95  1671  97  1671 104  1671 113  1671 124  1771 133  1871 141  1971
 145  2071 144  2151 136  2211 121  2051 103  1751  88  1511  81  1551  80  1651
  80  1611  77  1651  74  1651  71  1611  79  1751  79  1751  78  1811  75  1851
  73  1751  72  1711  75  1751  81  1651  90  1611 100  1751 109  1951 117  2011
 122  2151 122  2151 116  2211 105  2051  91  1851  81  1611  77  1651
621 182   001 182   001 180   001 163   001 150   001 138   001 130   571
 125   871 118  1571 112  1671 108  1771 106  1871 106  1771 104  1671 100  1671
  97  1771 102  1771 118  1771 138  1871 155  1871 163  1871 163  1971 159  1971
 153  1871 146  1751 137  1611 127  1551 117  1551 110  1511 107  1651 105  1751
 104  1911 101  1951  96  2051  93  2011  92  1951  91  1751  88  1611  82  1751
  78  1751  78  1871  88  1871 102  1871 119  1971 132  1871 141  1771 148  1671
 152  1671 152  1671 146  1771 135  1771 121  1671 112  1671 110  1671 111  1871
 114  1971 114  2071 112  2171 111  2271 109  2151 111  1951 112  1811 112  1951
 111  2051 113  2111 118  2151 124  2151 131  2111 136  2051 140  1951 143  1811
 145  1851 145  1851 142  1811 134  1851 125  1751 117  1711 114  1851
630 208   001 200   001 189   001 175   001 170   001 163   001 152   371
 143   571 134   671 127  1071 121  1071 114  1271 108  1371 103  1471  98  1471
  96  1371  98  1371 106  1371 120  1471 135  1471 150  1771 163  2071 171  2171
 173  2071 169  1771 162  1671 153  1571 145  1371 136  1371 129  1471 123  1471
 118  1571 116  1571 115  1471 114  1471 112  1571 109  1571 105  1671 101  1571
  97  1571  96  1471  99  1471 105  1571 114  1571 123  1771 131  1771 138  1971
 142  1971 143  1771 139  1771 132  1771 124  1571 117  1471 114  1471 115  1571
 118  1571 120  1571 123  1471 124  1471 122  1651 122  1751 122  1811 122  1851
 123  1751 125  1711 128  1651 132  1651 136  1511 141  1651 145  1851 149  1911
 151  1951 152  1851 150  1811 145  1751 138  1551 131  1411 124  1551
643 231   001 220   001 196   001 179   001 176   001 167   001 158   471
 155   671 153   771 154   971 152  1071 149  1171 143  1271 136  1371 128  1371
 126  1371 128  1371 136  1271 149  1171 161  1071 173  1171 181  1171 188  1271
 192  1271 192  1271 189  1271 181  1271 170  1171 161  1171 154  1271 151  1371
 148  1471 144  1371 141  1371 138  1271 135  1371 132  1571 127  1671 121  1671
 117  1571 116  1571 121  1371 130  1271 142  1071 152  1171 162  1271 169  1371
 173  1271 172  1171 165  1171 153  1071 137  1071 126   971 123  1071 124  1271
 128  1371 131  1471 132  1471 133  1471 135  1551 133  1651 131  1711 130  1751
 131  1751 133  1711 138  1551 145  1251 153  1011 162  1151 171  1351 178  1411
 181  1451 180  1451 173  1411 161  1451 147  1351 135  1311 127  1551
645 244   001 246   001 217   001 190   001 163   001 151   001 146   471
 142   571 140   771 140  1071 141  1171 139  1371 134  1571 128  1671 120  1671
 116  1671 119  1671 129  1671 145  1471 161  1371 173  1371 180  1271 187  1271
 191  1371 193  1371 190  1471 182  1371 171  1371 158  1271 149  1471 143  1471
 139  1471 137  1471 137  1471 136  1471 134  1671 131  1771 125  1971 116  1971
 109  1971 106  1971 111  1771 121  1671 133  1471 143  1471 152  1471 158  1471
 162  1571 162  1671 155  1871 139  1671 120  1371 107  1171 103  1271 105  1371
 108  1471 108  1571 108  1671 107  1671 116  1751 114  1951 110  2011 106  2051
 102  2151 103  2111 109  1851 119  1651 130  1311 141  1351 151  1451 159  1411
 163  1651 163  1851 156  2011 143  1851 127  1651 113  1411 105  1551
650 224   001 217   001 203   001 178   001 173   001 150   001 145   371
 142   571 141   771 141   971 141  1071 142  1071 143  1271 141  1271 138  1271
 136  1271 140  1271 153  1371 171  1371 186  1471 197  1471 202  1371 203  1371
 203  1271 202  1171 198  1071 190   971 181   971 173   871 167   971 163  1171
 161  1271 159  1271 159  1271 157  1271 154  1371 147  1371 141  1471 134  1471
 129  1571 127  1571 131  1471 138  1471 145  1471 151  1471 156  1471 160  1471
 162  1271 162  1271 157  1071 146  1071 134   971 124   871 122   871 124   971
 125   971 123  1171 121  1271 119  1371 124  1451 122  1451 120  1511 119  1551
 119  1651 121  1611 125  1651 132  1551 139  1511 147  1551 154  1651 160  1611
 163  1551 161  1551 156  1411 146  1351 135  1151 125  1011 119  1151
675 240   001 235   001 216   001 187   001 171   001 152   001 140   371
 131   671 124   971 121  1171 120  1371 120  1671 119  1671 118  1771 116  1871
 116  1871 121  1971 132  1971 147  1971 161  2071 173  1871 183  1771 189  1471
 192  1471 192  1471 189  1471 181  1371 173  1171 165  1071 163  1171 162  1271
 160  1371 157  1471 152  1571 148  1671 146  1671 143  1771 140  1771 134  1871
 128  1871 126  1971 131  1871 142  1871 154  1771 165  1671 173  1671 179  1571
 183  1671 182  1671 176  1771 165  1571 151  1371 137  1171 127  1271 121  1471
 116  1571 112  1571 108  1671 106  1671 106  1751 105  1851 105  1811 105  1951
 106  1951 110  2011 117  1951 126  1951 138  1811 150  1751 162  1651 169  1511
 171  1651 168  1651 160  1711 149  1551 137  1451 127  1211 120  1451
690 193   001 192   001 185   001 179   001 164   001 155   001 153   371
 152   671 151   971 149  1071 148  1271 146  1271 144  1271 141  1171 137  1171
 135  1171 138  1171 147  1271 159  1171 170  1171 179  1171 183  1071 184   971
 184   871 182   871 180   771 179   771 176   871 174   871 172  1071 170  1171
 167  1171 165  1171 161  1271 160  1271 157  1171 153  1171 150  1071 147  1071
 145  1071 146  1071 151  1071 161  1071 170  1071 180  1071 188  1171 193  1271
 194  1071 192  1071 187   971 179   971 169   971 159  1071 151  1171 145  1271
 139  1371 134  1371 130  1371 127  1371 130  1351 129  1251 128  1211 127  1251
 126  1251 129  1211 136  1251 145  1151 156  1111 166  1251 176  1251 183  1311
 188  1251 189  1151 186  1011 177  1051 166   951 155   911 147  1051
747 231   001 214   001 197   001 185   001 182   001 181   001 172   471
 165   671 161  1071 159  1271 156  1371 151  1571 145  1571 140  1671 136  1771
 134  1771 137  1871 145  1771 156  1571 168  1371 180  1471 190  1571 199  1671
 204  1671 205  1671 202  1771 194  1571 183  1471 173  1271 165  1371 158  1471
 152  1571 145  1571 139  1671 135  1671 134  1771 134  1771 133  1871 129  1871
 125  1971 124  1971 129  1771 137  1671 145  1471 153  1571 157  1671 162  1771
 165  1871 166  1971 161  1971 151  1671 139  1471 133  1171 134  1371 141  1471
 147  1671 149  1671 149  1771 148  1771 150  1651 149  1751 147  1811 145  1951
 144  1951 145  2011 150  1851 156  1551 164  1311 171  1451 176  1651 181  1711
 184  1851 185  1851 182  1911 175  1751 166  1451 158  1211 152  1451
NT  TEDF  78  35 1
20131107192013110714
20131107192013110715
20131107192013110716
20131107192013110717
20131107192013110718
20131107192013110719
20131107192013110720
20131107192013110721
20131107192013110722
20131107192013110723
20131107192013110800
20131107192013110801
20131107192013110802
20131107192013110803
20131107192013110804
20131107192013110805
20131107192013110806
20131107192013110807
20131107192013110808
20131107192013110809
20131107192013110810
20131107192013110811
20131107192013110812
20131107192013110813
20131107192013110814
20131107192013110815
20131107192013110816
20131107192013110817
20131107192013110818
20131107192013110819
20131107192013110820
20131107192013110821
20131107192013110822
20131107192013110823
20131107192013110900
20131107192013110901
20131107192013110902
20131107192013110903
20131107192013110904
20131107192013110905
20131107192013110906
20131107192013110907
20131107192013110908
20131107192013110909
20131107192013110910
20131107192013110911
20131107192013110912
20131107192013110913
20131107192013110914
20131107192013110915
20131107192013110916
20131107192013110917
20131107192013110918
20131107192013110919
20131107192013110920
20131107192013110921
20131107192013110922
20131107192013110923
20131107192013111000
20131107192013111001
20131107192013111002
20131107192013111003
20131107192013111004
20131107192013111005
20131107192013111006
20131107192013111007
20131107192013111008
20131107192013111009
20131107192013111010
20131107192013111011
20131107192013111012
20131107192013111013
20131107192013111014
20131107192013111015
20131107192013111016
20131107192013111017
20131107192013111018
20131107192013111019
002800180018001800180018001717162715271527142714271435143114351535153116351
73517311735173517311735173517311735173517311635153514311435143514311435133513311
33513351331133514351531153515351631163516351731173517351731163515351331123512351
23112351335143114351535153115351535143114351435143114351535153116351535153115351
005800180017001700170017001717161716271527142714271535153116351735173117351
73517311735173517311735163516311635173517311735173516311535153514311435143514311
43514351431143514351431143514351531163516351731173517351731163515351431133512351
23112351335143114351435153115351535153115351535153115351535153115351535153114351
015800180017001700170018001817171716271527142714271435143115351635173117351
73517311735173516311635163516311735173517311535133512311335153516311635153513311
23512351231133513351431143514351431153516351631163516351631163515351531143513351
33113351335133113351335123112351235133113351435143114351435143113351235123112351
027800180018001700170018001817171717271627162715271535153115351635163117351
73517311735173517311735173517311635143513311335123512311335133513311235123512311
23513351431143515351531163516351731173517351731163515351531143514351431143514351
43114351435153115351535153115351635163117351735173117351635163116351635163116351
070700150015001600170017001717172717271727172717271735173117351735173117351
73517311735173517311735173517311635163516311635163515311435133513311335133514311
43514351431143514351431143514351531153516351731173517351731173516351631153514351
33113351435143114351435143114351435153115351535163116351635153114351435133114351
110800180018001800180018001717162714271427132713271335143115351635173118351
83517311635153514311435143514311335133512311235113512311335143515311535143514311
43515351631163516351631163515351531153514351431143515351531163516351731173517351
63116351635153115351535153115351635163117351735173117351735173116351535153115351
120800180018001800180018001717161715271427132713271335143115351635173116351
63515311635173517311635153514311435133513311335123512311235123512311235123513311
43515351631173517351731173516351631163515351531143513351331143515351631163516351
53115351635163116351635163116351635173117351735173117351735173117351735163116351
130800170018001700170018001717162716271627162715271435143115351635173117351
63516311635173517311735163516311435133512311235123512311235123512311235123513311
43515351531163516351731173517351731173516351531143513351331143515351631163515351
53115351535163116351635163116351735173117351735173117351735173117351635163116351
145700180017001800170016001717172717271727172717271735173117351735173117351
73517311735173517311735163516311635163516311435133512311135113512311235123512311
23512351331133514351531153515351631163517351731173516351631163516351631153515351
43114351435143114351435153115351635173117351735173117351735173116351635163116351
149700170016001600160016001617162716271727172717371735173117351735173117351
73517311835173517311735163516311635163516311535133512311135113512311235123512311
23512351331133514351531153515351631163517351731173516351631163516351631153515351
43114351435143114351535153115351635173117351735173117351735163116351635163116351
156700180017001700160016001617162716271727172717271735173117351735173117351
73517311835183517311735163516311635163516311535133512311135113512311235123512311
23512351331133514351531153515351631163517351731173516351631163516351631163515351
53114351435143114351535153115351635173117351735173117351735163116351635163116351
168700160018001400170013001417142715271527162716271735173117351735173117351
73517311735183518311735173517311635163516311635173517311635153513311335133513311
33512351231133514351531153514351431153515351631173517351731173517351631163516351
63116351635163116351535153115351635163117351735173116351535153114351435143115351
180800160014001600160014001517152716271627162716271735173117351735173117351
73517311735173517311735173517311635163515311535163516311735173517311635143513311
23511351231133515351631173517351631153514351431153516351731173516351631163516351
63116351635153115351435143114351535153116351635173117351635163115351435133113351
190700160015001300130014001417142715271537153715371635163116351735173117351
73517311735173517311735173516311735173517311735173517311735173517311735173516311
63515351531143514351531153515351531153515351531143514351331143515351531163516351
63116351635153115351535153115351535153115351635163115351535143114351435133113351
222800170017001500160018001817182717271727172717271735173117351735173117351
63516311635163516311635153514311435133512311235123512311135123512311235133513311
43514351531163516351731173517351731173516351531143512351231133514351531163516351
63116351635163116351635163116351635173116351635163116351735173116351635153115351
240700160015001400160016001627162717271727173717371735173117351735173117351
73517311735163516311635163516311735173516311535133512311135113512311135113511311
23514351531153515351531153516351731173517351731163515351431143514351531153516351
63117351735173116351635163116351735173117351735173117351735173117351735173116351
255700150011001400130010001117122713271427162716271735173117351635163117351
73517311735173517311635173517311735173517311735163516311435133512311135113512311
23512351231133513351431153515351631163517351731173517351731173516351631163516351
63116351735163116351535153116351635173117351735173117351735173116351635153116351
260800180011001400130012001317142714271527152716271635173117351735173117351
73517311735173516311635163517311735173517311735173516311435133512311235123512311
23512351231133514351531153515351531163516351731173517351731173516351631163516351
73117351635163116351535153116351635173117351735173117351735173117351735163116351
280700180014001200140013001317142714271527152716271735173117351735173117351
73517311735173517311735173517311735173516311635163517311735173517311635153514311
43514351431143514351431143515351531153515351531163516351631163516351631153515351
53115351535153115351435143115351635173117351735173117351735163116351435133113351
299800170015001500140011001117112711271127122713271335143114351435143114351
43515311535153516311635173517311735173517311735173517311735173517311735173517311
73517351731163514351431143514351531153515351431133513351331143515351631173517351
73117351735173116351635163116351735173117351735163116351635153114351335133113351
434800150010001200100011001217122713271427152716271635163116351735173117351
73517311735173517311735173517311735173517311735173517311635153515311435143514311
43514351531163517351731173517351731173518351731163515351431143514351431153515351
53116351735173117351735173117351735173117351735173117351735173117351735173117351
460700170014001300100010001017102711271227132714271535153116351635163116351
63517311735173517311735173517311735173517311635163516311635163516311535143514311
43514351431153515351531153515351531163517351731173517351731163516351631153514351
43115351635163116351635163116351735173117351735173117351735173117351635163116351
481600170015001700180016001517142713271227122712271235123113351335143115351
63517311735173517311735173517311735173517311735173517311735173517311735173516311
63515351531153515351431143513351331133514351431153516351731173517351731173516351
63116351635163116351635173117351735173117351735173117351735173116351635153116351
497000100010001100110011001117122712271227132713271335133113351235123113351
33514311535153515311535163516311735173517311735173517311735173517311735173517311
73517351731173517351731173517351631153513351231123514351531163517351731173517351
73116351635163116351635163116351735173117351735173117351735163116351535153115351
510600150010001000100010001117122713271427152716371635163117351735173117351
73517311735173517311735173517311735173516311635153515311435143514311435143514311
33513351331143516351731173517351731173517351731163515351431153516351631163516351
53115351635163116351535153115351635173117351735173117351735173117351735173117351
579000130013001300120016001617161716271527152715271435143113351335143115351
53516311735173517311735183517311735173516311735173517311735173517311735173516311
53514351231123512351231113511351131123514351531163517351731173517351731163516351
53115351535163116351635173117351735173116351635163116351635163115351535143114351
588000100010001000100010001117121713271427152716271635153114351235113112351
33514311535163516311635173517311735173517311735173517311735173517311735173517311
53513351231113512351231123512351131113510351131133515351731183517351731163516351
53115351535153115351535153115351535163116351635163116351535143113351235123112351
621600170013001200130013001317121712271227132713271235123113351335143115351
63517311735173517311735173517311735173517311735173517311735173517311735173516311
63516351531143513351331133514351531163517351731173517351731173517351731163516351
63116351635163116351635173117351735173117351735173118351835173117351635153115351
630400120013001400120013001317132712271227123712371235133114351435153116351
73517311735173517311735173517311735173517311735173517311635163516311635163516311
53514351431143514351531153515351531163516351731173517351631163516351631163516351
63116351635163116351635163117351735173117351735173117351735173116351535153115351
643000120013001200130013001417141714271527142714271235123112351435153116351
73517311735173517311735173517311635153515311535163517311735173517311635153515311
43514351431143513351331123512351231133514351531163517351731163516351531143514351
33113351435143115351535153115351535153115351635163116351535153114351435143114351
645200110011001300130012001317141714271427142714271335123112351335143115351
63517311735173517311735173517311735163516311635173517311735173517311735173516311
53514351331123512351231123511351131123514351531163517351731173516351631153514351
43114351435153116351635163116351635163116351535153116351635153115351435143114351
650000100010001000100010001117121713271427152715271635163115351535143114351
53516311635163516311635153515311535153516311635163516311635163517311735173517311
53514351231123512351231113511351131113512351331143515351631163516351631163515351
53115351535153115351535153115351535153116351635163116351635163115351535143114351
675000100010001000100010001017111711271227132714271535153114351335133114351
53516311735173517311635163516311635153516311635173517311735163515311435143513311
33512351231123512351231123511351131113511351131123513351431143515351531143514351
43114351435153115351535143115351535153115351535153115351535153114351435143114351
690100110010001000100010001117121712271327142715271535153115351535153115351
53515311635163516311635163516311635163516311635163516311635163515311535143514311
33512351231123512351231123512351231113511351131123513351431143514351431133513351
23113351435143114351435143114351535153115351435133113351335133113351235113112351
747200150015001600170017001617152715271627162715271535143114351435153115351
63516311535153515311635163516311635163516311635163516311635173517311735163516311
63515351531153515351531153514351531153516351731163516351531153515351531143514351
33114351435153116351635163116351635163116351635163116351535153115351435143114351
