20130801111621
T2M TEDF  78  35 1
20130801112013080106
20130801112013080107
20130801112013080108
20130801112013080109
20130801112013080110
20130801112013080111
20130801112013080112
20130801112013080113
20130801112013080114
20130801112013080115
20130801112013080116
20130801112013080117
20130801112013080118
20130801112013080119
20130801112013080120
20130801112013080121
20130801112013080122
20130801112013080123
20130801112013080200
20130801112013080201
20130801112013080202
20130801112013080203
20130801112013080204
20130801112013080205
20130801112013080206
20130801112013080207
20130801112013080208
20130801112013080209
20130801112013080210
20130801112013080211
20130801112013080212
20130801112013080213
20130801112013080214
20130801112013080215
20130801112013080216
20130801112013080217
20130801112013080218
20130801112013080219
20130801112013080220
20130801112013080221
20130801112013080222
20130801112013080223
20130801112013080300
20130801112013080301
20130801112013080302
20130801112013080303
20130801112013080304
20130801112013080305
20130801112013080306
20130801112013080307
20130801112013080308
20130801112013080309
20130801112013080310
20130801112013080311
20130801112013080312
20130801112013080313
20130801112013080314
20130801112013080315
20130801112013080316
20130801112013080317
20130801112013080318
20130801112013080319
20130801112013080320
20130801112013080321
20130801112013080322
20130801112013080323
20130801112013080400
20130801112013080401
20130801112013080402
20130801112013080403
20130801112013080404
20130801112013080405
20130801112013080406
20130801112013080407
20130801112013080408
20130801112013080409
20130801112013080410
20130801112013080411
002 207   001 222   001 237   001 260   001 275   001 290   001 289   471
 295   671 300  1071 302  1371 303  1471 299  1571 291  1571 280  1371 271  1171
 260   971 254   971 248  1071 240  1071 227   971 211   871 199   771 192   871
 190   871 191   971 194  1171 198  1271 203  1471 206  1671 210  1771 211  1971
 210  2171 208  2071 205  2171 201  2071 197  1971 192  1871 186  1671 182  1371
 179  1171 176  1171 174  1271 173  1271 171  1171 169  1071 167   971 166   971
 166  1071 167  1071 170  1271 174  1371 179  1571 183  1771 187  1871 190  2071
 191  2071 191  2171 190  2071 188  1971 185  1871 180  1771 173  1571 166  1471
 161  1271 157  1371 155  1371 154  1471 154  1371 153  1171 153  1071 153  1171
 154  1151 158  1211 165  1351 173  1551 181  1611 187  1751 192  1851
005 194   001 215   001 234   001 264   001 292   001 304   001 304   471
 313   671 321   971 323   971 318  1171 308  1371 293  1471 276  1371 260  1171
 247  1071 240  1071 235  1171 227  1171 215  1171 203  1271 191  1271 186  1071
 188   971 194   771 207   971 221  1171 236  1371 249  1671 259  1871 262  2071
 255  1971 244  1871 233  1871 226  1871 220  1771 214  1671 204  1571 191  1571
 182  1471 178  1471 177  1371 177  1371 175  1471 172  1471 168  1571 166  1371
 166  1171 170   971 178  1171 187  1271 198  1471 206  1571 213  1571 218  1671
 221  1671 221  1671 219  1671 214  1571 207  1571 196  1571 182  1571 169  1471
 158  1471 150  1471 147  1471 144  1471 140  1571 138  1671 137  1771 140  1571
 147  1251 157  1011 169  1251 182  1351 195  1511 207  1751 218  1951
015 201   001 216   001 242   001 265   001 280   001 294   001 302   471
 311   771 318   971 321  1271 319  1671 312  1771 300  1771 287  1571 271  1271
 258  1071 252  1071 249  1171 244  1171 238  1171 228  1171 221  1171 217  1071
 217  1071 222   971 233  1071 248  1271 265  1371 281  1371 295  1471 305  1471
 310  1671 310  1771 306  1971 297  1971 284  1971 269  1971 249  1771 232  1471
 217  1271 208  1271 201  1271 196  1271 191  1371 184  1371 179  1471 176  1371
 177  1271 180  1171 187  1371 195  1471 204  1671 212  1571 220  1571 226  1371
 230  1471 231  1471 231  1571 229  1471 224  1571 216  1671 204  1471 189  1371
 177  1171 169  1171 163  1271 159  1271 154  1271 150  1271 149  1271 151  1271
 157  1151 166  1111 177  1351 189  1651 201  1811 212  1751 223  1751
027 194   001 213   001 251   001 289   001 311   001 326   001 334   471
 340   771 342   971 340  1271 334  1271 323  1271 306  1171 281  1171 255  1071
 229   971 209  1171 195  1371 186  1471 178  1471 171  1571 167  1571 166  1471
 169  1271 177  1171 190  1271 206  1371 221  1371 232  1471 240  1471 246  1571
 250  1771 251  1871 249  2071 242  1971 233  1771 222  1671 211  1571 201  1371
 191  1171 182  1271 175  1371 169  1471 165  1571 163  1671 160  1771 157  1571
 156  1471 160  1271 171  1271 187  1471 201  1471 212  1471 217  1571 220  1571
 221  1771 220  1971 217  2211 213  2151 208  1951 200  1911 189  1651 178  1451
 167  1211 159  1351 153  1451 150  1511 148  1751 146  1851 144  2011 141  1851
 140  1751 146  1511 160  1651 180  1751 200  1811 216  1951 226  1951
070 205   001 231   001 255   001 274   001 295   001 309   001 314   371
 322   771 328  1271 331  1471 329  1871 321  1971 304  2271 278  2071 249  1871
 227  1471 213  1571 207  1671 206  1771 205  1771 205  1871 206  1871 208  1671
 213  1371 223  1171 238  1271 257  1471 278  1571 297  1471 314  1271 326  1171
 335  1471 340  1671 341  1871 337  1971 327  2271 312  2371 288  2071 261  1871
 239  1671 223  1771 213  1971 205  1971 198  2071 190  2171 186  2271 185  1971
 188  1571 193  1271 199  1471 208  1771 216  1971 226  1671 235  1471 242  1271
 247  1371 250  1671 251  1771 250  1871 245  2071 233  2271 215  1971 193  1671
 174  1471 162  1671 156  1771 152  1971 147  2071 143  2171 142  2271 144  1971
 151  1651 162  1311 178  1651 196  1951 214  2211 230  2051 242  1851
110 139   001 150   001 172   001 201   001 222   001 236   001 238   471
 237   671 234   971 229   971 220   971 210  1071 198  1071 187   971 178   871
 171   771 168   871 166   971 166  1071 167  1171 169  1271 170  1371 169  1271
 169  1271 171  1171 177  1271 186  1371 192  1571 196  1571 198  1471 200  1471
 205  1371 210  1271 211  1171 207  1171 198  1071 187  1071 177  1071 167   971
 160   971 155  1071 151  1171 149  1271 148  1371 148  1371 147  1471 146  1371
 147  1371 150  1271 157  1371 168  1471 177  1571 185  1471 190  1471 194  1271
 198  1171 200  1171 201  1171 200  1171 195  1171 187  1171 177  1171 165  1171
 155  1171 149  1271 145  1271 144  1371 144  1371 144  1371 144  1371 143  1371
 143  1251 147  1211 155  1451 167  1651 178  1811 187  1751 194  1751
120 210   001 229   001 250   001 275   001 281   001 286   001 289   671
 288   971 285  1271 278  1371 268  1471 256  1371 240  1271 225  1171 208   971
 194   871 184   971 175  1071 169  1171 166  1171 165  1171 165  1171 167  1171
 169  1071 174  1071 183  1371 194  1571 203  1871 212  1871 219  1871 221  1771
 220  1771 218  1671 215  1671 214  1471 212  1371 207  1171 197  1071 184  1071
 171   971 163  1071 157  1271 153  1371 151  1371 149  1471 148  1471 146  1371
 146  1371 150  1271 160  1471 172  1771 184  1971 195  1971 203  1871 208  1871
 210  1971 211  1971 211  2071 211  1871 207  1771 201  1571 189  1471 174  1271
 160  1171 150  1271 144  1271 141  1371 140  1371 139  1371 137  1371 136  1371
 136  1351 141  1311 152  1651 166  1951 181  2211 194  2151 204  1951
130 206   001 230   001 268   001 293   001 311   001 328   001 333   371
 334   571 331   971 325  1171 316  1471 303  1671 286  1971 266  1771 243  1471
 222  1271 205  1271 194  1371 185  1371 179  1371 174  1371 170  1371 167  1271
 167  1271 174  1171 188  1271 207  1471 226  1571 241  1571 251  1571 258  1571
 260  1571 260  1671 256  1671 249  1771 238  1971 227  2071 213  1871 200  1471
 189  1271 180  1371 174  1471 169  1571 165  1571 163  1671 160  1671 157  1571
 156  1471 160  1371 170  1471 184  1571 198  1671 210  1571 218  1471 225  1371
 228  1471 231  1471 231  1571 230  1771 226  1871 218  1971 204  1871 187  1571
 173  1471 162  1571 155  1571 151  1671 148  1671 147  1671 144  1671 140  1571
 138  1451 143  1311 157  1551 177  1651 198  1811 216  1751 229  1751
145 204   001 221   001 239   001 264   001 286   001 303   001 312   471
 322   771 333   571 339   771 341   971 337  1071 325  1071 306  1071 285  1171
 264  1171 248  1171 236  1071 228  1071 221  1071 216  1071 210  1071 207  1071
 207  1071 212  1071 225  1171 241  1171 259  1271 275  1371 287  1571 297  1671
 305  1571 309  1271 311  1171 310  1171 305  1271 294  1371 276  1371 255  1371
 236  1371 221  1371 210  1271 201  1271 193  1271 185  1271 178  1271 171  1271
 166  1271 167  1271 175  1271 186  1371 200  1371 211  1371 219  1371 226  1371
 232  1371 237  1271 240  1271 241  1371 238  1371 231  1471 218  1471 204  1471
 190  1471 180  1371 172  1371 166  1271 161  1271 157  1171 153  1171 151  1271
 152  1251 159  1311 173  1351 190  1351 207  1311 221  1451 231  1651
149 199   001 219   001 244   001 266   001 287   001 304   001 315   571
 326   671 335   871 341   971 342  1071 337  1171 326  1171 309  1271 288  1271
 267  1471 252  1271 242  1171 236  1071 230  1071 226  1171 221  1171 217  1171
 216  1071 221  1071 235  1071 254  1171 273  1171 290  1271 303  1571 312  1771
 318  1671 321  1471 322  1371 320  1371 315  1371 304  1371 286  1371 265  1471
 245  1571 230  1471 219  1471 210  1371 201  1371 193  1371 186  1371 179  1271
 175  1271 176  1171 185  1171 198  1271 212  1271 223  1371 233  1571 240  1671
 246  1571 250  1471 252  1371 252  1471 250  1471 242  1571 230  1571 215  1671
 201  1671 191  1571 183  1471 175  1371 168  1371 163  1271 157  1271 155  1271
 156  1351 164  1311 178  1351 196  1351 214  1311 229  1551 240  1751
156 197   001 234   001 258   001 277   001 297   001 317   001 326   571
 338   771 346   871 351   971 352  1071 348  1071 339  1171 324  1171 307  1271
 289  1271 277  1271 268  1171 261  1171 254  1071 246  1071 238   971 230  1071
 225  1071 227  1171 238  1171 255  1271 274  1271 290  1471 303  1771 312  2071
 319  1871 321  1571 322  1371 321  1371 316  1471 307  1471 289  1571 269  1571
 250  1571 237  1571 227  1471 219  1471 213  1371 208  1271 201  1171 193  1171
 187  1271 186  1271 193  1271 206  1371 219  1371 229  1571 237  1571 242  1771
 247  1671 250  1571 252  1371 252  1471 249  1471 242  1571 231  1571 218  1671
 207  1671 198  1571 191  1571 186  1471 182  1371 178  1271 174  1171 170  1271
 169  1351 174  1411 187  1451 204  1351 222  1311 236  1651 247  2051
168 200   001 218   001 242   001 269   001 290   001 308   001 325   471
 336   671 344  1471 349  1971 351  1871 346  1571 331  1371 301  1671 266  1671
 237  1871 221  1771 215  1571 216  1471 215  1471 214  1571 209  1571 205  1371
 205  1271 213  1071 232  1171 256  1171 282  1271 302  1371 318  1471 331  1571
 340  1771 347  2171 350  2371 350  2071 343  1871 327  1671 298  1771 265  1971
 237  1971 222  1871 214  1671 210  1571 206  1671 201  1771 195  1871 189  1671
 185  1371 187  1171 194  1271 206  1471 218  1571 229  1571 238  1471 245  1471
 251  1671 256  1971 259  2171 261  1971 259  1771 250  1571 232  1771 211  1871
 192  2071 179  1871 173  1771 169  1571 166  1671 163  1671 161  1771 160  1571
 163  1451 171  1211 186  1451 205  1651 224  1811 240  1851 252  1751
180 190   001 208   001 230   001 259   001 278   001 296   001 303   271
 311   471 318   571 322   771 322   971 317  1471 302  1671 278  1671 249  1571
 225  1571 212  1371 208  1271 207  1171 206  1071 205  1071 206   971 211   971
 219   971 230   971 243  1071 260  1271 277  1371 297  1471 315  1571 331  1771
 343  1571 349  1571 352  1471 350  1471 343  1671 328  1771 303  1871 275  1771
 253  1671 237  1571 229  1471 225  1371 221  1271 217  1271 215  1171 215  1171
 218  1071 222  1071 228  1271 234  1571 240  1771 243  1771 246  1771 249  1771
 253  1771 258  1771 261  1671 261  1671 258  1671 247  1671 231  1571 213  1671
 196  1571 186  1671 181  1671 176  1671 170  1571 164  1371 163  1271 167  1271
 176  1151 188  1111 201  1351 213  1551 225  1711 236  1851 246  1951
190 193   001 216   001 239   001 258   001 279   001 296   001 303   371
 312   671 318  1071 320  1371 321  1571 318  1471 305  1271 281  1271 253  1271
 228  1271 215  1171 207  1171 203  1171 196  1171 189  1171 185  1171 187  1071
 195   971 211   871 234  1171 261  1371 286  1671 306  1671 321  1971 333  1771
 342  2071 348  2371 351  2471 350  2071 344  1771 329  1471 304  1371 276  1271
 251  1171 236  1171 229  1271 226  1271 221  1371 217  1371 215  1471 218  1371
 224  1171 235  1071 248  1271 261  1471 271  1771 277  1671 280  1571 280  1671
 279  1871 277  2071 275  2271 273  1971 268  1771 260  1471 248  1371 234  1471
 223  1371 215  1371 208  1471 202  1471 193  1471 185  1571 180  1571 183  1471
 191  1251 202  1111 215  1251 227  1451 236  1511 242  1651 245  1751
222 221   001 243   001 262   001 280   001 293   001 299   001 308   371
 307   571 298   971 288  1171 278  1271 267  1471 254  1471 238  1471 218  1371
 202  1371 190  1271 184  1171 180  1071 177  1071 174   971 170   971 167   971
 167   871 172   871 186  1071 205  1171 224  1471 240  1571 252  1671 259  1771
 261  1871 258  2071 254  2171 249  1771 241  1771 231  1571 217  1471 202  1471
 190  1371 182  1271 178  1171 176  1071 173  1071 171  1071 168  1071 166  1071
 166   971 171   971 180  1171 194  1271 207  1471 218  1471 226  1471 230  1471
 231  1571 231  1671 229  1771 227  1871 224  1871 217  1871 204  1771 187  1671
 174  1571 164  1471 158  1271 154  1171 150  1171 147  1171 144  1171 142  1171
 144  1051 151  1011 165  1251 183  1551 202  1711 218  1751 231  1651
240 205   001 222   001 251   001 280   001 303   001 322   001 334   371
 345   571 350   871 351  1171 350  1071 345  1171 332   971 311   971 287   971
 264   971 250   971 241  1071 235  1071 227  1071 217   971 210   971 205   971
 205   971 212   971 227  1171 245  1371 263  1571 276  1471 286  1371 292  1371
 297  1471 300  1471 301  1571 299  1371 293  1271 282  1271 264  1271 244  1171
 226  1171 211  1171 200  1271 189  1271 182  1271 176  1171 171  1171 167  1171
 165  1071 167  1071 175  1271 189  1571 203  1771 215  1671 225  1671 233  1571
 237  1571 239  1671 240  1571 241  1471 240  1371 234  1371 222  1371 208  1371
 193  1371 183  1371 177  1171 171  1171 164  1171 158  1071 152  1071 148  1071
 149  1051 155  1011 168  1251 186  1551 205  1711 221  1651 235  1651
255 201   001 224   001 254   001 286   001 308   001 327   001 340   371
 354   671 364   971 369  1071 367  1171 358  1171 341  1271 320  1171 296  1171
 276  1171 260  1071 249  1071 241  1071 233  1071 226  1171 217  1171 209  1171
 206  1171 213  1171 233  1171 261  1271 287  1271 308  1471 321  1771 333  1971
 341  1771 348  1671 349  1371 343  1471 331  1471 316  1571 295  1471 275  1371
 257  1371 240  1271 226  1271 215  1271 205  1271 197  1271 189  1271 181  1271
 176  1271 178  1271 188  1471 202  1471 217  1571 228  1671 235  1671 242  1771
 249  1571 256  1371 259  1171 258  1271 252  1571 242  1671 231  1571 219  1371
 207  1271 197  1271 188  1271 182  1271 177  1271 173  1371 168  1371 164  1371
 162  1351 168  1311 183  1351 203  1451 222  1411 237  1551 247  1751
260 206   001 223   001 247   001 266   001 285   001 297   001 321   471
 336   671 346   871 350  1171 346  1471 335  1871 316  2171 292  1971 266  1671
 246  1471 235  1571 231  1871 228  1971 222  1971 215  1971 209  1971 207  1671
 210  1371 221  1071 241  1071 265  1171 289  1271 308  1271 322  1371 333  1371
 343  1371 350  1271 351  1271 345  1671 332  2071 313  2471 287  2171 262  1871
 242  1571 229  1771 220  1971 213  2171 205  2171 195  2271 186  2271 179  1871
 177  1571 180  1171 189  1371 202  1571 216  1771 225  1771 232  1571 238  1471
 244  1371 249  1371 251  1271 249  1671 243  2171 234  2671 223  2371 210  1971
 200  1671 191  1871 183  1971 176  2171 170  2271 165  2371 161  2471 160  2071
 164  1751 173  1311 189  1451 209  1451 227  1511 241  1551 250  1651
280 188   001 205   001 227   001 251   001 276   001 288   001 308   571
 321   771 327  1371 329  1571 327  1471 320  1371 306  1271 285  1271 262  1271
 244  1271 233  1371 228  1271 224  1371 219  1271 213  1271 206  1171 199  1171
 197  1071 203  1071 220  1271 245  1471 271  1571 296  1671 317  1671 333  1771
 344  1971 349  2071 349  2171 342  2071 331  1771 314  1671 293  1571 273  1471
 255  1271 243  1371 234  1371 226  1471 219  1371 211  1371 204  1271 199  1171
 197  1171 200  1071 210  1271 222  1371 234  1571 241  1571 244  1471 248  1471
 251  1571 255  1771 258  1971 260  1871 258  1671 252  1471 239  1371 224  1371
 210  1371 203  1371 200  1471 196  1471 190  1371 182  1371 176  1271 175  1271
 178  1151 187  1111 201  1351 218  1551 234  1711 246  1751 255  1851
299 175   001 213   001 243   001 264   001 281   001 294   001 303   571
 313   871 318  1271 320  1571 320  2471 314  2071 298  2071 271  1871 241  1571
 217  1371 204  1271 199  1371 196  1371 193  1371 189  1271 186  1271 186  1271
 191  1171 206  1171 232  1371 262  1371 292  1471 314  1471 332  1371 344  1471
 354  1771 360  1971 361  2471 357  2571 346  2371 328  2371 302  1971 275  1671
 252  1371 239  1471 232  1471 229  1471 223  1371 218  1371 215  1271 215  1271
 220  1271 230  1271 243  1371 258  1571 269  1671 276  1571 278  1671 278  1671
 279  1871 281  1871 280  2071 277  2071 270  2071 260  2071 246  1871 232  1571
 219  1271 209  1371 203  1471 197  1571 191  1571 185  1471 181  1471 181  1471
 186  1351 194  1311 205  1451 218  1651 231  1711 242  1751 251  1851
434 210   001 227   001 245   001 266   001 289   001 301   001 319   371
 329   571 333  1071 337  1371 338  1271 336  1171 326  1071 308   971 286   971
 267   871 255   871 248   871 243   871 238   971 231  1071 225  1171 219  1171
 217  1271 221  1271 234  1371 251  1271 270  1271 285  1271 296  1071 305  1071
 313  1471 317  1571 317  1971 310  1771 297  1571 280  1471 262  1371 242  1271
 224   971 211   971 200  1071 190  1071 180  1071 170  1071 162  1071 158  1171
 158  1171 162  1271 170  1371 182  1471 194  1571 205  1671 214  1471 221  1471
 225  1571 227  1771 228  1871 227  1671 225  1571 219  1471 210  1371 199  1171
 190  1071 183  1071 177   971 173   971 168  1071 165  1071 160  1171 156  1171
 156  1251 162  1211 175  1251 193  1351 211  1311 225  1351 236  1351
460 193   001 213   001 235   001 265   001 293   001 316   001 340   471
 353   671 358   971 356  1371 348  1371 334  1571 314  1871 292  1771 270  1771
 251  1671 238  1671 231  1571 226  1571 221  1571 216  1671 210  1671 206  1571
 207  1371 214  1271 231  1271 255  1371 281  1371 308  1371 333  1471 352  1471
 365  1571 369  1471 366  1471 354  1671 335  1871 313  2071 287  1871 263  1871
 242  1671 228  1671 216  1571 208  1571 200  1671 190  1871 184  1971 178  1771
 176  1571 180  1371 192  1471 206  1571 220  1671 233  1671 242  1671 248  1571
 254  1571 258  1571 259  1571 256  1771 250  1871 241  1971 229  1971 217  1771
 207  1671 198  1771 191  1671 185  1671 179  1871 173  1971 168  2171 165  1971
 167  1851 176  1611 193  1751 213  1851 233  1911 248  1951 258  1851
481 204   001 226   001 250   001 279   001 295   001 307   001 317   471
 327   671 331  1071 332  1271 328  1271 319  1171 309  1071 293  1371 277  1571
 264  1771 255  1671 249  1471 244  1371 240  1371 235  1271 230  1271 227  1271
 227  1171 234  1171 248  1271 267  1471 286  1571 303  1571 318  1471 331  1471
 342  1671 349  1671 351  1871 346  1771 336  1671 323  1671 308  1871 294  1971
 282  1971 273  1771 265  1671 258  1471 250  1371 241  1371 232  1271 223  1271
 217  1171 216  1171 222  1371 231  1471 242  1671 250  1571 254  1671 258  1671
 262  1671 266  1771 269  1811 271  1751 269  1751 264  1511 253  1651 241  1751
 229  1711 221  1651 217  1551 213  1411 209  1351 205  1351 201  1211 198  1251
 197  1251 201  1211 211  1451 226  1651 241  1811 254  1951 265  2051
497 151   001 182   001 208   001 230   001 258   001 280   001 304   571
 316  1171 318  1971 312  2471 299  2171 280  2271 260  2271 242  2171 226  1971
 212  1771 200  1771 192  1671 184  1671 180  1671 174  1671 170  1671 166  1571
 166  1471 176  1371 199  1371 232  1571 264  1571 292  1671 313  1771 328  1871
 339  2371 342  2871 335  3071 319  2771 298  2671 275  2471 254  2271 237  2071
 223  1871 211  1871 202  1871 194  1771 188  1771 183  1671 178  1671 176  1571
 176  1571 184  1471 200  1571 222  1771 244  1871 262  2071 276  2271 288  2471
 297  2671 302  2971 298  3171 284  2871 262  2771 240  2571 223  2371 209  2071
 199  1871 193  1871 188  1871 184  1871 178  1871 171  1771 166  1771 163  1671
 165  1651 173  1511 189  1651 209  1851 231  1911 251  2151 267  2251
510 221   001 239   001 252   001 270   001 288   001 311   001 337   371
 356   571 367  1371 370  1771 365  1571 353  1471 333  1271 308  1171 282   971
 259   871 244   971 234  1171 227  1271 221  1271 216  1171 210  1171 207  1171
 207  1271 211  1271 222  1171 236  1171 251  1071 265  1071 278   971 288   971
 297  1271 301  1471 300  1771 294  1671 282  1471 265  1371 247  1171 228  1071
 210   871 199   971 191  1071 186  1171 183  1171 180  1171 177  1171 176  1171
 177  1171 182  1171 194  1271 207  1471 221  1571 231  1571 237  1371 243  1371
 246  1571 248  1671 250  1771 251  1551 250  1351 244  1111 233  1151 219   951
 205   811 195   951 187  1051 182  1111 178  1151 174  1251 170  1211 167  1251
 167  1251 174  1211 189  1451 209  1551 229  1711 244  1751 256  1851
579 208   001 233   001 250   001 272   001 308   001 319   001 332   171
 338   371 338   571 333   871 325  1371 313  1671 296  2071 274  1871 249  1671
 229  1471 215  1471 206  1371 198  1371 190  1471 184  1471 179  1571 177  1471
 183  1471 198  1371 222  1271 252  1371 281  1271 306  1271 323  1271 337  1271
 346  1271 349  1271 347  1171 338  1571 324  1971 304  2371 282  2171 259  2071
 239  1771 226  1671 217  1571 208  1471 200  1571 192  1671 188  1771 188  1671
 194  1571 206  1471 225  1471 246  1571 269  1571 289  1471 304  1371 317  1271
 325  1271 329  1271 329  1171 325  1571 317  1871 304  2271 288  2071 271  2071
 256  1871 246  1771 240  1771 233  1671 225  1671 218  1771 214  1771 215  1671
 223  1651 235  1511 252  1551 271  1651 291  1611 309  1651 323  1651
588 186   001 211   001 237   001 270   001 290   001 301   001 315   371
 323   771 323  1371 318  2071 312  2471 301  2671 284  2771 261  2371 235  1971
 213  1571 199  1471 190  1471 184  1371 178  1471 172  1471 168  1571 166  1571
 170  1471 184  1471 209  1371 241  1371 272  1271 298  1371 316  1371 328  1471
 333  1871 333  2371 328  2771 320  2871 308  2871 290  2971 265  2571 239  2071
 216  1671 200  1571 191  1471 184  1371 178  1371 171  1471 167  1471 166  1471
 170  1471 182  1471 204  1471 231  1471 259  1471 282  1471 299  1571 312  1571
 320  2071 323  2671 321  3171 315  3171 305  3171 290  3171 271  2671 251  2171
 232  1671 219  1571 211  1571 204  1471 198  1471 194  1471 193  1471 195  1471
 201  1451 213  1411 231  1551 253  1551 276  1611 297  1651 315  1651
621 253   001 274   001 302   001 333   001 322   001 331   001 342   371
 349   771 354  1271 355  1871 351  1671 341  1771 323  1871 294  1671 263  1371
 237  1271 222  1271 216  1171 212  1171 207  1271 201  1271 197  1371 195  1271
 196  1271 202  1171 212  1271 227  1371 244  1571 263  1571 282  1571 298  1571
 309  1871 313  1971 311  2271 301  2271 286  2271 266  2271 244  1871 224  1671
 208  1371 198  1371 192  1271 189  1271 186  1271 182  1371 179  1371 176  1371
 175  1271 178  1271 188  1371 200  1471 213  1671 223  1671 231  1671 235  1671
 239  1971 241  2271 242  2571 243  2471 242  2271 236  2271 226  1871 213  1471
 202  1271 196  1271 191  1271 188  1271 184  1271 180  1271 175  1271 170  1271
 168  1151 174  1111 188  1451 207  1651 225  1911 238  1851 246  1851
630 223   001 241   001 260   001 267   001 287   001 293   001 310   471
 325   571 333  1171 336  1271 333  1171 324  1471 312  1771 296  1571 283  1471
 269  1371 258  1371 249  1371 242  1371 237  1271 233  1071 231   971 227   971
 226   871 230   871 241  1071 257  1371 275  1571 294  1571 310  1571 324  1471
 333  1471 339  1471 338  1371 330  1571 317  1771 301  1971 283  1771 267  1671
 254  1471 243  1371 235  1371 228  1271 222  1171 216   971 212   871 208   871
 206   871 208   871 214  1171 224  1571 235  1871 244  1771 253  1671 261  1571
 269  1571 274  1471 278  1471 278  1771 275  1971 269  2171 260  1971 249  1671
 240  1471 232  1371 224  1371 218  1271 212  1171 205   971 200   871 196   871
 195   951 201   911 214  1251 232  1551 249  1811 263  1851 274  1851
643 205   001 238   001 263   001 273   001 270   001 276   001 289   371
 294   771 293   771 290  1071 286  1171 280  1271 272  1271 263  1171 253   971
 243   871 234   971 227   971 219  1071 212  1071 205  1171 201  1171 197  1171
 199  1271 211  1271 233  1171 260  1171 283  1071 296  1171 300  1171 301  1271
 300  1271 299  1271 296  1271 291  1271 284  1371 276  1371 267  1271 259  1071
 252   971 245  1071 239  1071 231  1171 224  1171 217  1271 211  1271 207  1271
 208  1371 216  1371 232  1371 252  1271 271  1271 286  1371 295  1371 300  1471
 301  1371 299  1471 296  1471 292  1471 288  1571 283  1571 276  1371 269  1171
 261  1071 254  1171 248  1171 242  1271 236  1271 230  1371 225  1371 223  1471
 225  1451 236  1511 256  1451 280  1451 301  1311 313  1451 319  1451
645 219   001 249   001 271   001 288   001 307   001 316   001 326   271
 329   571 327  1271 320  1571 314  1671 305  1571 291  1511 272  1451 251  1451
 233  1311 222  1351 217  1351 213  1311 208  1351 203  1251 199  1211 197  1251
 200  1271 211  1271 232  1271 259  1271 285  1271 306  1271 319  1171 327  1171
 329  1471 327  1671 321  1971 313  1871 301  1871 287  1771 269  1771 250  1771
 234  1571 223  1471 216  1471 211  1371 207  1371 203  1371 199  1371 197  1371
 199  1271 209  1271 227  1371 250  1371 274  1471 292  1371 306  1271 317  1171
 325  1371 328  1771 329  2071 327  1971 319  1671 307  1571 290  1671 272  1571
 256  1571 246  1571 242  1571 238  1471 233  1471 228  1371 224  1371 224  1371
 229  1351 241  1311 260  1451 281  1551 302  1611 318  1651 329  1551
650 242   001 275   001 298   001 311   001 321   001 327   001 329   371
 333   771 333  1071 328  1071 318  1271 303  1371 287  1571 274  1471 261  1471
 249  1371 241  1271 234  1271 225  1171 219  1071 214  1071 209   971 207   971
 212  1071 225  1071 247  1071 275  1171 298  1171 315  1171 325  1271 330  1271
 332  1171 330  1171 325  1071 317  1271 305  1371 291  1571 277  1571 263  1471
 252  1371 244  1271 237  1271 231  1171 225  1071 221  1071 218   971 218   971
 221  1071 229  1071 243  1171 261  1171 278  1271 293  1271 307  1371 316  1371
 321  1271 322  1051 318   911 309  1051 298  1351 286  1511 277  1451 269  1351
 263  1211 258  1251 252  1251 247  1111 241  1151 236  1051 232  1011 231  1051
 235  1151 244  1111 259  1251 277  1351 295  1411 311  1451 324  1451
675 210   001 241   001 275   001 304   001 328   001 334   001 341   271
 344   671 342  1171 339  1471 332  1771 321  1971 307  2071 287  1871 264  1771
 242  1571 227  1471 215  1371 206  1271 198  1471 191  1571 187  1771 187  1671
 194  1571 212  1471 243  1371 279  1171 312  1071 335  1071 348  1071 353  1071
 353  1471 349  1971 343  2371 336  2271 326  2271 312  2171 290  1971 266  1771
 244  1571 229  1471 218  1471 209  1371 201  1471 193  1671 187  1771 186  1671
 192  1571 208  1471 237  1371 272  1271 306  1171 332  1271 350  1271 360  1371
 363  1771 361  2171 355  2571 346  2471 334  2371 318  2271 301  2071 283  1871
 267  1671 253  1571 241  1471 231  1371 222  1471 215  1671 210  1771 209  1671
 215  1551 229  1411 254  1451 283  1351 310  1311 329  1451 340  1451
690 256   001 280   001 290   001 290   001 292   001 291   001 292   271
 292   271 291   471 292   671 291   771 287   971 282  1011 275  1051 269  1051
 263  1011 259   951 257   951 255   811 252   851 249   851 246   811 245   951
 246  1171 254  1271 267  1271 284  1271 296  1171 302  1171 302  1071 301   971
 301   971 301   871 300   871 297   971 292  1071 286  1271 280  1171 273  1171
 267   971 263   971 260   971 257   971 254   971 251   971 248   971 245  1071
 246  1271 252  1371 263  1371 276  1371 287  1371 291  1271 291  1271 290  1271
 289  1171 289  1071 288  1071 285  1071 282  1171 278  1271 274  1171 272  1271
 268  1171 264  1071 259  1071 254  1071 249  1071 245  1071 244  1071 244  1171
 247  1351 254  1411 264  1451 274  1551 282  1511 284  1451 283  1351
747 233   001 240   001 256   001 274   001 287   001 312   001 319   371
 322   671 321   871 316  1171 307  1571 296  2071 283  2371 270  2171 260  1871
 251  1571 243  1571 236  1571 232  1571 227  1371 223  1271 218  1071 216  1071
 218  1171 226  1171 243  1171 264  1271 284  1271 300  1471 311  1571 318  1771
 322  1571 323  1571 319  1471 310  1771 298  2171 284  2471 273  2371 263  2071
 255  1771 247  1671 240  1571 233  1471 228  1371 223  1271 219  1171 216  1171
 217  1171 224  1171 239  1271 258  1271 276  1471 291  1571 302  1771 308  1871
 312  1871 313  1771 312  1671 309  2071 304  2371 298  2771 289  2471 281  2271
 272  1871 266  1771 260  1671 254  1571 247  1471 241  1471 234  1371 231  1371
 233  1351 242  1311 260  1451 282  1451 302  1511 314  1651 320  1751
NT  TEDF  78  35 1
20130801112013080106
20130801112013080107
20130801112013080108
20130801112013080109
20130801112013080110
20130801112013080111
20130801112013080112
20130801112013080113
20130801112013080114
20130801112013080115
20130801112013080116
20130801112013080117
20130801112013080118
20130801112013080119
20130801112013080120
20130801112013080121
20130801112013080122
20130801112013080123
20130801112013080200
20130801112013080201
20130801112013080202
20130801112013080203
20130801112013080204
20130801112013080205
20130801112013080206
20130801112013080207
20130801112013080208
20130801112013080209
20130801112013080210
20130801112013080211
20130801112013080212
20130801112013080213
20130801112013080214
20130801112013080215
20130801112013080216
20130801112013080217
20130801112013080218
20130801112013080219
20130801112013080220
20130801112013080221
20130801112013080222
20130801112013080223
20130801112013080300
20130801112013080301
20130801112013080302
20130801112013080303
20130801112013080304
20130801112013080305
20130801112013080306
20130801112013080307
20130801112013080308
20130801112013080309
20130801112013080310
20130801112013080311
20130801112013080312
20130801112013080313
20130801112013080314
20130801112013080315
20130801112013080316
20130801112013080317
20130801112013080318
20130801112013080319
20130801112013080320
20130801112013080321
20130801112013080322
20130801112013080323
20130801112013080400
20130801112013080401
20130801112013080402
20130801112013080403
20130801112013080404
20130801112013080405
20130801112013080406
20130801112013080407
20130801112013080408
20130801112013080409
20130801112013080410
20130801112013080411
002000100010001000100010001017102711271127112711371131113511351131113511351
13112351235113111351135123113351435153115351535153115351535163116351635163116351
63516311635173517311635143513311335133514311435133513311335133513311235123512311
23512351231113511351231123512351331133513351331143514351431143513351331133513351
005000100010001000100010001017112711271127112711371131113511351131113511351
13111351135113112351235123112351235133114351535163116351635163116351635163115351
53514311535163517311635143512311135123512311335133513311335123512311235123512311
23512351231123512351231123512351231123512351331133513351331133512351231123512351
015000100010001000100010001017102711271127112711371131113511351131113511351
13111351135113111351135113111351135113111351135113112351235123112351235123111351
13512311335153516311735183517311535143513311235133513311335133512311335133513311
33512351231123512351231133514351431143513351231123511351131113511351231123512351
027000100010001000100010001017111711271127122712271231123512351131113512351
23112351235123113351335143115351635173117351735163116351535163116351735173116351
53514311435143513311335123512311235123512311235123512311335133514311435153515311
43514351331123511351131123513351331133512351231123512351231123512351231123512351
070000100010001000100010001017112711271127113711371131113511351131113511351
13111351135113111351135113111351135113111351135113111351135113112351235123112351
23512311335153516311735173517311735173516311635153515311435143514311435143513311
33512351231123512351231123512351231123512351331133513351331133512351231123512351
110200120011001000100010001117112712271327142715371631163516351631163516351
73117351735163116351635163117351735173117351635153114351335133114351535163115351
43513311335133514311435133513311235133513311335133514311435143515311535143514311
43515351531153514351431133513351331133514351431153515351531153515351431133513351
120000100010001000110010001017112711271227122712271331133512351231133513351
43115351635163117351735173116351635153115351535163116351635173116351535153114351
33512311235123512311235123512311235133513311335133513311335133513311435143514311
53516351531143513351331133514351531143513351231123512351231133513351331133512351
130000100010001000100012001217122712271227123712371231123512351231123512351
23113351335133113351335133113351435143114351435153115351535163116351535153116351
63516311535133512311135113512311235133513311335133513311335143514311435143514311
43514351331133512351231123512351231123512351231123512351231123512351231123512351
145000100010001000100010001027112711271127112711371131113511351131113511351
13111351135113111351135113111351135113112351235133112351235123112351335133113351
33514311535163516311635163515311435143513311335133513311335133514311435143514311
43514351431133513351231123512351231123512351131113512351231123512351231123512351
149000100010001000100010001017111711271127113711271131113511351131113511351
13111351135113111351135113111351135113112351235123112351235123112351235133113351
33514311535153516311635163515311535143513311335123512311335133513311435143514311
43514351431133513351231123512351231123512351231123512351231123512351231123512351
156000100010001000100010001017112711271127112711271131113511351131113511351
13111351135113111351135113111351135113112351235123112351235123112351335133113351
33514311535163516311635163515311535143513311335123512311335133514311435143514311
43514351431133512351231123512351231123512351131113512351231123512351231123512351
168000100010001000100010001017112711271127113711371131113511351131113511351
13111351135113111351135113111351135113111351135113111351135123113351435153115351
43514311535153516311635163516311635173517311635163515311435143514311435143514311
43514351331133513351331133513351331133513351331143514351431143514351431133512351
180000100010001000100010001017112711271127112711371131113511351131113511351
13111351135113111351135113111351135113111351135113111351135113111351135123112351
13511311135113512311235133514311435143514311435143514311535163516311735173516311
63516351531143513351331133513351331133513351331133513351231123512351231123513351
190000100010001000100010001017111711271127112711371131113511351131113511351
13111351135113111351135113111351135113111351135113111351135113111351135113111351
13511311135113511311135113511311335143515311535153515311535153515311535163516311
73517351631163515351531153515351631163515351531163516351731173517351631163515351
222000100010001000110010001017112711271127122712271331133513351331133513351
43114351435153115351535163115351535153115351535153116351635163116351635163116351
63516311535133511311135113512311335133513311335133514311435143515311435133513311
23512351231123512351131113512351231123512351231123512351231123512351231123512351
240000100010001000100010001027112711271127112711371131113511351131113511351
13111351135113111351135113111351135113112351235123113351335133113351335133114351
53516311635163515311435133512311235123512311235123512311235133514311435143514311
43514351431133512351231133514351431143513351231113512351231123512351231123513351
255000100010001000100010001017112711271127112711371131113511351131113511351
13111351135113111351135113111351135113111351135113111351235123113351335143114351
43515311535163516311735173517311735163516311535143513311335123512311335143514311
43513351231123512351231123513351331133512351231133514351531143513351231113512351
260000100010001000100010001017112711271137113711371131113511351131113511351
13111351135113111351135113111351135113111351135113111351235113111351135113111351
23513311435153515311435143514311535163517311635153514311335133514311435153515311
43513351331133513351331123512351231123513351431143515351531143513351331123512351
280000100010001000100010001017111711271127112711271131113511351131113511351
13111351135113111351135113111351135113111351135113111351135113112351235123112351
13511311235133514311535153515311635163517311735163516311635163516311635153515311
53515351531153514351331133512351231123512351231123512351231123512351231123512351
299000100010001000100010001017112711271127112711271131113511351131113511351
13111351135113111351135113111351135113111351135113111351135113111351135113111351
13511311135113511311135113511311335143515311535133512311235123512311335143515311
53515351431143513351431143516351631163515351531153516351631163516351631153515351
434000100010001000100010001017111711271127113711371131113511351131113511351
13111351135113111351135113111351135113111351135113111351135123113351435153115351
63516311635163517311735173517311635153514311435133513311335133514311435143514311
43514351331133512351231123512351331133513351231123512351231123512351231123512351
460000100010001000100010001017112711271127113711371131113511351131113511351
13111351135113111351135113111351135113111351135113112351235123113351235123112351
23512311135113511311235133514311535163517311635163515311435143514311435143514311
33513351331123512351231123512351231133514351531163516351631153514351331133513351
481000100010001000100010001017112711271137113711371131113511351131113511351
13111351135113111351135113111351135113111351135113111351135113111351135113111351
13511311235123513311335133513311435153516311535143513311335123512311235123512311
23512351231123512351231123512351231123512351331143515351631153513351231123512351
497100110010001100120012001217122712271227122712271131113511351131123512351
23112351235113111351135113111351135113111351135113111351135113111351135113111351
13511311135113511311235123512311335133512311235123512311235133513311335133513311
33514351431133513351231123512351231123512351331133514351431143514351531153515351
510000100010001000100010001017112711271127112711371131123512351231123512351
33114351435153116351535153114351335123111351135113112351335143115351635173117351
73517311735173517311635153515311535143514311435153515311535153515311535153515311
53515351531143514351431143514351431143513351331133514351431133513351231123512351
579000100010001000100010001017112711271127112711371131113511351131113511351
13111351135113111351135113111351135113111351135113111351135113111351135113111351
13511311135113511311135113512311235133513311435143514311435153515311435143513311
33512351231123511351131113511351131113511351131113512351231123511351131123512351
588000100010001000100010001017101711271127113711371131113511351131113511351
13111351135113111351135113111351135113111351135113111351135113111351135113111351
13511311135113511311135113511311135113511311135113511311135113511311135113511311
23512351231123512351131113511351231123512351231123512351231123512351231123512351
621000100010001000100010001017111711271127112711371131113511351131113511351
13111351135113112351235123112351235123112351135113111351135113112351235133113351
33514311535163516311535143514311435153515311535133512311235133513311335143513311
33513351231123512351231123512351231123512351231133513351331133512351231123513351
630000100010001000100010001017112711271127112711271131113511351131113511351
13111351135113111351135113111351135113111351135113111351135113112351235123112351
23513311435153516311635153514311335133512311235123511311135123512311235113511311
23512351231123512351131123512351231123512351231123512351231123512351131113511351
643000100010001000100010001017102711271127112711271131113511351131113511351
13111351135113111351135113111351135113111351135113111351135113111351135113111351
13511311235133514311535153515311635163516311635163516311635163515311535153514311
33513351231123512351131113512351231123512351231123512351231123512351231123513351
645000100010001000100010001017112711271127112711371131113511351131113511351
13111351135113111351135113111351135113111351135113111351135113111351135113111351
13511311135123512311235123512311335153516311635163515311535153515311535143513311
23512351231123511351131113511351131113511351131113512351231113511351131123512351
650000100010001000100010001017102711271127112711271131113511351131113511351
13111351135113111351135113111351135113111351135113111351135113111351135113111351
13511311135113511311135113511311135123512311335133513311335123512311235123513311
33514351431133513351231123512351231123512351231123512351231123512351231123512351
675000100010001000100010001017101711271127112711271131113511351131113511351
13111351135113111351135113111351135113111351135113111351135113111351135113111351
13511311135113511311135113511311135113511311135113511311235123512311235123512311
23512351231123512351231123513351331133512351231123512351331133512351231123512351
690000100010001000100010001017102711271127113711371131113511351131113511351
13111351135113111351135113111351135113111351135113111351135113111351135113111351
13511311135113511311135113511311235123512311235123512311235123512311135113512311
23512351231123511351131123512351231123513351331133514351431143515351531143513351
747200110010001000100010001017111711271127113711371131113511351131113511351
23112351235123113351335133113351235123112351135113111351135113111351135113111351
23512311335133514311435143513311335133513311435143514311535153515311535153514311
33513351231123511351131113512351231123512351231123512351231123512351231123512351
