20130806211509
T2M TEDF  78  35 1
20130806212013080616
20130806212013080617
20130806212013080618
20130806212013080619
20130806212013080620
20130806212013080621
20130806212013080622
20130806212013080623
20130806212013080700
20130806212013080701
20130806212013080702
20130806212013080703
20130806212013080704
20130806212013080705
20130806212013080706
20130806212013080707
20130806212013080708
20130806212013080709
20130806212013080710
20130806212013080711
20130806212013080712
20130806212013080713
20130806212013080714
20130806212013080715
20130806212013080716
20130806212013080717
20130806212013080718
20130806212013080719
20130806212013080720
20130806212013080721
20130806212013080722
20130806212013080723
20130806212013080800
20130806212013080801
20130806212013080802
20130806212013080803
20130806212013080804
20130806212013080805
20130806212013080806
20130806212013080807
20130806212013080808
20130806212013080809
20130806212013080810
20130806212013080811
20130806212013080812
20130806212013080813
20130806212013080814
20130806212013080815
20130806212013080816
20130806212013080817
20130806212013080818
20130806212013080819
20130806212013080820
20130806212013080821
20130806212013080822
20130806212013080823
20130806212013080900
20130806212013080901
20130806212013080902
20130806212013080903
20130806212013080904
20130806212013080905
20130806212013080906
20130806212013080907
20130806212013080908
20130806212013080909
20130806212013080910
20130806212013080911
20130806212013080912
20130806212013080913
20130806212013080914
20130806212013080915
20130806212013080916
20130806212013080917
20130806212013080918
20130806212013080919
20130806212013080920
20130806212013080921
002 204   001 204   001 197   001 187   001 173   001 164   001 160   471
 156   671 154   871 153   871 153   771 155   671 157   871 160   971 164  1071
 169  1271 175  1371 178  1571 180  1771 179  1871 179  2071 180  2271 181  2371
 181  2471 178  2271 174  2171 170  1971 164  1771 160  1471 155  1271 152  1271
 152  1371 150  1371 148  1271 147  1071 146   971 146   971 148  1071 152  1071
 157  1271 163  1371 170  1571 176  1771 182  1971 186  2171 189  2271 191  2271
 190  2271 187  2071 183  2071 177  1871 172  1771 165  1571 161  1471 158  1471
 154  1571 152  1571 150  1451 149  1251 148  1111 148  1251 150  1251 154  1311
 159  1451 166  1551 172  1611 178  1851 182  1951 185  2111 187  2351 187  2451
 185  2611 182  2551 178  2351 174  2211 170  2051 166  1851 163  1661
005 227   001 225   001 212   001 194   001 183   001 172   001 165   571
 160   871 158  1071 156  1071 155  1171 156  1271 158  1171 162   971 168   871
 175   971 182  1271 187  1371 189  1671 190  1871 191  2071 192  1971 190  1871
 188  1871 184  1871 179  1771 172  1671 165  1671 159  1571 154  1571 151  1471
 148  1471 145  1371 140  1471 137  1471 135  1571 137  1371 142  1171 151   971
 162  1171 176  1271 186  1471 194  1571 198  1671 202  1771 207  1771 210  1771
 211  1771 207  1671 199  1671 187  1671 174  1671 160  1571 149  1571 142  1571
 137  1471 132  1471 136  1451 132  1551 131  1611 133  1451 138  1351 147  1111
 159  1251 173  1451 186  1511 196  1651 204  1751 209  1811 212  1951 212  2051
 210  2111 205  2051 197  1951 187  1811 175  1751 164  1751 156  1661
015 234   001 223   001 207   001 199   001 191   001 182   001 172   571
 167   871 165   971 161  1071 159  1071 156  1071 157  1071 160  1071 163   971
 169  1071 173  1271 178  1371 183  1371 186  1471 190  1471 192  1571 191  1771
 190  1871 186  1871 183  1971 175  1971 168  1771 161  1471 158  1271 155  1271
 156  1371 155  1371 151  1371 146  1471 145  1471 146  1371 150  1271 156  1171
 164  1271 173  1471 184  1571 195  1571 206  1471 214  1371 219  1471 221  1571
 221  1671 219  1571 214  1671 205  1671 192  1571 176  1371 163  1171 154  1171
 149  1371 145  1371 143  1451 139  1451 137  1411 138  1351 142  1351 151  1211
 164  1451 179  1551 193  1711 205  1651 214  1551 221  1411 226  1551 228  1751
 227  1811 224  1951 217  1951 207  2011 194  1751 180  1551 170  1261
027 208   001 205   001 193   001 180   001 169   001 165   001 157   571
 151   871 147  1171 145  1371 145  1371 146  1571 150  1471 155  1271 161  1171
 168  1271 175  1371 183  1371 192  1471 198  1471 201  1571 200  1771 196  1871
 192  2071 189  1971 185  1971 182  1871 176  1671 169  1471 162  1171 155  1271
 150  1371 147  1471 143  1571 141  1671 139  1771 136  1571 137  1471 143  1271
 156  1271 170  1471 186  1471 198  1471 206  1571 210  1571 211  1771 209  1971
 205  2271 201  2171 196  2071 188  2071 177  1771 164  1471 152  1271 142  1371
 137  1371 132  1471 129  1551 127  1651 128  1711 132  1551 138  1451 148  1211
 160  1351 174  1351 187  1411 198  1551 206  1751 211  1811 213  2051 212  2351
 209  2511 205  2451 200  2251 191  2111 179  1951 166  1651 155  1461
070 255   001 251   001 232   001 211   001 187   001 178   001 174   771
 168  1171 163  1471 158  1571 156  1771 157  1771 161  1671 168  1471 176  1271
 183  1371 189  1371 194  1471 201  1371 208  1271 215  1171 219  1471 221  1571
 220  1771 217  1971 212  2171 204  2371 192  2071 182  1971 170  1771 162  1871
 156  1971 149  1971 142  2071 137  2171 134  2271 137  1971 144  1671 152  1371
 162  1571 172  1771 182  1971 194  1671 204  1471 212  1271 218  1371 220  1571
 221  1671 220  1871 216  1971 207  2271 191  2071 174  1771 158  1571 148  1771
 140  1871 134  1971 128  2051 123  2151 121  2211 124  2051 131  1751 144  1511
 161  1751 180  1951 198  2111 213  1951 225  1651 234  1411 239  1651 242  1851
 242  2011 240  2151 235  2251 223  2311 204  2151 182  2051 165  1861
110 195   001 182   001 173   001 162   001 154   001 139   001 136   371
 133   671 131   871 130  1071 129  1071 128  1171 127  1271 127  1171 129  1171
 138  1271 149  1371 159  1571 167  1571 172  1471 176  1471 179  1371 181  1271
 181  1171 180  1171 174  1071 171  1071 164  1071 158   971 152   971 149  1071
 145  1171 142  1271 140  1371 139  1371 137  1471 137  1471 136  1371 141  1371
 154  1471 170  1571 184  1671 195  1571 202  1471 207  1271 210  1271 211  1171
 209  1271 203  1271 195  1171 186  1171 177  1171 167  1171 161  1171 157  1271
 156  1371 156  1471 155  1451 156  1551 157  1511 158  1551 159  1551 161  1511
 165  1651 169  1851 174  1911 179  1851 183  1751 188  1611 192  1651 196  1551
 198  1511 197  1351 194  1251 187  1011 178  1151 168  1151 161  1261
120 187   001 175   001 166   001 159   001 154   001 146   001 141   471
 139   871 138  1071 139  1071 139  1171 138  1171 136  1271 136  1271 138  1271
 145  1471 155  1771 163  1971 167  1971 169  1971 170  1871 171  1771 171  1571
 170  1471 168  1471 167  1371 163  1371 159  1171 153  1071 150   871 145  1071
 141  1171 138  1371 136  1371 137  1471 135  1471 136  1471 137  1471 143  1471
 157  1671 173  1871 188  2071 199  1971 207  1971 210  1871 211  1871 210  1771
 207  1771 204  1671 199  1671 192  1571 181  1371 170  1271 161  1071 155  1171
 152  1271 151  1371 140  1251 141  1351 143  1311 146  1351 151  1351 157  1311
 165  1751 173  2051 181  2411 188  2351 193  2151 197  2011 200  2051 201  2151
 200  2111 197  2051 193  1951 186  1811 177  1651 168  1351 160  1161
130 239   001 239   001 240   001 225   001 197   001 178   001 168   571
 164  1171 162  1071 160  1171 158  1171 156  1171 156  1271 157  1171 161  1171
 167  1271 173  1471 181  1571 187  1571 193  1571 195  1571 193  1671 189  1671
 183  1771 178  1871 175  1871 172  1971 165  1771 158  1571 156  1371 153  1471
 152  1471 150  1571 148  1571 150  1571 147  1571 147  1471 146  1471 151  1371
 162  1471 178  1571 195  1671 208  1571 218  1471 224  1371 229  1471 230  1571
 230  1671 227  1771 219  1871 207  1871 190  1771 173  1671 158  1571 146  1571
 140  1571 135  1571 136  1551 134  1451 135  1411 138  1351 144  1351 153  1211
 164  1451 177  1551 189  1711 200  1751 209  1751 217  1711 223  1751 227  1751
 227  1711 224  1851 217  1851 208  1911 197  1851 185  1651 174  1561
145 238   001 231   001 224   001 213   001 197   001 195   001 184   671
 180   871 177   971 174  1071 169  1071 165  1071 166  1071 167  1071 170  1071
 171  1171 174  1271 177  1371 181  1471 188  1571 192  1671 196  1571 198  1271
 200  1171 201  1171 200  1171 197  1271 189  1271 178  1371 171  1371 166  1371
 162  1271 159  1271 156  1271 151  1271 148  1271 146  1271 148  1271 153  1271
 162  1271 174  1371 185  1371 194  1371 201  1371 206  1371 211  1371 215  1271
 218  1271 221  1371 221  1371 214  1471 201  1471 183  1471 166  1471 155  1371
 146  1371 140  1271 151  1351 145  1351 140  1311 138  1351 139  1351 146  1311
 158  1351 173  1351 189  1311 202  1451 213  1451 221  1511 226  1451 229  1451
 230  1311 228  1351 224  1451 216  1411 205  1451 191  1551 180  1561
149 243   001 240   001 232   001 222   001 213   001 197   001 189   571
 188   771 187   871 185   971 181   971 177   971 175  1071 175  1071 176  1071
 179  1071 183  1171 189  1171 195  1271 201  1471 206  1671 209  1571 211  1471
 212  1371 212  1371 211  1271 205  1271 197  1371 186  1371 176  1571 172  1471
 171  1471 171  1371 167  1371 163  1271 158  1271 156  1271 155  1171 160  1171
 169  1171 182  1271 194  1271 204  1371 211  1471 217  1571 223  1471 227  1471
 230  1371 232  1371 231  1471 225  1471 212  1571 196  1571 180  1671 168  1571
 160  1471 153  1371 159  1451 153  1351 147  1311 144  1351 144  1351 151  1311
 165  1351 184  1451 202  1411 216  1551 227  1651 234  1711 239  1651 241  1651
 241  1511 239  1651 234  1651 226  1711 214  1751 201  1751 189  1761
156 243   001 236   001 235   001 227   001 226   001 219   001 211   471
 205   671 201   871 198   871 195   971 191   971 188  1071 185  1071 185  1171
 187  1171 192  1271 196  1271 200  1471 204  1771 208  2071 209  1871 210  1671
 211  1471 212  1471 211  1371 207  1371 198  1471 187  1471 178  1471 174  1471
 174  1371 173  1371 172  1271 168  1271 163  1171 158  1171 155  1271 158  1271
 170  1271 185  1371 200  1371 210  1571 217  1571 224  1771 230  1671 236  1571
 240  1371 242  1471 240  1471 234  1571 222  1571 208  1471 194  1471 184  1471
 175  1371 169  1371 171  1351 166  1351 161  1211 155  1351 153  1351 157  1411
 170  1451 189  1451 207  1411 221  1651 231  1951 238  2111 244  1951 248  1751
 249  1511 247  1651 241  1651 232  1711 221  1751 209  1651 199  1661
168 258   001 252   001 239   001 216   001 216   001 210   001 198   871
 187  1171 178  1171 172  1271 168  1371 167  1571 167  1471 171  1271 176  1071
 181  1171 187  1171 194  1271 202  1371 210  1471 216  1571 220  1771 221  2171
 220  2371 218  2071 214  1871 207  1671 197  1771 185  1971 175  1971 171  1871
 169  1671 167  1571 163  1671 158  1771 155  1871 156  1671 160  1471 165  1271
 172  1371 181  1471 189  1571 199  1571 208  1471 215  1471 218  1671 218  1871
 219  2071 220  1851 219  1751 211  1511 194  1751 172  1851 153  2011 142  1951
 137  1751 134  1611 141  1651 137  1751 134  1811 134  1751 138  1551 148  1411
 163  1551 182  1751 201  1811 217  1751 230  1751 239  1611 244  1851 246  2151
 246  2311 245  2151 242  1951 232  1711 215  1851 195  2051 179  2161
180 230   001 229   001 222   001 210   001 188   001 187   001 189   571
 185   771 178   971 174   971 173   971 176   871 183   971 192   971 200   971
 209  1071 217  1271 225  1371 233  1471 240  1571 244  1771 239  1671 231  1571
 223  1571 217  1471 214  1671 209  1671 204  1771 197  1771 190  1671 184  1571
 180  1471 173  1371 169  1271 164  1171 165  1071 168  1071 174  1171 179  1171
 183  1371 185  1571 188  1771 193  1671 197  1771 202  1671 207  1771 209  1771
 211  1671 212  1671 210  1671 204  1671 194  1671 181  1671 168  1671 158  1671
 150  1671 143  1571 146  1451 141  1251 138  1111 139  1151 144  1251 153  1211
 165  1451 179  1651 194  1811 208  1951 219  1951 228  2011 233  2051 236  1951
 236  1911 234  1951 229  1851 219  1811 204  1851 188  1951 179  1961
190 234   001 232   001 224   001 218   001 206   001 201   001 202   471
 198   771 191   871 186  1071 184  1271 186  1371 191  1271 199  1071 208   871
 216  1171 226  1371 239  1671 256  1671 271  1971 280  1771 278  2071 268  2271
 256  2371 246  1971 239  1671 232  1371 225  1271 218  1171 211  1071 207  1171
 202  1171 197  1271 191  1371 186  1571 185  1671 188  1471 194  1271 199  1071
 204  1171 206  1371 208  1471 210  1471 210  1371 211  1471 210  1671 211  1971
 211  2071 211  1871 210  1671 206  1371 198  1271 188  1371 179  1271 173  1271
 169  1471 164  1471 164  1451 158  1651 155  1711 156  1551 161  1351 169  1111
 179  1251 190  1451 201  1511 212  1651 223  1751 230  1811 234  2051 235  2251
 235  2411 235  2151 233  1751 226  1411 211  1451 193  1351 180  1361
222 224   001 215   001 209   001 191   001 175   001 163   001 159   571
 157   771 155   771 153   971 153   871 154   971 157   971 161   871 167   871
 172  1071 178  1171 184  1471 189  1571 193  1671 195  1771 192  1871 187  2071
 181  2171 175  1771 170  1771 166  1571 161  1571 157  1671 154  1571 153  1471
 152  1271 150  1171 148  1171 146  1171 145  1171 146  1071 147  1071 153   971
 165  1171 179  1171 195  1371 208  1371 217  1571 224  1571 229  1671 231  1671
 231  1771 229  1871 224  1871 216  1871 202  1771 186  1771 172  1671 164  1571
 158  1471 155  1371 149  1351 145  1351 142  1311 140  1351 142  1251 149  1211
 162  1351 177  1551 193  1611 206  1651 215  1551 221  1511 225  1651 226  1751
 226  1811 225  1851 221  1751 213  1711 201  1651 187  1651 176  1561
240 224   001 217   001 210   001 199   001 183   001 165   001 163   671
 162   871 162   971 163   971 163   971 164   871 166   871 166   871 168   871
 172  1071 177  1371 183  1571 188  1471 193  1471 198  1471 201  1571 202  1571
 201  1671 198  1471 193  1271 188  1271 180  1271 175  1271 169  1271 165  1271
 162  1271 158  1271 154  1271 148  1171 145  1171 145  1171 148  1071 153  1071
 161  1271 172  1571 182  1771 191  1671 200  1671 206  1571 210  1671 214  1671
 217  1671 220  1471 221  1371 214  1271 200  1271 181  1271 165  1271 156  1271
 151  1171 147  1171 150  1351 144  1251 139  1211 137  1251 139  1151 146  1111
 157  1351 171  1651 186  1811 200  1751 212  1751 220  1611 224  1751 226  1751
 226  1811 226  1651 224  1551 218  1311 205  1351 190  1351 179  1361
255 212   001 205   001 199   001 188   001 174   001 175   001 177   471
 178   671 178   771 178   971 177  1071 177  1171 177  1171 176  1171 175  1171
 177  1171 178  1271 183  1271 189  1471 195  1571 203  1871 212  1771 217  1571
 219  1371 214  1471 205  1571 196  1671 187  1571 180  1371 174  1371 169  1271
 165  1271 161  1271 157  1271 153  1271 149  1271 147  1271 146  1171 149  1171
 157  1371 168  1371 178  1471 186  1571 194  1571 200  1671 207  1571 214  1271
 218  1171 218  1371 214  1571 206  1771 196  1571 184  1471 173  1271 164  1271
 156  1271 149  1271 153  1251 149  1351 146  1311 142  1351 142  1251 147  1211
 161  1351 179  1551 198  1611 213  1751 224  1751 233  1811 239  1751 243  1551
 244  1411 241  1551 235  1751 226  1811 215  1651 204  1451 193  1261
260 250   001 253   001 225   001 196   001 194   001 186   001 180   671
 174  1171 168  1471 164  1671 162  1771 163  1771 164  1471 168  1271 171   971
 176  1071 182  1071 186  1271 191  1171 197  1371 205  1271 213  1271 220  1371
 220  1371 212  1771 199  2171 187  2571 179  2271 174  1971 170  1671 162  1871
 153  1971 145  2171 140  2171 137  2071 139  2071 140  1771 145  1371 151  1071
 160  1371 170  1571 179  1871 186  1771 191  1571 198  1371 204  1371 209  1271
 211  1271 207  1771 200  2171 191  2771 180  2471 170  1971 161  1671 151  1771
 143  1971 136  2071 131  2151 129  2151 130  2111 132  1851 136  1551 146  1211
 162  1351 181  1551 199  1611 213  1551 224  1551 232  1411 238  1451 242  1451
 241  1411 235  1851 226  2151 214  2511 202  2251 190  2051 178  1761
280 238   001 236   001 234   001 223   001 211   001 209   001 200   771
 193   971 189  1171 187  1371 186  1271 186  1371 187  1271 189  1171 196  1071
 204  1271 215  1471 223  1571 224  1671 221  1671 215  1771 211  1971 203  2171
 199  2271 197  2171 197  1871 195  1771 190  1671 185  1571 182  1371 180  1371
 177  1471 178  1471 172  1471 170  1371 165  1371 167  1271 171  1271 177  1171
 182  1371 189  1471 194  1671 199  1671 204  1471 207  1471 210  1571 210  1771
 209  1971 206  1871 200  1771 192  1571 183  1471 174  1371 166  1371 162  1371
 160  1471 158  1471 152  1451 147  1451 144  1311 143  1251 144  1251 151  1111
 163  1351 178  1551 195  1711 211  1651 224  1651 233  1511 236  1751 236  1851
 234  2011 232  1851 228  1651 220  1411 208  1451 194  1351 184  1361
299 267   001 260   001 245   001 224   001 207   001 199   001 197   471
 196   871 192  1171 188  1271 186  1171 185  1271 187  1271 193  1171 202  1171
 210  1471 223  1571 238  1771 255  1671 272  1571 279  1571 278  1771 269  2171
 257  2471 247  2571 239  2371 229  2371 217  1971 209  1671 199  1371 194  1471
 190  1471 187  1471 180  1371 176  1371 175  1271 177  1271 182  1171 186  1171
 187  1471 188  1671 187  1971 187  1771 188  1771 191  1671 196  1771 199  1871
 201  1971 200  1971 197  1971 191  1971 184  1771 177  1571 171  1271 167  1271
 165  1471 161  1471 160  1451 155  1451 151  1411 150  1351 153  1351 159  1211
 168  1551 178  1751 191  2011 205  1951 217  1951 228  1811 235  1851 238  1951
 238  1911 235  1951 229  1951 218  1911 203  1751 186  1651 175  1461
434 219   001 192   001 189   001 184   001 179   001 174   001 176   371
 176   671 174   771 169   971 164   971 161  1171 158  1171 157  1271 158  1271
 160  1371 164  1271 169  1271 177  1271 183  1171 188  1171 189  1571 185  1671
 181  2071 176  1971 173  1671 167  1571 160  1571 155  1371 150  1171 147  1171
 146  1071 143  1071 139  1071 134  1071 130  1071 128  1071 127  1171 131  1171
 138  1371 149  1371 158  1571 166  1671 172  1471 177  1471 181  1571 184  1771
 186  1871 188  1671 187  1571 184  1471 177  1371 169  1371 160  1271 155  1271
 152  1071 149  1071 145  1151 138  1151 131  1111 126  1151 126  1251 132  1211
 146  1351 164  1351 182  1411 197  1451 207  1351 214  1311 217  1451 218  1551
 217  1611 215  1551 211  1451 205  1311 196  1251 186  1251 177  1161
460 226   001 240   001 235   001 229   001 182   001 182   001 184   671
 188   871 189  1171 187  1471 186  1571 185  1671 186  1471 187  1371 190  1171
 192  1271 196  1271 201  1371 206  1371 212  1471 217  1471 219  1571 218  1371
 214  1371 207  1671 198  1771 189  2071 182  1971 177  1871 173  1771 169  1771
 164  1671 160  1671 155  1771 150  1771 147  1871 146  1671 149  1471 153  1271
 160  1371 168  1571 176  1671 182  1671 187  1571 192  1471 196  1471 198  1371
 199  1371 197  1571 191  1871 184  1971 175  1971 166  1871 157  1771 152  1871
 149  1771 146  1771 144  1851 139  1951 136  1911 134  1751 136  1451 143  1211
 157  1351 174  1551 193  1611 209  1651 223  1651 232  1611 237  1651 239  1651
 237  1611 233  1751 226  1851 216  1911 204  1851 191  1651 180  1561
481 291   001 275   001 264   001 256   001 250   001 228   001 224   671
 221   971 218  1171 215  1271 211  1271 208  1271 207  1171 207  1171 211  1071
 218  1171 227  1471 233  1571 237  1571 237  1471 235  1471 229  1671 227  1671
 224  1871 223  1771 221  1671 218  1671 210  1871 201  1971 195  1971 191  1771
 188  1571 187  1371 184  1371 181  1371 178  1371 176  1271 176  1271 177  1171
 180  1371 184  1471 188  1671 191  1571 194  1671 196  1671 199  1671 201  1871
 201  1971 199  1871 195  1771 188  1571 181  1671 172  1771 166  1771 164  1671
 164  1571 163  1471 172  1551 166  1451 161  1411 158  1351 159  1351 163  1211
 171  1451 182  1751 194  1911 207  1851 218  1851 228  1711 235  1851 238  1851
 239  1911 237  1851 232  1851 224  1711 214  1751 202  1651 194  1661
497 299   001 268   001 244   001 227   001 216   001 201   001 197   571
 191  1071 185  1271 180  1471 177  1471 176  1471 176  1371 178  1371 182  1271
 190  1271 200  1471 211  1471 222  1571 234  1671 243  1771 250  2371 252  2871
 247  3171 234  2871 218  2671 202  2471 191  2271 184  2071 179  1871 172  1871
 168  1771 162  1671 159  1671 156  1571 154  1571 155  1471 157  1471 161  1371
 167  1471 175  1671 181  1771 186  1871 191  2071 195  2171 200  2471 202  2871
 200  3171 189  2871 176  2771 161  2571 149  2371 142  2071 139  1871 138  1771
 139  1771 139  1671 139  1651 136  1551 132  1511 129  1451 129  1451 134  1311
 146  1551 164  1651 183  1811 202  1951 218  2151 230  2211 236  2551 237  2851
 230  3111 217  2951 200  2751 184  2511 171  2251 161  2051 152  1761
510 222   001 224   001 213   001 201   001 172   001 169   001 168   771
 168   871 168  1171 168  1171 168  1271 168  1171 168  1171 167  1271 168  1271
 173  1271 181  1171 188  1171 193  1171 195  1271 196  1271 195  1471 196  1771
 197  1971 199  1771 200  1671 197  1471 190  1271 178  1171 169   971 162  1071
 158  1071 156  1171 154  1171 150  1171 148  1171 146  1171 146  1271 150  1271
 158  1371 168  1471 180  1571 193  1571 203  1471 212  1471 217  1671 220  1671
 221  1871 221  1671 219  1371 212  1171 201  1171 188  1071 175   971 166  1071
 162  1171 158  1271 161  1251 158  1151 155  1111 154  1151 155  1251 161  1211
 173  1351 188  1451 204  1511 218  1551 229  1651 237  1611 241  1851 242  2051
 241  2211 240  2051 236  1751 229  1511 216  1351 201  1251 190  1061
579 321   001 304   001 283   001 263   001 243   001 243   001 228   571
 217   971 209  1171 204  1371 200  1471 199  1671 202  1571 211  1571 221  1471
 233  1371 243  1271 254  1171 262  1271 270  1271 275  1371 277  1371 278  1371
 275  1271 268  1571 259  2071 250  2371 238  2171 228  2071 220  1771 216  1671
 212  1671 208  1571 199  1671 191  1671 186  1771 190  1671 197  1671 205  1571
 209  1571 210  1471 211  1471 211  1371 211  1371 213  1271 215  1371 218  1371
 219  1371 217  1671 213  1971 206  2271 197  2071 190  2071 183  1871 178  1871
 175  1771 171  1771 177  1651 172  1751 169  1711 171  1651 177  1551 188  1411
 203  1551 220  1651 237  1711 251  1751 263  1751 272  1711 278  1751 280  1751
 278  1711 271  1951 260  2051 248  2211 236  2151 224  1951 215  1861
588 327   001 314   001 292   001 275   001 248   001 229   001 208   571
 196   871 191   971 188  1271 187  1271 186  1471 186  1471 188  1471 195  1471
 208  1371 225  1371 239  1271 250  1371 257  1371 265  1471 274  1871 281  2371
 282  2771 274  2871 259  2871 244  2971 229  2471 217  2071 207  1571 200  1471
 195  1471 191  1371 185  1471 179  1471 176  1571 177  1571 181  1471 188  1471
 197  1471 207  1471 215  1471 221  1471 224  1571 227  1571 230  2071 233  2671
 233  3171 230  3171 224  3171 215  3171 203  2671 192  2071 182  1571 174  1471
 170  1371 165  1271 161  1351 157  1351 155  1411 154  1451 158  1451 167  1411
 183  1451 204  1551 225  1511 243  1651 258  1851 267  1911 271  2251 271  2651
 268  2911 262  3051 254  3151 243  3211 229  2651 214  2151 202  1561
621 216   001 215   001 204   001 197   001 193   001 189   001 187   571
 184   871 182   971 181  1171 180  1271 179  1371 180  1471 180  1471 181  1571
 182  1671 184  1971 184  2071 184  2171 184  1971 181  1971 179  2171 177  2371
 176  2471 175  2371 175  2471 173  2371 168  1971 161  1671 157  1371 154  1371
 153  1271 152  1271 151  1371 150  1371 148  1471 146  1471 146  1571 148  1571
 154  1671 163  1871 170  2071 176  1971 179  1971 180  1871 182  2171 183  2471
 183  2771 181  2671 177  2371 172  2271 165  1871 158  1571 153  1271 150  1271
 148  1271 147  1271 146  1251 144  1351 143  1311 142  1351 144  1451 150  1411
 161  1651 175  1951 188  2111 198  2151 204  2051 209  2011 212  2351 215  2551
 216  2811 216  2751 213  2651 207  2511 196  2151 183  1851 171  1461
630 272   001 270   001 261   001 255   001 232   001 230   001 224  1271
 218  1371 215  1371 210  1271 204  1071 202   971 200   971 197   871 196   871
 196  1071 198  1371 202  1571 206  1571 210  1671 215  1571 218  1571 219  1571
 218  1571 214  1671 207  1871 199  1971 193  1771 187  1671 180  1471 176  1371
 175  1371 172  1271 169  1171 166   971 161   871 158   871 156   871 158   871
 164  1171 175  1571 185  1871 195  1871 205  1771 212  1771 217  1771 219  1571
 219  1571 216  1871 211  1971 204  2171 197  1971 189  1771 184  1571 179  1471
 177  1471 174  1371 169  1151 164   951 160   811 157   851 157   951 161   911
 171  1251 185  1551 200  1811 214  1851 227  1851 237  1811 244  1751 248  1751
 249  1611 247  1851 242  2151 234  2311 224  2151 213  1851 203  1661
643 272   001 265   001 260   001 258   001 257   001 257   001 249   471
 242   771 236  1071 231  1071 228  1271 228  1271 232  1271 238  1271 243  1271
 245  1171 246  1171 247  1071 249  1171 254  1271 257  1371 260  1371 261  1271
 259  1271 255  1371 249  1371 242  1471 236  1371 229  1171 224  1071 216  1071
 210  1171 203  1171 197  1271 193  1271 189  1371 187  1371 188  1371 191  1371
 197  1371 205  1271 212  1271 218  1371 223  1471 227  1571 230  1471 231  1471
 231  1471 229  1471 227  1571 224  1571 221  1371 217  1171 214  1071 210  1171
 207  1271 203  1371 190  1251 186  1351 182  1311 179  1351 181  1451 190  1411
 208  1451 232  1351 254  1311 271  1451 282  1451 289  1511 293  1551 295  1651
 294  1611 290  1651 282  1751 272  1711 260  1551 247  1351 235  1161
645 298   001 283   001 272   001 259   001 245   001 242   001 224   671
 215   871 212  1071 208  1171 207  1371 209  1371 215  1371 223  1371 231  1271
 238  1171 242  1271 247  1171 251  1171 254  1171 257  1171 258  1471 258  1771
 256  2071 252  1971 246  1871 239  1771 232  1771 226  1771 219  1571 212  1571
 206  1471 200  1471 194  1471 189  1471 187  1471 189  1471 193  1371 196  1371
 198  1371 200  1471 200  1471 202  1371 206  1371 212  1271 219  1471 226  1871
 229  2171 225  1971 217  1771 209  1571 202  1671 198  1571 194  1571 190  1671
 187  1671 183  1671 183  1551 179  1551 177  1511 177  1551 182  1451 191  1411
 206  1551 224  1551 242  1611 257  1651 269  1551 278  1511 284  1751 286  2051
 284  2211 277  2151 266  1951 254  1811 242  1751 230  1751 221  1661
650 303   001 292   001 285   001 269   001 259   001 264   001 260   471
 255   771 252   971 250   971 248  1071 249   971 252  1071 258  1071 267  1071
 278  1171 288  1171 297  1271 301  1271 302  1271 301  1271 299  1271 297  1171
 292  1171 284  1371 275  1371 266  1571 258  1571 251  1471 246  1371 242  1371
 238  1271 233  1271 228  1171 221  1171 218  1071 217  1071 220  1071 224  1071
 229  1271 234  1271 238  1471 239  1471 238  1471 238  1471 240  1271 241  1151
 242  1071 240  1171 237  1371 232  1571 226  1471 221  1471 217  1371 212  1371
 208  1371 205  1271 200  1151 194  1051 191  1011 192  1051 197  1151 206  1111
 219  1351 234  1551 248  1711 261  1651 271  1651 280  1511 287  1451 291  1351
 290  1211 283  1351 272  1551 261  1611 252  1551 244  1351 235  1261
675 342   001 325   001 303   001 273   001 254   001 239   001 230   571
 223   971 218  1071 214  1371 212  1571 207  1671 206  1571 208  1471 217  1271
 233  1171 255  1171 277  1071 293  1071 304  1071 311  1071 313  1471 312  1971
 307  2371 299  2271 287  2271 277  2171 265  1971 256  1771 247  1571 241  1471
 234  1471 228  1371 221  1471 214  1671 207  1771 206  1571 209  1471 218  1271
 233  1171 249  1171 263  1071 270  1171 271  1271 271  1371 272  1771 273  2171
 272  2571 267  2471 259  2371 249  2271 238  2071 226  1771 217  1571 209  1471
 203  1471 195  1371 189  1451 181  1551 175  1611 173  1551 176  1451 188  1311
 210  1251 237  1251 264  1111 287  1251 304  1351 315  1411 319  1851 318  2151
 313  2511 307  2451 298  2251 285  2111 269  1951 251  1651 236  1461
690 277   001 273   001 268   001 261   001 261   001 257   001 256   571
 255   671 254   771 253   871 253   871 254   871 255   971 256  1171 259  1271
 266  1371 272  1271 278  1271 279  1171 279  1171 279   971 280   971 282   871
 282   871 280   971 277  1071 273  1271 269  1171 266  1171 263   971 260   971
 257   971 253   971 249   971 246   971 245   971 246  1071 248  1271 251  1371
 252  1371 252  1371 251  1371 250  1271 250  1271 252  1271 256  1171 262  1071
 263  1071 260  1071 254  1171 247  1271 241  1171 237  1171 233  1071 231   971
 228  1071 227  1071 230  1051 227  1051 225  1011 223  1151 223  1251 228  1311
 239  1351 253  1451 266  1411 275  1351 280  1251 282  1111 282  1151 281  1151
 279  1111 275  1251 271  1351 266  1411 262  1351 258  1251 253  1161
747 285   001 275   001 273   001 260   001 253   001 251   001 243   871
 240  1171 237  1371 235  1371 234  1271 231  1171 229  1171 227  1071 226  1071
 228  1171 232  1271 240  1371 252  1571 263  1671 271  1871 273  1871 269  1651
 263  1671 256  1971 248  2271 239  2571 228  2471 219  2171 210  1871 202  1771
 196  1571 192  1471 188  1371 185  1371 181  1271 178  1271 176  1171 178  1171
 185  1271 193  1271 205  1471 216  1571 227  1771 235  1871 240  1871 243  1971
 241  1871 236  2171 228  2471 221  2771 215  2471 211  2371 208  1971 203  1871
 198  1671 194  1571 197  1351 193  1351 190  1211 189  1251 190  1151 196  1111
 207  1251 221  1451 236  1511 251  1651 263  1751 272  1811 276  1851 277  1951
 274  1911 269  2251 263  2451 256  2711 248  2451 241  2251 235  1961
NT  TEDF  78  35 1
20130806212013080616
20130806212013080617
20130806212013080618
20130806212013080619
20130806212013080620
20130806212013080621
20130806212013080622
20130806212013080623
20130806212013080700
20130806212013080701
20130806212013080702
20130806212013080703
20130806212013080704
20130806212013080705
20130806212013080706
20130806212013080707
20130806212013080708
20130806212013080709
20130806212013080710
20130806212013080711
20130806212013080712
20130806212013080713
20130806212013080714
20130806212013080715
20130806212013080716
20130806212013080717
20130806212013080718
20130806212013080719
20130806212013080720
20130806212013080721
20130806212013080722
20130806212013080723
20130806212013080800
20130806212013080801
20130806212013080802
20130806212013080803
20130806212013080804
20130806212013080805
20130806212013080806
20130806212013080807
20130806212013080808
20130806212013080809
20130806212013080810
20130806212013080811
20130806212013080812
20130806212013080813
20130806212013080814
20130806212013080815
20130806212013080816
20130806212013080817
20130806212013080818
20130806212013080819
20130806212013080820
20130806212013080821
20130806212013080822
20130806212013080823
20130806212013080900
20130806212013080901
20130806212013080902
20130806212013080903
20130806212013080904
20130806212013080905
20130806212013080906
20130806212013080907
20130806212013080908
20130806212013080909
20130806212013080910
20130806212013080911
20130806212013080912
20130806212013080913
20130806212013080914
20130806212013080915
20130806212013080916
20130806212013080917
20130806212013080918
20130806212013080919
20130806212013080920
20130806212013080921
002100110010001100140014001517151716271627162716271735173517311735163516311
63517351731173517351631163515351531153514351431143514351431143513351331133514351
43114351435143113351335133113351435143115351535143114351335133112351335133113351
33513311335133513311335143515311535163516311635153515311435133513311335133513361
005500130014001500160014001417152715271527152716271635173517311735173516311
63516351631163517351731173517351731163515351431133513351331143514351531153515351
53116351635163115351335123113351335143114351335133112351235123112351235123112351
23512311235123512311335133514311535163516311635163515311435133512311235133513361
015600130012001400160014001417152715271627162716371735173517311735173517311
73517351731173517351731173517351731173516351631163516351531143513351231133514351
43114351335123112351235133113351435153115351535153114351435143114351335133113351
33513311335123512311235123512311235123513311335143514311435133513311235123513361
027300140017001600150013001317141714271527152715271635173517311735173517311
73517351731173517351731173517351631163516351631163515351531143514351431143513351
33113351235123112351335133113351335143114351435143114351335133113351335133113351
33513311435153516311635153515311535153515311535153514311435133512311235123512361
070200140015001600150016001617162717271727172717271735173517311735173517311
73517351731173517351731173517351731173517351731163516351531163516351631163515351
43114351435153114351435133113351335133113351335133113351335123112351335133113351
23512311235123512311235123512311335143516311635163515311535143514311335123513361
110600160017001600140014001417131713271327142714271535163516311635153514311
43513351331133514351431133513351331123512351231123512351331133513351331133514351
53115351635163115351535143114351535153114351335133113351435143115351535153116351
63516311635153515311535163517311735173517311735173517311735163516311535153515361
120500140016001400150016001617161716271627162716271635173517311735173517311
73517351731173517351731173517351731173517351731173517351731163516351631163516351
63116351735163116351535153115351635163115351535153115351635163116351635153116351
63516311635153515311535163517311735173517311735173517311635163515311535153515361
130600160017001300140014001417151715271627163717371735173517311735173517311
73517351731173517351731173517351731173517351731173517351731173517351731173517351
73117351735173116351635163116351635163116351635153115351435133113351335133113351
33514311435143514311435143515311635163517311635153514311435153515311535143514361
145500180018001800150010001117121713271427152716271735173517311735173517311
73517351731173517351731173517351731173517351731163516351631163517351731173517351
63116351635153114351335123112351235133113351435143114351435143114351435133113351
33512311235123513311335143514311535153515311635163516311535133512311135113512361
149600180018001800140010001117121713271427152716271735173517311735173517311
73517351731173517351731173517351731173517351631163516351631173517351731173517351
63116351635163115351335123112351235133113351335143114351435143113351335133112351
23512311235133513311335143514311435153515311635163515311435133512311135113511361
156600180018001800140010001117121713271427152716271735173517311735173517311
73517351731173517351731173517351731173517351731163516351631163517351731173516351
63116351635163115351335123112351235133113351335143114351435143114351335133113351
23512311335133513311335143514311535153516311635163516311435133512311135113512361
168500140017001700180017001717171717271727172717271735173517311735173517311
73517351731173517351731173516351631163516351631163516351631163516351631173517351
73116351535143114351435143113351335123112351235123112351235123112351235123112351
23512311235123512311235123512311335133514311535153515311535143514311335123512361
180000140014001600150015001527162716271627172717371735173516311535153515311
53516351731173517351731173516351631153515351531153515351531153515351531153516351
73117351635163115351435143114351535153114351335123111351135113112351235123112351
23512311235123512311235123512311235133513311335133513311335133513311335123512361
190200170017001800180015001527152715271527162717271735173516311535143514311
43514351531163516351731173517351631163517351731173516351631163517351731173517351
73117351735173117351735173117351635153115351535143114351335123112351235123112351
23512311235123512311235123511311135113512311335143514311435143513311335123512361
222800170014001300160016001617161717271727172717271735173517311735173517311
73517351731173517351731173517351631163516351631163516351631163517351731163516351
63116351635173117351735173117351635163115351435143113351235123112351235123112351
23513311335143514311435143514311435143515311535163515311535133513311235123513361
240800180017001400130014001417151715271627163717371735173517311735173517311
73517351731173517351731173517351631153514351331133513351331133512351331143515351
63116351635163115351435143114351435153115351435143113351235123112351235123112351
23512311335133513311335143514311435153515311535153514311335133512311235123512361
255700180017001600130016001617161716271627162717271735173517311735173517311
73517351731173516351631163516351631163515351431133513351331133513351331133513351
33113351235123112351235123112351335133113351335133112351235123112351235123112351
23512311235123512311235113512311235133514311535153515311535153514311335123512361
260700170017001500170017001717171716271627162717271735173517311735173517311
73517351731163515351531153515351631163516351631153514351331123512351231123513351
33113351335133113351335133113351335133112351235123112351235123112351235123112351
23512311235123512311235113512311335133514311435143514311435143514311335123512361
280400180018001700160018001817171717271727172717271735173517311735173517311
73517351731173517351731173517351631163516351531153515351531153515351531153516351
63116351535153115351535163116351535153114351335123112351135123112351235123112351
23512311235123512311235123512311235133514311435143514311335123512311235123512361
299800180018001600140014001417142714271427152715271635163516311635163515311
53515351531153516351731173517351731173517351731173517351731173517351731173517351
73117351735173117351735173117351735173117351635163116351635153115351535153114351
33513311335133513311335133512311335133514311435153515311435143514311335133513361
434600180018001400140018001817181717271727172716271635163516311635163517311
73517351731173517351731163515351431133512351231123512351231123512351231133514351
43115351535153115351535153114351435143113351335133112351235113111351135123112351
23513311335133513311335133513311335133513311335133513311235123512311235123512361
460800170016001600180018001817181718171827172717271735173517311735173517311
73517351731173516351631163516351731163515351531153516351631163516351531153515351
63115351535153115351535153114351435133113351235123112351135113111351135123112351
23512311235123512311235133513311335133513311335133513311335123512311235113512361
481600160015001400150014001517151715271627162716271635163516311635163517311
73517351731173517351731173517351731173517351731173517351731173517351731173517351
73117351735173117351635163115351535153115351535163115351435133113351335133113351
33513311335133513311335133513311335133513311335123512311235123511311135113512361
497500150013001400140013001317142715271527162716271735173517311735173517311
73517351731173517351731173517351631163517351731173517351731173516351631173517351
73117351735173117351735173117351735173117351735173117351735173117351635163115351
43514311535153516311635163516311635153515311535153516311535153514311335123513361
510700150018001800170017001617151715271427142714271435153517311735173517311
73517351731173516351631163515351531153515351531153514351431133512351231113511351
23112351235133113351335133114351535153115351435133112351235123112351235123112351
23512311235123512311235123512311235133514311435143513311335123512311235123512361
579000140014001300150017001617151715271527152716271635163517311735173517311
73517351731173517351731173517351731173517351731173517351731163515351531143514351
43115351535153115351435143115351635163116351535143112351235113111351135113111351
13511311135113511311135113511311135113511311135113511311135113511311135113511361
588200120014001400100013001317131714271427152715271635163517311735173517311
63516351731173517351731173517351731173516351631163517351731173517351731173517351
73117351735173117351735173117351735173117351635163114351335113111351135113111351
13511311135113512311235113511311135113512311235133513311335123511311135113511361
621700170017001400160016001617161716271727172717271735173517311735173517311
73517351731173517351731173517351731173517351731173517351731173517351731173517351
73117351735173117351735173116351635153114351335133113351235123113351335133112351
23512311235123512311235133513311435143514311435143514311435133513311335133513361
630800180018001700180017001717172717271727172717271735173517311735173517311
63516351631163516351731173517351731163516351631163517351731173517351731173517351
73117351735173116351535143113351335123112351235123112351135123112351235123112351
23512311235123513311235123512311235123512311235123512311235123512311235123512361
643200140015001600180018001817181717271727172716271635173517311735173517311
73517351731173517351731173516351631163517351631153514351331123512351231133514351
53115351535153116351635163116351635163115351535143113351235113111351135113111351
13511311135113511311135113511311135113511311135113511311135113511311135113511361
645100140013001500170018001717171716271627152715271635163517311735173517311
73517351731173517351731173517351731173517351731163516351531143513351231123513351
43114351535153115351535163116351635163116351535143113351235113111351135113111351
13511311135113511311135113511311135113511311135113511311135113511311135113511361
650000100012001000120015001517151715271527152715271535163517311735173517311
73516351631163517351731173517351631163516351631173517351731173517351731173517351
73117351735173117351735163116351535143114351435143113351235113111351135113111351
13511311135113511311135113511311135113511311135113511311135113511311135113511361
675000110011001200100012001317131714271427142714271435153515311535163515311
53515351531153515351631153515351531153514351431143515351531153516351631163517351
73117351735173117351735173117351735173116351435133112351235123112351235123112351
23512311235123512311235113511311135123512311235123511311135113511311135113511361
690000100010001200110010001117122713271427142715271535153515311535153515311
53515351531153515351531153515351531153515351531153515351531153516351631163517351
73117351735173117351735173117351735173116351535153114351435143114351435143114351
43514311335133513311235123512311135113511311135113512311235113511311135113511361
747200130017001700170015001617161716271627162716271635163516311635163517311
73517351731173516351631163516351631163516351531153515351531153516351731173517351
73117351735173117351635163116351635163116351535143113351235123112351235123112351
13511311235123512311235123512311235113511311235123512311235123511311135113511361
