20131106011523
T2M TEDF  78  35 1
20131106012013110520
20131106012013110521
20131106012013110522
20131106012013110523
20131106012013110600
20131106012013110601
20131106012013110602
20131106012013110603
20131106012013110604
20131106012013110605
20131106012013110606
20131106012013110607
20131106012013110608
20131106012013110609
20131106012013110610
20131106012013110611
20131106012013110612
20131106012013110613
20131106012013110614
20131106012013110615
20131106012013110616
20131106012013110617
20131106012013110618
20131106012013110619
20131106012013110620
20131106012013110621
20131106012013110622
20131106012013110623
20131106012013110700
20131106012013110701
20131106012013110702
20131106012013110703
20131106012013110704
20131106012013110705
20131106012013110706
20131106012013110707
20131106012013110708
20131106012013110709
20131106012013110710
20131106012013110711
20131106012013110712
20131106012013110713
20131106012013110714
20131106012013110715
20131106012013110716
20131106012013110717
20131106012013110718
20131106012013110719
20131106012013110720
20131106012013110721
20131106012013110722
20131106012013110723
20131106012013110800
20131106012013110801
20131106012013110802
20131106012013110803
20131106012013110804
20131106012013110805
20131106012013110806
20131106012013110807
20131106012013110808
20131106012013110809
20131106012013110810
20131106012013110811
20131106012013110812
20131106012013110813
20131106012013110814
20131106012013110815
20131106012013110816
20131106012013110817
20131106012013110818
20131106012013110819
20131106012013110820
20131106012013110821
20131106012013110822
20131106012013110823
20131106012013110900
20131106012013110901
002 117   001 116   001 115   001 113   001 116   001 117   001 115   271
 115   371 116   471 117   671 117   771 117   971 117  1071 119  1071 123  1071
 129  1071 134  1071 138  1171 141  1371 142  1471 144  1371 146  1271 147  1171
 148  1071 147   971 146   871 144   971 143   971 143  1071 144  1071 147  1171
 147  1171 148  1271 145  1271 141  1371 133  1371 125  1371 119  1371 114  1371
 109  1271 107  1271 106  1371 106  1371 106  1471 107  1471 106  1471 106  1471
 106  1471 105  1371 104  1371 103  1371 103  1371 102  1371 108  1151 108  1251
 108  1211 107  1351 105  1351 103  1411 102  1351 101  1351 103  1211 106  1251
 111  1151 114  1111 115  1251 115  1251 113  1311 110  1351 108  1351 105  1311
 103  1351 101  1351  98  1361  95  1361  92  1261  90  1261  89  1361
005 119   001 119   001 120   001 119   001 116   001 108   001 106   471
 104   671 103   771 103   871 105   871 108   971 112  1071 117   971 123  1071
 128  1271 133  1371 138  1371 141  1471 143  1471 142  1271 141  1171 138   971
 136   971 133   871 132   871 131   871 132   971 133   971 133  1071 133  1271
 133  1371 133  1371 132  1371 130  1371 127  1371 124  1371 122  1371 121  1471
 122  1471 122  1571 124  1571 124  1671 123  1671 118  1471 113  1371 108  1171
 104  1171 102  1271 100  1271  98  1271  97  1171  96  1171  96  1151  96  1351
  95  1411  92  1451  88  1551  86  1511  88  1451  92  1451  97  1311 101  1451
 105  1451 108  1511 111  1551 112  1551 110  1511 105  1351  98  1251  92  1011
  87  1151  84  1151  81  1261  78  1261  76  1261  75  1261  74  1461
015  89   001  94   001  86   001  89   001  95   001  96   001  89   371
  86   571  85   771  85   871  87   971  91  1071  97  1071 104  1071 112  1271
 122  1371 129  1571 134  1471 138  1471 138  1371 138  1271 137  1171 136  1071
 132  1071 127   971 125   971 124  1071 125  1271 126  1371 124  1471 124  1471
 124  1571 123  1571 123  1571 123  1571 122  1471 120  1471 118  1371 118  1471
 118  1571 119  1671 121  1671 123  1671 123  1671 120  1571 115  1471 110  1371
 105  1271 103  1271 100  1171  98  1171  96  1271  96  1271  94  1451  92  1451
  90  1511  89  1551  89  1551  90  1511  92  1551  95  1451  99  1411 104  1551
 109  1651 113  1711 115  1751 115  1651 113  1611 109  1551 104  1451  98  1311
  93  1251  89  1251  85  1161  81  1261  77  1261  74  1361  71  1561
027 119   001 118   001 120   001 113   001 113   001 117   001 115   371
 114   571 115   771 118   871 121   971 125   971 130  1071 135   971 141  1071
 146  1071 150  1171 154  1171 154  1071 153  1071 148   971 142   971 135   871
 130   971 127   971 125  1071 125  1171 127  1171 129  1271 129  1271 130  1371
 130  1371 130  1471 130  1471 130  1571 130  1471 129  1271 130  1171 130  1171
 131  1171 131  1171 132  1171 132  1151 129  1111 123  1051 116  1051 109   911
 105  1051 103  1051 102  1111 100  1251  98  1451  96  1511  95  1551  93  1551
  90  1511  87  1551  86  1651  86  1611  89  1451  94  1351 100  1111 106  1151
 111  1151 114  1111 116  1151 115  1151 111  1111 104  1051  96  1051  89   911
  84  1051  81  1151  79  1261  78  1461  77  1561  77  1761  78  1761
070 101   001 100   001 102   001 105   001  97   001  96   001  91   371
  89   671  87   871  86   971  88  1071  93  1071 102  1071 112   971 123  1171
 132  1271 139  1471 144  1371 145  1171 143  1071 140  1171 136  1271 133  1371
 132  1371 133  1471 133  1471 132  1371 130  1371 128  1271 126  1371 124  1471
 124  1571 125  1571 128  1471 131  1471 134  1471 136  1371 139  1371 142  1371
 142  1471 145  1471 145  1371 144  1371 141  1271 134  1371 127  1371 121  1471
 119  1471 119  1571 119  1571 118  1471 114  1471 112  1371 110  1551 108  1551
 107  1611 106  1551 106  1551 107  1411 110  1451 113  1351 118  1311 123  1451
 126  1451 129  1511 129  1551 127  1451 122  1411 114  1551 105  1551  98  1611
  96  1651  97  1651  93  1661  90  1661  86  1561  82  1561  77  1761
110 133   001 148   001 147   001 146   001 145   001 143   001 141   671
 139   971 137  1071 135  1071 136  1071 139   971 144   871 148   771 151   871
 153   971 154  1071 154  1071 153  1071 153  1071 154  1071 153   971 152   971
 152  1171 151  1271 149  1471 148  1471 147  1571 146  1571 145  1571 144  1671
 142  1671 140  1771 139  1771 137  1871 135  1571 131  1271 127   971 124   971
 120  1071 119  1071 118  1171 119  1271 118  1371 114  1271 109  1171 105  1071
 105  1271 105  1571 106  1771 105  1771 103  1871 100  1871  90  1751  91  1751
  92  1811  92  1851  92  1851  93  1811  95  1551  98  1251 103   911 109   951
 115  1051 119  1011 120  1151 119  1151 114  1211 107  1151  99  1151  93  1011
  91  1251  91  1451  92  1661  91  1661  90  1761  89  1761  89  1761
120 123   001 131   001 141   001 149   001 146   001 144   001 140   371
 137   571 136   671 135   871 135  1071 135  1071 137  1071 142   871 149   971
 157  1071 163  1171 164  1171 161  1271 156  1271 149  1171 144  1071 140   971
 139  1071 139  1071 140  1171 140  1171 139  1071 139  1071 138  1171 138  1171
 137  1271 136  1371 135  1471 133  1571 131  1371 129  1071 127   871 126   971
 127  1171 127  1271 127  1371 126  1371 123  1471 118  1371 111  1171 105  1071
 103  1171 102  1171 102  1271 101  1271 100  1171  99  1171  93  1251  92  1251
  90  1311  88  1451  86  1551  86  1611  88  1451  93  1151  99   911 106  1051
 113  1051 117  1111 118  1251 115  1251 109  1311 100  1251  91  1151  84  1011
  82  1051  82  1151  82  1161  82  1161  82  1161  82  1161  83  1261
130 134   001 132   001 134   001 142   001 155   001 157   001 154   471
 151   971 149   871 148   971 149  1071 150  1071 152  1071 155   971 159  1071
 164  1071 166  1171 164  1171 162  1271 158  1271 154  1171 149   971 144   871
 141   971 139  1071 138  1171 138  1171 139  1171 140  1171 140  1371 139  1471
 138  1671 137  1671 137  1671 138  1671 140  1471 143  1371 145  1171 148  1171
 149  1271 152  1271 154  1371 154  1371 151  1471 144  1271 135  1171 126   971
 120  1071 117  1271 116  1371 114  1471 112  1471 111  1571 104  1451  99  1651
  95  1711  91  1751  88  1751  88  1711  92  1551 100  1451 109  1211 119  1251
 127  1251 133  1211 134  1251 131  1351 125  1311 116  1151 105  1051  96   811
  89  1051  84  1151  81  1361  79  1361  78  1461  78  1461  79  1561
145 106   001 107   001 108   001 107   001 101   001 101   001  99   471
  99   671 100   771 102   871 105   871 109   971 112  1071 118  1071 124  1171
 131  1271 137  1371 141  1271 144  1271 144  1171 142  1071 138   971 134   871
 131   971 128   971 127  1071 127  1171 127  1171 127  1271 127  1271 126  1371
 126  1371 127  1271 128  1271 129  1171 130  1171 130  1271 129  1271 130  1371
 132  1471 132  1571 133  1571 134  1571 133  1571 130  1371 125  1271 120  1071
 116  1071 114  1171 113  1171 115  1171 116  1271 117  1271 115  1251 109  1351
 105  1311 104  1351 105  1351 105  1311 104  1351 102  1351 103  1311 107  1451
 112  1551 117  1611 119  1551 118  1551 115  1411 109  1351 103  1251  97  1111
  93  1151  91  1151  88  1161  85  1261  82  1461  78  1561  75  1561
149 111   001 111   001 110   001 111   001 112   001 104   001 106   371
 110   571 112   671 114   871 116   771 120   971 123   971 128   971 134  1071
 140  1171 147  1271 152  1171 155  1071 155   971 153   971 149  1071 144  1071
 139  1171 135  1171 133  1271 133  1271 133  1371 134  1371 135  1471 136  1471
 137  1571 138  1471 138  1371 139  1271 139  1271 139  1371 141  1371 144  1371
 149  1471 152  1471 154  1471 155  1371 153  1371 147  1271 140  1271 132  1171
 126  1271 123  1271 122  1371 122  1371 124  1371 123  1371 120  1451 118  1451
 116  1511 115  1451 115  1451 114  1311 112  1351 111  1351 112  1311 116  1451
 123  1451 128  1511 131  1451 130  1451 126  1311 119  1351 110  1251 102  1211
  97  1251  95  1351  92  1361  90  1461  88  1461  85  1561  82  1661
156 118   001 117   001 118   001 117   001 116   001 106   001 104   371
 106   671 106   871 108   771 110   771 113   971 117   971 124   971 133  1071
 143  1271 151  1371 154  1271 154  1071 153   971 151   971 150   971 147   971
 142   971 138   871 135   871 134   971 135  1071 136  1171 138  1171 138  1271
 138  1271 138  1271 138  1171 138  1171 138  1271 139  1271 142  1371 146  1471
 151  1471 155  1571 155  1471 153  1371 150  1271 145  1271 141  1171 135  1171
 130  1071 124  1071 122   971 122  1071 121  1171 121  1271 125  1251 122  1251
 119  1311 117  1351 116  1251 115  1211 113  1251 112  1351 114  1311 119  1451
 126  1551 132  1611 134  1551 132  1451 127  1311 120  1251 113  1251 107  1111
 103  1051 100  1051  98   961  95  1061  92  1161  89  1261  87  1361
168 109   001 109   001 108   001 108   001 110   001 110   001 102   471
 100   571 100   771 101   871 104   871 110   971 119  1171 129  1171 139  1271
 146  1471 152  1571 155  1471 155  1271 153  1171 149  1271 143  1271 138  1371
 137  1371 137  1471 136  1471 134  1471 131  1471 127  1471 126  1571 125  1671
 127  1771 129  1671 133  1671 137  1571 140  1471 143  1371 146  1271 148  1471
 151  1571 153  1771 154  1671 154  1571 151  1471 143  1471 133  1371 126  1371
 124  1471 124  1471 125  1571 124  1571 122  1471 119  1471 123  1551 121  1651
 119  1711 118  1651 117  1651 117  1511 118  1451 119  1351 121  1211 124  1351
 127  1551 130  1611 131  1551 130  1351 125  1211 117  1251 108  1351 101  1311
  99  1451  99  1451  96  1561  93  1561  90  1661  86  1661  82  1861
180 104   001 106   001 104   001  99   001  97   001 102   001  95   471
  92   771  91   971  90  1271  91  1271  93  1571  97  1571 102  1571 107  1671
 114  1771 120  1871 127  1771 132  1571 135  1471 134  1371 131  1371 127  1271
 125  1371 124  1371 124  1471 124  1571 124  1771 122  1871 118  1871 115  1771
 114  1771 115  1771 118  1671 122  1671 126  1671 130  1671 132  1671 136  1771
 139  1771 142  1871 144  1771 145  1771 144  1671 139  1571 134  1571 128  1471
 127  1471 127  1571 126  1571 125  1671 123  1771 119  1871 120  1751 118  1651
 117  1611 118  1651 120  1651 122  1611 124  1651 125  1651 126  1611 127  1751
 128  1951 129  2011 130  1951 131  1851 128  1711 122  1651 113  1551 106  1411
 101  1551  99  1551  97  1661  95  1761  93  1861  91  1961  87  2061
190  70   001  97   001 108   001 109   001 110   001 107   001 103   371
  99   671  95   871  92  1071  92  1071  93  1271  95  1271 103  1271 110  1471
 116  1571 122  1771 127  1771 130  1871 133  1871 133  1671 133  1571 130  1371
 127  1371 124  1271 121  1271 120  1371 119  1571 119  1671 118  1671 116  1571
 115  1571 115  1471 117  1471 120  1371 125  1371 131  1271 139  1271 147  1471
 155  1571 161  1771 164  1871 165  2071 161  2171 155  1971 146  1771 138  1571
 131  1471 127  1471 123  1371 120  1571 119  1671 117  1871 119  1851 118  1751
 116  1711 114  1751 114  1651 116  1611 121  1551 128  1551 135  1411 140  1651
 144  1851 146  2011 148  2151 147  2151 144  2211 137  2051 127  1951 118  1711
 111  1651 106  1551 101  1461  96  1661  92  1861  88  2061  85  2061
222 141   001 141   001 152   001 155   001 156   001 153   271 150   571
 148   771 149  1071 150  1171 151  1071 152  1171 154  1171 157  1071 163  1171
 169  1171 173  1271 174  1271 172  1371 168  1371 161  1271 155  1071 149   971
 147  1071 146  1171 145  1271 144  1271 142  1371 140  1371 138  1471 136  1671
 135  1771 136  1771 139  1671 141  1671 143  1571 144  1371 147  1271 152  1171
 158  1171 162  1071 164  1171 162  1171 158  1271 151  1271 144  1171 138  1171
 136  1271 137  1271 139  1371 138  1371 135  1471 131  1471 122  1551 117  1651
 113  1811 110  1851 109  1851 109  1811 111  1651 114  1551 120  1311 128  1251
 136  1251 142  1111 143  1151 139  1251 132  1211 123  1251 113  1151 106  1111
 102  1251 100  1451  99  1561  97  1561  94  1661  91  1661  88  1761
240 130   001 129   001 132   001 126   001 131   001 137   001 143   471
 147   671 150   871 152   971 153   971 153  1071 154  1271 155  1171 159  1171
 163  1171 166  1171 165  1271 164  1251 161  1371 156  1271 151  1171 146  1071
 143  1171 140  1171 139  1271 139  1271 139  1371 139  1371 139  1471 138  1671
 137  1771 136  1771 135  1771 135  1771 137  1671 141  1471 146  1371 152  1371
 159  1471 163  1471 165  1471 164  1371 160  1371 153  1371 145  1271 138  1271
 134  1371 132  1371 131  1471 130  1471 130  1571 129  1571 128  1551 125  1651
 122  1711 119  1751 116  1751 114  1711 113  1651 113  1651 115  1511 120  1551
 126  1451 130  1411 131  1451 130  1351 126  1311 120  1351 114  1351 108  1311
 104  1351 100  1451  97  1461  94  1561  91  1561  88  1661  86  1761
255 133   001 130   001 128   001 127   001 125   001 129   001 131   271
 133   471 137   671 140   671 143   871 146  1171 147  1471 150  1471 153  1571
 157  1571 160  1671 162  1571 164  1471 163  1371 157  1271 152  1171 146  1071
 139  1171 135  1171 133  1271 132  1371 132  1371 129  1471 128  1471 126  1471
 125  1471 125  1471 125  1571 127  1571 129  1571 133  1571 138  1571 144  1671
 151  1771 157  1871 162  1771 164  1771 162  1671 156  1571 148  1371 140  1271
 135  1371 131  1371 129  1471 128  1571 126  1671 125  1771 127  1451 125  1551
 124  1511 123  1551 123  1651 122  1611 120  1651 118  1751 117  1711 119  1851
 123  1951 127  2011 130  1951 132  1751 130  1611 125  1551 117  1451 110  1311
 105  1451 101  1451  98  1561  96  1661  93  1761  90  1861  87  1961
260 133   001 129   001 126   001 126   001 121   001 114   001 113   771
 115  1271 118  1471 123  1371 129  1371 135  1371 140  1571 144  1471 148  1471
 152  1471 154  1471 155  1371 155  1371 154  1271 150  1371 146  1471 141  1571
 139  1671 135  1871 133  1971 130  2071 127  2071 126  2171 125  2271 125  2271
 126  2371 127  2171 129  2071 132  1871 135  1771 139  1671 143  1571 149  1571
 153  1671 159  1671 163  1671 165  1671 163  1671 156  1671 147  1571 138  1571
 131  1771 127  1871 124  2071 120  2171 116  2271 113  2371 113  2351 113  2351
 114  2411 116  2251 119  2151 120  1911 120  1851 119  1751 120  1611 123  1651
 127  1651 132  1611 136  1651 138  1751 135  1711 127  1751 117  1651 108  1611
 102  1751  99  1951  96  2061  92  2261  89  2361  85  2561  81  2661
280  93   001 118   001 116   001 111   001 110   001 101   001  93   471
  92   771  91   971  90  1071  90  1171  94  1471 101  1571 111  1571 125  1571
 137  1671 148  1671 154  1571 153  1571 150  1471 145  1371 138  1371 134  1271
 131  1471 128  1571 128  1771 126  1671 125  1671 123  1571 122  1671 121  1671
 118  1771 117  1871 115  1871 116  1971 120  1871 126  1871 135  1771 144  1771
 153  1871 159  1871 163  1871 164  1971 160  1971 152  1871 141  1671 132  1571
 126  1671 122  1871 119  1971 116  1971 112  1871 109  1871 107  1751 104  1851
 101  1811  99  1851  99  1951 101  1911 104  1851 109  1851 114  1711 119  1751
 123  1751 127  1711 130  1851 131  1851 129  1911 124  1751 117  1651 110  1411
 105  1651 102  1951  99  2161  97  2161  95  2161  92  2161  87  2261
299  97   001 105   001  91   001  95   001 100   001 102   001  98   371
  95   571  92   771  92   971  94  1071  98  1271 103  1471 111  1471 118  1571
 125  1671 132  1771 139  1771 144  1771 145  1771 142  1671 135  1571 130  1471
 126  1471 123  1471 122  1471 121  1571 120  1671 117  1771 116  1671 114  1671
 114  1571 116  1671 120  1671 125  1771 132  1771 138  1871 144  1871 151  1971
 156  1971 161  2071 164  2071 165  1971 160  1971 150  1771 137  1671 125  1471
 116  1571 110  1571 107  1671 106  1771 104  1871 103  1971 101  1751 101  1751
 101  1711  99  1851  98  1851 101  1911 109  1951 120  1851 130  1811 138  1951
 143  2051 146  2111 148  2151 148  2051 144  2011 135  1951 124  1851 114  1711
 107  1751 102  1751  99  1761  97  1861  96  2061  93  2161  90  2061
434 123   001 123   001 121   001 119   001 122   001 127   001 132   271
 135   471 136   671 135   871 135   971 136  1171 138  1171 141  1171 145  1271
 149  1271 151  1371 154  1271 154  1271 152  1171 148  1171 144  1171 140  1171
 139  1271 139  1271 139  1371 137  1371 135  1371 132  1371 131  1371 131  1271
 131  1271 130  1271 128  1371 127  1371 126  1371 126  1271 128  1271 131  1371
 137  1371 141  1471 143  1371 144  1271 142  1171 136  1171 130  1271 124  1271
 121  1271 120  1271 120  1271 119  1271 117  1371 115  1371 116  1351 116  1351
 116  1311 115  1351 114  1451 112  1411 109  1351 108  1351 108  1211 112  1251
 117  1351 121  1311 123  1351 122  1251 118  1211 112  1251 104  1351  98  1311
  94  1351  92  1451  89  1461  85  1461  82  1461  80  1461  81  1461
460 143   001 147   001 141   001 141   001 137   001 138   001 134   571
 132   771 131  1071 132  1171 136  1271 142  1471 150  1651 157  1411 162  1551
 165  1551 168  1611 171  1651 174  1671 173  1671 167  1671 160  1671 152  1671
 148  1671 145  1671 145  1671 144  1771 144  1771 143  1871 143  1971 140  2071
 136  2171 131  2271 126  2271 126  2371 132  2171 143  1871 153  1671 162  1671
 168  1771 171  1771 174  1771 173  1871 170  1871 162  1871 154  1771 143  1771
 134  1871 126  1871 121  1971 119  2071 120  2071 120  2171 122  1951 120  2051
 118  2011 115  2151 114  2151 114  2211 117  2051 123  1851 129  1611 135  1751
 140  1751 145  1811 148  1951 149  1951 146  2011 139  2051 129  1951 120  1911
 114  2051 111  2051 108  2161 105  2161 102  2161  99  2161  96  2261
481  88   001  91   001  95   001  96   001  95   001  95   001  95   271
  96   371  94   471  95   671  97   971 101  1271 108  1471 116  1471 126  1571
 137  1571 146  1671 153  1571 155  1571 157  1471 154  1471 149  1371 149  1371
 146  1371 146  1271 143  1271 138  1271 137  1271 134  1271 131  1271 130  1371
 124  1371 121  1471 116  1471 115  1571 119  1571 127  1671 138  1671 150  1771
 161  1771 171  1871 174  1771 175  1771 171  1671 164  1571 155  1571 147  1471
 143  1471 139  1471 136  1471 131  1471 126  1571 122  1571 120  1351 117  1451
 115  1411 114  1551 114  1551 116  1611 119  1651 123  1551 128  1511 134  1651
 140  1751 146  1811 150  1751 152  1751 151  1611 147  1651 141  1651 136  1611
 133  1651 131  1651 128  1661 124  1661 120  1661 115  1661 111  1761
497  24   001  24   001  25   001  26   001  27   001  29   001  31   671
  31  1171  30  1171  29  1371  29  1171  31  1471  38  1771  49  1771  65  1871
  84  1971  98  2071 105  2071 106  1971 100  1971  93  1871  83  1671  78  1571
  73  1671  72  1671  70  1771  65  1871  61  1871  57  1971  55  1971  54  1971
  52  1971  45  1871  37  1771  35  1671  41  1771  57  1771  77  1871 101  1971
 124  2171 139  2271 145  2271 140  2171 129  2171 113  1971  97  1871  83  1671
  78  1771  76  1771  76  1871  74  1871  70  1871  68  1871  68  1851  66  1851
  63  1811  59  1751  55  1651  54  1511  59  1651  69  1851  85  1911 105  2051
 125  2251 139  2311 144  2351 140  2251 129  2211 114  2051  99  1951  87  1711
  80  1851  79  1851  79  1961  80  1961  81  2061  80  2061  78  2061
510 161   001 162   001 163   001 162   001 165   001 168   001 166   471
 164   971 163  1171 162  1071 161  1171 162  1271 163  1371 167  1371 169  1571
 172  1771 175  1971 180  1771 183  1671 183  1471 177  1471 169  1471 162  1471
 159  1471 159  1371 159  1371 156  1371 152  1471 148  1471 146  1471 145  1571
 145  1571 146  1571 147  1571 148  1571 150  1571 151  1471 154  1471 158  1671
 163  1771 168  1971 172  1871 174  1671 172  1571 166  1471 156  1471 148  1371
 143  1371 140  1471 138  1471 134  1471 130  1571 128  1571 132  1551 133  1651
 133  1611 133  1651 134  1551 134  1511 135  1551 136  1551 138  1511 140  1651
 143  1851 146  1911 148  1851 149  1751 147  1611 142  1551 136  1451 130  1311
 126  1451 122  1451 118  1561 114  1561 111  1661 108  1661 106  1661
579 103   001 101   001 101   001 101   001 105   001 110   001 109   471
 111   871 111   971 114  1171 119  1271 129  1471 144  1771 161  1671 175  1571
 187  1471 196  1371 201  1371 202  1471 198  1471 185  1371 170  1271 154  1171
 142  1171 134  1271 127  1271 122  1371 116  1471 113  1571 113  1671 111  1871
 108  1971 102  1971  96  1971  98  1971 111  1871 132  1671 155  1571 172  1571
 186  1671 196  1671 202  1771 202  1771 195  1871 179  1671 161  1471 143  1271
 134  1271 129  1171 126  1171 122  1271 117  1371 113  1471 115  1551 112  1751
 107  1811  99  1951  93  2151  93  2211 104  1951 122  1751 142  1411 160  1551
 174  1551 184  1611 190  1751 192  1751 188  1811 178  1651 165  1551 153  1311
 145  1351 141  1351 140  1361 140  1461 139  1561 138  1661 134  1861
588  74   001  67   001  63   001  62   001  61   001 124   001 121   571
 118   771 116   871 115   871 116   971 118  1371 121  1671 135  1771 150  1771
 166  1871 181  1871 191  1871 195  1771 189  1771 175  1671 155  1471 139  1371
 129  1471 123  1471 119  1571 114  1571 106  1671 100  1671  97  1671  96  1771
  93  1771  89  1671  86  1671  86  1571  93  1671 106  1671 124  1771 146  1871
 169  2071 189  2171 202  2171 204  2271 196  2271 175  1971 149  1771 127  1471
 115  1571 109  1571 106  1671 101  1671  96  1671  92  1671  95  1651  93  1651
  89  1711  82  1751  76  1751  75  1711  84  1651 100  1651 120  1511 141  1651
 160  1751 176  1811 186  1951 189  2051 182  2111 166  1951 145  1651 128  1411
 119  1451 117  1551 117  1561 116  1561 113  1561 110  1561 107  1761
621 154   001 152   001 150   001 152   001 153   001 153   001 149   571
 145   671 143   871 142   971 143  1071 148  1471 154  1771 162  1771 168  1771
 173  1871 178  1871 182  1771 183  1771 178  1671 167  1571 153  1471 139  1371
 130  1571 122  1671 118  1871 114  1971 111  1971 109  2071 108  1971 106  1771
 104  1671 100  1771  97  1771 101  1871 113  1871 131  1871 150  1871 164  1771
 174  1771 180  1671 183  1771 182  1771 177  1871 165  1771 151  1771 136  1671
 125  1771 116  1971 110  2071 105  2171 102  2171 101  2271 102  2051 103  1951
 102  1811 100  1951  98  1951 101  2011 110  2051 122  2151 135  2111 146  2051
 153  1951 158  1811 160  1851 158  1851 151  1811 140  1851 127  1751 117  1711
 111  1851 109  2051 107  2161 104  2261 100  2361  98  2461  98  2261
630 164   001 159   001 157   001 155   001 153   001 156   001 156   371
 156   571 157   671 159   771 160   871 162  1171 163  1371 163  1371 167  1671
 171  1971 176  2271 179  2071 183  1971 183  1771 179  1671 172  1471 166  1371
 158  1371 152  1471 146  1471 143  1471 141  1371 138  1371 134  1471 129  1571
 126  1671 127  1671 129  1571 132  1571 136  1571 139  1471 145  1471 156  1671
 166  1871 175  2071 180  1971 183  1971 182  1871 177  1771 170  1571 163  1471
 155  1471 147  1571 140  1571 135  1571 129  1471 123  1471 115  1651 108  1751
 103  1811 100  1851  99  1751 102  1711 108  1751 117  1651 130  1611 145  1751
 159  1951 170  2011 174  1951 172  1951 166  1811 158  1751 149  1651 141  1511
 136  1551 133  1551 130  1561 127  1561 124  1461 121  1461 118  1661
643 114   001 110   001 176   001 123   001 183   001 186   001 180   371
 171   671 163   771 155   971 151   971 151  1071 153  1171 173  1071 192  1171
 207  1171 217  1271 222  1271 221  1171 215  1171 204  1171 189  1071 178  1071
 172  1171 168  1171 164  1271 161  1271 155  1171 152  1171 149  1271 147  1371
 142  1471 134  1471 127  1471 128  1471 139  1371 158  1171 176  1071 191  1171
 201  1371 210  1471 213  1371 212  1371 206  1271 193  1171 179  1071 165   971
 156  1071 153  1171 149  1271 145  1271 140  1371 136  1371 135  1451 131  1551
 125  1611 119  1651 114  1651 116  1611 126  1451 141  1351 158  1111 173  1251
 184  1351 192  1411 196  1451 196  1351 192  1311 184  1251 174  1251 166  1111
 161  1251 159  1351 154  1461 150  1561 146  1561 142  1661 138  1661
645  95   001 100   001  95   001  93   001  95   001 105   001 102   371
 104   771 107   971 106  1171 112  1271 127  1471 148  1371 170  1271 188  1271
 203  1171 214  1171 222  1271 223  1271 216  1371 201  1371 183  1271 163  1271
 150  1271 142  1371 135  1371 129  1371 123  1471 120  1471 119  1671 120  1771
 118  1971 111  1971 107  1871 109  1871 123  1771 143  1571 165  1471 182  1471
 196  1371 205  1371 212  1571 212  1671 206  1871 190  1671 171  1371 154  1171
 142  1271 135  1371 131  1471 127  1471 123  1571 121  1571 123  1651 120  1851
 116  1911 110  1951 105  2051 107  2011 119  1751 138  1551 158  1211 176  1251
 190  1351 199  1311 204  1451 203  1651 198  1711 188  1551 175  1451 163  1211
 153  1351 146  1551 142  1661 141  1661 141  1761 140  1761 138  1861
650 127   001 126   001 129   001 129   001 123   001 118   001 132   271
 139   771 141   671 144   871 150   971 157  1171 167  1471 178  1571 188  1471
 199  1471 207  1371 212  1271 212  1171 208  1071 198  1071 184   971 173   971
 165  1071 161  1171 157  1271 154  1271 150  1371 147  1371 145  1471 142  1471
 137  1571 131  1571 126  1471 128  1471 140  1571 159  1671 177  1771 191  1671
 200  1671 207  1571 211  1471 213  1371 207  1271 194  1171 177  1071 162   971
 152   971 148  1071 146  1071 144  1171 142  1271 140  1371 139  1451 135  1451
 129  1511 122  1551 117  1651 120  1611 133  1651 151  1651 170  1611 184  1651
 193  1651 199  1611 203  1551 203  1451 199  1311 189  1251 177  1151 166  1011
 160  1051 157  1151 155  1161 153  1361 151  1461 148  1661 145  1661
675 134   001 135   001 138   001 143   001 159   001 166   001 160   971
 155  1271 153  1371 153  1671 155  1671 161  1671 171  1871 186  1871 205  1871
 223  1871 238  1871 243  1771 240  1571 231  1471 219  1371 204  1171 191  1071
 181  1171 172  1271 164  1371 158  1471 152  1471 148  1571 146  1671 144  1671
 141  1771 134  1771 128  1871 126  1871 133  1771 146  1771 164  1671 185  1771
 206  1971 222  2071 231  1971 233  1971 223  1871 204  1671 179  1471 158  1271
 144  1371 136  1471 130  1571 124  1571 118  1571 114  1571 117  1751 115  1851
 111  1811 104  1851  98  1951  99  1911 109  1851 127  1751 148  1611 169  1651
 187  1551 201  1511 208  1651 209  1751 202  1811 189  1651 173  1451 159  1211
 151  1351 148  1551 144  1661 142  1761 139  1761 135  1861 131  1961
690 162   001 167   001 180   001 172   001 172   001 132   001 135   371
 139   471 144   471 149   671 154   671 161   871 167  1071 178  1071 189  1071
 197   971 201   971 203   971 203   871 198   871 191   871 182   871 172   871
 163   971 157  1071 151  1171 146  1171 143  1171 139  1171 138  1071 137  1071
 135   971 129   971 126  1071 127  1071 136  1071 151   971 167   971 179   971
 188  1071 193  1071 193   971 190   971 186   871 182   871 177   971 171   971
 166  1071 160  1171 154  1271 149  1271 146  1271 145  1271 148  1351 146  1251
 143  1211 139  1251 135  1151 137  1111 145  1151 158  1051 171  1011 181  1151
 189  1251 193  1311 195  1251 194  1151 191  1011 186   951 180   951 174   811
 169   951 165  1151 161  1261 157  1261 155  1361 153  1361 151  1361
747 204   001 202   001 193   001 190   001 182   001 183   001 181   871
 179  1071 177  1271 175  1571 176  1671 182  1371 191  1471 201  1271 210  1371
 217  1471 223  1571 225  1571 225  1671 220  1671 210  1471 198  1371 186  1171
 177  1271 171  1471 165  1571 159  1571 154  1671 149  1671 147  1771 145  1771
 140  1871 132  1871 125  1971 126  1971 138  1771 158  1671 179  1471 195  1571
 207  1571 214  1671 216  1771 212  1771 205  1871 195  1671 183  1371 173  1171
 164  1371 158  1471 153  1671 149  1671 146  1771 143  1771 146  1751 142  1751
 136  1811 126  1951 118  2051 119  2111 133  1851 155  1651 177  1311 194  1451
 205  1651 211  1711 212  1751 210  1851 204  1811 195  1651 185  1351 176  1111
 169  1351 165  1451 161  1661 158  1761 154  1761 150  1861 146  1961
NT  TEDF  78  35 1
20131106012013110520
20131106012013110521
20131106012013110522
20131106012013110523
20131106012013110600
20131106012013110601
20131106012013110602
20131106012013110603
20131106012013110604
20131106012013110605
20131106012013110606
20131106012013110607
20131106012013110608
20131106012013110609
20131106012013110610
20131106012013110611
20131106012013110612
20131106012013110613
20131106012013110614
20131106012013110615
20131106012013110616
20131106012013110617
20131106012013110618
20131106012013110619
20131106012013110620
20131106012013110621
20131106012013110622
20131106012013110623
20131106012013110700
20131106012013110701
20131106012013110702
20131106012013110703
20131106012013110704
20131106012013110705
20131106012013110706
20131106012013110707
20131106012013110708
20131106012013110709
20131106012013110710
20131106012013110711
20131106012013110712
20131106012013110713
20131106012013110714
20131106012013110715
20131106012013110716
20131106012013110717
20131106012013110718
20131106012013110719
20131106012013110720
20131106012013110721
20131106012013110722
20131106012013110723
20131106012013110800
20131106012013110801
20131106012013110802
20131106012013110803
20131106012013110804
20131106012013110805
20131106012013110806
20131106012013110807
20131106012013110808
20131106012013110809
20131106012013110810
20131106012013110811
20131106012013110812
20131106012013110813
20131106012013110814
20131106012013110815
20131106012013110816
20131106012013110817
20131106012013110818
20131106012013110819
20131106012013110820
20131106012013110821
20131106012013110822
20131106012013110823
20131106012013110900
20131106012013110901
002700160017001700180018001717172717271727172717371735173117351735173118351
73517311635153515311535163517311735173517311735173517311735173517311735173517311
73517351731173516351631163517351731173516351631163516351631163515351531143514351
33114351435153116351635173117351635163115351535153115351535153615361536153615361
005600170017001700180018001717172717271727172717371735173117351835173117351
63516311535153515311535163516311635163515311635163517311735173517311735173517311
73517351731173517351731173517351731173517351731173517351631163516351531153515351
53115351535153116351635173117351635163116351635163116351635153615361536153615361
015300140015001800180018001717162716271627172717371735173117351735183118351
83517311735163515311635163516311635163516311735173517311735173517311735173517311
73517351731173517351731173517351731173517351731173517351731173517351731173517351
73117351735173116351635163116351635163116351635173117351635163616361636163616361
027700180017001700160015001617162715271527152715371635163117351735173117351
73517311735163516311635163516311635163516311635163516311635173517311735173517311
73517351731173517351731173517351731173517351731163516351531153515351431143514351
43114351435153115351635163116351635163115351535153114351435133614361436143614361
070700170014001800170018001817182718271727172717371735173117351735173117351
73516311635153515311435143515311535163517311635163515311535163516311735173517311
73518351731173517351631173517351731173517351631163517351731173517351731173517351
73117351735173117351735173117351735173117351735173116351635163616361636163616361
110500110012001300100010001117122713271427142715371635173117351735173116351
63515311535153515311535153515311535163517311735173517311735173517311735173517311
73517351731173517351731173516351531153515351531143512351231123514351531163516351
63116351635153115351535143115351535153114351335123113351435143615361536153615361
120100120015001500120012001217122713271327142714371535163116351735173116351
63515311535153515311535153515311535153515311535153515311635163517311735173517311
73517351731173517351731173517351731173516351631153515351431143514351531153516351
63116351635153115351535153116351635163115351435143113351335133614361436143615361
130000100010001000130014001317132713271327132713371435153117351735173117351
63515311435143514311435153515311535153514311435143514311535153516311635173517311
73517351731173517351731173517351731173517351631163515351531143514351331133514351
43114351535153116351635163117351635163115351435133113351335133613361436143615361
145700180017001800160017001717171717271727172716371635163116351735173117351
63516311635163516311535153515311535163516311535153515311535163517311735173517311
73517351731173517351731173517351731173517351731173517351731173517351731173517351
73116351635163116351735173116351635163116351635173116351635153615361436143615361
149600170016001800170016001717172717271727162716371635163116351735173117351
73516311635163516311635153515311535163516311635153515311535163517311735173517311
73517351731173517351731173517351731173517351731173517351731173517351731173516351
63116351635173117351735173116351635153116351635173117351635163615361536153615361
156700180017001800170017001717171717271727172716371635163116351735173117351
73516311635163516311535153515311535163516311635153515311535163517311735173517311
73517351731173517351731173517351731173517351731173517351731173517351731173516351
63116351635173117351735173116351635153116351635173116351635163616361536153615361
168600170016001700170018001817182718271727172717371735173117351735173117351
73516311635153515311435153515311535163516311635163516311635163516311635173517311
73517351731173517351631163516351631163516351631163516351631163517351731173517351
73117351735173117351735173117351635163116351735173116351535153615361536153615361
180400170017001700160017001717172717271737173717371735173117351735173117351
73517311635163516311635173517311635153515311535153516311635173517311735173517311
73517351731173517351631163516351631163517351731173517351631163516351631163517351
73117351735173117351735173117351735173117351635163116351635163615361536153615361
190600150015001800170017001717171717271727172717371735173117351735173117351
73517311635163515311535163515311535143513311435153516311735173517311735163516311
63517351731173516351631153515351531153515351531153515351531153515351531163516351
73117351735173117351735173117351735173117351735173117351735173617361736163616361
222000100013001500120014001417141714271427142714371435153115351535163116351
53515311435143513311235123512311335143515311535163516311535153515311535163516311
63517351731173517351731173517351731173517351731173517351731173517351631153514351
43113351435153116351635173117351735163115351435133113351335143614361436153615361
240500140012001000150015001517162716271627162715371535143115351635173117351
73515311435133513311335133514311435153515311435143514311535153515311635163517311
73517351731173517351731163516351631163516351731173517351731173517351631163516351
53116351635173117351735163116351635163116351635153115351435143614361436153615361
255600160017001700150016001617162716271627162716371735173117351735173117351
73517311535143513311335153516311635153514311435143515311535153515311535163517311
73517351731173517351731163516351631153515351531163516351631163516351631163516351
63117351735173116351635153115351635163116351635163115351535153615361536153615361
260600180017001700170015001617161716271627162716371735173117351635163116351
63516311535133513311435153516311635153514311435143515311535163516311635163517311
73517351731173516351631163516351631153515351531153516351631173517351731173516351
63117351735173117351735173117351735173117351735173116351635153615361436143614361
280800170018001700180018001817181717271727172717371635163117351735173117351
73517311635163515311435133513311435143515311535153515311535163516311635173517311
73517351731173517351731173516351631153515351531153515351631163516351731173517351
73117351735173117351735173117351735173117351735173117351735173617361636163616361
299700170018001800180017001717171717271727172717371735173117351735173117351
73517311635153515311535153515311435133513311235133513311435153516311635153515311
53515351531163516351631163515351531143514351431133513351331133513351331133514351
43114351535153116351635173117351735173117351735173117351735173617361736163616361
434800170016001300140016001617162716271627162716371635163117351735173117351
73516311635153515311535153515311435143514311435153515311535163516311635173517311
73517351731173517351731163516351531153516351631173517351731173517351731173517351
73117351735173117351735173117351735173117351735163116351735163616361636163616361
460700170017001600140013001317141714271527162716271735173117351735173117351
73516311635153514311435143514311535153514311435143514311435143515311535163517311
73517351731173517351731173516351631153514351431133514351431143515351531163516351
63116351735173117351735173117351735173117351735173116351635153615361436143614361
481800180018001800180017001717172717271727172717271735173117351735173117351
73516311535143513311335143515311435133513311235123512311235123512311335143514311
43514351431153515351531153515351531153515351431143513351231123512351331133513351
33114351535153116351635163116351735173117351735173117351735173617361736173616361
497800180017001800180018001817172717271727172717371735173118351835173117351
73516311635153514311435143514311335123511311135113511311135113512311235133513311
33513351231123512351231133514351531153514351331123512351231123512351231133513351
43114351435153115351635163117351735173117351735163116351735163616361636163616361
510100100011001800170018001817181718271727172716271635163117351735173117351
63515311535153515311535153515311535153514311435153515311535153516311635173517311
73517351731163516351631163516351631163516351631163516351631163516351631173517351
73117351735173117351735173117351735173117351735173116351635153615361436143614361
579500120015001600160010001117112712271327132714371535153116351635173116351
43512311135113511311135113511311135113511311135113511311135113511311135123512311
23512351231133513351431153515351631153515351431133512351231113512351231133514351
43115351535163116351735173117351635163116351735173117351735173617361636163616361
588100100012001000100012001217122712271227122712371235123113351435143113351
23511311135113511311135113511311135113511311135113511311135113511311135113511311
13511351131113511351131123513351431143513351231123512351231123512351231123512351
33113351435143114351535153115351535153115351635163116351635163616361636163616361
621700160016001800150016001617162716271727172717371735173117351635163116351
63516311535143513311335133514311435133513311335123512311335133514311435153515311
63516351731173517351731163515351431133513351331133513351331133513351331133513351
43115351635173117351735173117351735173117351735163116351635163616361636163615361
630700170014001100140017001717172717271727172717271735173117351735173117351
73517311635153514311435143514311535163516311635163515311535153515311535163516311
63516351631173517351731163516351531143513351331133513351431143514351431143515351
53115351635163117351735173117351735173117351735173117351735163616361636163615361
643200150014001100100011001217122713271327142714371335133113351335133112351
23512311235123511311135113512311235123512311235123511311135113511311235123512311
23512351231133514351531163516351531143514351331123512351231123512351231133514351
53115351635163116351635163116351635153115351535153115351635163616361636153615361
645000120011001400100013001317131713271327142714371435143114351435143113351
23511311135113511311135113511311135113511311135113511311135113511311135113511311
13512351231133515351631163516351531143513351331123512351231123512351231123513351
33114351535163116351635163116351635163116351635163116351735163616361636163616361
650100130012001100100010001117112711271137113711371135113111351135113111351
13511311135113511311135113511311135113511311135113511311135113511311135113511311
13511351131113511351131123513351431143513351331123512351131113512351231123512351
33113351435153115351535153115351535153115351535153115351635163615361536153615361
675000100010001000100010001117112711271127112711371135113111351135113111351
13511311135113511311135113511311135113511311135113511311135113511311135113511311
13511351131113511351131123512351331133513351231133513351331133512351231123512351
33113351335133114351435153115351535153115351535153115351535153615361436143614361
690000100011001200100010001117112712271227122712271135113111351135113112351
23512311235113511311135113511311235123512311235113511311135113512311235133513311
33512351231123512351231123512351231123512351231133513351331133513351331133514351
43114351435143115351535153115351535163116351635163116351535153615361536153615361
747000110010001200120010001017112711271227122713371335143114351435143114351
43514311335123512311235123513311335133513311335123512311235123513311335133513311
33513351331143515351631173517351731163516351531133512351231123513351331143515351
53115351535153115351535153116351635173116351635163116351635163615361536153615361
