20130625231506
T2M TEDF  78  35 1
20130625232013062518
20130625232013062519
20130625232013062520
20130625232013062521
20130625232013062522
20130625232013062523
20130625232013062600
20130625232013062601
20130625232013062602
20130625232013062603
20130625232013062604
20130625232013062605
20130625232013062606
20130625232013062607
20130625232013062608
20130625232013062609
20130625232013062610
20130625232013062611
20130625232013062612
20130625232013062613
20130625232013062614
20130625232013062615
20130625232013062616
20130625232013062617
20130625232013062618
20130625232013062619
20130625232013062620
20130625232013062621
20130625232013062622
20130625232013062623
20130625232013062700
20130625232013062701
20130625232013062702
20130625232013062703
20130625232013062704
20130625232013062705
20130625232013062706
20130625232013062707
20130625232013062708
20130625232013062709
20130625232013062710
20130625232013062711
20130625232013062712
20130625232013062713
20130625232013062714
20130625232013062715
20130625232013062716
20130625232013062717
20130625232013062718
20130625232013062719
20130625232013062720
20130625232013062721
20130625232013062722
20130625232013062723
20130625232013062800
20130625232013062801
20130625232013062802
20130625232013062803
20130625232013062804
20130625232013062805
20130625232013062806
20130625232013062807
20130625232013062808
20130625232013062809
20130625232013062810
20130625232013062811
20130625232013062812
20130625232013062813
20130625232013062814
20130625232013062815
20130625232013062816
20130625232013062817
20130625232013062818
20130625232013062819
20130625232013062820
20130625232013062821
20130625232013062822
20130625232013062823
002 146   001 140   001 133   001 128   001 124   001 117   001 118   471
 119   671 121   671 123   671 126   771 129   771 133   971 140   971 147  1071
 153  1071 155  1171 156  1271 157  1371 158  1371 160  1271 161  1271 160  1371
 158  1371 156  1471 151  1371 147  1271 141  1171 135  1171 131  1071 129  1071
 127  1071 125  1071 123  1071 120  1171 117  1171 116  1271 117  1271 121  1171
 126  1171 131  1271 135  1271 139  1371 141  1371 140  1371 139  1371 137  1471
 134  1571 132  1671 131  1571 130  1471 128  1371 127  1371 125  1371 124  1371
 122  1151 122  1251 123  1211 124  1351 124  1351 125  1411 126  1451 127  1451
 129  1411 131  1451 134  1551 136  1511 138  1451 139  1451 140  1311 141  1351
 142  1451 142  1411 142  1351 141  1351 141  1261 140  1261 140  1161
005 158   001 146   001 117   001 101   001 106   001 106   001  98   671
  93   971  90  1071  87  1071  88  1071  93  1071 105  1071 124  1371 145  1471
 162  1771 173  1771 179  1771 180  1671 181  1671 179  1771 178  1771 176  1671
 172  1571 166  1371 155  1371 144  1271 132  1271 126  1271 122  1171 121  1171
 121  1171 118  1271 117  1271 117  1271 117  1271 120  1271 125  1471 132  1571
 139  1671 146  1771 153  1771 158  1771 161  1771 161  1671 160  1671 158  1571
 155  1671 150  1671 144  1571 136  1471 130  1371 127  1371 125  1471 123  1471
 119  1451 117  1551 117  1611 120  1551 124  1551 129  1411 133  1651 137  1751
 141  1911 145  1951 148  1951 151  1911 153  1851 154  1851 155  1711 155  1751
 154  1651 152  1611 149  1551 145  1451 143  1361 141  1361 139  1361
015 163   001 162   001 143   001 126   001 116   001 107   001 102   571
  95   871  89   771  87   871  91   871 100   871 113   971 130  1271 147  1471
 161  1771 170  1771 175  1771 177  1771 179  1771 181  1671 181  1671 179  1571
 175  1571 168  1471 157  1371 146  1271 137  1171 131  1171 126  1171 123  1171
 121  1071 118  1071 117   971 118   971 120  1071 123  1071 128  1371 132  1671
 136  1971 141  1871 146  1871 150  1671 155  1671 159  1771 161  1671 160  1551
 156  1551 150  1411 143  1351 135  1251 128  1111 123  1151 120  1351 118  1311
 118  1151 116  1151 117  1011 120  1051 125  1151 130  1111 135  1451 140  1851
 145  2111 149  2051 152  2051 156  1911 160  1951 163  1951 164  1911 163  1851
 160  1851 156  1711 151  1551 146  1251 144  1061 141  1161 139  1161
027 162   001 142   001 133   001 105   001  99   001  83   001  77   571
  74   871  69  1071  67  1171  69  1071  76  1071  91   971 114  1171 138  1371
 162  1571 179  1671 186  1771 190  1971 191  1871 189  1771 186  1671 184  1671
 178  1571 169  1571 152  1571 134  1471 117  1371 110  1471 108  1471 108  1571
 110  1571 110  1671 111  1671 113  1471 118  1271 125  1071 135  1171 147  1471
 158  1571 167  1671 173  1871 178  1971 180  1871 181  1971 180  1971 177  1871
 171  1871 164  1871 153  1671 142  1471 134  1371 131  1471 130  1571 130  1671
 124  1651 122  1751 121  1711 122  1451 125  1251 130   911 136  1151 142  1451
 148  1611 153  1851 158  1951 163  2111 168  2151 172  2051 174  2011 174  1951
 171  1951 165  1811 156  1751 147  1751 139  1661 135  1761 133  1761
070 166   001 149   001 131   001 119   001 111   001  98   001  97   671
  93   971  87  1271  85  1371  88  1271  96  1071 109   971 124  1171 141  1271
 156  1471 167  1571 174  1571 178  1771 181  1871 182  1871 181  1971 178  1871
 172  1971 164  1971 152  1771 138  1671 125  1571 117  1571 112  1471 108  1471
 106  1571 106  1671 108  1771 113  1471 120  1171 127   871 133  1171 137  1571
 142  1871 146  1771 150  1771 155  1771 158  1771 161  1871 162  1971 160  1871
 154  1871 146  1771 136  1571 125  1371 117  1271 111  1371 107  1571 104  1671
  98  1651  98  1851 101  1911 107  1651 116  1251 125   911 133  1251 139  1551
 144  1811 148  1851 152  1851 156  1811 160  2051 163  2151 163  2311 160  2251
 156  2151 151  2011 147  1851 145  1551 140  1361 136  1461 131  1461
110 154   001 146   001 137   001 131   001 128   001 113   001 104   571
 100   771  98   871  96   871  96   971  98   971 105   971 117  1071 132  1271
 146  1471 153  1471 158  1571 162  1571 166  1471 169  1371 171  1271 169  1171
 163  1171 153  1071 140   971 124   871 112   771 104   871  99   971  98  1071
  98  1171  98  1171 100  1271 102  1171 106  1071 114   971 125  1171 138  1271
 149  1471 158  1471 164  1471 169  1371 171  1371 171  1371 169  1371 166  1371
 161  1271 153  1171 144  1071 137  1071 129   971 125   971 122  1071 122  1071
 117  1251 118  1351 120  1311 123  1251 127  1051 132   911 139  1151 146  1251
 153  1411 158  1451 163  1551 166  1511 169  1551 170  1551 169  1511 165  1451
 159  1251 152  1111 145  1051 139   951 134   861 131   961 128  1161
120 147   001 137   001 118   001 104   001  99   001  97   001  96   371
  93   571  89   771  87   871  88   871  94   771 105   771 122   971 138  1171
 153  1371 163  1471 168  1671 171  1671 171  1771 170  1871 168  1971 165  1671
 159  1671 149  1471 138  1271 123  1171 111   971 105  1071 102  1071  99  1171
  98  1171  98  1071  98  1071 101   971 106   971 113   871 124  1071 135  1171
 146  1371 157  1571 165  1771 170  1971 171  2071 170  2271 166  2371 161  2171
 154  1871 147  1671 140  1471 132  1271 126  1071 123  1171 123  1171 122  1271
 120  1151 120  1251 120  1211 121  1151 124  1051 129   911 136  1151 145  1251
 153  1411 160  1651 165  1751 169  1911 172  2051 173  2251 172  2311 169  2151
 164  1951 158  1711 150  1551 143  1251 136  1061 132  1161 129  1161
130 183   001 172   001 151   001 130   001 114   001  97   001  87   671
  79   971  71  1171  67  1171  68  1171  75   971  89   871 111  1071 135  1271
 157  1471 172  1671 182  1971 191  2171 197  1971 201  1971 201  1871 197  1971
 190  1971 178  2071 163  1871 147  1471 132  1271 120  1271 112  1171 105  1171
 100  1271  98  1271  98  1371 102  1271 109  1171 120  1071 134  1171 150  1371
 167  1471 180  1571 191  1771 197  1971 201  1971 200  1871 198  1871 194  2071
 188  2071 178  2171 167  1871 155  1471 145  1171 138  1171 134  1271 132  1271
 129  1351 126  1451 125  1511 126  1351 130  1251 136  1011 145  1251 155  1451
 164  1611 171  1751 176  1851 181  1911 187  1951 192  1951 196  1911 197  1951
 194  2051 187  2011 177  1751 166  1551 156  1261 147  1361 141  1361
145 172   001 165   001 145   001 129   001 122   001 114   001 103   671
  95   771  91   871  88   871  88   971  91  1071 101  1171 117  1371 137  1571
 154  1671 166  1671 172  1671 177  1671 180  1671 181  1771 181  1871 178  1971
 173  1971 166  2071 157  1871 148  1671 138  1371 131  1271 124  1271 118  1171
 113  1171 109  1171 107  1171 108  1271 111  1271 116  1371 123  1571 130  1671
 139  1871 149  1871 159  1871 166  1871 170  1971 171  1971 170  2071 168  2071
 165  2171 160  2171 152  1871 143  1671 133  1371 126  1371 121  1271 118  1271
 120  1451 118  1351 117  1311 118  1351 121  1451 124  1411 127  1551 131  1751
 135  1811 140  1851 144  1851 149  1811 153  1951 157  2051 159  2111 160  2151
 159  2251 156  2211 151  1951 145  1751 143  1461 141  1461 139  1461
149 179   001 173   001 150   001 139   001 136   001 133   001 119   671
 108   971 101   971  97  1071  97  1071 101  1171 111  1171 129  1271 148  1271
 166  1271 178  1371 184  1371 189  1471 191  1571 192  1771 190  1771 186  1871
 180  1971 173  2071 165  1771 156  1571 149  1371 142  1271 135  1271 128  1171
 122  1171 118  1171 116  1171 117  1171 121  1271 127  1271 135  1371 146  1571
 155  1671 163  1671 171  1671 176  1671 180  1771 182  1971 182  2071 179  2071
 173  2071 166  2071 157  1871 148  1571 139  1371 132  1371 127  1271 123  1271
 122  1451 121  1451 121  1511 123  1451 126  1451 130  1311 135  1451 141  1651
 147  1711 152  1751 157  1751 161  1711 165  1951 167  2051 168  2211 167  2251
 164  2251 161  2211 158  1951 155  1751 152  1461 149  1461 146  1461
156 178   001 175   001 160   001 150   001 149   001 142   001 130   571
 121   771 113   971 108   971 107  1071 109  1171 115  1171 130  1371 148  1671
 166  1771 178  1771 186  1671 190  1671 192  1771 191  1871 189  1971 185  2071
 181  2171 174  2271 168  1971 160  1671 153  1371 147  1271 142  1271 139  1171
 136  1171 131  1171 128  1171 126  1171 126  1271 130  1271 136  1471 146  1771
 155  1971 164  1871 171  1871 176  1871 180  2071 182  2071 182  2171 179  2251
 174  2251 168  2311 161  2051 154  1751 147  1411 141  1351 135  1151 131  1011
 130  1251 128  1251 127  1211 127  1251 129  1351 132  1311 137  1551 143  1751
 149  1911 154  1951 159  1951 163  1911 166  2051 169  2151 170  2211 170  2251
 169  2351 165  2311 159  2051 154  1851 151  1561 149  1461 148  1261
168 161   001 158   001 143   001 127   001 125   001 101   001 102   771
 100  1071  96  1171  95  1271  97  1171 106   971 117   871 131   971 147  1171
 161  1271 168  1371 173  1571 175  1671 177  1771 179  1771 181  1871 182  1871
 179  1871 169  1871 151  1771 131  1771 114  1571 105  1471 102  1371 101  1271
  98  1371  96  1471  97  1571 103  1371 113  1071 123   871 130  1071 137  1271
 143  1471 148  1571 153  1571 157  1671 160  1771 161  1871 162  1971 162  1871
 159  1871 151  1771 137  1771 122  1771 108  1771 100  1771  97  1671  97  1671
  96  1451  96  1551  98  1711 104  1451 113  1251 122   911 130  1151 137  1351
 143  1511 148  1651 153  1751 156  1811 158  1951 158  2051 158  2111 157  2151
 155  2051 152  2011 147  1951 140  1851 137  1761 133  1661 130  1661
180 148   001 143   001 136   001 132   001 120   001 118   001 107   471
  98   671  90   771  86   871  88   971  96  1071 108  1171 121  1271 135  1471
 148  1671 160  1671 168  1671 175  1871 179  1771 182  1771 182  1771 180  1671
 174  1871 164  1871 151  1771 135  1571 121  1271 112  1271 106  1171 101  1171
  93  1171  87  1271  87  1271  94  1271 105  1171 117  1171 124  1471 128  1871
 133  2171 140  1971 148  1771 156  1671 160  1671 162  1771 161  1671 158  1671
 153  1671 146  1671 139  1471 131  1371 124  1271 117  1271 112  1171 107  1171
  98  1251  93  1251  93  1311  98  1351 107  1251 116  1211 123  1551 128  1851
 134  2111 141  2051 149  2051 155  1911 159  2051 161  2051 160  2111 156  2151
 151  2151 146  2111 142  1851 139  1551 135  1261 130  1261 125  1261
190 153   001 127   001 124   001 124   001 123   001 116   001 116   471
 112   771 107   871 105   971 108  1071 115  1171 124  1271 133  1471 141  1571
 150  1771 159  1871 167  1771 175  1671 181  1871 186  1971 189  2071 191  1971
 189  1871 183  1871 169  1771 152  1671 138  1571 129  1471 125  1371 121  1271
 114  1271 108  1271 106  1271 111  1271 120  1371 129  1371 138  1571 144  1771
 149  2071 155  1771 160  1671 164  1571 167  1671 170  1871 171  1971 171  1871
 168  1871 162  1671 152  1671 140  1571 131  1471 126  1371 123  1371 120  1271
 111  1351 106  1251 104  1211 108  1251 115  1251 123  1211 130  1451 135  1751
 140  1911 144  1851 149  1851 154  1711 160  1951 165  2151 168  2311 167  2251
 164  2251 158  2111 151  2051 145  1851 141  1761 137  1661 133  1461
222 195   001 194   001 168   001 146   001 139   001 117   001 111   571
 107   771 104   971 102   971 104   971 111   871 122   771 139   971 157  1171
 175  1471 186  1571 195  1871 200  1971 205  2071 209  2071 211  1971 209  1671
 204  1771 194  1571 183  1471 169  1471 157  1371 148  1371 143  1271 137  1271
 129  1271 122  1271 118  1271 118  1171 122   971 130   871 144  1071 159  1271
 175  1471 188  1571 200  1871 207  1971 211  1971 211  1871 209  1871 205  1971
 198  1871 189  1871 179  1671 167  1571 157  1371 150  1371 145  1371 141  1371
 143  1351 139  1351 136  1311 136  1151 138  1051 144   811 153  1051 163  1251
 171  1411 176  1551 180  1751 184  1811 191  1851 198  1951 202  1911 201  1951
 196  1851 188  1811 179  1751 169  1751 162  1661 156  1661 151  1661
240 180   001 165   001 157   001 139   001 123   001 117   001 114   571
 111   771 107   871 104   971 104   871 109   871 120   771 137   971 157  1071
 175  1371 186  1371 192  1471 194  1571 196  1671 199  1671 201  1771 202  1671
 200  1671 194  1771 183  1671 170  1471 156  1371 146  1271 139  1171 133  1071
 127  1071 122  1171 118  1171 117  1071 120   971 128   871 139   971 154  1171
 166  1371 175  1371 182  1471 185  1471 188  1571 191  1471 192  1571 191  1651
 188  1751 181  1911 171  1751 159  1651 149  1411 142  1351 138  1251 134  1111
 133  1151 130  1151 129  1211 129  1151 131   951 135   811 141  1051 147  1151
 153  1311 158  1451 162  1451 166  1511 170  1551 174  1651 178  1611 180  1751
 181  1951 178  2011 172  1851 165  1651 160  1461 155  1361 152  1361
255 178   001 167   001 150   001 142   001 128   001 121   001 119   671
 114   771 110   871 107   871 108   871 112   771 121   871 135   971 151  1171
 165  1271 174  1471 180  1571 184  1871 190  1771 196  1771 200  1671 200  1571
 196  1571 187  1571 174  1571 158  1471 145  1571 133  1571 125  1371 116  1371
 110  1371 103  1271  99  1271  99  1171 102  1171 110  1071 124  1271 141  1271
 155  1371 165  1571 170  1671 176  1871 181  1971 186  1871 189  1971 189  1871
 186  1871 179  1771 168  1671 154  1671 142  1571 132  1471 124  1471 118  1371
 121  1351 118  1251 117  1211 118  1151 120  1151 125  1011 132  1151 140  1251
 146  1311 150  1551 153  1651 157  1811 163  1951 170  1951 174  2011 174  2051
 171  1951 166  1911 161  1851 156  1751 153  1661 150  1561 146  1561
260 157   001 159   001 145   001 131   001  92   001  82   001  79  1071
  78  1471  79  1671  81  1571  86  1371  95  1271 108  1071 126  1171 144  1171
 160  1371 172  1571 178  1671 182  1871 185  1971 188  1871 190  1971 192  1771
 190  1571 181  1371 164  1571 145  1571 126  1671 114  1771 109  1771 104  1871
 101  1871  97  1771  98  1771 102  1571 110  1471 121  1271 134  1471 148  1571
 159  1771 167  1871 171  1871 175  1871 178  2071 181  2171 182  2371 180  2171
 175  1971 165  1871 151  1871 134  1871 121  1871 113  1971 107  2171 104  2271
 103  1951 101  1851 102  1811 106  1651 112  1451 121  1211 131  1351 141  1451
 150  1511 156  1651 160  1751 163  1811 166  2051 167  2151 167  2311 164  2251
 160  2051 156  1911 154  1951 152  1951 146  1961 140  2061 134  2161
280 154   001 145   001 138   001 130   001 123   001 112   001 115   671
 112   971 108  1171 107  1271 109  1271 114  1171 124  1071 139  1071 156  1271
 170  1271 178  1471 182  1571 184  1771 186  2071 189  2271 191  2471 191  2271
 188  1871 179  1671 164  1671 146  1671 132  1671 123  1571 117  1471 113  1471
 107  1471 101  1471  98  1471 101  1371 110  1271 121  1171 133  1271 145  1371
 155  1471 162  1471 166  1471 169  1471 171  1571 171  1671 170  1871 168  1871
 163  1871 155  1771 144  1771 131  1571 120  1571 113  1571 109  1571 106  1571
 102  1451  98  1451  96  1411  98  1351 102  1251 110  1111 120  1351 131  1451
 140  1611 147  1751 151  1751 155  1811 158  1951 160  2051 160  2111 157  2051
 152  2051 146  1911 141  1851 136  1751 132  1661 127  1661 123  1761
299 143   001 140   001 131   001 121   001 122   001 121   001 122   671
 120   871 117  1171 116  1171 118  1171 123   971 129   971 136   971 142  1171
 150  1171 159  1371 168  1471 176  1771 180  1871 182  1871 182  2071 181  2171
 177  2171 170  2071 158  1971 144  1971 132  1871 123  1571 117  1471 112  1171
 103  1271  97  1271  96  1371 102  1271 111  1171 120  1071 128  1171 134  1371
 141  1471 149  1571 156  1671 162  1871 162  1871 160  1871 157  1871 154  1871
 151  1771 146  1771 139  1771 132  1771 126  1671 122  1471 118  1471 115  1271
 108  1251 103  1251 101  1311 104  1251 111  1051 119   911 126  1151 133  1251
 139  1411 146  1651 153  1751 160  1911 166  2051 170  2251 170  2311 166  2251
 159  2151 152  2011 147  1951 144  1851 140  1761 136  1561 132  1461
434 158   001 149   001 130   001 126   001 121   001 117   001 113   371
 108   671 105   671 101   771  99   871  99   971 106  1071 119  1071 135  1271
 149  1271 158  1471 164  1671 168  1871 172  1971 176  1871 178  2071 177  1971
 173  1871 168  1771 160  1671 153  1571 143  1271 135  1171 128  1171 122  1071
 118  1071 114  1071 111  1071 109  1171 108  1171 113  1271 123  1371 138  1471
 151  1571 162  1871 169  2171 174  2471 176  2471 178  2371 178  2271 177  2171
 173  1871 167  1771 158  1671 147  1671 138  1471 130  1371 124  1271 119  1171
 121  1151 117  1151 113  1111 111  1151 112  1251 115  1211 122  1251 130  1351
 137  1311 142  1551 146  1751 149  1911 152  1951 155  2051 157  2011 158  1951
 156  1951 153  1811 147  1651 141  1551 136  1361 132  1361 130  1261
460 155   001 148   001 132   001 122   001 114   001 115   001 113   771
 107  1171 101  1471  98  1571  99  1471 105  1271 115  1171 130  1271 146  1471
 159  1571 168  1671 174  1771 178  1871 181  2071 185  2271 188  2271 190  1971
 188  1671 180  1371 166  1471 147  1571 129  1671 119  1671 112  1771 106  1771
  99  1871  92  2071  88  2171  89  1871  94  1571 105  1271 120  1371 137  1371
 152  1471 164  1671 172  1871 177  1971 179  2071 180  2271 179  2371 176  2071
 171  1871 163  1571 151  1571 138  1471 126  1471 118  1671 113  1671 109  1771
 113  1851 109  2051 107  2111 109  1851 113  1551 121  1211 131  1351 141  1551
 150  1611 155  1851 159  2051 161  2211 164  2251 167  2351 168  2311 167  2151
 164  1951 160  1711 155  1651 150  1651 145  1561 140  1661 136  1661
481 168   001 161   001 146   001 137   001 135   001 129   001 125   471
 121   671 118   771 116   971 117   971 121   971 129   971 140   971 153  1171
 168  1171 180  1271 190  1371 197  1471 200  1771 202  1871 202  2171 201  2071
 197  1871 190  1871 181  1871 169  1571 156  1371 146  1371 136  1471 127  1371
 119  1371 112  1271 108  1271 108  1171 111  1171 119  1071 129  1171 143  1071
 156  1171 169  1271 180  1471 188  1471 191  1771 192  2071 189  2411 184  2351
 178  2051 171  1811 163  1651 154  1551 146  1311 139  1351 133  1351 128  1311
 126  1351 122  1251 120  1211 119  1151 121   951 126   811 134   951 144  1151
 154  1211 162  1451 168  1551 173  1711 177  2151 179  2451 178  2811 174  2651
 169  2351 162  2111 156  1951 150  1751 146  1561 142  1561 139  1561
497 157   001 134   001 127   001 114   001 100   001  96   001  98   871
  98  1271  96  1471  93  1571  93  1471  97  1471 106  1471 122  1471 142  1571
 161  1571 176  1871 186  2271 194  2471 200  2571 202  2471 200  2371 193  2171
 182  1971 168  1871 154  1771 142  1571 131  1471 124  1671 118  1771 113  1871
 107  1871 100  1771  97  1771  97  1671 100  1671 109  1571 121  1571 138  1771
 155  1771 169  1971 181  2371 189  2571 192  2471 189  2371 182  2371 171  2171
 157  1971 144  1871 134  1771 125  1571 119  1471 114  1671 111  1771 106  1971
 103  1751  98  1751  94  1611  93  1551  95  1451 102  1311 113  1451 128  1651
 143  1711 157  1951 169  2251 179  2411 186  2451 189  2551 186  2511 177  2351
 164  2251 150  2011 136  1851 125  1751 117  1561 110  1661 104  1861
510 208   001 192   001 171   001 155   001 145   001 136   001 133   571
 129   671 124   771 119   871 116   971 118   971 127   971 146  1071 166  1271
 187  1371 199  1471 206  1471 211  1571 215  1471 219  1471 221  1371 221  1371
 218  1271 210  1271 193  1271 176  1271 161  1271 149  1271 139  1171 131  1171
 127  1171 126  1071 121  1071 118  1071 117  1071 122  1071 136  1271 154  1471
 173  1671 189  1771 200  1771 208  1771 210  1771 211  1671 209  1571 207  1571
 204  1571 197  1571 185  1571 171  1371 158  1371 150  1371 147  1271 144  1271
 143  1151 140  1051 139  1011 140  1051 143  1151 149  1111 159  1351 170  1551
 180  1711 186  1851 189  1851 190  1911 191  1951 191  2051 191  2011 190  1951
 188  1951 183  1811 175  1751 167  1551 160  1461 155  1361 151  1361
579 204   001 191   001 179   001 172   001 165   001 159   001 154   571
 147   871 141  1271 137  1471 138  1271 144  1271 155  1171 169  1171 186  1271
 202  1271 217  1471 227  1571 235  1771 238  1871 238  1971 236  2071 233  1871
 228  1671 220  1471 208  1471 195  1371 183  1271 175  1271 168  1271 162  1271
 156  1471 150  1671 147  1871 149  1671 155  1471 166  1271 179  1271 195  1271
 209  1271 222  1471 231  1571 237  1771 239  1971 237  1971 235  2171 233  1871
 230  1571 223  1371 210  1371 195  1271 180  1271 170  1271 163  1371 156  1371
 151  1551 145  1751 142  1911 144  1751 151  1551 162  1311 176  1351 192  1451
 206  1411 217  1651 226  1751 230  1911 231  2051 229  2251 226  2311 222  2151
 216  1851 208  1611 196  1551 183  1451 173  1361 164  1361 157  1461
588 202   001 186   001 174   001 165   001 155   001 149   001 138  1271
 129  1471 124  1671 122  1671 124  1471 131  1371 142  1371 161  1371 182  1371
 202  1371 218  1571 228  1671 236  1871 240  1871 242  1871 243  1771 242  1671
 237  1671 228  1571 211  1571 192  1471 174  1471 160  1671 150  1771 143  1971
 135  1971 130  1971 128  1971 131  1871 139  1671 151  1571 168  1471 184  1471
 199  1371 210  1471 217  1671 223  1771 228  1871 232  1971 232  2071 227  1871
 217  1671 204  1471 189  1471 174  1371 160  1371 149  1571 141  1671 133  1871
 131  1951 125  1951 122  2011 122  1851 127  1651 138  1411 154  1451 173  1351
 190  1311 202  1551 210  1851 216  2011 220  2151 222  2251 222  2311 219  2151
 212  1851 202  1611 190  1651 176  1551 164  1561 155  1761 147  1861
621 168   001 162   001 159   001 150   001 141   001 130   001 127   571
 124   771 120   971 116  1071 114  1071 116   971 123   971 135  1171 150  1371
 166  1671 177  1771 184  1871 190  1971 194  1971 198  1771 201  1771 203  1771
 201  1671 195  1771 180  1571 163  1371 146  1271 136  1271 128  1171 123  1171
 120  1271 118  1271 116  1371 116  1271 120  1071 128   971 142  1271 158  1571
 173  1971 182  1971 187  2071 190  2071 192  2171 193  2071 193  2171 191  2071
 188  2071 182  1971 172  1671 163  1571 153  1371 145  1371 137  1271 132  1171
 130  1251 127  1251 126  1311 127  1251 130  1251 135  1111 143  1451 152  1651
 160  1911 167  2051 172  2151 175  2211 176  2251 176  2251 174  2211 171  2151
 168  1951 163  1811 157  1751 150  1551 145  1461 141  1361 136  1261
630 201   001 187   001 180   001 175   001 171   001 162   001 150   571
 138   771 129   771 122   771 118   771 119   771 124   771 139   871 156  1171
 173  1271 185  1471 193  1671 200  1771 208  1671 214  1471 218  1271 218  1271
 215  1171 207  1271 196  1171 183  1171 170  1071 158   971 147   971 139   871
 134   871 130   871 128   871 127   871 128   771 135   771 149   971 165  1271
 181  1471 194  1671 202  1671 208  1871 214  1771 218  1671 219  1571 217  1571
 213  1571 204  1471 194  1371 182  1371 172  1271 165  1171 159  1071 154   971
 151   851 144   951 139   911 138   951 140   851 146   811 155  1051 166  1151
 176  1311 185  1551 191  1751 195  1911 196  1851 196  1851 194  1711 192  1751
 189  1651 184  1611 176  1551 168  1351 161  1261 158  1161 157  1061
643 246   001 229   001 214   001 191   001 176   001 163   001 156   671
 152   871 150  1071 150  1071 154  1071 160  1171 170  1271 185  1371 201  1371
 217  1571 229  1671 237  1671 244  1771 251  1771 256  1571 260  1571 260  1471
 255  1471 246  1371 230  1271 211  1171 196  1071 185  1071 180  1071 175  1071
 170  1171 163  1171 158  1271 157  1271 161  1271 172  1271 189  1371 209  1471
 227  1571 238  1671 246  1771 251  1771 255  1771 258  1671 260  1771 261  1571
 258  1471 249  1371 234  1271 217  1171 202  1171 193  1171 188  1171 184  1171
 177  1151 171  1151 167  1211 168  1251 173  1251 183  1211 197  1351 212  1451
 226  1511 235  1651 241  1751 245  1811 248  1851 249  1851 248  1811 243  1751
 235  1651 225  1511 213  1451 202  1251 193  1161 187  1161 181  1261
645 221   001 206   001 192   001 181   001 173   001 165   001 161   571
 158   871 156  1071 156  1171 158  1171 163   971 172   971 185  1071 200  1271
 214  1371 227  1471 236  1671 245  1771 252  1771 257  1571 259  1571 257  1371
 251  1271 239  1071 223  1071 206   971 190   971 179  1071 171  1271 165  1371
 161  1471 158  1571 157  1671 158  1471 163  1271 172  1071 186  1071 203  1171
 221  1171 234  1271 244  1371 250  1471 256  1571 258  1771 259  1971 257  1671
 252  1371 241  1071 224   971 207   971 190   971 179  1171 173  1271 167  1471
 161  1551 157  1651 156  1711 158  1551 164  1251 174  1011 187  1151 202  1151
 215  1211 225  1351 233  1551 239  1611 243  1851 246  1951 245  2111 240  1851
 232  1651 220  1311 206  1251 192  1051 181   961 173  1161 167  1261
650 223   001 210   001 202   001 192   001 185   001 178   001 168   471
 159   671 153   871 150  1071 152   871 159   871 170   671 186   771 203   971
 221  1071 237  1171 249  1371 256  1471 260  1371 261  1371 259  1271 255  1271
 250  1271 240  1271 227  1171 212  1071 200   871 190   971 182  1071 176  1171
 168  1171 161  1271 158  1271 161  1071 169   971 180   771 191   871 204   971
 217  1071 229  1171 240  1371 248  1471 251  1271 251  1371 248  1171 244  1171
 238  1271 230  1271 219  1171 206   971 196   871 188   971 182  1071 176  1171
 168  1151 162  1251 159  1211 160  1051 165   951 174   711 186   851 200  1051
 214  1111 226  1351 235  1451 241  1611 243  1551 243  1551 240  1411 235  1551
 229  1551 221  1611 211  1451 202  1151 193   961 185  1061 178  1161
675 248   001 221   001 204   001 201   001 188   001 180   001 166   771
 155  1271 149  1371 148  1471 153  1371 163  1371 177  1371 200  1371 222  1271
 241  1271 255  1471 264  1471 269  1571 272  1571 273  1471 272  1471 269  1471
 262  1471 250  1471 233  1371 211  1371 192  1271 177  1271 168  1371 160  1371
 152  1371 148  1471 148  1471 153  1471 164  1371 180  1371 200  1371 221  1471
 239  1471 251  1571 259  1671 262  1771 263  1771 261  1671 257  1671 251  1671
 241  1571 230  1571 215  1471 199  1371 184  1271 171  1371 162  1371 154  1471
 151  1351 147  1351 146  1411 149  1451 156  1351 168  1311 184  1451 203  1551
 220  1611 234  1751 243  1851 249  1911 252  1951 252  2051 250  2011 247  1951
 242  1951 233  1811 218  1651 201  1551 188  1361 175  1361 165  1461
690 232   001 217   001 210   001 202   001 194   001 194   001 190   571
 187   771 187   871 188   971 192   871 197   971 207   971 218  1171 228  1171
 237  1271 241  1171 242  1071 242   871 241   971 240  1271 239  1371 237  1271
 235  1171 229  1071 223  1071 215  1071 209   871 204   971 199   971 195  1071
 192  1171 186  1271 187  1371 191  1271 196  1171 203  1071 209  1071 214  1171
 217  1171 219  1171 221  1271 222  1371 222  1371 221  1371 219  1471 215  1271
 210  1071 205   971 200   971 197  1071 192  1071 186   971 179  1071 173  1071
 173  1151 172  1251 173  1311 176  1251 180  1151 186  1011 194  1151 202  1251
 209  1311 215  1351 219  1251 221  1211 221  1251 219  1351 217  1311 215  1151
 212  1051 209   811 205   851 201   951 195   961 190   961 184  1061
747 219   001 209   050 199   001 193   001 188   001 184   001 180   671
 175   871 170   971 165  1071 165  1071 169  1071 176  1171 185  1471 196  1571
 206  1771 214  1771 221  1671 228  1671 235  1671 240  1971 243  1971 243  1871
 240  1671 233  1571 222  1471 210  1271 201  1171 195  1171 192  1271 188  1271
 184  1271 178  1271 175  1271 176  1271 181  1271 190  1271 200  1371 212  1671
 222  1771 230  1871 234  1871 237  1971 240  2071 243  2071 243  2071 240  1971
 235  1871 227  1771 218  1571 210  1471 201  1271 195  1271 191  1371 186  1371
 184  1251 179  1351 176  1311 177  1251 181  1251 188  1111 196  1351 205  1551
 213  1711 220  1751 225  1851 229  1811 231  1851 232  1851 231  1811 227  1851
 222  1751 215  1711 207  1551 200  1351 194  1161 189  1261 185  1261
NT  TEDF  78  35 1
20130625232013062518
20130625232013062519
20130625232013062520
20130625232013062521
20130625232013062522
20130625232013062523
20130625232013062600
20130625232013062601
20130625232013062602
20130625232013062603
20130625232013062604
20130625232013062605
20130625232013062606
20130625232013062607
20130625232013062608
20130625232013062609
20130625232013062610
20130625232013062611
20130625232013062612
20130625232013062613
20130625232013062614
20130625232013062615
20130625232013062616
20130625232013062617
20130625232013062618
20130625232013062619
20130625232013062620
20130625232013062621
20130625232013062622
20130625232013062623
20130625232013062700
20130625232013062701
20130625232013062702
20130625232013062703
20130625232013062704
20130625232013062705
20130625232013062706
20130625232013062707
20130625232013062708
20130625232013062709
20130625232013062710
20130625232013062711
20130625232013062712
20130625232013062713
20130625232013062714
20130625232013062715
20130625232013062716
20130625232013062717
20130625232013062718
20130625232013062719
20130625232013062720
20130625232013062721
20130625232013062722
20130625232013062723
20130625232013062800
20130625232013062801
20130625232013062802
20130625232013062803
20130625232013062804
20130625232013062805
20130625232013062806
20130625232013062807
20130625232013062808
20130625232013062809
20130625232013062810
20130625232013062811
20130625232013062812
20130625232013062813
20130625232013062814
20130625232013062815
20130625232013062816
20130625232013062817
20130625232013062818
20130625232013062819
20130625232013062820
20130625232013062821
20130625232013062822
20130625232013062823
002000100010001000100011001117112711271127112712271231123512351231133513351
43114351435143114351335133113351435143116351635173117351735163116351535153114351
33513311235133513311435143515311535153515311535153515311535153516311635163517311
73517351631173517351731173517351731173517351731173517351631163516351636163616361
005000100010001000100010001117112711271127112712271131113511351231133514351
43114351435133113351335123112351235123113351535163117351735173116351635153114351
43513311335143514311435133513311435153515311535153515311535153515311635163516311
63517351731173517351731173517351731173517351731173516351631163516351636163616361
015500150010001000110011001117101710271127112711271231123513351331143514351
53116351635163115351435133113351335143115351635173117351735173116351535153115351
53515311535153515311535153515311535153515311635163516311635153515311535153516311
63517351731173517351731173517351731173517351731173517351631163516351636163616361
027000100010001000100010001117111711271127112712271131113511351131123513351
43115351535153114351335113111351135113112351235133113351335133114351435143114351
43514311435133513311435143514311435143514311435143514311535153516311635163516311
63516351731173517351731173517351731173517351731163516351631163515351536153616361
070500150015001400140011001117111711271127112711371131113511351131123512351
33114351535163115351435133113351335133113351435153115351635173117351735173117351
73517311635163516311635173517311635163515311535153515311535153515311635163516311
73516351631173517351731173517351731173517351731173517351631163517351736173617361
110700170014001700130011001117111711271127112711271231123513351331143514351
43113351235123112351135113111351135123112351335133114351535153115351535143115351
53515311435133512311235123512311335143515311635163516311635173517311735173516311
63516351631163517351731173517351731173517351731163515351531143514351536153615361
120000100010001100100010001117111711271127112711271231123512351331133514351
43114351435133113351235123112351235123113351435153115351635163115351535153115351
63516311535143513311235123512311335153516311635163515311535153516311635173517311
73517351731173517351731173517351731173517351631163516351531153515351536153615361
130500120010001000100010001027102710371037113711351131113512351231133513351
33113351335133112351235113111351135113111351235133114351535153115351535153115351
63516311635153514311335133512311335133513311335143514311535163516311735173517311
73516351631163517351731173517351731173517351731163515351531143515351536153615361
145300110010001000100010001027102711271127112711351131113511351231123512351
33114351635163116351635153114351335123112351235123112351235133114351535163116351
63516311535143513311335133513311335133513311335143514311435133513311435153516311
73516351631163517351731173517351731173517351731173516351631163516351736163616361
149400120010001000100010001117111711271127112711271131113511351131123512351
33114351535163116351535143113351235123112351235133113351335133114351535163117351
63516311535143514311435143514311335133512311335133514311435143514311535163516311
73516351631163517351731173517351731173517351731173516351631163516351736163616361
156500120010001000100010001027102711271127112711351131113511351131123512351
33114351635163116351535143113351235123112351235123113351335133114351535163116351
63516311535143514311435143514311335133512311335143514311435133513311435163516311
73516351631163517351731173517351731173517351731173516351631163516351636163616361
168700170017001700160013001217121711271127112711371231123512351231113511351
23113351435153115351535153114351335123112351235133114351435153116351635163116351
63516311635163516311635163515311535153514311535153516311635163516311635163516311
63516351631163517351731173517351731173517351731173517351631163517351736173617361
180700170016001600140013001217111711271227122712371231123512351231123512351
23113351435153115351435143113351335123112351235123113351335143115351635173117351
73516311635173517311635163515311535153515311535153515311535153516311635173517311
73517351731173517351731173517351731173517351731173517351731173517351636163616361
190800180018001700160015001517141712171227122713271331133513351331133514351
53115351535153114351335133113351435143113351235123112351335153116351635163116351
63516311635173517311735173516311635153515311535153516311635153515311535163516311
63516351631173517351731173517351731173517351731173516351631163516351636163616361
222700160010001000100010001017101710271027112711271131113512351231133513351
43115351535153114351335113111351135113111351135113111351235133113351435143113351
33512311235133514311435153514311335123512311235133515311535153516311635163516311
53515351431143514351431153516351731173516351631153514351431133513351336133614361
240600150010001000100011001027102710371137113711371131113511351131123512351
33114351435143114351435133112351235123112351135113112351235133115351635163115351
43513311335143515311535153514311435143514311435143514311535153515311535153515311
63516351731173517351731173517351731173517351731173516351631163516351536153615361
255400120012001200110011001117111711271127112711271131113511351131113511351
23113351435153115351435133112351235123112351235113111351135113112351435143113351
23512311335143516311635163515311435133512311235133513311435143514311435153515311
53515351531163516351731173517351631173517351731173517351631163517351736173616361
260500160014001000100010001017101710271027112711271131113511351131123512351
33113351335133113351335133112351235123111351135113111351135123112351335133114351
53515311535153515311635163516311635153514311435143515311535153514311435133513311
33514351531153516351731173517351731173517351731173517351731173517351636163616361
280700170017001600140011001117111711271127112711271231123512351131113511351
23112351235123112351235123112351235123112351235123112351235133114351535153116351
63516311635163517311735173517311635153515311535153515311535143513311335143514311
53515351531163517351731173517351731173517351731173516351631163516351636163616361
299700180018001800180018001717171717171627162715271531153515351431133512351
23111351235123112351235113111351135113112351335133113351235123112351335143114351
33512311235133514311535163517311735173516311635163516311635153515311535153515311
53515351531153515351531153515351631163516351631163516351531153516351636163616361
434500100010001000100010001027102710271127113511351131113511351131113511351
13112351335143114351435143113351235123111351135113111351135113112351335143114351
43513311335133513311235123512311235123512311235123512311235133513311435153516311
63516351631163516351631163516351631163516351631173516351631163515351536153616361
460700120012001200100010001117111711171227122712271331133513351331133512351
23112351235123112351235113112351235123113351335133113351235113111351135123113351
43515311535143513311335143515311535163516311635153515311535143514311435143515311
53515351531163516351731173517351731173517351731173516351631163516351636163616361
481100100010001100100010001117122712271327132713271331123512351131113511351
13112351235123112351235123111351135113112351335133113351235123113351435143114351
33512311235123512311235123513311335143514311435143513311435143515311535153515311
53515351531143513351331133514351531163517351731173517351731173517351736163616361
497600130013001300130013001317122712271227122712271131113511351131123512351
23113351335123112351135113111351135123112351335143114351535143114351335133113351
33514311435143514311435133513311435143515311635163516311635153515311535163516311
63516351631163516351631163517351731173517351731163516351631153515351536153615361
510700140010001000100010001027102710271027112711351131113511351131113511351
13111351135113112351235123112351235123112351235113111351135113112351235133113351
33513311235123512311235123512311235123512311235123512311235123512311335133513311
43514351431143515351531143514351431143515351531163516351531153515351436143614361
579000100010001000100010001017102711271127112711271131113511351131113511351
13111351135113111351135113111351135113111351235123113351335133112351135113112351
33514311435143513311335123511311135113511311135123512311235123512311235123512311
23512351231123512351331133512351331133514351431143514351431143514351436143614361
588000100010001000100010001017111711271127112711371131113511351131113511351
13111351135113111351135113111351135113111351135123112351235123113351435143113351
33512311335143515311635163515311435123511311135113512311335133514311435143513311
43514351431143513351231123513351331143514351331133512351231133514351436153615361
621800170017001700180015001417142713271227122712271131113511351231123512351
23112351235123112351235123112351235133113351435143114351335123111351135123112351
33514311535153516311535153514311335133513311335133514311535153515311535143513311
23512351231133513351431153515351631163517351731163515351531153515351536153615361
630600160017001700160014001317132712271127112711371131113511351131113511351
13111351135113111351135113111351135123112351335133113351235113111351135113112351
23512311235133513311335133512311235123512311235123512311235133513311335123512311
23512351231123512351231133514351531163516351631153515351531153515351536153615361
643000100010001000100010001017102711271127112711271131113511351131113511351
13111351135113111351135113111351135113111351135123112351335133113351235113111351
13511311235133514311335123512311235133513311335123511311135113511311135113511311
13511351131123512351231123512351231123513351431143514351431143514351436143614361
645000100010001000100010001017101710271127112711271131113511351131113511351
13111351135113111351135113111351135113111351135113112351335133113351235113111351
23513311335133512311235123512311235123512311135113511311135113511311135113511311
13511351131123513351331133512351231123513351431143514351431143514351436143613361
650000100010001000100010001017101711271127112711371131113511351131113511351
13111351135113111351135113111351135113111351235123112351235123113351435143113351
23511311235133514311535153514311335123511311135123513311335143514311335133512311
23512351131113511351131113511351231123513351431143514351431143514351436133613361
675000100010001000100010001017112711271127112711371131113511351131113511351
13112351335133113351235113110351035113111351235123112351235123113351435143114351
33512311235133514311535163516311535143513311235123512311235123512311235123513311
33514351431143514351431143514351431143514351431143514351431143514351436143614361
690000100010001000100014001427132713271327122712371231123511351131113512351
23113351335133113351235113111351135113111351135113112351235133113351435143114351
33512311235133514311535163516311535153514311435143515311535153515311435143514311
43514351531153515351531153514351431143515351531153515351431143514351536153615361
747000100010001000100010001017111711271127112711271131113511351131113511351
13111351135113111351135113111351135113111351135113112351335133113351235123111351
23512311335143514311435133513311235123511311135113511311135123512311235123512311
23512351231123513351331133514351431143514351431143514351431143514351536153615361
