20131106131619
T2M TEDF  78  35 1
20131106132013110608
20131106132013110609
20131106132013110610
20131106132013110611
20131106132013110612
20131106132013110613
20131106132013110614
20131106132013110615
20131106132013110616
20131106132013110617
20131106132013110618
20131106132013110619
20131106132013110620
20131106132013110621
20131106132013110622
20131106132013110623
20131106132013110700
20131106132013110701
20131106132013110702
20131106132013110703
20131106132013110704
20131106132013110705
20131106132013110706
20131106132013110707
20131106132013110708
20131106132013110709
20131106132013110710
20131106132013110711
20131106132013110712
20131106132013110713
20131106132013110714
20131106132013110715
20131106132013110716
20131106132013110717
20131106132013110718
20131106132013110719
20131106132013110720
20131106132013110721
20131106132013110722
20131106132013110723
20131106132013110800
20131106132013110801
20131106132013110802
20131106132013110803
20131106132013110804
20131106132013110805
20131106132013110806
20131106132013110807
20131106132013110808
20131106132013110809
20131106132013110810
20131106132013110811
20131106132013110812
20131106132013110813
20131106132013110814
20131106132013110815
20131106132013110816
20131106132013110817
20131106132013110818
20131106132013110819
20131106132013110820
20131106132013110821
20131106132013110822
20131106132013110823
20131106132013110900
20131106132013110901
20131106132013110902
20131106132013110903
20131106132013110904
20131106132013110905
20131106132013110906
20131106132013110907
20131106132013110908
20131106132013110909
20131106132013110910
20131106132013110911
20131106132013110912
20131106132013110913
002 116   001 115   001 117   001 128   050 140   001 143   001 143   471
 144   571 145   671 147   771 148   871 149   871 149   871 149   771 147   771
 145   871 143   871 143   871 144   871 144   871 143   971 141   971 136  1071
 129  1071 122  1071 116  1071 114  1071 115  1071 116  1071 117  1171 117  1371
 117  1471 114  1371 113  1271 111  1171 109  1071 107   971 106   871 105   971
 103   971 103  1071 103  1071 103  1171 103  1171 103  1171 102  1271 100  1271
  98  1271  96  1271  97  1271 100  1271 105  1271 111  1271 113  1371 114  1351
 113  1411 111  1451 109  1451 106  1411 104  1451 101  1351  99  1311  96  1351
  94  1351  92  1311  92  1351  93  1351  93  1311  92  1451  89  1451  86  1511
  83  1551  81  1451  82  1411  87  1351  94  1351  99  1211 101  1251
005 113   001 122   001 136   001 142   001 146   001 148   001 146   371
 146   571 146   771 144   871 142   771 141   871 139   971 138   971 136   971
 137   971 137   971 138   971 139  1071 139  1071 138  1071 137  1171 135  1171
 133  1171 130  1171 126  1071 121  1171 115  1371 111  1471 110  1471 111  1571
 110  1571 107  1371 103  1171  98   971  95   971  92   871  90   871  88   871
  87   971  86   971  86  1071  86  1271  84  1371  80  1371  76  1371  75  1371
  78  1371  85  1271  92  1271  98  1371 103  1471 108  1571 112  1571 114  1571
 112  1571 106  1371 100  1271  93  1171  88  1171  87  1271  85  1271  82  1271
  80  1171  78  1171  78  1271  77  1371  74  1471  69  1471  64  1471  62  1471
  65  1451  71  1351  77  1311  82  1351  85  1451  89  1411  93  1451
015 100   001 101   001 105   001 110   001 117   001 143   001 146   471
 147   571 148   671 147  1171 145   871 142   871 138   971 136   871 134   971
 133   971 132  1071 131  1071 131  1171 131  1171 131  1171 131  1171 130  1171
 128  1171 126  1071 125  1071 124  1271 123  1371 122  1571 120  1471 117  1471
 113  1371 109  1271 105  1171 100  1071  95  1071  91   971  88   971  86  1071
  85  1271  84  1371  81  1471  80  1471  78  1571  75  1571  76  1571  76  1571
  77  1471  79  1371  84  1271  92  1371 102  1571 109  1571 114  1571 114  1571
 111  1571 106  1471  99  1371  94  1271  91  1171  88  1171  86  1071  82  1171
  79  1271  77  1271  76  1371  75  1471  73  1571  70  1571  67  1571  66  1511
  68  1551  74  1451  80  1411  86  1551  92  1651  95  1711  96  1751
027 139   001 137   001 142   001 142   001 153   001 146   001 149   571
 150   771 148   771 144   771 139   771 137   871 136   871 135   871 134   971
 134  1071 135  1071 135  1071 137  1071 137  1071 136  1171 133  1171 131  1271
 130  1271 128  1171 128  1071 126  1171 124  1171 123  1271 121  1271 120  1271
 116  1171 112  1071 107   971 101   871  95   971  90   971  86  1071  83  1171
  81  1271  80  1371  80  1371  79  1371  78  1371  77  1471  75  1471  75  1571
  78  1471  82  1271  90  1271  98  1271 106  1271 112  1171 114  1171 113  1171
 109  1171 103  1071  95  1071  88   971  82  1071  78  1071  76  1171  75  1271
  75  1471  76  1571  77  1571  77  1671  75  1671  71  1671  68  1671  67  1611
  70  1551  76  1351  84  1211  92  1251  99  1251 105  1211 109  1251
070 107   001 115   001 125   001 147   001 151   001 155   001 151   271
 147   671 143   671 138   871 135  1071 134  1171 134  1271 135  1271 132  1271
 128  1271 125  1271 123  1371 124  1471 125  1571 126  1471 127  1471 129  1371
 133  1271 138  1071 144   971 149  1071 153  1271 154  1371 154  1371 151  1271
 146  1071 138  1171 129  1271 123  1371 120  1371 117  1471 114  1571 111  1571
 108  1371 105  1371 101  1471  98  1571  96  1671  94  1671  94  1571  95  1571
  99  1471 104  1571 110  1471 116  1371 120  1371 124  1371 125  1271 124  1171
 119  1171 111  1271 104  1271  97  1371  94  1371  94  1471  94  1571  93  1471
  90  1471  86  1371  83  1471  80  1571  77  1671  74  1571  72  1571  72  1411
  76  1451  83  1451  91  1411  99  1451 106  1551 110  1511 112  1551
110 143   001 148   001 153   001 161   001 157   001 157   001 155   671
 153   671 150   671 147   871 145   771 144   971 143  1071 142  1271 141  1271
 140  1271 138  1271 136  1271 134  1371 130  1371 124  1271 118  1271 114  1171
 113  1071 115   871 118   771 119   871 120   971 121  1071 123   971 124  1071
 123  1071 117  1071 111   971 106   971 101  1171 100  1271  99  1471  97  1471
  95  1571  92  1571  89  1571  86  1671  85  1671  86  1771  88  1771  90  1871
  92  1571  94  1271  98   971 103   971 109  1071 112  1071 114  1071 112  1171
 108  1371 101  1271  95  1171  90  1071  87  1271  88  1571  89  1871  89  1771
  89  1871  89  1871  89  1971  89  1971  90  2071  92  2051  93  2051  94  2011
  94  1651  94  1351  95   911  99   951 103  1051 107  1011 108  1151
120 143   001 144   001 154   001 157   001 153   001 154   001 152   471
 150   571 148   571 146   771 145   771 143   871 142   971 141  1071 141   971
 141   971 143   871 144   971 146  1071 143  1171 137  1271 129  1271 122  1371
 119  1171 118  1071 119   871 121   971 122  1071 123  1071 124  1071 123  1071
 119  1071 113   971 106   971 101   871  96   971  94  1071  94  1171  94  1171
  93  1071  93  1071  90  1171  87  1171  84  1271  81  1371  79  1471  79  1571
  81  1371  86  1071  93   871 101   971 109  1171 114  1271 114  1371 109  1371
 102  1471  94  1371  85  1171  79  1071  78  1171  80  1171  81  1271  80  1271
  79  1171  78  1171  79  1271  81  1271  82  1371  82  1471  82  1571  81  1611
  81  1451  82  1151  86   911  93  1051 101  1251 107  1311 110  1451
130 146   001 153   001 161   001 174   001 166   001 165   001 166   271
 162   471 156   671 150   871 145   871 142   871 141   971 140   971 140   971
 141  1071 141  1071 141  1171 141  1271 140  1371 139  1371 137  1271 137  1271
 138  1171 139  1171 141  1071 143  1171 143  1171 143  1271 140  1271 137  1271
 132  1271 127  1171 122   971 117   771 113   871 109  1071 106  1171 104  1171
 102  1171 100  1171  98  1371  94  1471  91  1671  87  1671  85  1671  86  1671
  91  1471  99  1371 108  1171 115  1171 121  1271 123  1271 123  1371 121  1471
 115  1571 107  1371  98  1171  90   971  84  1071  80  1171  77  1271  75  1371
  76  1371  76  1471  77  1671  78  1771  78  1971  77  1871  77  1871  77  1771
  80  1551  85  1451  93  1211 104  1251 115  1351 124  1311 128  1451
145 124   001 130   001 143   001 148   001 154   001 151   001 153   271
 152   571 149   871 144   871 139   871 135   971 132   971 131  1071 131  1071
 131  1071 131  1071 129  1071 127  1071 126  1071 125  1071 125  1071 126  1071
 127  1071 128  1071 129  1071 131  1171 133  1271 134  1371 134  1271 132  1051
 129   911 125   851 120   951 116   811 113   951 111   951 109  1011 108  1151
 107  1151 105  1211 102  1251  99  1351  97  1311  96  1351  97  1251  97  1271
  97  1271  97  1271  99  1271 103  1371 107  1471 111  1571 114  1571 114  1571
 112  1571 107  1371 100  1271  95  1071  91  1071  88  1171  86  1171  85  1171
  83  1271  81  1271  78  1271  73  1371  69  1371  65  1371  62  1271  62  1211
  65  1251  70  1351  76  1311  83  1451  90  1651  95  1711  99  1651
149 130   001 140   001 150   001 153   001 158   001 161   001 158   371
 155   471 152   771 147   771 141   971 137   971 134  1171 132  1271 131  1171
 130  1171 130  1171 130  1171 130  1271 130  1271 130  1171 131  1171 131  1071
 132  1071 133   971 135   971 137   971 140  1071 143  1171 144  1071 145   871
 143   771 137   871 130   871 124   971 119  1171 117  1171 117  1271 115  1271
 117  1371 116  1371 115  1471 112  1471 110  1571 110  1471 109  1371 108  1271
 106  1271 105  1371 106  1371 111  1371 117  1471 122  1471 125  1471 124  1371
 121  1371 115  1271 108  1271 101  1171  97  1271  94  1271  92  1371  90  1371
  88  1371  86  1371  83  1471  79  1671  74  1771  70  1671  66  1471  66  1311
  69  1351  75  1351  83  1311  91  1451  99  1451 105  1511 109  1451
156 137   001 140   001 146   001 155   001 162   001 164   001 156   271
 152   471 150   571 149   671 146   771 142   771 139   971 136   971 133   971
 132  1071 132  1071 133  1071 133  1171 132  1171 131  1171 131  1071 130  1071
 130  1071 131   971 136   971 142  1071 149  1171 154  1271 154  1171 151  1071
 146   871 141   871 137   871 132   871 126   871 122   871 119   871 118   971
 118  1071 119  1171 118  1271 116  1271 112  1371 110  1371 108  1271 107  1271
 106  1271 105  1371 109  1371 116  1471 125  1471 132  1571 135  1571 134  1371
 130  1271 124  1271 118  1171 112  1171 108  1071 103  1071 100   971  96  1071
  93  1171  90  1271  87  1371  84  1371  81  1471  77  1371  72  1371  70  1271
  72  1351  77  1351  85  1411  94  1551 103  1651 110  1711 114  1551
168 139   001 145   001 154   001 155   001 163   001 169   001 168   571
 163   871 158   971 150  1071 144  1171 140  1371 138  1371 135  1371 132  1371
 129  1271 127  1271 126  1271 127  1271 128  1271 128  1271 129  1271 131  1271
 136  1171 140  1171 146  1071 153  1271 160  1471 164  1671 165  1571 163  1471
 159  1371 153  1371 146  1471 139  1471 135  1471 132  1571 129  1471 127  1471
 125  1471 122  1471 120  1571 119  1671 117  1771 115  1671 113  1671 113  1571
 113  1471 116  1271 119  1171 124  1371 130  1471 133  1671 135  1571 134  1471
 130  1371 123  1371 115  1371 108  1371 104  1471 101  1471  98  1571  95  1571
  93  1471  90  1471  88  1571  85  1671  82  1771  78  1771  75  1671  74  1611
  78  1551  84  1351  92  1211  99  1451 104  1551 108  1711 110  1651
180 100   001 104   001 118   001 125   001 137   001 146   001 142   371
 137   571 134   771 131  1271 128  1271 126  1371 126  1471 127  1471 126  1471
 125  1571 122  1671 118  1671 115  1671 114  1671 114  1671 116  1671 119  1671
 122  1571 127  1571 133  1471 140  1571 146  1671 151  1871 155  1671 155  1571
 152  1471 148  1371 141  1271 135  1171 131  1271 130  1471 128  1471 123  1571
 121  1771 118  1871 117  1871 116  1771 116  1771 115  1771 116  1671 117  1671
 119  1671 121  1671 124  1671 127  1671 130  1671 133  1671 135  1671 135  1671
 133  1571 128  1471 122  1371 115  1271 110  1371 107  1371 104  1571 101  1671
  96  1771  93  1871  91  1871  90  1771  89  1771  87  1671  85  1671  85  1511
  87  1551  90  1551  94  1511  97  1651  99  1851 101  1911 103  1851
190  95   001 101   001 108   001 110   001 116   001 132   001 141   471
 144   571 142  1171 137  1371 131  1371 128  1371 127  1271 126  1271 125  1371
 122  1371 119  1471 117  1471 116  1371 115  1371 115  1371 116  1371 119  1371
 125  1371 133  1371 141  1271 150  1571 158  1771 163  1871 165  1971 163  2071
 158  2071 150  1871 141  1571 133  1471 127  1471 123  1271 118  1271 115  1371
 112  1571 110  1671 110  1671 109  1671 109  1671 107  1571 105  1571 106  1471
 112  1371 120  1371 130  1271 139  1371 145  1371 151  1571 154  1671 154  1871
 151  1971 143  1771 133  1571 123  1371 117  1371 113  1371 110  1371 109  1471
 107  1771 105  1871 102  1871  99  1871  96  1871  92  1771  89  1771  89  1611
  92  1551  98  1451 104  1311 110  1551 115  1651 118  1811 119  1951
222 156   001 160   001 167   001 167   001 167   001 162   001 162   371
 161   771 156   971 150   971 146   971 144  1071 143  1171 142  1171 142  1171
 141  1171 138  1171 136  1271 134  1271 133  1371 132  1371 134  1271 136  1271
 138  1171 140  1171 143  1171 147  1171 150  1271 153  1271 154  1371 152  1471
 148  1471 141  1171 134  1071 131   971 129  1071 129  1171 130  1271 130  1271
 128  1371 125  1371 120  1471 115  1671 111  1771 112  1771 113  1671 115  1671
 116  1571 118  1271 122  1171 129  1071 136  1171 142  1071 144  1171 141  1171
 135  1271 126  1271 116  1171 107  1171 101  1271  99  1271  96  1371  93  1371
  90  1471  88  1471  87  1571  85  1771  85  1871  85  1871  85  1871  86  1871
  88  1751  92  1551  99  1411 110  1351 122  1351 131  1211 134  1251
240 144   001 145   001 153   001 144   001 157   001 161   001 157   371
 153   671 151   671 148   971 144   871 142   971 140   971 140  1071 140  1071
 140  1171 139  1171 138  1271 137  1271 136  1371 135  1371 135  1371 136  1371
 138  1271 142  1371 147  1271 154  1171 160  1171 164  1171 164  1171 161  1071
 155  1071 147   971 139  1071 133  1071 128  1071 127  1171 126  1171 125  1271
 124  1271 123  1371 121  1471 118  1671 116  1771 113  1771 110  1771 108  1771
 107  1671 109  1571 113  1471 119  1471 126  1571 132  1571 135  1571 134  1371
 131  1371 125  1371 119  1271 112  1371 106  1471  99  1471  94  1571  91  1571
  89  1571  87  1571  86  1671  82  1871  79  1971  74  1971  69  1871  67  1871
  69  1751  75  1651  84  1511  95  1551 106  1451 114  1411 117  1451
255 141   001 136   001 150   001 156   001 156   001 158   001 161   471
 160   671 157   871 152   871 146   971 141   971 139  1071 137  1171 136  1171
 135  1171 133  1271 132  1271 131  1171 129  1171 127  1271 125  1271 126  1311
 129  1451 135  1551 141  1511 147  1651 153  1551 158  1711 162  1651 164  1551
 162  1371 156  1271 148  1171 140  1071 133  1171 129  1171 126  1371 125  1371
 124  1371 122  1471 120  1471 119  1471 117  1471 116  1471 115  1571 115  1571
 115  1671 115  1671 117  1671 121  1771 128  1771 132  1871 134  1771 134  1571
 132  1471 129  1371 125  1371 119  1271 113  1371 106  1371 100  1471  95  1571
  93  1671  90  1771  88  1771  86  1771  83  1771  78  1871  73  1871  71  1911
  73  1851  79  1751  86  1611  94  1751 102  1851 108  1911 112  1851
260 144   001 145   001 147   001 156   001 150   001 153   001 156   371
 155   671 151   971 146  1171 140  1371 135  1471 131  1671 128  1771 124  1771
 119  1971 116  1971 115  1971 117  2071 119  2071 120  1971 120  1771 121  1671
 124  1571 130  1671 137  1571 144  1571 151  1471 157  1371 163  1371 165  1251
 163  1271 158  1371 149  1371 141  1471 134  1671 129  1871 124  2071 121  2071
 118  2171 117  2271 116  2271 115  2371 116  2371 118  2171 120  2071 122  1871
 123  1871 124  1871 126  1771 131  1771 137  1771 141  1671 144  1671 145  1671
 143  1671 138  1671 130  1571 122  1671 113  1871 104  1871  96  2071  91  2171
  88  2271  85  2371  82  2471  78  2471  75  2571  72  2471  70  2271  71  2111
  75  1951  81  1851  89  1611  97  1651 105  1551 112  1511 117  1551
280 118   001 151   001 152   001 156   001 147   001 155   001 148   471
 145   871 139   971 134  1071 130  1171 128  1471 127  1571 126  1671 125  1571
 124  1471 122  1371 121  1471 120  1571 118  1671 116  1671 115  1671 115  1671
 117  1771 122  1671 130  1671 141  1671 151  1771 160  1771 164  1671 163  1571
 159  1471 151  1471 143  1371 134  1471 128  1571 124  1771 119  1871 115  1671
 110  1671 108  1571 106  1671 106  1671 104  1771 100  1871  96  1871  95  1971
  98  1871 103  1771 110  1671 117  1671 123  1671 129  1671 132  1571 134  1671
 132  1771 127  1671 121  1571 115  1471 112  1671 109  1771 108  1971 106  1971
 103  1971 100  1871  96  1971  91  2071  85  2171  80  2171  75  2271  73  2211
  75  2151  80  2051  87  1911  94  1951 101  1951 107  1911 111  1951
299  97   001 100   001 138   001 139   001 145   001 162   001 157   871
 150   971 144  2071 137  1771 130  1471 125  1271 123  1371 122  1371 121  1271
 118  1371 116  1371 115  1271 114  1271 114  1171 115  1271 117  1371 121  1471
 128  1571 137  1571 146  1571 153  1671 158  1771 162  1971 164  1971 164  1871
 159  1971 150  1871 138  1771 128  1671 118  1671 111  1571 106  1671 103  1671
 102  1771 101  1771 101  1671 100  1671  98  1571  95  1671  94  1671  97  1771
 107  1771 122  1771 137  1771 148  1771 156  1771 162  1871 165  1871 164  1851
 159  1711 148  1651 135  1551 123  1311 115  1451 111  1451 108  1511 106  1651
 104  1851 103  1911 102  1951 101  1851  98  1811  93  1951  88  1951  86  2011
  88  2051  93  1951  99  1911 103  2051 107  2051 110  2111 113  2051
434 128   001 129   001 127   001 133   001 138   001 138   001 135   371
 132   671 130   871 128   871 127   871 126   971 125  1071 125  1071 124  1071
 123  1171 122  1171 124  1171 126  1171 126  1171 127  1271 126  1271 126  1371
 128  1371 130  1371 134  1271 138  1271 140  1171 143  1171 144  1271 144  1171
 141  1171 134  1171 126  1171 121  1171 117  1271 117  1371 117  1271 116  1271
 113  1371 110  1371 108  1371 107  1271 106  1271 106  1271 106  1371 105  1371
 104  1471 104  1471 108  1571 115  1671 124  1771 131  1671 134  1571 132  1471
 127  1271 120  1271 112  1371 106  1371 100  1371  95  1471  91  1471  85  1471
  81  1371  78  1371  76  1371  74  1371  73  1371  71  1471  68  1471  67  1511
  67  1451  70  1451  75  1311  83  1351  91  1451  96  1411  97  1451
460 170   001 175   001 175   001 188   001 190   001 194   001 184   471
 175   971 166  1071 156  1171 147  1071 140  1371 138  1471 137  1471 137  1571
 138  1571 137  1671 134  1671 131  1771 129  1771 125  1871 125  1871 127  1971
 133  1771 142  1671 151  1471 159  1571 165  1571 170  1671 173  1771 174  1671
 172  1671 165  1671 156  1571 148  1571 140  1571 134  1671 130  1671 127  1771
 127  1771 126  1871 125  1971 122  2071 120  2171 118  2271 115  2271 116  2371
 121  2171 129  1871 138  1671 148  1671 157  1671 162  1571 164  1671 163  1671
 158  1771 150  1771 142  1671 132  1671 123  1771 116  1771 111  1871 107  1971
 105  2071 102  2171  98  2171  94  2271  89  2271  84  2371  81  2371  80  2411
  83  2251  88  1951  94  1711 100  1751 106  1851 111  1811 115  1951
481 115   001 122   001 129   001 139   001 163   001 171   001 168   371
 167   771 162   871 155  1071 150  1071 146  1371 144  1271 142  1271 139  1271
 136  1271 133  1271 129  1171 124  1171 119  1071 116  1171 115  1271 116  1371
 120  1471 128  1571 137  1571 149  1671 162  1571 171  1671 175  1571 174  1471
 170  1371 161  1371 152  1371 146  1471 140  1471 137  1471 134  1371 128  1371
 124  1371 119  1271 115  1271 112  1371 107  1371 106  1471 105  1471 107  1571
 113  1571 122  1471 135  1471 148  1571 161  1471 171  1571 175  1471 174  1471
 170  1371 163  1471 157  1371 151  1371 147  1371 145  1371 142  1371 137  1371
 133  1571 127  1571 122  1571 117  1671 112  1671 105  1771  99  1771  95  1811
  95  1851  99  1851 103  1811 107  1851 110  1951 114  1911 118  1851
497  46   001  52   001  61   001  70   001  77   001  84   001  85   671
  83   971  79   771  75  1271  70  1271  66  1571  63  1771  60  1871  56  1871
  50  1971  45  1971  41  2071  38  2071  34  2171  29  2071  26  1971  27  1871
  36  1971  50  1871  70  1871  92  2071 114  2271 129  2371 135  2271 134  2271
 123  1971 106  1871  88  1671  77  1671  71  1771  71  1871  72  1971  70  1971
  67  1971  64  1871  61  1871  60  1971  58  1971  52  1871  46  1671  46  1571
  55  1771  70  1971  90  2071 111  2271 130  2371 142  2471 145  2371 141  2271
 131  2271 119  1971 105  1871  94  1671  89  1771  88  1771  88  1871  87  1871
  86  1871  84  1871  83  1871  81  1971  76  1971  68  1971  59  1971  53  1971
  52  2051  56  2051  64  2111  73  2151  83  2251  89  2211  91  2251
510 165   001 168   001 174   001 168   001 174   001 180   001 179   771
 176   971 172  1271 166  1471 160  1571 156  1471 154  1471 153  1371 152  1371
 151  1371 149  1371 148  1471 148  1471 147  1571 146  1471 145  1471 145  1371
 148  1371 153  1371 157  1371 162  1571 167  1671 173  1871 180  1771 183  1571
 182  1471 172  1371 159  1271 149  1171 145  1271 143  1271 143  1371 141  1371
 138  1471 135  1471 133  1471 131  1571 130  1571 129  1571 129  1571 130  1571
 133  1671 137  1571 143  1571 147  1771 151  1871 153  1971 154  1871 154  1671
 149  1471 141  1371 130  1371 122  1271 118  1371 116  1371 115  1371 113  1471
 109  1571 106  1571 104  1571 102  1671  98  1671  93  1671  89  1571  88  1511
  93  1451 102  1451 113  1311 123  1551 131  1651 137  1811 141  1851
579 128   001 159   001 164   001 164   001 172   001 180   001 183   671
 179  1071 169  1271 155  1171 142  1071 134  1171 129  1171 125  1171 121  1271
 117  1371 114  1471 114  1571 114  1571 111  1671 104  1771  97  1771  98  1871
 111  1871 132  1871 156  1771 178  1671 195  1571 206  1471 212  1471 211  1571
 204  1571 189  1371 170  1271 153  1271 142  1271 133  1271 128  1171 123  1271
 120  1371 119  1471 119  1571 118  1671 114  1771 106  1871  98  1871  97  1971
 108  1771 126  1571 147  1371 164  1471 176  1471 186  1571 191  1671 193  1651
 189  1711 180  1551 169  1351 159  1211 152  1251 148  1151 146  1111 145  1251
 144  1351 143  1411 141  1651 137  1751 132  1911 125  2151 119  2251 117  2411
 121  2151 130  1851 138  1511 144  1551 147  1651 149  1611 151  1751
588 169   001 169   001 190   001 204   001 213   001 207   001 203   471
 195   871 183  1171 169  1271 154  1171 141  1271 130  1471 126  1571 123  1571
 121  1571 117  1571 113  1571 109  1671 104  1671  99  1671  96  1571  97  1571
 104  1771 117  1771 135  1871 156  1871 176  1971 193  1971 203  2071 204  1871
 195  1771 177  1571 154  1471 135  1271 123  1371 116  1571 112  1671 107  1671
 101  1671  97  1671  96  1671  95  1771  93  1771  89  1671  86  1671  86  1571
  93  1571 104  1571 122  1571 142  1671 162  1871 178  1971 184  2071 184  2171
 177  2271 166  1971 153  1671 141  1371 134  1471 131  1471 129  1571 127  1571
 124  1571 122  1571 120  1671 118  1871 115  1971 111  1971 107  1951 106  1911
 110  1951 117  1851 125  1811 132  1951 138  2051 144  2111 149  2251
621 161   001 165   001 175   001 185   001 188   001 197   001 190   371
 180   671 168   871 153   971 139  1071 128  1271 121  1471 118  1571 116  1771
 113  1971 112  2071 111  1971 109  1771 106  1671 101  1671  97  1771 100  1771
 112  1771 130  1871 147  1871 162  1871 171  1971 179  1971 183  1871 182  1771
 176  1671 162  1571 146  1571 131  1571 121  1571 115  1771 111  1871 106  1971
 102  1971  99  2071  98  1971  98  1771  96  1671  91  1771  87  1771  91  1871
 107  1871 128  1871 150  1971 166  1871 177  1771 181  1671 182  1671 177  1671
 167  1771 150  1771 131  1671 115  1671 107  1671 104  1871 103  1971 101  2071
  97  2171  94  2271  92  2171  91  1971  87  1871  81  1971  76  2071  77  2111
  86  2151 101  2051 116  2011 127  1951 134  1951 138  1811 139  1851
630 168   001 175   001 174   001 186   001 175   001 175   001 180   671
 179   871 175   671 169   771 163  1071 157  1071 152  1171 147  1171 141  1171
 136  1271 131  1271 127  1371 124  1371 121  1471 118  1471 116  1371 117  1371
 121  1371 127  1471 136  1471 148  1771 161  2171 171  2271 179  2071 183  1871
 182  1671 177  1571 168  1371 160  1371 151  1371 144  1471 137  1471 131  1471
 125  1471 120  1471 114  1571 109  1571 103  1671  98  1671  96  1571  97  1571
 104  1671 115  1571 131  1571 150  1771 166  1771 179  1971 183  1971 181  1771
 174  1771 165  1771 156  1571 148  1471 140  1471 133  1571 127  1571 122  1571
 118  1471 115  1471 112  1571 108  1671 105  1771 102  1771 101  1671 101  1611
 104  1551 109  1551 116  1411 124  1551 132  1751 138  1811 142  1851
643 207   001 208   001 229   001 229   001 233   001 238   001 226   371
 216   471 203   771 190   971 179   971 170  1071 163  1171 159  1171 156  1071
 154  1071 153   971 150  1071 145  1271 139  1371 132  1371 127  1271 128  1271
 138  1171 155  1171 175  1071 193  1171 209  1171 219  1271 223  1271 221  1271
 213  1271 200  1271 185  1171 170  1171 161  1271 154  1371 149  1471 145  1371
 141  1271 137  1171 134  1271 131  1471 126  1571 121  1571 117  1571 118  1571
 127  1371 142  1271 159  1071 172  1171 184  1271 191  1371 193  1271 192  1171
 188  1171 180  1071 173  1071 165   971 160  1071 156  1271 154  1371 153  1471
 152  1371 149  1371 147  1471 143  1671 139  1771 135  1771 131  1871 131  1811
 135  1651 141  1551 150  1311 159  1451 168  1451 174  1511 177  1551
645 122   001 148   001 183   001 195   001 217   001 240   001 235   471
 225   771 210   971 192   971 174   971 156  1071 140  1171 133  1171 129  1171
 126  1271 125  1271 124  1371 122  1571 118  1671 111  1671 107  1671 109  1671
 123  1671 144  1471 168  1371 189  1371 206  1271 218  1271 223  1371 222  1371
 214  1471 197  1371 180  1371 160  1271 146  1371 136  1471 130  1371 127  1371
 127  1471 125  1471 124  1571 122  1771 117  1871 110  1871 106  1871 108  1871
 121  1671 140  1571 161  1371 177  1371 188  1471 197  1471 202  1571 203  1671
 199  1871 190  1671 177  1371 164  1171 153  1271 146  1371 142  1471 142  1571
 144  1571 146  1571 144  1671 141  1871 135  1971 127  2071 121  2071 119  2111
 124  1851 133  1651 144  1311 153  1451 161  1451 166  1511 169  1651
650 148   001 172   001 199   001 206   001 213   001 225   001 219   471
 213   671 203   771 190   671 179   771 170   971 164  1071 161  1171 157  1171
 153  1271 149  1271 144  1271 141  1271 136  1271 130  1271 126  1171 129  1171
 141  1271 157  1471 174  1571 188  1471 199  1471 208  1371 212  1271 213  1171
 207  1071 196   971 179   971 164   871 154   971 146  1171 141  1271 136  1271
 134  1371 135  1371 136  1371 137  1471 135  1471 130  1471 126  1571 128  1571
 140  1471 158  1571 178  1571 193  1571 205  1471 211  1471 213  1271 211  1271
 206  1071 198  1071 189   971 181   871 175   871 170   971 168   971 166  1171
 163  1271 160  1371 157  1471 153  1571 148  1671 144  1671 142  1771 143  1711
 147  1651 154  1451 160  1311 164  1451 167  1451 169  1511 170  1551
675 200   001 217   001 231   001 248   001 255   001 248   001 243   271
 235   471 223   771 210   871 199  1071 189  1071 182  1171 175  1171 168  1271
 161  1471 157  1571 156  1671 155  1671 152  1771 145  1871 138  1871 136  1971
 143  1971 158  1871 177  1971 196  1971 214  1971 227  1971 233  1771 232  1571
 222  1471 204  1371 184  1171 164  1071 149  1171 139  1171 131  1271 125  1371
 118  1471 113  1571 111  1671 110  1671 109  1771 107  1871 106  1871 109  1971
 118  1871 132  1771 149  1671 168  1671 185  1571 197  1571 202  1671 201  1771
 196  1871 187  1671 178  1371 169  1171 164  1271 162  1471 160  1571 158  1571
 155  1671 152  1671 150  1771 147  1871 144  1971 140  2071 137  2071 138  2111
 144  2051 153  2051 163  1911 172  1851 178  1751 183  1611 185  1751
690 139   001 163   001 195   001 192   001 193   001 195   001 194   171
 191   371 186   671 179   871 173   971 167   971 159  1071 153  1071 147  1171
 143  1171 141  1271 139  1271 137  1171 134  1171 129  1171 125  1071 127  1071
 138  1171 155  1171 171  1171 184  1171 191  1071 194   971 193   971 190   871
 186   871 180   871 175   871 171   871 166  1071 161  1171 156  1171 150  1171
 144  1271 141  1271 140  1171 140  1171 140  1071 137  1071 135  1071 137  1071
 146  1071 160   971 174   971 184   971 190  1171 193  1271 194  1071 192  1071
 189   971 185   871 182   971 179   971 175  1071 171  1271 167  1371 164  1371
 161  1271 159  1271 158  1271 158  1171 157  1171 154  1171 152  1071 153  1011
 158  1051 166  1151 174  1111 181  1251 186  1251 190  1311 192  1251
747 206   001 212   001 224   001 226   001 231   001 231   001 226   471
 221   771 211   871 200   971 191   971 184  1171 179  1371 174  1371 167  1471
 160  1471 155  1471 151  1571 148  1571 142  1671 133  1771 125  1771 125  1871
 137  1771 155  1571 175  1371 191  1471 203  1571 211  1671 215  1571 215  1671
 209  1671 198  1571 185  1371 172  1271 163  1371 156  1471 152  1571 149  1571
 145  1671 141  1671 138  1771 135  1771 130  1871 122  1871 116  1971 115  1971
 124  1771 138  1671 155  1471 171  1571 183  1671 192  1771 196  1871 196  1851
 191  1811 183  1651 174  1351 166  1111 160  1351 155  1451 151  1611 148  1651
 145  1751 142  1711 140  1851 137  1851 133  1911 128  1951 125  2051 125  2011
 131  1851 140  1551 150  1311 157  1451 162  1551 166  1611 168  1751
NT  TEDF  78  35 1
20131106132013110608
20131106132013110609
20131106132013110610
20131106132013110611
20131106132013110612
20131106132013110613
20131106132013110614
20131106132013110615
20131106132013110616
20131106132013110617
20131106132013110618
20131106132013110619
20131106132013110620
20131106132013110621
20131106132013110622
20131106132013110623
20131106132013110700
20131106132013110701
20131106132013110702
20131106132013110703
20131106132013110704
20131106132013110705
20131106132013110706
20131106132013110707
20131106132013110708
20131106132013110709
20131106132013110710
20131106132013110711
20131106132013110712
20131106132013110713
20131106132013110714
20131106132013110715
20131106132013110716
20131106132013110717
20131106132013110718
20131106132013110719
20131106132013110720
20131106132013110721
20131106132013110722
20131106132013110723
20131106132013110800
20131106132013110801
20131106132013110802
20131106132013110803
20131106132013110804
20131106132013110805
20131106132013110806
20131106132013110807
20131106132013110808
20131106132013110809
20131106132013110810
20131106132013110811
20131106132013110812
20131106132013110813
20131106132013110814
20131106132013110815
20131106132013110816
20131106132013110817
20131106132013110818
20131106132013110819
20131106132013110820
20131106132013110821
20131106132013110822
20131106132013110823
20131106132013110900
20131106132013110901
20131106132013110902
20131106132013110903
20131106132013110904
20131106132013110905
20131106132013110906
20131106132013110907
20131106132013110908
20131106132013110909
20131106132013110910
20131106132013110911
20131106132013110912
20131106132013110913
002800180018001800180018001817172717271727162716371635173117351635163116351
73517311735173517311735173517311635163516311635163516311635163515311535153514311
43515351531153515351531163516351731163516351531153515351531153516351631163517351
73116351635153114351435133113351335143114351535153116351635163116351635173116351
005700180018001800180018001717162716271527152716271735173117351635153115351
63516311735173517311735173517311735173517311735173517311735173516311635163516311
63516351631163515351531163516351731163516351631163516351631163516351731173517351
73116351535153115351535153115351435143114351535153116351635163116351735173117351
015700180018001800180018001717172716271627162716271735173116351635153115351
63517311735173517311735173517311735173517311735173517311635163516311535153515311
53515351531163516351631163516351631163516351731173517351731173517351731173516351
63116351635163115351535143114351435143115351535153116351635163117351735173117351
027500180018001800170017001727172716271627162716271635153115351535153115351
53516311635173517311735173517311735173517311735173517311635153515311535153516311
63516351631153516351631163517351731173516351631163516351631163517351731173517351
73116351535153114351335133113351335143114351435153115351535153116351735173117351
070800180018001800180018001717172716271527152715371535153116351635173117351
63516311635163517311735173517311735173517311735173517311735173517311735173517311
73517351731173517351731173517351731173517351731173517351731173517351731173517351
73117351635163115351535153115351535153115351535153116351635173117351635163116351
110600170017001600180017001717172717271727162716371535143115351635173117351
73517311735173517311735173517311735163516311535143514311535163516311635163515311
43514351431143514351431143515351531163516351631163516351631153514351331123512351
23112351335133114351435143114351535153115351635153115351535153115351535153115351
120800180017001800170017001717162716271627152715271535143114351435153115351
63517311735173517311735173517311735173517311735173517311635153515311535153516311
53515351431143514351431153515351631163515351531153515351631163516351631163515351
53114351435143114351435143114351535163116351635163116351635163115351535153115351
130500180018001800180018001717172716271527152715371535153115351435143114351
43514311535163517311735173517311735173518311835173517311735173517311735173517311
73517351731163516351631163516351631173517351731163516351631163516351631153515351
53114351335123112351235123113351435153116351635163116351635173117351735173117351
145700170014001700170017001727162716271627152715271535153115351535153115351
53515311635163517311735173517311735173517311735173517311735173517311735173517311
73517351731173517351731173517351731173517351731173517351731173517351631163516351
63116351535153115351535153115351535153115351535163116351635173117351735173117351
149600170014001400170017001717172716271627162716371535153115351535153115351
53515311635163517311735173517311735173517311735173517311735173517311735173517311
73517351731173517351731173517351731173517351731173517351731173516351631163517351
73116351635153115351535153115351535153115351535163116351635173117351735173117351
156700170016001800180017001727162716271627162715371535153115351535153115351
53515311635163517311735173517311735173517311735173517311735173517311735173517311
73517351731173517351731173517351731173517351731173517351731173516351631163516351
63116351535153115351535153115351535153115351535163116351635173117351735173117351
168700170017001700160014001417152715271427143714371435143115351535163116351
63515311535163516311635173517311735173517311735173517311735163516311635163517311
73517351731173517351731173517351731173517351731173517351731173517351731173517351
73117351735173117351635163116351635153115351535153116351635163116351635163116351
180800180018001800170018001717172716271627162716271635163115351435143114351
53516311635163517311735173517311735173517311735173517311735163516311635163516311
73517351731173517351731173517351731173517351731173517351731173517351731173517351
73117351635163116351635163116351635163116351635163116351635163116351635173117351
190800180018001800180018001717172716271537153715371535153115351535153115351
63516311635163516311535163516311635173517311735163516311635163516311635163516311
63516351631163516351531153516351631173517351731173516351631173517351731173517351
73117351735173117351735163116351635163116351735173117351735173116351635163115351
222600150013001800170017001617161715271427132712371235123113351435143114351
43514311435153515311635163516311635173517311735173517311735173517311735173517311
73517351731173517351731173517351731173517351731173517351731163516351631163516351
53114351335123112351235133113351435143115351535153116351735173117351735173118351
240700180018001800180018001617152714271327122712371335143114351435143114351
43514311435143515311535163517311735173517311735163516311635173517311735173517311
73517351731173517351731173517351731173517351731173517351731173517351731173517351
63116351535143114351435143114351435143114351435153115351635173117351735173117351
255800180017001800180018001727162714271327133713371535153115351435133113351
33514311535153516311635173517311735173516311735173517311735163516311635163517311
63516351531153516351631173517351731173517351731173517351731173517351731173517351
73117351635163115351535153115351535153115351535153115351635163117351735173117351
260800180017001800180018001717162715271527142714271435143113351335123113351
43515311535143514311535163517311735173517311735173517311735163515311635163516311
63516351631163516351631163516351631163516351731173517351731173517351731173517351
73117351735163116351635153115351535153115351535163116351635163116351635163117351
280600170016001700180018001717162716271527153714371435143114351535153115351
53515311535143514311535163517311735173517311735173516311635163516311635163516311
63515351531153514351431153515351531163516351631163516351631173517351731173517351
73117351735173117351735173117351735163115351435133113351435153116351635173117351
299800180018001800170017001717172716271627162715371535143114351335133113351
33513311435143514311535153515311535163517311735173517311635163515311435143513311
33513351331133513351331133514351431153515351531153515351531153516351631173517351
73117351735173117351735173117351735173117351735173117351735173117351735163116351
434800180018001800180018001727162716271527152715371535153115351535153115351
63516311635163516311635173517311735173517311735173517311635153515311535153515311
43514351431153515351531163516351631163517351731173517351731173517351731173516351
63116351635163116351635173116351635163116351635163117351735173117351735173117351
460700170017001600170016001617152714271427142714371435143114351435153115351
53515311535153515311635173517311735173517311735173517311735163515311535143514311
33513351331133513351431143515351531153515351531163516351631163517351731173517351
73117351735163116351535153115351535153115351635163116351635153115351535153116351
481800170016001300150016001627152715271427133713371335123112351335133114351
43515311535143514311435153515311535153516311635153515311535153515311535143514311
33512351231113512351231123512351231133514351431143514351531153516351731173517351
73117351735173117351735163117351735173117351635163116351635163116351635163116351
497700170016001700170017001617162715271427142713271235123111351135113111351
13511311135113511311135113511311235123512311235133513311435153515311535153514311
43514351331133513351331123512351231123512351231123512351231123512351331143514351
53116351635173117351735173117351735173117351735173117351735173117351635163116351
510800180017001700170017001717162716271537143714371435143115351535153116351
63517311735173517311735173517311735173517311735163516311635163516311635153515311
43514351431153515351531153516351631163517351731173517351731173517351731163515351
53115351435143114351435143114351435143114351435143115351635163116351735173117351
579400120016001700180016001517142713271227112711371135113111351135113111351
13511311135113511311235133513311435143514311535153515311535143514311435153515311
53515351431133512351131113511351231133515351631173517351731173517351731163516351
63116351735173117351735173117351735163115351435143114351435143114351435143114351
588300120011001000100010001017102710271127112711371135113111351135113111351
13511311135113511311135113511311135113511311135123512311335133514311435143514311
43514351431143514351431143513351231123512351331143515351531153515351531153515351
53115351535153116351635173117351635163116351635173117351735163115351435133114351
621700170017001600160014001417132712271127112711271235123112351235123112351
23512311435153516311635163515311635163517311735173517311635153514311335123512311
23512351231123512351231123513351331133513351431143514351531163517351731173517351
73117351735173117351735173117351635163116351635163116351635163115351435143115351
630700170017001800180017001617161714271327122711271135113111351235123114351
53516311635153515311535163517311735173517311735173517311635153514311335123512311
23512351331133513351331133513351331143514351531153515351531163517351731173517351
73117351735173117351735163116351635163116351635163116351535153115351535163116351
643700170017001300120010001017102710271027102711371135113111351235123112351
23512311235123512311235123512311335143515311535153515311535143514311435153515311
43514351331133512351231123513351431153516351731173517351731173517351731163516351
53115351535163116351635163116351535153114351335133113351335133113351335133113351
645600160017001700160013001217122711271127113711371135113111351135113111351
13511311135113511311235133513311335133514311435143515311535143514311435143514311
53515351431143513351231123512351331143515351631173517351731173517351731173516351
63116351635163116351635173117351635163115351435133113351335133112351235123113351
650000100010001000110010001017102710271127112711371135113111351135113111351
13511311135113511311135113511311135113511311235133514311435143514311335133514311
43514351531143514351331123512351231123513351431153516351631163516351631153515351
53115351635163116351635163116351635173116351535153114351435143114351335123112351
675000100010001000100010001027112711271127112711371135113111351135113111351
13511311135113511311135113511311135113511311135113511311135113512311235133513311
33514351431153516351631153514351431143515351631173517351631163516351631163516351
63116351635163115351535153115351535153115351635163116351635153114351435143114351
690000100010001000100010001027102710371137113711271135113111351135113111351
13512311235123512311335133514311435143513311335123512311335143515311535153515311
43514351431143515351531153514351431143515351631163516351631163516351631163517351
73117351735163116351635163116351535153116351635163116351635163116351635153114351
747200110010001000100010001127112712271237123712371235123112351235123112351
23512311235123512311335133513311335143514311435153515311535163516311635163515311
53515351431133512351231123512351331133514351531163516351631163516351631163515351
53115351635163117351735173116351635163116351635163115351535153115351535153115351
