20130625051506
T2M TEDF  78  35 1
20130625052013062500
20130625052013062501
20130625052013062502
20130625052013062503
20130625052013062504
20130625052013062505
20130625052013062506
20130625052013062507
20130625052013062508
20130625052013062509
20130625052013062510
20130625052013062511
20130625052013062512
20130625052013062513
20130625052013062514
20130625052013062515
20130625052013062516
20130625052013062517
20130625052013062518
20130625052013062519
20130625052013062520
20130625052013062521
20130625052013062522
20130625052013062523
20130625052013062600
20130625052013062601
20130625052013062602
20130625052013062603
20130625052013062604
20130625052013062605
20130625052013062606
20130625052013062607
20130625052013062608
20130625052013062609
20130625052013062610
20130625052013062611
20130625052013062612
20130625052013062613
20130625052013062614
20130625052013062615
20130625052013062616
20130625052013062617
20130625052013062618
20130625052013062619
20130625052013062620
20130625052013062621
20130625052013062622
20130625052013062623
20130625052013062700
20130625052013062701
20130625052013062702
20130625052013062703
20130625052013062704
20130625052013062705
20130625052013062706
20130625052013062707
20130625052013062708
20130625052013062709
20130625052013062710
20130625052013062711
20130625052013062712
20130625052013062713
20130625052013062714
20130625052013062715
20130625052013062716
20130625052013062717
20130625052013062718
20130625052013062719
20130625052013062720
20130625052013062721
20130625052013062722
20130625052013062723
20130625052013062800
20130625052013062801
20130625052013062802
20130625052013062803
20130625052013062804
20130625052013062805
002 119   001 118   001 121   001 120   001 112   001 117   001 117   371
 120   571 125   771 131   871 136   971 139  1171 143  1211 146  1251 148  1151
 148  1111 146  1151 143  1251 139  1211 135  1151 132  1051 128   911 124   951
 121   851 118   811 117   851 117   751 117   711 118   851 120   851 124   911
 131   951 139  1051 145  1011 148  1151 149  1251 150  1311 151  1351 153  1251
 154  1211 154  1351 152  1351 149  1411 145  1351 141  1251 136  1111 131  1151
 127  1051 124  1011 122  1051 121  1051 119  1011 116  1151 114  1151 113  1211
 115  1251 120  1151 126  1111 132  1251 137  1251 141  1311 143  1351 142  1351
 141  1311 139  1451 136  1551 134  1611 132  1551 131  1451 129  1311 127  1351
 125  1351 124  1311 124  1351 124  1351 125  1311 125  1351 126  1351
005 116   001 115   001 109   001 102   001  95   001 111   001 120   471
 130   671 141   971 150  1171 158  1171 162  1271 165  1211 166  1251 166  1151
 165  1111 164  1151 161  1151 154  1111 143  1051 129  1051 117   911 109  1051
 104  1051 100  1111  96  1151  93  1151  91  1111  92  1151  97  1051 108  1011
 125  1251 144  1351 160  1511 170  1551 175  1551 176  1511 176  1551 174  1651
 173  1611 171  1551 168  1451 162  1311 152  1351 140  1251 130  1211 124  1251
 121  1151 120  1111 119  1151 117  1251 116  1211 116  1251 116  1251 119  1211
 124  1451 131  1551 138  1711 145  1751 152  1751 157  1711 160  1751 160  1651
 159  1611 157  1651 154  1651 149  1611 143  1551 136  1451 130  1311 127  1351
 125  1451 123  1411 121  1551 119  1551 119  1611 121  1551 124  1451
015 111   001 108   001 108   001 107   001 108   001 113   001 123   371
 133   771 143  1271 152  1471 158  1471 161  1371 163  1311 165  1451 167  1451
 168  1511 167  1551 164  1451 157  1411 146  1351 132  1351 120  1211 111  1151
 105  1151  99  1011  92  1051  86   951  84   911  88   951  97   951 111   911
 128  1251 146  1451 161  1711 170  1751 175  1751 178  1711 180  1751 182  1651
 182  1611 180  1551 176  1551 168  1411 157  1351 145  1251 135  1111 128  1151
 123  1151 120  1111 117  1051 114  1051 113   911 114   951 116  1051 120  1011
 125  1351 130  1651 135  1911 140  1851 145  1851 150  1711 155  1751 159  1851
 161  1811 160  1751 156  1651 150  1511 143  1451 135  1351 128  1211 123  1251
 120  1351 118  1311 116  1351 115  1251 116  1211 119  1151 123  1151
027  82   001  87   001  85   001  79   001  73   001  87   001 101   371
 117   571 134   971 149  1171 161  1271 169  1471 173  1511 173  1451 172  1351
 170  1211 167  1251 161  1251 151  1211 135  1251 117  1151 102  1111  94  1251
  90  1251  88  1311  85  1351  81  1451  79  1411  81  1251  87  1151 100   911
 120  1051 142  1251 162  1311 176  1551 183  1651 186  1811 186  1751 184  1651
 181  1511 179  1551 174  1451 165  1411 149  1451 131  1351 116  1311 109  1451
 107  1451 108  1511 109  1551 110  1651 111  1611 113  1451 118  1251 124  1011
 133  1151 143  1351 153  1411 161  1551 167  1751 171  1811 173  1851 174  1951
 173  1911 170  1851 165  1851 158  1711 149  1651 139  1451 132  1311 129  1451
 129  1551 129  1611 128  1751 126  1751 125  1811 125  1551 127  1351
070 101   001  93   001  95   001 100   001  98   001 104   001 113   371
 124   871 135  1071 144  1371 152  1371 159  1471 165  1411 170  1551 173  1551
 173  1611 170  1651 164  1651 154  1611 141  1551 128  1451 117  1311 110  1351
 105  1451 100  1411  94  1451  88  1551  86  1511  89  1351  97  1151 109   911
 124  1151 141  1251 155  1411 166  1551 173  1551 177  1611 180  1751 181  1751
 180  1811 177  1851 171  1951 162  1911 149  1751 134  1651 121  1411 112  1451
 106  1451 102  1411 100  1551  99  1651 101  1711 106  1451 113  1151 121   811
 128  1151 134  1451 140  1711 145  1751 150  1751 155  1711 159  1851 162  2051
 163  2111 161  2051 155  1951 147  1811 137  1651 126  1451 117  1211 111  1351
 107  1551 104  1611 102  1751 102  1951 104  2011 109  1651 117  1351
110  78   001  79   001  72   001  72   001  70   001  79   001  89   471
  99   671 110   971 121  1171 131  1271 140  1271 148  1311 153  1351 158  1251
 161  1211 161  1151 157  1051 150   911 141   851 131   851 122   711 115   851
 110   851 106   911 104   951 102   951 101   911 100   951 101   951 106   911
 116  1051 128  1251 139  1311 145  1351 148  1451 151  1411 155  1351 158  1351
 160  1211 158  1151 153  1151 145  1011 134   951 121   851 111   711 104   851
 101   951 100  1011 100  1151 101  1151 103  1211 105  1151 109  1051 116   911
 126  1151 137  1251 147  1411 155  1451 161  1451 165  1411 167  1451 167  1451
 165  1411 162  1351 157  1251 150  1111 142  1051 135  1051 128   911 124   951
 122  1051 121  1011 121  1151 123  1151 124  1211 126  1151 128  1151
120  84   001  81   001  82   001  80   001  74   001  77   001  89   371
 104   571 119   871 132  1171 144  1271 152  1471 158  1511 159  1651 158  1751
 156  1811 153  1651 149  1451 142  1211 131  1151 118   951 108   811 102   851
  99   951  96   911  92   951  88  1051  86  1011  88   951  93   851 103   711
 117   951 131  1151 144  1311 152  1451 156  1651 158  1711 158  1851 157  1951
 155  2011 152  1851 147  1751 140  1511 130  1351 118  1151 109   911 104  1051
 102  1051 101  1111 101  1151 101  1051 102  1011 105   951 110   951 117   811
 127  1051 138  1151 149  1311 159  1551 167  1751 172  1911 173  2051 172  2251
 168  2311 163  2151 156  1851 149  1611 141  1451 133  1251 127  1011 124  1151
 123  1151 122  1211 121  1251 120  1151 120  1111 122  1051 125  1051
130  77   001  76   001  68   001  63   001  56   001  64   001  80   371
  97   671 114   871 132  1171 148  1271 163  1471 177  1511 183  1551 188  1451
 190  1411 189  1551 183  1651 173  1711 159  1551 144  1351 130  1111 120  1151
 112  1151 105  1111  98  1151  91  1251  88  1211  89  1151  96   951 108   811
 126  1051 146  1151 164  1311 176  1551 184  1751 190  1911 195  1851 198  1851
 198  1711 194  1851 187  1851 176  1911 162  1751 147  1451 133  1211 122  1251
 114  1151 108  1111 104  1251 102  1251 102  1311 106  1251 113  1151 123  1011
 136  1151 151  1351 166  1411 178  1551 188  1751 194  1811 197  1851 196  1851
 194  1811 190  1951 184  1951 175  2011 164  1751 153  1451 143  1111 137  1151
 133  1251 131  1211 128  1351 126  1451 125  1511 126  1351 129  1251
145  83   001  72   001  70   001  74   001  83   001  92   001 102   471
 113   871 125  1271 136  1571 147  1571 157  1571 165  1511 168  1651 169  1651
 168  1711 166  1851 163  1951 157  2011 148  1751 138  1551 127  1211 117  1251
 109  1151 102  1111  96  1051  92  1051  90   911  90  1051  93  1051 102  1111
 118  1351 137  1551 154  1711 165  1751 171  1651 175  1611 178  1751 179  1851
 179  1911 176  2051 171  2051 164  2111 156  1851 147  1651 138  1311 131  1251
 125  1251 119  1111 114  1151 110  1151 108  1111 109  1251 112  1251 117  1311
 123  1551 130  1651 139  1811 149  1851 158  1851 165  1811 169  1951 170  1951
 169  2011 167  2051 164  2151 159  2111 151  1851 142  1651 133  1311 126  1351
 121  1251 118  1211 116  1251 116  1351 116  1311 117  1351 119  1351
149  86   001  72   001  66   001  66   001  67   001  80   001  93   471
 108   971 123  1271 138  1371 152  1371 165  1471 176  1411 179  1551 179  1551
 177  1611 174  1751 169  1851 162  1911 154  1751 145  1551 136  1311 127  1351
 119  1251 111  1211 105  1251 100  1151  97  1111  97  1151 102  1151 112  1111
 129  1251 148  1251 165  1311 177  1451 183  1451 187  1511 189  1651 190  1851
 188  1911 184  2051 178  2051 171  2111 163  1851 155  1651 147  1311 140  1251
 133  1251 127  1111 121  1151 117  1151 115  1111 116  1151 120  1251 126  1211
 134  1351 144  1551 153  1611 161  1651 168  1651 173  1611 177  1751 179  1951
 179  2011 176  2051 170  2051 163  2011 155  1851 146  1551 138  1311 131  1351
 126  1251 122  1211 120  1351 120  1351 121  1411 123  1351 125  1351
156 119   001 119   001 111   001 110   001 101   001 105   001 113   371
 125   871 139  1271 153  1771 165  1771 175  1671 181  1611 183  1751 182  1751
 180  1811 176  1951 171  2151 164  2211 156  1951 147  1651 139  1311 132  1351
 125  1251 120  1211 116  1151 113  1151 110  1011 108  1051 110  1151 117  1111
 132  1351 150  1651 168  1811 180  1851 188  1751 192  1711 194  1851 193  1951
 191  2011 187  2151 183  2251 176  2311 168  2051 160  1651 152  1311 146  1251
 141  1251 137  1111 133  1151 128  1151 125  1111 123  1151 123  1251 127  1211
 134  1451 144  1751 154  1911 163  1951 170  1951 176  1911 180  2051 182  2051
 182  2111 179  2251 174  2251 168  2311 161  2051 154  1751 147  1411 141  1351
 135  1151 131  1011 128  1051 127  1151 127  1111 128  1151 129  1251
168  97   001  95   001  98   001  77   001  75   001  87   001  99   271
 113   671 127   971 139  1071 150  1171 159  1371 165  1411 167  1551 168  1651
 168  1711 168  1751 165  1751 157  1711 143  1651 127  1651 114  1511 107  1451
 105  1351 103  1211  99  1351  96  1351  94  1411  96  1251 104  1051 115   811
 130   951 146  1151 160  1211 168  1351 173  1451 175  1511 177  1651 179  1651
 181  1711 182  1751 179  1751 169  1711 151  1651 130  1651 113  1511 104  1451
 101  1351 100  1211  97  1351  95  1451  96  1511 102  1351 112  1051 122   811
 130  1051 137  1251 143  1411 149  1551 154  1551 158  1611 161  1751 162  1851
 163  1911 163  1851 160  1851 152  1711 138  1751 122  1751 108  1711 100  1751
  97  1651  97  1611  97  1751  98  1851 100  1911 105  1651 111  1451
180 105   001  84   001  88   001  94   001  99   001 104   001 115   571
 122   971 127  1271 133  1371 140  1371 148  1371 156  1311 162  1451 166  1451
 167  1511 164  1551 157  1551 150  1511 143  1451 136  1251 130  1111 125  1151
 121  1051 115  1011 107  1051 100  1051  96  1011  98  1051 105  1151 115  1111
 126  1251 138  1451 149  1511 158  1651 165  1651 171  1711 175  1751 177  1751
 177  1711 175  1751 169  1851 160  1811 147  1651 132  1451 120  1211 112  1251
 106  1151 101  1111  94  1151  88  1251  88  1211  95  1251 106  1151 117  1111
 123  1451 127  1851 131  2111 137  2051 145  1851 152  1711 156  1751 158  1851
 157  1811 154  1851 149  1851 143  1811 136  1651 129  1451 122  1211 116  1251
 111  1151 106  1111 101  1251  97  1451  95  1511  97  1451 102  1351
190 124   001 113   001 117   001 121   001 121   001 124   001 131   471
 137   971 143  1471 149  1571 156  1471 165  1271 172  1111 177  1251 180  1251
 180  1311 178  1451 174  1551 167  1611 158  1551 149  1451 141  1311 135  1251
 129  1251 124  1111 118  1151 112  1151 110  1111 113  1151 119  1251 127  1211
 135  1351 143  1451 151  1511 159  1551 167  1451 174  1411 180  1551 185  1651
 188  1711 190  1751 188  1751 181  1711 167  1651 150  1651 136  1511 127  1451
 123  1351 118  1211 111  1251 105  1251 103  1211 108  1251 117  1351 127  1311
 136  1551 143  1751 149  1911 155  1851 160  1851 165  1711 168  1851 171  2051
 172  2111 172  2051 169  2051 163  1911 153  1851 141  1651 131  1511 126  1451
 123  1351 120  1211 115  1251 110  1251 107  1211 109  1251 115  1351
222 126   001 106   001  99   001 101   001  88   001  94   001 107   471
 123   671 139   871 153  1071 165  1171 174  1271 182  1311 189  1351 194  1251
 197  1211 196  1251 191  1351 182  1311 171  1351 159  1351 148  1311 140  1351
 133  1251 126  1211 119  1151 112  1151 107  1011 106   951 111   851 121   711
 137   951 155  1151 172  1311 183  1451 191  1651 196  1711 201  1751 205  1751
 207  1711 205  1651 200  1651 191  1511 179  1451 166  1451 154  1311 146  1351
 140  1251 134  1211 127  1251 120  1251 116  1211 116  1151 120   951 128   811
 141  1051 156  1351 171  1511 184  1651 195  1851 202  1911 206  1951 206  1951
 204  1911 200  1951 193  1851 185  1811 175  1651 164  1551 155  1311 148  1351
 144  1351 140  1311 136  1351 132  1451 130  1411 130  1251 132  1151
240 126   001 123   001 119   001 117   001 106   001 105   001 111   271
 122   471 134   671 146   871 156  1071 164  1171 169  1211 172  1351 174  1551
 176  1611 178  1651 179  1551 175  1511 166  1451 155  1351 144  1211 136  1151
 129  1051 123   911 116   951 109  1051 104  1011 102   951 105   851 114   711
 131   951 150  1051 167  1211 177  1351 182  1451 184  1511 186  1651 188  1651
 190  1711 191  1751 189  1751 184  1711 174  1651 162  1451 150  1311 141  1251
 135  1151 129  1011 123  1051 118  1151 115  1111 114  1051 117   951 125   811
 137   951 152  1151 165  1211 174  1251 181  1351 185  1311 188  1451 191  1451
 192  1511 191  1651 188  1751 181  1811 171  1651 159  1551 149  1311 142  1251
 138  1251 134  1111 130  1151 126  1251 124  1211 124  1151 127  1051
255 132   001 122   001 118   001 109   001 104   001 107   001 116   271
 126   571 137   571 146   871 154  1171 160  1271 166  1411 172  1451 177  1551
 181  1511 181  1551 177  1551 170  1511 160  1551 149  1551 138  1511 129  1451
 122  1351 116  1211 110  1151 105  1051 102   911 102   951 106   851 115   811
 129   951 146  1051 160  1111 169  1351 175  1551 180  1711 186  1651 192  1651
 196  1511 196  1551 192  1551 184  1511 173  1551 161  1451 149  1411 139  1451
 132  1351 125  1311 119  1351 114  1251 111  1211 111  1151 114  1151 121  1011
 133  1151 147  1151 159  1211 167  1451 171  1651 175  1811 180  1951 184  1951
 187  2011 187  1951 184  1851 177  1711 166  1651 153  1651 141  1511 131  1451
 123  1451 118  1311 114  1351 113  1351 112  1311 113  1251 116  1251
260 111   001 109   001 116   001 101   001  77   001  91   001 102   371
 113   771 125   971 137  1171 149  1271 159  1371 169  1411 170  1551 171  1651
 172  1711 173  1651 173  1551 168  1411 157  1551 143  1651 129  1711 118  1751
 110  1851 103  1811  97  1751  93  1751  92  1611  94  1451 101  1251 112  1011
 129  1151 147  1151 163  1211 174  1451 180  1551 184  1711 187  1851 190  1851
 192  1911 194  1751 192  1651 183  1411 166  1551 145  1551 126  1611 114  1751
 107  1751 103  1811  99  1851  96  1751  96  1711 100  1551 108  1451 119  1211
 132  1351 146  1451 157  1511 165  1651 169  1751 173  1811 176  2051 179  2151
 180  2311 178  2151 173  1951 163  1711 149  1751 133  1851 120  1811 112  1951
 107  2151 104  2211 101  2251 100  2151 100  2111 103  1951 109  1651
280 109   001 112   001 115   001  99   001 100   001 101   001 109   371
 120   571 133   771 144   871 153  1171 159  1271 164  1411 167  1551 169  1751
 170  1811 169  1751 165  1551 158  1411 147  1451 134  1351 123  1311 117  1351
 114  1451 111  1411 107  1451 103  1451 101  1411 102  1351 107  1151 117  1011
 132  1051 149  1151 163  1111 171  1351 175  1451 177  1611 179  1851 182  2051
 184  2211 184  2051 181  1751 172  1511 157  1551 139  1551 124  1511 115  1551
 110  1451 106  1411  99  1451  93  1451  90  1411  93  1351 102  1251 114  1111
 127  1251 140  1451 151  1511 159  1551 164  1651 167  1611 169  1851 170  1951
 169  2111 167  2051 162  2051 154  1911 143  1851 130  1651 120  1511 113  1551
 109  1551 106  1511 102  1551  97  1651  95  1611  96  1551 101  1351
299 124   001 122   001 119   001 114   001 111   001 110   001 116   371
 124   571 133   771 142   871 150  1071 159  1171 166  1311 172  1451 175  1551
 175  1611 171  1651 165  1651 157  1611 149  1651 141  1651 135  1611 130  1551
 126  1351 121  1211 116  1251 112  1351 110  1311 112  1251 118  1051 124   911
 130   951 137  1051 145  1011 155  1251 164  1351 172  1511 176  1651 178  1651
 178  1711 177  1751 173  1851 166  1811 154  1751 140  1751 128  1611 119  1451
 113  1351 107  1111 100  1251  93  1251  92  1311  98  1251 108  1151 119  1011
 128  1151 136  1351 145  1411 155  1651 164  1751 170  1911 171  1951 169  2051
 166  2011 163  2051 159  1951 153  1911 145  1851 137  1851 129  1711 124  1551
 120  1451 116  1211 112  1251 107  1351 105  1311 106  1251 109  1051
434 115   001 112   001 109   001 103   001 102   001 105   001 108   471
 116   671 127   871 137   971 144  1171 147  1371 150  1511 153  1651 156  1851
 158  1911 159  1751 158  1651 154  1411 146  1351 136  1251 127  1111 120  1051
 115  1051 110   911 105   951 101   851  97   811  95   951  95   951 102  1011
 115  1051 131  1151 146  1111 155  1351 161  1551 165  1711 169  1851 173  1851
 175  1911 174  1851 170  1851 165  1711 158  1551 151  1451 143  1211 135  1151
 128  1151 122  1011 118  1051 115  1051 112  1011 110  1151 109  1151 113  1211
 122  1251 135  1351 147  1311 156  1551 162  1851 166  2011 168  2051 169  2051
 169  2011 168  1951 164  1751 159  1611 151  1551 142  1451 133  1311 126  1251
 121  1251 117  1111 113  1151 110  1151 107  1111 105  1151 105  1251
460  91   001  94   001  85   001  76   001  78   001  88   001  99   371
 110   771 122  1071 133  1471 144  1571 154  1671 162  1711 164  1851 165  1851
 166  1911 167  1751 166  1551 161  1311 152  1351 141  1451 130  1411 122  1551
 116  1551 110  1611 104  1751  98  1751  95  1811  96  1651 102  1351 112  1111
 126  1251 142  1451 155  1511 164  1651 169  1751 173  1811 176  1951 180  2151
 183  2211 185  1951 184  1751 178  1411 165  1551 149  1551 134  1611 125  1651
 120  1751 115  1711 109  1851 103  2051 100  2111 101  1851 106  1551 115  1211
 128  1351 143  1351 156  1411 166  1651 173  1851 177  2011 179  2151 179  2351
 178  2411 175  2151 170  1951 162  1611 150  1651 137  1551 126  1511 118  1651
 113  1651 109  1711 105  1851 103  1951 102  2011 104  1851 109  1551
481 109   001 111   001 106   001 107   001 103   001 111   001 120   371
 130   571 139   771 149   871 158  1071 167  1271 174  1311 176  1551 178  1751
 178  1911 177  1851 175  1651 170  1511 162  1351 154  1251 145  1011 138  1151
 133  1151 128  1211 123  1251 119  1251 117  1211 117  1151 120  1051 127   911
 137   951 149  1051 161  1011 172  1151 181  1351 187  1411 190  1751 191  1951
 191  2211 190  2151 187  1951 182  1811 174  1651 165  1451 155  1211 146  1251
 137  1351 129  1311 122  1351 116  1251 112  1211 112  1151 115  1151 122  1011
 132  1151 145  1151 158  1211 170  1351 181  1551 188  1611 191  2051 192  2351
 189  2711 184  2551 178  2251 171  2011 163  1851 154  1651 146  1411 139  1451
 133  1351 128  1311 124  1351 120  1251 118  1211 117  1151 118  1151
497  96   001  93   001  92   001  90   001  88   001  90   001  99   571
 114   871 133  1171 152  1471 168  1771 180  1871 188  2011 192  2051 191  1951
 187  1911 179  1951 168  1851 156  1811 143  1751 131  1551 123  1411 119  1551
 117  1651 115  1711 109  1751 102  1651  96  1611  93  1551  95  1551 103  1411
 119  1451 139  1451 158  1411 173  1651 183  1951 191  2111 197  2151 199  2151
 197  2111 190  2051 179  1851 165  1711 151  1651 138  1451 127  1311 120  1551
 114  1651 109  1811 103  1851  97  1751  93  1711  93  1651  96  1651 105  1511
 118  1551 134  1651 151  1611 166  1851 178  2151 186  2311 189  2351 186  2251
 179  2211 168  2151 155  1951 142  1811 132  1751 124  1551 118  1411 113  1651
 110  1751 106  1911 102  1851  99  1851  96  1711  95  1651  97  1651
510 110   001 106   001  99   001  98   001  89   001  91   001 105   571
 119   771 134   971 150  1071 164  1171 178  1371 190  1411 194  1351 196  1251
 196  1111 194  1151 190  1051 183  1011 174  1151 163  1251 152  1311 143  1251
 135  1151 129  1011 124  1051 120   951 116   911 113   951 115   951 123   911
 141  1051 162  1251 182  1311 195  1451 202  1451 206  1511 210  1451 214  1451
 216  1311 216  1351 213  1251 206  1211 194  1251 180  1251 167  1211 156  1251
 148  1151 143  1111 139  1151 137  1051 134  1011 131  1051 130  1051 134  1011
 145  1251 161  1351 178  1511 192  1651 202  1651 208  1711 210  1751 210  1651
 208  1611 206  1651 203  1651 196  1611 184  1551 170  1451 158  1311 150  1351
 147  1251 144  1211 141  1251 139  1151 137  1111 137  1151 139  1151
579 151   001 148   001 146   001 141   001 140   001 146   001 157   371
 172   671 188   871 203   971 215  1271 223  1371 228  1511 230  1651 229  1651
 227  1711 223  1551 217  1351 208  1111 196  1151 183  1151 171  1111 163  1151
 158  1251 152  1211 145  1351 139  1551 135  1611 136  1451 142  1351 153  1111
 168  1151 185  1151 202  1111 217  1351 228  1451 236  1611 239  1751 239  1851
 237  1911 234  1751 229  1551 220  1311 208  1351 194  1251 181  1211 172  1251
 165  1251 159  1211 152  1451 146  1651 143  1811 145  1651 151  1451 162  1211
 176  1251 192  1251 207  1211 220  1451 230  1551 236  1711 238  1951 236  2051
 234  2211 232  1951 229  1651 222  1311 209  1351 194  1251 180  1211 170  1251
 163  1351 156  1311 149  1551 143  1751 140  1911 142  1751 150  1451
588 145   001 139   001 138   001 132   001 128   001 134   001 143   671
 158   971 176  1071 194  1171 209  1371 221  1471 230  1611 236  1651 239  1551
 239  1511 235  1551 226  1451 212  1411 194  1451 175  1551 159  1511 147  1751
 139  1851 133  2011 127  1951 121  1951 119  1811 121  1651 129  1551 142  1311
 160  1351 180  1251 199  1211 214  1451 224  1551 231  1711 235  1751 237  1751
 238  1711 237  1651 233  1651 223  1511 207  1551 188  1451 170  1411 157  1651
 147  1751 139  1911 132  1951 127  1951 125  1911 128  1851 136  1651 149  1511
 166  1451 183  1451 199  1311 210  1451 218  1651 224  1711 229  1851 233  1951
 233  2011 228  1851 218  1651 205  1411 190  1451 174  1351 160  1311 149  1551
 141  1651 133  1811 126  1851 120  1951 117  1911 119  1751 125  1651
621 130   001 118   001 117   001 116   001 113   001 113   001 121   471
 129   771 138  1071 148  1371 157  1471 166  1471 174  1511 179  1551 182  1551
 183  1511 181  1451 177  1451 170  1311 162  1251 153  1251 146  1111 141  1151
 138  1151 134  1111 129  1151 123  1251 118  1211 115  1151 116  1051 122   911
 134  1151 149  1351 164  1511 175  1651 182  1751 188  1811 192  1851 196  1751
 199  1711 201  1751 199  1651 192  1611 178  1551 160  1351 143  1211 132  1251
 125  1151 120  1111 116  1251 114  1251 112  1311 112  1251 116  1051 124   911
 138  1251 155  1551 170  1811 180  1851 185  1951 188  1911 190  2051 191  2051
 191  2111 189  2051 186  2051 180  1911 171  1751 162  1651 152  1411 144  1351
 137  1251 132  1111 128  1251 125  1351 123  1411 123  1351 124  1151
630 152   001 147   001 139   001 128   001 123   001 120   001 126   271
 136   571 147   771 160  1171 172  1371 182  1571 190  1611 193  1551 194  1451
 194  1311 194  1251 192  1251 187  1111 179  1051 169  1051 160   911 153   951
 148   851 143   811 137   851 131   851 125   811 121   851 122   751 128   711
 142   851 159  1051 175  1111 186  1351 194  1551 201  1711 208  1651 214  1451
 218  1311 218  1351 215  1251 207  1211 196  1151 183  1151 169  1011 157   951
 146   951 138   811 133   851 129   851 127   811 126   851 127   751 134   711
 147   951 163  1151 178  1311 190  1551 198  1651 204  1811 209  1751 213  1751
 214  1611 212  1551 208  1551 200  1411 190  1351 179  1351 170  1211 163  1151
 158  1051 153   911 147   951 142  1051 137  1011 135   951 136   951
643 159   001 153   001 149   001 149   001 150   001 154   001 167   371
 184   771 202  1171 218  1371 230  1471 238  1471 245  1511 253  1451 260  1351
 263  1211 261  1251 253  1251 240  1211 224  1151 206  1151 192  1011 183  1051
 177  1051 172  1011 166  1051 159  1151 155  1111 155  1151 159  1251 169  1211
 185  1351 203  1351 220  1411 233  1551 242  1551 249  1611 256  1651 261  1551
 265  1511 265  1451 261  1451 251  1311 235  1251 217  1151 201  1011 191  1051
 186  1051 181  1011 175  1151 169  1151 164  1211 163  1251 166  1251 175  1211
 189  1351 206  1451 221  1511 231  1651 238  1751 242  1811 246  1851 249  1851
 251  1811 252  1751 250  1551 242  1411 228  1351 212  1251 198  1111 190  1151
 186  1151 182  1111 176  1251 170  1351 165  1411 164  1451 168  1351
645 150   001 150   001 150   001 148   001 143   001 153   001 164   371
 178   771 193   971 207  1171 219  1271 229  1371 237  1411 243  1451 248  1451
 248  1411 243  1251 234  1151 221   911 206   951 191   951 179   911 171  1051
 165  1151 161  1211 156  1251 152  1351 150  1311 151  1251 157  1051 166   911
 179  1051 194  1151 209  1211 222  1351 232  1551 241  1611 248  1651 253  1551
 255  1511 253  1351 247  1251 236  1011 221  1051 205   951 190   911 179  1051
 171  1251 166  1311 162  1451 159  1551 158  1611 159  1451 163  1251 171  1011
 184  1051 199  1151 214  1111 226  1251 235  1351 241  1411 246  1651 248  1851
 249  2011 247  1751 243  1451 233  1111 218  1051 202  1051 187   911 177  1151
 171  1251 166  1411 161  1551 157  1651 155  1711 156  1551 161  1251
650 168   001 166   001 161   001 158   001 155   001 159   001 170   371
 183   671 196   871 210  1171 222  1271 232  1271 240  1211 244  1151 245  1151
 243  1011 237  1151 229  1151 218  1211 206  1151 195   951 185   811 178   951
 173   951 167  1011 160  1051 154  1151 151  1111 153   951 161   851 172   611
 186   751 202   951 218  1011 232  1151 243  1351 250  1411 253  1351 254  1351
 252  1211 249  1251 244  1351 235  1311 223  1151 209  1051 196   811 187   951
 180  1051 174  1111 166  1151 160  1251 157  1211 160  1051 168   951 179   711
 191   851 204  1051 217  1111 230  1251 241  1451 249  1511 252  1451 252  1451
 249  1311 245  1351 239  1451 231  1411 220  1251 207  1051 196   811 188   951
 182  1051 176  1111 169  1251 163  1251 159  1311 159  1151 164  1051
675 161   001 155   001 149   001 143   001 136   001 146   001 164   571
 187   771 210  1171 230  1071 247  1171 260  1271 269  1311 275  1351 278  1251
 278  1211 272  1351 261  1351 244  1411 224  1351 202  1251 184  1111 171  1251
 163  1251 155  1311 147  1451 140  1451 139  1511 146  1451 160  1451 179  1311
 201  1351 222  1251 241  1211 254  1351 263  1451 268  1511 271  1551 272  1451
 271  1411 268  1451 262  1451 250  1411 233  1351 212  1351 194  1211 180  1251
 171  1351 163  1311 156  1351 152  1451 152  1411 157  1451 168  1351 183  1311
 201  1351 220  1451 236  1411 247  1551 254  1651 257  1711 258  1751 256  1651
 252  1611 246  1651 237  1551 226  1511 212  1451 196  1351 182  1211 170  1351
 161  1351 153  1411 147  1451 142  1551 141  1511 144  1551 151  1451
690 198   001 195   001 190   001 185   001 183   001 190   001 196   371
 205   771 214  1071 222  1271 227  1171 230  1071 232   911 233  1051 233  1051
 232  1111 229  1151 224  1051 218  1011 211  1051 203   951 196   911 190   951
 186   951 183   911 181  1051 180  1051 181  1111 185  1051 191  1051 200   911
 211  1051 221  1051 230  1111 235  1051 236   951 236   811 235   951 234  1151
 233  1211 231  1151 228  1151 223  1011 217   951 210   951 204   811 199   951
 194   951 190  1011 186  1151 182  1251 182  1311 186  1251 192  1151 199  1011
 205  1051 210  1151 214  1111 217  1151 219  1151 220  1111 220  1251 219  1251
 217  1311 213  1251 208  1051 203   911 199   951 196   951 191   911 185   951
 178  1051 173  1011 170  1151 170  1251 171  1311 173  1251 177  1151
747 155   001 147   001 147   001 150   001 144   001 153   001 163   471
 174   971 187  1271 199  1371 209  1371 219  1371 226  1311 231  1551 234  1651
 234  1811 232  1751 226  1651 218  1511 207  1351 196  1251 187  1011 182  1151
 179  1151 176  1211 171  1251 166  1151 162  1111 162  1151 166  1151 174  1111
 184  1351 196  1451 207  1611 216  1651 224  1551 231  1511 238  1651 243  1851
 246  1911 246  1851 242  1651 234  1511 222  1451 209  1251 198  1111 192  1151
 188  1251 184  1211 178  1251 173  1251 169  1211 170  1251 175  1251 184  1211
 196  1351 209  1551 220  1611 228  1751 232  1751 236  1811 239  1951 242  1951
 242  2011 239  1951 234  1851 226  1711 217  1551 209  1451 201  1211 195  1251
 191  1351 186  1311 181  1451 176  1451 173  1511 174  1451 178  1451
NT  TEDF  78  35 1
20130625052013062500
20130625052013062501
20130625052013062502
20130625052013062503
20130625052013062504
20130625052013062505
20130625052013062506
20130625052013062507
20130625052013062508
20130625052013062509
20130625052013062510
20130625052013062511
20130625052013062512
20130625052013062513
20130625052013062514
20130625052013062515
20130625052013062516
20130625052013062517
20130625052013062518
20130625052013062519
20130625052013062520
20130625052013062521
20130625052013062522
20130625052013062523
20130625052013062600
20130625052013062601
20130625052013062602
20130625052013062603
20130625052013062604
20130625052013062605
20130625052013062606
20130625052013062607
20130625052013062608
20130625052013062609
20130625052013062610
20130625052013062611
20130625052013062612
20130625052013062613
20130625052013062614
20130625052013062615
20130625052013062616
20130625052013062617
20130625052013062618
20130625052013062619
20130625052013062620
20130625052013062621
20130625052013062622
20130625052013062623
20130625052013062700
20130625052013062701
20130625052013062702
20130625052013062703
20130625052013062704
20130625052013062705
20130625052013062706
20130625052013062707
20130625052013062708
20130625052013062709
20130625052013062710
20130625052013062711
20130625052013062712
20130625052013062713
20130625052013062714
20130625052013062715
20130625052013062716
20130625052013062717
20130625052013062718
20130625052013062719
20130625052013062720
20130625052013062721
20130625052013062722
20130625052013062723
20130625052013062800
20130625052013062801
20130625052013062802
20130625052013062803
20130625052013062804
20130625052013062805
002600140013001400130014001427132713271227122712271231113511351231123512351
23112351135113111351135113111351135113111351135123112351335133113351435143114351
43514311335133512311335143515311635163516311635173517311635163515311535143514311
43513351331133514351431153515351531153514351431133513351231133514351531153516351
005800180017001400130015001417142714271427142713271331123512351231123511351
13111351135113111351135113112351235123112351135113112351235123113351335133113351
33513311235123512311235123513311335143515311635173517311735163516311635163515311
53514351431153515351531153515351531153515351531143514351431153516351631163516351
015500160016001700180017001527142714271427142715371631163515351431133512351
23111351235123112351135113111351135113112351235133112351235113112351235133114351
53515311435133513311335143515311635163517311735173516311535143513311335143515311
53515351531153516351631153515351531153515351531153515351531143514351431143514351
027000100010001000100010001127112711271127112712271231123512351231123512351
13111351135113111351135123112351235123113351235123112351235123112351335133114351
43514311335133512311135113511311235133514311535153515311535153515311435143513311
33513351331133514351431143514351431143514351431143514351431143515351631163516351
070200170016001700180018001817182717271727172717271731163514351331133513351
43115351535153114351335133112351235113111351135113111351235123112351235123112351
33513311335123512311235133514311435143515311535163517311735173517311635163515311
53516351631163516351631153513351331133514351531153514351431153515351631163516351
110000110010001100100013001327142714271427152715271531153515351531143513351
23112351235123113351435143115351535153114351435143114351535163116351635163116351
53515311335123512311235133514311435143514311535153516311635163516311635153515311
53514351431143514351531143514351431143515351631163517351731173517351731163516351
120000100011001200130014001427142713271327132712371231123512351231123511351
13111351135113111351135113112351235123112351235123113351335133113351335133113351
23512311235123512311235123512311235133514311535153515311535153514311435133513311
33513351331133514351431143513351331143514351531163516351731173517351731173517351
130000100010001000100013001327123712371227122712271331133513351331123512351
13111351135113111351135113111351135113111351135113112351235133113351435143113351
33513311335133513311235123511311235123513311435153515311535143514311335133513311
33512351231133514351431143514351431143514351531153516351631163516351631163515351
145000100010001000100012001327142715271427142714271431153516351631153513351
23111351135113111351135113111351135113111351135123112351235123112351235123112351
33514311535163515311435133512311235123513311435143515311635163517311735173516311
63515351531153515351431143513351331133514351431143513351331143515351531153515351
149000100010001000110010001117122713271327142714271431143515351531143513351
23111351135113111351135113111351135113111351135123112351235123112351235123112351
33514311535153515311535143513311235123512311335143515311635163517311735173516311
63516351631153515351531143513351331133513351331133513351431143514351531153515351
156000100010001000100013001427152715271527152714271431153515351631153513351
23111351135113111351135113111351135113111351135123112351235123112351135123112351
33514311535163515311435133512311235123513311435143515311635163517311735173516311
63516351531153515351531143513351331133513351331133513351331143514351531153515351
168200140014001500120011001117112712271327132714271431153515351531153515351
43114351335133112351235123112351235123112351335133113351335133113351235123112351
33514311435133512311135113511311235133514311435143514311535163517311735173517311
73517351731173517351631163515351531153515351531153514351431143515351531153515351
180300140017001700180017001727172717271737172717371731163516351631163516351
63115351435143114351435143114351335133113351335133113351235123112351235123113351
33513311335133513311235123511311135113512311235133514311535163517311735173517311
73517351731173517351731163516351531153515351531153515351531163516351631163516351
190500160017001700170018001717172716271627152715271431143514351531163516351
63116351535143114351535153114351335123113351335143113351335123111351235123113351
33513311335133513311335133513311335123512311235133514311535153516311735173517311
73517351731173517351731173517351731163516351631163516351531153515351531163516351
222100100010001000100010001127112711271127112711371231123512351231123512351
13111351135113111351135113111351135113111351135113111351235123113351335143114351
43514311335133512311235123512311235113511311235123512311235123512311135113512311
23513351431143514351331133513351331133513351331143514351531153516351631143513351
240700130017001600130012001117112711271127112711271231133515351531153513351
23111351235123112351235113111351135113111351135113111351135113112351335143115351
53515311535153514311335133512311235113512311235133513311335133512311235133514311
53516351731163516351531143513351231123512351331133514351431143514351431153515351
255600140013001300130010001027102710271127112712271231133515351531143513351
23111351135113111351135113111351135113111351135113111351135113112351235123112351
33513311335143514311335133512311235123512311235123512311335153515311535153515311
53516351731173516351631153514351331123512351231133513351331133513351331133514351
260400140012001100120012001217122711271127122712271231123512351231123512351
23111351135113111351135113111351135113111351235123111351135113112351235123112351
23512311235133513311235123512311135113511311135113511311335143515311535153515311
53516351731173517351631153514351331123512351331143514351531143514351331133513351
280500160014001600150016001627152715271427142714271331143515351631153515351
43113351335133113351335133113351235123112351235123111351135123112351235123113351
33513311335123511311135113511311135113511311135113511311235143515311535153515311
53516351631163516351631163515351531153515351531153515351431143514351431143514351
299800170017001600150015001627162716371537153714371331133513351331133514351
43114351435143115351635173117351635163115351535153115351535143113351235123111351
23512311235113511311135123512311235123511311135113512311235123512311235133513311
33512351331143516351731173517351731173517351731163516351631153515351531163516351
434700170017001300170016001527152714271427132713271331133513351231123511351
13111351135113111351135113111351135113111351135113111351135113111351135113112351
33514311435133513311235123512311235123512311235123512311335143515311535143514311
43514351431153515351431143513351231123512351331133513351331133514351431143514351
460300130011001200110015001517152715271527152715271431133513351331133512351
23112351135113112351235133113351335133113351335133114351435143114351335133113351
33513311335133513311335133513311335123512311335143514311435133512311235133513311
43514351431153515351631163516351631153514351331133514351431153515351531153516351
481100140012001200110013001327122712271127112711371131113511351131113511351
13111351135113111351135113112351335133114351535153114351335123111351135113112351
23512311135113511311135113511311235133513311435143514311435143514311335123512311
23512351231133513351331133513351331123512351231133513351431143514351431153516351
497200130012001100120014001327132712271227122713271331133513351331133512351
33113351435143114351335133113351335133113351335123112351135113112351335133113351
33513311235123511311135113511311235133513311435143514311435143515311535153516311
63516351631163517351731163516351631163516351631163515351531153515351631163516351
510000100010001000100010001117112712371237123713371331133513351331133512351
23112351235113111351135113111351135113111351135113111351135113111351135113111351
13511311235123512311335133513311335133513311235123511311135123512311235123512311
23511351231123512351331133513351331133512351231123512351231133513351331133513351
579000100011001000100010001017102711271137113711371131113511351131113511351
13111351135113111351135113111351135113111351135113111351135113111351135113111351
13511311135113511311135123513311335123512311235133514311435153515311635163515311
43514351331133514351431143514351331133512351231123511351131123512351231133514351
588200100010001000100010001017102710271027112711271131113511351131113511351
13111351135113111351135113111351135123112351235123111351135113111351135113111351
13511311135113511311135113511311235133513311335123512311335143516311635153515311
43514351431143515351531163516351631163516351531143512351131113511351231123512351
621600140014001300120010001027102711271127122713271331143514351431143514351
33113351335133113351335133113351235123112351135113111351235123112351235123112351
33513311335133512311235123512311235133513311435143514311435153515311435143514311
43515351631163515351431133513351331133514351531153515351531153515351531143514351
630600150011001100100010001127112711371137113711371231123512351231123512351
23112351235123113351335133112351235113111351135113111351135113111351135113111351
13511311135113511311135113512311335133514311335133512311235133513311335133513311
23512351231123512351231123513351331143514351431143514351431133513351331133513351
643000100010001000100010001027103711271127113711371131113511351131113511351
13111351135113111351135113111351135113111351135113111351135113111351135113111351
13511311235123513311235123512311235133513311235123512311235133513311335123512311
23512351231123512351231133514351431133512351231113511351131113511351131123512351
645000100010001000100010001027102711271127113711371131113511351131113511351
13111351135113111351135113111351135113111351135113111351135113111351135113111351
13511311135113511311235123512311235123512311235123513311435143514311435143513311
33513351331133513351431143514351431133512351131113511351131113512351231123513351
650000100010001000100010001017102710271027112711271131113511351131113511351
13111351135113111351135113111351135113111351135113111351135113111351135113111351
13511311135113511311135113511311235133513311335133512311335133513311335133513311
23512351231123513351331133513351331133513351331123512351231113511351231123512351
675000100010001000100010001017102710271127112711271131113511351131113511351
13111351135113111351135113111351135113111351135113111351135113111351135113112351
33513311335123511311035113511311235123512311235123511311235133514311435143514311
33513351331143514351531153514351431143514351431133513351331133513351331123512351
690000110011001000100010001037102711271137113711271131123512351231123512351
13111351135113112351235123112351235123112351335133113351235123112351235133113351
33513311235123511311135113511311135113512311235123512311335143514311535153515311
53515351531153515351531153515351531153515351431143514351431143514351431143513351
747000100010001000100010001027112711271127112711271131123512351231123511351
13111351135113111351135123111351135113111351135113111351135113111351135113111351
13511311135113511311135113511311135113511311235123513311335143514311435143513311
23512351231123513351331123512351131113511351131123512351231123512351231133513351
