20131114221525
T2M TEDF  78  35 1
20131114222013111417
20131114222013111418
20131114222013111419
20131114222013111420
20131114222013111421
20131114222013111422
20131114222013111423
20131114222013111500
20131114222013111501
20131114222013111502
20131114222013111503
20131114222013111504
20131114222013111505
20131114222013111506
20131114222013111507
20131114222013111508
20131114222013111509
20131114222013111510
20131114222013111511
20131114222013111512
20131114222013111513
20131114222013111514
20131114222013111515
20131114222013111516
20131114222013111517
20131114222013111518
20131114222013111519
20131114222013111520
20131114222013111521
20131114222013111522
20131114222013111523
20131114222013111600
20131114222013111601
20131114222013111602
20131114222013111603
20131114222013111604
20131114222013111605
20131114222013111606
20131114222013111607
20131114222013111608
20131114222013111609
20131114222013111610
20131114222013111611
20131114222013111612
20131114222013111613
20131114222013111614
20131114222013111615
20131114222013111616
20131114222013111617
20131114222013111618
20131114222013111619
20131114222013111620
20131114222013111621
20131114222013111622
20131114222013111623
20131114222013111700
20131114222013111701
20131114222013111702
20131114222013111703
20131114222013111704
20131114222013111705
20131114222013111706
20131114222013111707
20131114222013111708
20131114222013111709
20131114222013111710
20131114222013111711
20131114222013111712
20131114222013111713
20131114222013111714
20131114222013111715
20131114222013111716
20131114222013111717
20131114222013111718
20131114222013111719
20131114222013111720
20131114222013111721
20131114222013111722
002  90   001  88   001  85   001  83   001  81   001  79   001  76   471
  75   671  75   771  75   871  76   871  77   971  77  1071  78  1071  80  1071
  82  1071  85  1071  91  1071  97   971 103   971 104  1071 104  1171 101  1271
  97  1171  92  1171  88  1071  84   971  81   971  77   871  73   971  68   971
  64  1071  61  1171  57  1171  55  1271  51  1271  49  1371  47  1371  46  1271
  47  1271  51  1171  61  1171  72  1071  81  1071  84  1171  83  1271  80  1371
  77  1371  75  1471  73  1471  73  1471  73  1371  73  1371  74  1371  73  1271
  73  1271  65  1251  66  1251  67  1311  68  1451  69  1451  68  1511  65  1451
  63  1251  62  1111  65  1151  70  1051  74  1011  75  1151  73  1151  70  1211
  67  1251  64  1351  62  1311  61  1351  60  1451  59  1461  59  1461
005  81   001  76   001  67   001  67   001  58   001  60   001  61   471
  61   671  60   871  57   971  56  1071  56  1071  58  1171  61  1171  64  1171
  67  1171  74  1071  80  1171  88  1371  96  1471 102  1371 104  1371 101  1271
  96  1171  88   871  81   771  77   771  74   771  71   771  66   871  60   971
  54  1071  51  1171  46  1371  43  1471  40  1371  37  1371  35  1271  36  1271
  38  1171  43  1171  49  1271  56  1371  61  1471  64  1471  64  1471  64  1471
  62  1271  60  1171  60  1071  60  1071  61  1171  61  1171  60  1171  59  1071
  57  1071  44  1151  44  1351  44  1411  43  1451  42  1551  41  1511  42  1451
  43  1351  46  1211  49  1351  53  1351  56  1411  59  1451  61  1451  60  1411
  56  1251  51  1151  46   911  43  1051  40  1251  39  1361  39  1461
015  70   001  70   001  70   001  69   001  68   001  69   001  66   471
  64   571  61   771  59   871  57   971  56   971  55  1171  56  1171  58  1171
  64  1071  70  1071  81  1171  90  1271  98  1371 103  1271 104  1271 100  1171
  92  1071  80  1071  73   971  68   971  64   971  62   971  57  1071  53  1071
  48  1171  44  1271  39  1271  36  1371  32  1371  28  1471  26  1471  25  1371
  27  1371  33  1271  43  1371  55  1371  65  1371  72  1371  74  1471  72  1471
  66  1371  58  1271  53  1171  52  1171  53  1071  54  1071  51  1171  48  1171
  46  1171  38  1251  40  1351  42  1411  42  1451  41  1551  39  1511  37  1451
  37  1451  39  1311  45  1351  53  1451  60  1411  64  1551  64  1551  60  1611
  53  1551  46  1451  41  1311  41  1351  42  1251  40  1261  38  1361
027  94   001  95   001  95   001  91   001  88   001  86   001  82   571
  78   771  76   871  74  1071  72  1071  70  1171  67  1171  65  1171  65  1171
  69  1071  76   971  84  1071  93  1071 100  1171 104  1171 103  1171 100  1071
  96   971  91   971  89   871  87   971  86  1071  85  1171  82  1271  79  1271
  74  1371  72  1371  69  1371  65  1371  57  1371  49  1471  45  1471  46  1271
  53  1171  62   971  72  1171  82  1171  90  1171  94  1171  94  1171  89  1171
  79  1171  68  1071  58  1071  53  1171  51  1271  50  1371  49  1471  48  1571
  49  1671  57  1551  59  1651  59  1611  56  1651  51  1651  46  1611  44  1551
  45  1351  50  1211  59  1251  69  1351  78  1311  82  1351  81  1351  75  1311
  65  1351  54  1251  44  1211  39  1451  36  1551  33  1761  31  1861
070  68   001  57   001  56   001  49   001  61   001  63   001  62   671
  60   871  59  1171  57  1171  54  1371  50  1271  46  1371  44  1271  46  1271
  53  1271  62  1271  74  1271  85  1371  92  1371  94  1371  91  1171  84   971
  73  1071  61  1171  51  1271  44  1371  38  1371  34  1571  29  1471  25  1371
  22  1271  21  1371  21  1571  18  1671   9  1571   0  1571  -6  1471  -5  1471
   5  1671  17  1671  33  1571  50  1571  60  1571  65  1371  63  1271  56  1171
  46  1271  36  1271  29  1371  25  1371  21  1471  20  1571  18  1471  17  1471
  17  1371  13  1651  15  1651  16  1711  13  1651   8  1651   6  1511  10  1551
  18  1551  29  1511  41  1651  51  1651  59  1711  62  1651  61  1651  55  1511
  45  1551  35  1551  29  1511  29  1651  32  1751  30  1861  29  1861
110 100   001 101   001  96   001  99   001  98   001  98   001  94   571
  91   871  90   971  89  1071  88  1071  86  1071  85  1051  85  1011  86   951
  89   851  93   711  97   851 100   951 103  1011 104   951 104  1071 101  1071
  96  1071  91   971  87   971  85  1171  85  1271  86  1471  87  1471  87  1471
  86  1471  84  1471  82  1571  79  1571  76  1571  75  1671  75  1671  78  1471
  82  1171  90   971  98   971 107  1071 112  1071 114  1071 112  1171 108  1371
 101  1271  95  1271  91  1171  90  1371  91  1671  92  1971  92  1871  91  1971
  91  1971  86  1651  89  1651  90  1611  90  1651  89  1751  88  1711  88  1551
  89  1251  93  1011  99  1051 106  1051 111  1011 113  1151 111  1351 106  1411
  99  1351  91  1351  85  1211  81  1451  80  1551  78  1761  77  1761
120  82   001  83   001  88   001  87   001  74   001  86   001  84   571
  83   671  83   871  83   971  82  1071  79  1171  76  1271  75  1371  76  1171
  79  1071  82   871  87   971  90   971  93   971  94   971  92   871  88   971
  81   871  75   871  72   871  71   971  71  1171  73  1271  74  1271  72  1271
  72  1271  72  1271  72  1271  72  1271  71  1371  70  1371  68  1471  66  1271
  68  1171  73   971  84  1071  97  1071 109  1171 114  1171 112  1271 107  1271
  99  1171  92  1171  87  1071  87  1171  89  1171  91  1271  91  1371  91  1371
  89  1471  89  1451  89  1451  89  1411  88  1451  85  1551  82  1511  79  1351
  78  1251  80  1011  87  1051  95  1051 102  1011 104  1151 102  1151  97  1211
  90  1151  82  1151  76  1011  73  1151  72  1251  71  1361  70  1361
130  82   001  81   001  71   001  65   001  60   001  77   001  75   771
  73   771  72   971  70  1071  69  1171  68  1171  66  1171  65  1171  65  1071
  68  1071  73   971  83  1071  94  1171 102  1271 104  1271 102  1371  95  1371
  86  1171  74  1071  68   771  65   871  63  1071  63  1171  63  1171  63  1171
  62  1171  61  1371  58  1471  53  1671  47  1571  40  1571  36  1471  36  1371
  40  1271  50  1171  64  1171  78  1171  89  1171  94  1271  91  1371  85  1471
  77  1271  71  1171  66   971  64  1071  64  1271  66  1371  65  1471  64  1471
  64  1571  61  1651  62  1751  62  1911  61  1851  59  1851  56  1711  53  1651
  51  1451  54  1311  63  1351  74  1451  82  1411  84  1451  81  1451  75  1411
  67  1251  58  1151  52   911  48  1151  46  1251  45  1461  43  1561
145  62   001  60   001  59   001  56   001  49   001  52   001  51   571
  50   871  49   971  47   971  45  1071  45  1071  47  1171  50  1171  54  1071
  59  1071  64   971  69  1071  76  1271  80  1371  84  1271  84  1171  82  1071
  76  1071  69   971  62  1071  58  1071  54  1071  51  1071  48  1171  44  1171
  41  1271  38  1271  35  1371  33  1371  28  1371  22  1271  17  1271  15  1271
  17  1171  24  1171  35  1271  46  1271  57  1371  63  1371  64  1471  60  1471
  52  1371  42  1271  35  1171  33  1171  33  1171  32  1171  30  1171  27  1171
  25  1171  23  1251  24  1351  25  1411  24  1451  23  1551  22  1511  21  1451
  22  1351  26  1211  33  1351  41  1351  48  1411  53  1451  55  1451  53  1411
  47  1351  40  1251  34  1111  31  1151  30  1251  28  1261  27  1361
149  62   001  67   001  69   001  68   001  71   001  70   001  64   571
  58   771  53   971  49  1171  47  1271  45  1271  45  1171  47  1171  52  1071
  60  1071  68   971  77   971  85   971  91  1071  95   971  95   971  92   871
  86   971  78   971  71  1071  65  1171  59  1171  53  1171  47  1271  40  1271
  36  1371  33  1371  32  1471  30  1471  25  1371  19  1371  15  1271  14  1271
  17  1271  25  1271  36  1271  49  1271  60  1271  65  1271  63  1271  59  1271
  52  1271  46  1171  40  1171  37  1171  35  1171  32  1171  29  1271  26  1271
  24  1371  18  1451  18  1551  20  1611  22  1551  22  1551  22  1411  20  1451
  19  1351  22  1311  31  1351  43  1451  53  1411  58  1451  59  1351  56  1311
  51  1351  45  1251  40  1211  37  1251  35  1351  33  1361  32  1461
156  83   001  79   001  75   001  75   001  75   001  72   001  67   371
  63   571  59   771  57   971  55  1071  54  1171  55  1071  57  1071  61  1071
  68   971  76   971  86  1071  96  1171 103  1271 105  1171 104  1071  99   971
  94   971  89   971  83  1071  79  1071  74   971  68   971  61   971  54  1071
  48  1071  44  1171  44  1171  42  1271  38  1271  32  1271  28  1271  26  1271
  26  1371  32  1371  43  1371  54  1371  63  1471  65  1371  61  1371  56  1271
  51  1271  47  1171  45  1171  44  1071  44  1071  43   971  40  1071  36  1071
  34  1171  34  1151  33  1251  33  1211  33  1251  32  1351  31  1311  29  1351
  28  1351  32  1311  41  1451  53  1551  62  1611  65  1551  63  1451  59  1311
  54  1251  49  1251  45  1111  43  1051  42  1051  41   961  40  1061
168  66   001  63   001  57   001  60   001  49   001  47   001  50   771
  53   871  53   971  53  1171  52  1171  50  1271  49  1371  49  1471  53  1371
  58  1171  63  1071  67  1271  70  1471  72  1671  75  1571  75  1371  72  1271
  64  1471  52  1571  43  1771  38  1771  37  1771  35  1671  32  1571  30  1471
  28  1371  27  1471  27  1671  25  1771  17  1771   9  1771   5  1771   8  1571
  16  1371  27  1171  39  1371  50  1571  60  1771  65  1671  65  1471  59  1371
  49  1471  36  1471  28  1571  25  1671  26  1671  28  1771  27  1671  24  1471
  20  1371  21  1451  21  1651  19  1711  16  1751  12  1651  10  1611  12  1551
  17  1451  24  1311  33  1551  42  1651  50  1811  56  1651  59  1551  56  1311
  47  1551  36  1651  29  1811  28  1951  32  1951  35  2061  36  1961
180  50   001  48   001  46   001  47   001  46   001  46   001  53   471
  57   771  55   971  51  1071  48  1271  46  1271  44  1471  44  1471  45  1471
  46  1371  48  1371  51  1471  54  1671  56  1871  55  1671  53  1471  51  1371
  49  1271  48  1171  44  1071  41  1171  37  1271  33  1371  32  1471  30  1471
  29  1571  29  1571  28  1571  25  1571  21  1471  17  1471  14  1371  14  1371
  17  1471  24  1471  33  1471  43  1671  52  1671  55  1671  53  1671  49  1571
  42  1471  34  1271  29  1171  25  1271  24  1271  22  1471  19  1571  15  1571
  13  1671  24  1551  23  1551  23  1511  22  1551  21  1451  20  1411  20  1451
  21  1551  25  1511  32  1751  41  1851  48  2011  52  1951  52  1951  49  1811
  44  1751  39  1651  36  1511  36  1551  37  1651  36  1661  36  1661
190  51   001  53   001  53   001  54   001  53   001  52   001  46   571
  44   871  44  1171  42  1271  39  1271  37  1371  35  1371  36  1371  39  1471
  43  1371  48  1471  54  1571  59  1971  62  1871  65  1971  65  2071  62  2071
  56  1871  48  1571  43  1471  40  1471  39  1371  37  1371  34  1471  29  1671
  26  1771  25  1771  24  1671  23  1671  20  1571  16  1471  15  1371  17  1371
  22  1471  30  1471  39  1471  46  1571  52  1671  55  1771  54  1871  50  1971
  44  1771  37  1671  33  1471  32  1471  33  1471  34  1471  32  1571  29  1771
  25  1871  30  1951  29  1851  28  1811  27  1751  27  1751  27  1611  29  1651
  32  1651  36  1611  42  1751  49  1851  55  1911  60  2051  62  2151  60  2211
  53  2151  44  1951  38  1811  37  1851  39  1751  39  1761  38  1861
222  90   001  79   001  68   001  76   001  72   001  68   001  66   571
  64   771  63   971  62  1171  60  1271  58  1371  56  1371  56  1371  60  1271
  68  1371  78  1271  90  1271 102  1271 111  1271 114  1371 112  1471 105  1471
  94  1171  83   971  73   871  68   971  68  1071  68  1171  68  1271  67  1271
  62  1371  59  1471  56  1571  51  1671  43  1671  38  1671  35  1671  36  1571
  41  1271  51  1171  64  1071  77  1171  88  1071  94  1171  91  1271  85  1471
  76  1271  66  1171  58   971  55  1071  55  1271  55  1371  53  1471  50  1471
  48  1571  44  1651  45  1751  46  1911  46  1951  45  2051  44  2011  44  1851
  46  1751  51  1511  59  1451  69  1451  77  1311  81  1451  80  1551  75  1611
  66  1451  56  1151  49   911  47  1151  48  1451  45  1661  43  1761
240  64   001  58   001  59   001  55   001  57   001  46   001  47   671
  48   871  48  1071  47  1171  46  1271  45  1371  45  1371  46  1371  49  1271
  55  1271  63  1171  71  1071  78  1071  83  1071  85  1071  84  1071  81  1071
  80   971  77  1071  73  1071  69  1171  64  1271  59  1371  54  1371  49  1271
  46  1271  45  1471  46  1671  44  1871  37  1871  31  1771  26  1771  26  1671
  30  1571  36  1471  44  1371  52  1371  59  1271  64  1371  65  1271  64  1371
  59  1371  53  1271  49  1371  45  1471  43  1671  39  1771  35  1771  31  1571
  28  1571  35  1651  37  1751  37  1911  36  1951  33  1851  29  1811  26  1751
  24  1651  27  1511  35  1451  45  1351  54  1211  59  1251  59  1351  57  1311
  53  1351  48  1351  45  1311  45  1451  45  1551  44  1661  42  1761
255  56   001  55   001  51   001  43   001  46   001  46   001  42   671
  39   971  38  1071  39  1171  40  1171  38  1371  37  1371  37  1471  40  1571
  45  1571  50  1571  57  1671  63  1771  69  1871  73  1771  74  1571  72  1371
  68  1271  62  1171  56  1071  52  1171  49  1271  44  1471  38  1371  31  1471
  27  1471  25  1571  24  1571  21  1671  15  1671   9  1771   5  1771   6  1771
  12  1771  19  1671  29  1771  39  1771  47  1871  52  1771  54  1571  52  1471
  47  1371  42  1371  37  1271  36  1371  35  1571  33  1671  29  1671  24  1771
  21  1771  27  1751  28  1851  28  1811  27  1851  25  1951  23  1911  23  1851
  25  1851  31  1711  41  1851  53  2051  63  2111  70  1951  72  1851  70  1611
  64  1551  57  1551  50  1411  46  1551  45  1751  44  1861  42  1961
260  65   001  58   001  59   001  57   001  52   001  48   001  50   871
  46  1371  45  1671  46  1871  47  1871  47  1871  46  1871  46  1771  47  1671
  50  1671  54  1571  61  1571  67  1571  73  1571  74  1471  74  1351  70  1371
  65  1471  57  1571  51  1671  45  1771  40  1971  35  2171  31  2071  29  2071
  27  2071  27  2171  26  2171  23  2271  17  2171  10  2071   5  1971   6  1971
  12  1971  22  1871  36  1871  50  1771  60  1671  64  1671  63  1671  58  1671
  50  1771  42  1771  34  1971  31  2071  29  2171  28  2271  26  2271  23  2371
  20  2371  23  2251  22  2351  21  2311  18  2251  15  2251  14  2111  17  2051
  23  1951  33  1811  46  1851  60  1751  72  1711  79  1751  82  1751  78  1711
  69  1851  57  1951  46  2011  39  2251  35  2351  33  2561  31  2661
280  49   001  49   001  49   001  37   001  36   001  39   001  48   671
  53   971  54  1271  52  1571  50  1671  48  1671  46  1671  45  1671  46  1771
  47  1871  49  1971  52  1971  55  1771  59  1771  62  1671  64  1571  63  1471
  58  1471  51  1371  46  1471  42  1571  43  1771  42  1871  40  1671  37  1671
  34  1571  32  1671  30  1671  28  1771  23  1871  18  1971  15  2071  17  1971
  22  1871  29  1871  38  1771  46  1771  51  1771  54  1671  54  1671  51  1771
  46  1671  41  1571  36  1471  34  1671  33  1771  32  1971  30  1971  28  1971
  26  1871  26  1851  25  1851  24  1911  22  1951  19  2051  17  2011  17  2051
  19  1951  25  1911  34  1951  43  1851  51  1811  55  1951  56  1951  54  2011
  50  1951  46  1751  43  1611  42  1851  41  1951  41  2161  40  2161
299  61   001  56   001  53   001  46   001  51   001  48   001  43  1071
  38  1371  33  1471  30  1371  27  1271  24  1371  23  1471  23  1571  26  1671
  31  1571  37  1571  44  1671  51  1671  58  1871  63  1771  65  1771  64  1771
  58  1771  49  1771  40  1771  35  1771  33  1871  33  1871  34  1871  36  1971
  38  1971  40  1871  42  1871  41  1771  35  1771  28  1771  24  1771  24  1771
  29  1771  37  1771  46  1771  53  1771  60  1871  64  1771  64  1771  59  1671
  49  1671  37  1571  26  1571  21  1671  20  1671  22  1771  24  1871  26  2071
  27  2171  32  1951  33  1851  32  1811  29  1951  26  1951  25  2011  28  1951
  33  1851  41  1711  49  1851  57  2051  64  2111  68  2051  69  1951  66  1811
  60  1951  51  1951  43  2011  37  2051  32  1951  30  1961  30  2061
434  53   001  48   001  31   001  31   001  36   001  36   001  33   671
  32   771  32   971  32  1071  31  1071  29  1171  27  1271  26  1271  26  1271
  29  1271  34  1171  40  1071  46  1071  51  1071  54  1171  54  1171  51  1171
  50  1171  46  1171  44  1171  42  1271  41  1371  39  1271  38  1271  35  1271
  34  1271  33  1271  35  1371  34  1371  31  1371  28  1371  26  1371  27  1471
  30  1471  37  1571  46  1671  55  1671  62  1571  64  1471  62  1471  56  1271
  48  1271  39  1371  33  1371  32  1471  32  1471  32  1571  30  1571  28  1471
  26  1471  38  1451  42  1451  44  1411  43  1451  39  1551  36  1511  35  1551
  37  1451  44  1411  56  1351  70  1351  82  1211  88  1251  89  1151  85  1111
  77  1251  67  1251  59  1311  55  1351  53  1451  50  1461  48  1561
460  38   001  55   001  54   001  54   001  54   001  46   001  50   771
  49  1171  47  1471  44  1671  42  1671  39  1771  36  1971  35  2071  37  1871
  42  1771  47  1571  51  1571  53  1471  54  1471  53  1571  52  1371  49  1371
  46  1471  42  1571  38  1671  35  1671  33  1771  30  1771  28  1871  25  1971
  23  2071  21  2171  17  2171  12  2271   4  2371  -3  2471  -5  2571   1  2271
  11  2071  24  1771  34  1671  42  1671  48  1471  52  1471  54  1571  53  1571
  47  1671  39  1771  32  1871  29  1871  28  1971  28  1971  27  2071  25  2271
  23  2371  25  2251  22  2251  19  2311  15  2451  12  2651  13  2711  19  2451
  29  2251  41  1911  55  1951  68  1851  80  1811  89  1851  93  1851  90  1811
  80  2051  68  2151  57  2311  52  2451  51  2451  48  2561  45  2661
481  60   001  54   001  52   001  49   001  47   001  50   001  50   571
  49   971  48  1071  48  1171  48  1171  46  1171  45  1371  45  1371  46  1471
  48  1471  51  1471  54  1471  56  1471  58  1471  62  1471  65  1271  63  1271
  60  1371  53  1371  45  1571  41  1771  36  1571  33  1571  29  1571  22  1471
  19  1371  19  1371  17  1471  17  1471  15  1471  15  1571  15  1571  17  1571
  20  1471  27  1471  35  1471  43  1471  49  1371  54  1371  55  1371  54  1371
  51  1571  46  1571  42  1571  40  1671  39  1671  38  1671  36  1671  32  1671
  30  1671  31  1451  32  1551  32  1511  30  1551  26  1551  24  1511  24  1551
  27  1651  34  1611  44  1751  55  1851  64  1911  70  1851  73  1851  72  1711
  69  1851  64  1951  61  2011  60  2051  59  1951  58  1961  55  1961
497  25   001  24   001  20   001  18   001  18   001  15   001   9   871
   6  1371   5  1671   5  1971   5  2071   3  1971   2  1771   0  1671  -3  1871
  -5  1871  -2  1971   8  2171  20  2371  31  2471  35  2371  34  2171  29  1871
  21  1771  16  1671  11  1671  10  1771   9  1871  10  1971  10  1971  10  2071
   8  1971   7  1971   7  2071   6  2071   5  1871   5  1771   5  1571   7  1871
  13  1971  22  2171  38  2271  53  2371  63  2371  64  2171  58  2171  50  2071
  41  1871  33  1771  27  1671  24  1771  23  1771  21  1871  18  1971  14  1971
  12  2071  11  1951  12  1951  13  1911  13  1851  13  1651  13  1511  15  1651
  20  1851  32  1911  50  2051  70  2251  84  2311  87  2251  80  2251  69  2111
  56  2051  45  1951  38  1811  36  1951  37  1951  37  2061  36  2161
510 104   001  99   001  84   001  82   001  76   001  78   001  81   871
  78  1171  75  1271  71  1371  66  1371  60  1471  56  1471  55  1411  57  1351
  63  1351  71  1211  80  1451  88  1651  93  1811  94  1651  91  1571  87  1371
  83  1271  80  1071  76   971  74  1071  73  1071  71  1171  69  1271  67  1371
  64  1471  61  1571  57  1571  51  1671  44  1671  38  1671  35  1671  37  1671
  43  1471  52  1371  63  1571  73  1771  81  1871  84  1771  84  1671  80  1571
  75  1371  69  1271  65  1071  61  1271  59  1271  56  1371  53  1571  50  1571
  48  1671  44  1651  43  1751  41  1711  38  1751  35  1751  34  1711  36  1651
  41  1651  49  1511  59  1651  70  1851  79  1911  84  1851  86  1851  84  1711
  79  1651  72  1451  67  1311  65  1451  65  1451  65  1561  65  1661
579  83   001  75   001  72   001  68   001  58   001  46   001  48   571
  51   871  54  1071  57  1371  60  1371  62  1471  66  1771  67  1871  70  1871
  74  1771  78  1671  76  1671  73  1571  69  1571  67  1571  66  1571  65  1571
  60  1371  55  1271  52  1271  51  1271  52  1271  53  1171  52  1271  50  1371
  48  1471  47  1571  46  1671  46  1771  47  1871  46  1971  47  2071  48  1871
  50  1671  52  1471  57  1571  62  1671  68  1771  71  1871  73  1771  73  1871
  70  1671  67  1371  64  1271  63  1271  63  1171  64  1171  64  1271  63  1371
  64  1471  76  1551  74  1751  72  1811  68  1951  64  2051  63  2111  65  1951
  70  1651  76  1411  82  1551  88  1651  95  1711 103  1851 109  1951 111  2011
 106  1851  98  1551  90  1311  87  1351  87  1451  88  1461  89  1561
588  90   001  86   001  85   001  81   001  78   001  77   001  68   771
  61  1271  57  1371  54  1571  52  1671  50  1571  47  1671  45  1571  46  1671
  49  1771  52  1771  54  1771  58  1871  65  1871  74  1871  82  1871  85  1771
  80  1671  69  1571  59  1471  54  1571  51  1571  49  1671  45  1671  40  1771
  36  1771  36  1771  38  1771  41  1771  44  1771  46  1671  47  1671  46  1671
  46  1571  50  1571  62  1671  77  1871  91  1971 100  2071 105  2071 105  2171
 100  1971  93  1771  86  1571  81  1571  78  1671  75  1671  71  1671  68  1671
  66  1671  70  1651  72  1751  73  1711  72  1751  69  1751  67  1711  67  1651
  69  1651  75  1511  85  1751  97  1951 108  2111 116  2151 119  2251 117  2211
 110  2051 102  1851  94  1611  90  1651  88  1751  86  1761  84  1761
621  83   001  85   001  88   001  84   001  80   001  73   001  62  1171
  57  1671  52  1871  48  1871  45  1771  41  1771  38  1871  37  1871  39  1771
  41  1671  47  1571  52  1571  58  1671  62  1671  63  1671  60  1571  58  1571
  55  1571  52  1571  51  1671  51  1671  50  1871  50  1971  48  1971  44  2071
  41  2071  38  1971  35  1771  31  1671  23  1771  18  1771  17  1871  24  1871
  36  1771  50  1871  64  1771  74  1671  81  1571  82  1671  80  1751  74  1911
  68  1851  61  1851  57  1711  55  1751  54  1851  52  1911  48  2051  42  2151
  39  2211  35  2051  35  1951  35  1811  34  1951  33  1951  32  2011  33  2051
  36  2051  42  2011  52  1951  62  1851  71  1711  75  1851  74  1851  71  1911
  66  1951  60  1951  55  1911  52  2051  50  2151  49  2261  49  2261
630  96   001  94   001  90   001  90   001  78   001  67   001  61   871
  58   871  55  1171  52  1371  49  1471  47  1471  46  1471  46  1471  46  1371
  48  1271  53  1171  58  1371  64  1571  70  1671  73  1571  73  1571  70  1371
  65  1371  61  1271  57  1371  55  1471  52  1471  51  1571  49  1471  46  1471
  44  1371  42  1471  39  1571  36  1671  31  1671  27  1571  26  1571  30  1471
  38  1571  48  1471  61  1571  71  1571  80  1671  83  1671  82  1571  79  1571
  75  1671  71  1571  69  1571  66  1571  65  1671  62  1671  58  1571  55  1571
  52  1471  60  1651  60  1751  60  1811  58  1851  56  1851  53  1811  50  1751
  50  1651  53  1511  61  1551  71  1651  80  1611  84  1651  85  1651  83  1611
  80  1651  76  1651  72  1611  69  1751  68  1751  67  1861  67  1761
643 111   001  98   001 102   001 107   001 107   001 104   001  97   671
  90   971  86  1071  83  1171  81  1271  78  1471  76  1471  76  1571  80  1371
  87  1271  94  1071  99  1171 102  1271 104  1371 103  1271 101  1171  93  1071
  83  1071  70  1171  64  1171  59  1271  57  1471  59  1571  59  1471  60  1371
  60  1271  62  1371  64  1571  63  1671  59  1671  57  1771  56  1771  57  1571
  62  1371  71  1171  84  1271  98  1471 109  1571 113  1371 112  1271 107  1171
 100  1071  93  1071  87   971  83  1171  81  1371  80  1571  78  1671  77  1671
  78  1671  90  1651  92  1751  92  1711  91  1851  90  1851  89  1911  90  1651
  93  1451  97  1111 102  1251 108  1451 113  1511 117  1551 118  1451 118  1411
 115  1451 111  1351 107  1311 104  1551 102  1751 102  1961 103  1861
645 115   001 103   001  81   001  82   001  49   001  45   001  49   471
  54   871  59  1171  64  1371  67  1571  71  1571  76  1771  77  1771  82  1671
  90  1571  94  1371  97  1371  96  1371  94  1371  92  1471  90  1371  86  1471
  77  1371  67  1371  59  1271  56  1471  58  1471  59  1471  62  1471  62  1571
  63  1571  61  1671  61  1871  59  1971  56  1971  56  1971  58  1971  61  1771
  67  1671  73  1471  80  1471  87  1571  94  1571  99  1671 103  1771 101  1971
  95  1671  85  1471  76  1171  71  1271  69  1471  68  1571  68  1671  69  1671
  70  1671  87  1751  87  1951  86  2011  84  2051  82  2151  81  2111  82  1951
  85  1651  89  1411  94  1551 100  1551 106  1611 111  1851 115  1951 114  2111
 109  1951 102  1651  96  1411  94  1551  94  1751  94  1861  94  1861
650 111   001 106   001 101   001  97   001  82   001  83   001  75   571
  72   971  70  1071  71  1071  71  1171  68  1271  67  1371  67  1471  72  1371
  79  1371  86  1271  92  1271  98  1371 101  1371 102  1271 103  1171 100  1071
  96  1071  90   971  85  1071  85  1171  85  1171  84  1271  79  1371  73  1371
  68  1471  62  1471  59  1571  57  1571  56  1571  57  1671  60  1671  64  1571
  69  1471  79  1471  91  1471 102  1371 113  1371 120  1271 123  1271 121  1071
 116  1071 110  1071 104   971 100   971  97   971  95   971  91  1171  90  1371
  89  1471 100  1551 102  1651 103  1611 101  1751  98  1751  98  1811 103  1751
 112  1651 121  1511 129  1551 135  1551 140  1511 143  1551 145  1451 144  1411
 140  1351 135  1251 131  1111 130  1151 129  1251 127  1261 126  1461
675 126   001 117   001 109   001 105   001 100   001  95   001  82   771
  73  1271  67  1671  60  2071  54  2171  48  2271  46  2371  48  2471  54  2371
  64  2271  75  2171  84  1971  93  1571 101  1371 108  1371 112  1471 113  1471
 108  1371 101  1171  91  1071  82  1171  74  1271  70  1371  69  1571  70  1671
  70  1871  66  1971  62  2071  59  2171  56  2271  56  2271  61  2371  71  2171
  84  2071  97  1871 110  1771 121  1571 131  1471 138  1571 142  1571 144  1671
 141  1571 136  1371 130  1271 124  1371 120  1471 117  1571 115  1671 114  1671
 112  1771 109  2051 107  2151 105  2211 102  2251 100  2351 102  2311 109  2151
 118  1951 127  1711 132  1651 136  1651 139  1511 144  1551 149  1651 150  1611
 147  1551 140  1351 134  1211 130  1451 129  1551 126  1761 123  1861
690 153   001 160   001 138   001 146   001 129   001 128   001 124  1271
 119  1371 112  1371 105  1271  99  1271  96  1371  96  1371  99  1471 105  1571
 112  1471 118  1571 124  1471 128  1371 131  1271 133  1071 133   871 133   771
 129   871 123   871 120   971 118  1071 118  1171 117  1071 116  1171 114  1271
 114  1371 113  1271 113  1271 115  1171 118  1271 121  1371 126  1471 134  1371
 143  1371 152  1271 161  1271 168  1371 172  1471 174  1271 172  1171 169  1071
 163   971 156  1071 152  1071 149  1171 147  1271 146  1371 143  1471 140  1471
 136  1571 135  1351 133  1251 132  1111 131  1251 132  1451 134  1511 139  1451
 145  1451 151  1311 156  1351 160  1451 162  1411 162  1351 161  1251 158  1111
 155  1051 152  1051 149   911 146  1051 144  1151 141  1261 139  1361
747 129   001 130   001 122   001  91   001 101   001  71   001  70   871
  71  1171  71  1371  72  1571  72  1671  74  1871  76  1871  74  1971  75  1871
  80  1671  85  1471  90  1471  93  1571  96  1571  96  1471  95  1571  93  1571
  90  1471  88  1371  85  1271  84  1371  85  1471  82  1571  79  1671  75  1671
  72  1771  72  1871  71  1871  68  1971  67  1971  64  2071  66  2071  73  1871
  86  1771  98  1571 110  1571 117  1671 124  1671 126  1771 125  1771 121  1771
 116  1571 108  1371 103  1171  99  1371  96  1571  94  1771  93  1771  92  1871
  92  1871  92  1751  91  1851  91  1911  90  2051  90  2051  89  2111  89  1951
  90  1651  94  1411 100  1551 108  1551 116  1611 122  1651 125  1651 124  1611
 120  1551 114  1351 108  1211 104  1451 102  1651 102  1861 103  1961
NT  TEDF  78  35 1
20131114222013111417
20131114222013111418
20131114222013111419
20131114222013111420
20131114222013111421
20131114222013111422
20131114222013111423
20131114222013111500
20131114222013111501
20131114222013111502
20131114222013111503
20131114222013111504
20131114222013111505
20131114222013111506
20131114222013111507
20131114222013111508
20131114222013111509
20131114222013111510
20131114222013111511
20131114222013111512
20131114222013111513
20131114222013111514
20131114222013111515
20131114222013111516
20131114222013111517
20131114222013111518
20131114222013111519
20131114222013111520
20131114222013111521
20131114222013111522
20131114222013111523
20131114222013111600
20131114222013111601
20131114222013111602
20131114222013111603
20131114222013111604
20131114222013111605
20131114222013111606
20131114222013111607
20131114222013111608
20131114222013111609
20131114222013111610
20131114222013111611
20131114222013111612
20131114222013111613
20131114222013111614
20131114222013111615
20131114222013111616
20131114222013111617
20131114222013111618
20131114222013111619
20131114222013111620
20131114222013111621
20131114222013111622
20131114222013111623
20131114222013111700
20131114222013111701
20131114222013111702
20131114222013111703
20131114222013111704
20131114222013111705
20131114222013111706
20131114222013111707
20131114222013111708
20131114222013111709
20131114222013111710
20131114222013111711
20131114222013111712
20131114222013111713
20131114222013111714
20131114222013111715
20131114222013111716
20131114222013111717
20131114222013111718
20131114222013111719
20131114222013111720
20131114222013111721
20131114222013111722
002500170013001000100010001017112712271327142715271535153115351535163116351
53515311435143513311335123512311235123513311335133514311435153515311535153515311
53515351631163515351531153515351531153515351531163516351631163516351531163516351
63117351735173117351735173117351735173116351635163115351535143115351535163616361
005700130014001300120010001117122713271327142715271635163116351535133113351
33512311235123513311335133514311435143514311535153516311635163516311535153514311
33513351231123512351231123512351331133513351431153516351631163516351631153515351
53115351535153115351535153114351435133113351335133113351435143115351635163617361
015500170016001700150013001317121712271227132713371235123111351135123112351
23512311235123512311335133514311535153516311635163516311535143513311335123513311
33513351331123512351131113511351231123512351331143515351531153516351631163516351
73116351635153116351635163115351435133112351235123112351235133114351635163616361
027400140013001300120012001217111712271227132714271635163115351435133114351
53517311735173516311435133512311235133513311235123512311235133514311435143514311
53515351431133512351131113511351231123512351331143515351631163516351531153516351
63116351635163115351435143113351335133112351235123112351435153116351635173617361
070400140012001300140014001517161716271727162716271535143113351335133113351
43514311335123511311135113511311135113511311135113511311235123512311235123512311
23512351231133513351331133512351231123512351231133514351431143514351431143515351
53116351535163116351735173117351635163115351435143114351535163116351635163616361
110400180014001700170014001417141714271427142714271435143113351335123111351
13512311235133513311335123512311135113512311235123512311235123512311235123512311
23512351231133513351431143514351331133512351231123512351231133515351531153515351
43113351335133114351535163116351635163116351635163116351635163115351535153615361
120200130014001400140014001417141713271327132713271335133113351335123112351
23512311335133513311335123511311235133514311435133512311235123512311235123512311
23513351331133512351231123513351331133513351331143515351631173516351631163516351
63116351535153115351535153116351635163115351535143114351335143114351635163616361
130200130014001300120012001217122711271137113711371235123112351235113111351
13512311435163517311635133512311135113512311235123512311235123512311235123512311
23512351231113511351131113511351131113511351131133515351631173517351631163516351
63116351635163116351635163115351435133113351335143114351435153115351635163617361
145100130012001400140016001517142713271327122712271335143114351535153115351
53514311335123512311135113511311135113512311235133513311335133512311235123512311
23513351331133512351131113511351131113511351231133515351631163516351531153516351
63116351635163116351635163116351635163115351535153115351635163117351735173617361
149100110015001300150015001517142713271227122712271335143115351635163116351
53515311435123512311135113511311235123512311235123513311335123512311235123512311
23512351331123512351231113511351131113512351231143515351631163516351531153516351
63116351635163116351635163117351635163115351535143115351535163117351735173616361
156000130012001600160016001617152714271327132713271335143115351635163115351
53514311335123512311135113511311135123512311235133513311335123512311235123512311
23513351331123512351131113511351131113512351231143515351631163516351531153516351
63116351635153116351635163117351635163115351535143115351535163117351735173616361
168600160016001600150015001517161716271627172717271735173117351635163117351
73517311535133512311135113511311235133513311335143514311335133513311435143515311
53516351731173517351731163515351431143515351631163516351631163516351631173516351
63116351635163116351635163117351635163115351335133113351535163117351735173617361
180700160017001700170017001717171717171727172717271735173117351635153115351
43513311235123512311135113512311235133513311335133513311335133514311435153515311
63516351631153515351431133512351231123512351331143514351531153514351431143514351
43114351435143115351535153115351435143113351235123113351435153116351635163616361
190500170016001600170016001617171716271627162716271635163116351535153116351
63516311535133512311235123512311335133513311435143515311535153514311435143514311
43515351631173517351631153513351231123513351431153515351531153515351631163516351
53115351435143114351435153115351435133113351235123112351435153116351635163616361
222100120011001400140013001317132712271127112710271135113112351335143114351
43514311535153515311435133511311135113512311235123512311235123512311335143514311
43513351331123512351231123512351131113511351231123513351431143514351431143514351
53115351635163117351735173117351735173117351735173117351635163116351635163616361
240200150014001200120010001117112712271337133713371335123112351335143115351
63517311735173517311635143514311335133513311335133513311335123512311335143515311
63516351631153514351331123511351231123513351531163516351731173517351631163516351
63116351635163116351635173116351635163116351635163116351635163117351735173617361
255300150013001300140014001417151716271627172717271735173117351735173117351
73517311835183517311535133512311135113512311235123512311235123513311335133514311
53516351731173517351631153514351431143515351631173517351731163516351531153516351
63116351635163116351535153115351635163116351635163116351635163116351635163616361
260400140015001400150015001517161716271627172717271735163117351735173117351
73517311735173517311635163514311335123512311135123512311235123513311435153516311
63517351731173517351731163515351431143515351631163516351631163516351631163515351
53115351635163116351535153115351535163116351635163116351635163116351735163615361
280600170017001700160017001717172717271727172717271735173117351635163116351
63516311635153513311335123512311235133514311435133513311335143514311535153515311
63516351731163516351531143513351331143515351631163516351631163516351631173517351
73116351635163116351735173116351435133113351335143115351635163116351635163615361
299600160016001600170018001817171717171727172717271735173116351635163116351
63517311735173516311535153514311535153516311635153515311535153516311635153515311
53515351531163516351531153514351431143514351531153516351631163515351431143514351
43114351335133113351435153115351435133112351235123112351335143115351535153615361
434400170016001500140015001517152716271627162716271635173117351735173117351
73517311735173517311735163516311635153514311335123511311135113511311235123512311
23512351231123512351331133512351231123513351431143515351531153515351431143514351
43114351535143114351335123111351135123113351435153116351635173117351635163615361
460400150016001500160016001617171717171727172717271735173117351735183118351
83517311735173517311735173517311735163516311535153515311535153514311435133512311
23512351331143515351531153513351331143515351531153515351431143514351431143514351
43114351435153115351435143113351435143115351635173117351735173116351635163616361
481700160017001600150017001717172717271727172717271735173117351735173117351
83517311635153514311335133513311335143514311535153515311535163516311635163516311
63516351631163516351631153515351431143514351531153515351531153516351631163516351
63116351635163116351635163116351635153115351535163116351635163116351635163616361
497400160016001700170018001817172717271727172717271735173117351835173117351
63515311435143514311335123512311235123513311435143515311535153515311435143513311
33513351331133512351231113511351131113511351131123512351231123513351331133513351
33113351335143114351535153115351535153115351635163116351535153115351635163615361
510100140011001200120012001217112711271127112711271135113112351435153115351
43514311535163517311835183517311635143513311235123512311235123512311235113511311
23512351331143514351431143514351431153515351531153515351531153516351631163516351
63116351535163116351635163116351635163116351735173117351735173116351635163615361
579000100010001000100010001217131714271527152716271735173117351735173116351
63516311635173517311735153514311335123511311135123512311235123512311335143515311
63517351731163516351531153516351631163516351631163516351531153515351531163516351
73117351735173117351735173117351735173117351735173117351735173117351735173617361
588000100010001000100010001117112712271327152716271735173116351435133114351
63517311635143512311135113511311235123512311235133513311335143514311435153515311
63517351731163515351431153516351731163516351531153515351531163516351631163515351
63116351635173117351735173117351735173117351735173116351635153115351535163616361
621500150013001700180017001717171717271727162716271635173117351735173117351
83518311835183517311735173517311735173517311635153513311235123512311335143515311
53514351431153516351731173517351731173516351631163516351631163516351631163517351
73117351635163116351735173117351735173117351735173117351735163116351635163616361
630500160012001300120015001527142715271527152716271635173117351735173117351
73517311735173517311735173517311735173517311635153514311535163516311535153514311
43515351631173516351631163517351731173517351731173517351731163516351631163516351
63116351635173117351735173117351735173117351735173117351735163115351535153615361
643000100010001400160014001417141714271327142714271535163117351735163117351
73517311735173517311735173517311735163515311435143513311335133513311235113512311
33515351731173517351731173517351731173517351731173517351731173517351731173517351
73117351735173117351735173117351735173117351735173117351735173117351735173617361
645000100010001000130013001417141714271427152715271635173117351735173117351
73517311735173517311735173517311635143513311235123512311335133513311335133513311
43516351731173517351631163517351731173517351731173517351731173516351631163517351
73117351735173117351735173117351735173117351735173117351735173117351735173617361
650000100010001000100011001117111712171227122713271335143115351635163116351
63515311535153515311535143513311235123512311335143515311535143514311435153516311
63517351731173517351731173517351731173517351731173517351731173517351731173517351
73117351735173117351735173117351735173117351735173117351735173117351735173616361
675000100010001000100010001117112712271327142715271535153114351335123113351
43515311535133513311235133513311335133513311335133513311335133514311535163517311
73517351731173517351731173517351731173517351731173516351631163516351631163516351
63117351735173117351735173117351735173117351735173117351735173117351735163616361
690100100010001300110012001417162717271727172717371635153115351435143114351
53515311535153514311435153516311635173517311535143513311435153516311735173517311
63517351731173517351731173517351731163515351531153516351731173517351731173517351
73117351735173117351735173117351735173117351735173117351735173117351735163616361
747000120010001200130014001417131712171227122712271235123113351435153116351
63516311735173517311735173517311635153515311535153516311735173517311635153515311
63516351731173517351731173517351731163515351531153516351731173517351731173517351
73117351735173117351735173117351735173117351735173117351735173116351635163616361
