20131107221627
T2M TEDF  78  35 1
20131107222013110717
20131107222013110718
20131107222013110719
20131107222013110720
20131107222013110721
20131107222013110722
20131107222013110723
20131107222013110800
20131107222013110801
20131107222013110802
20131107222013110803
20131107222013110804
20131107222013110805
20131107222013110806
20131107222013110807
20131107222013110808
20131107222013110809
20131107222013110810
20131107222013110811
20131107222013110812
20131107222013110813
20131107222013110814
20131107222013110815
20131107222013110816
20131107222013110817
20131107222013110818
20131107222013110819
20131107222013110820
20131107222013110821
20131107222013110822
20131107222013110823
20131107222013110900
20131107222013110901
20131107222013110902
20131107222013110903
20131107222013110904
20131107222013110905
20131107222013110906
20131107222013110907
20131107222013110908
20131107222013110909
20131107222013110910
20131107222013110911
20131107222013110912
20131107222013110913
20131107222013110914
20131107222013110915
20131107222013110916
20131107222013110917
20131107222013110918
20131107222013110919
20131107222013110920
20131107222013110921
20131107222013110922
20131107222013110923
20131107222013111000
20131107222013111001
20131107222013111002
20131107222013111003
20131107222013111004
20131107222013111005
20131107222013111006
20131107222013111007
20131107222013111008
20131107222013111009
20131107222013111010
20131107222013111011
20131107222013111012
20131107222013111013
20131107222013111014
20131107222013111015
20131107222013111016
20131107222013111017
20131107222013111018
20131107222013111019
20131107222013111020
20131107222013111021
20131107222013111022
002 108   001 103   001  97   001  99   001  97   001 100   001 103   471
 105   671 106   771 106   771 105   871 102   871  99   971  96   971  95   971
  95  1071  99  1071 103  1071 108  1071 113  1071 114  1171 113  1371 111  1471
 108  1371 105  1271 104  1171 104  1071 105   971 105   871 103   971  99   971
  97  1071  96  1071  97  1171  96  1171  94  1171  90  1271  87  1271  86  1271
  85  1271  88  1271  92  1271  97  1171 101  1171 104  1271 104  1271 103  1371
 101  1371  99  1471  98  1471  97  1471  96  1371  95  1371  92  1371  89  1371
  87  1371  81  1151  82  1251  81  1211  78  1351  75  1351  72  1411  71  1351
  72  1351  75  1211  80  1251  84  1151  88  1111  89  1151  89  1251  87  1211
  85  1251  83  1351  81  1311  80  1351  80  1351  81  1361  82  1361
005 107   001 103   001  97   001  95   001  96   001  95   001  93   971
  91   971  88   971  85  1071  81  1071  78  1071  76  1171  75  1171  77  1171
  81  1171  87  1071  95  1171 102  1371 108  1471 113  1471 114  1471 112  1471
 107  1371 101  1071  94   971  92   971  92   971  91   971  89   971  86   971
  84   971  83  1071  84  1271  81  1371  75  1371  68  1371  65  1371  68  1371
  75  1271  82  1271  87  1371  90  1471  92  1571  93  1571  94  1571  92  1571
  88  1371  82  1271  78  1171  76  1271  77  1271  77  1371  76  1371  73  1271
  71  1271  73  1151  72  1351  70  1411  66  1451  63  1551  61  1511  63  1451
  68  1451  75  1311  83  1451  90  1451  94  1511  94  1551  91  1451  84  1411
  75  1351  66  1151  61  1011  61  1151  65  1151  65  1261  66  1261
015 109   050 104   050  99   030  95   250  92   450  90   750  87   971
  84  1071  82  1071  80  1171  78  1171  76  1171  75  1171  75  1171  76  1171
  79  1071  84  1071  93  1271 102  1371 109  1571 113  1471 114  1471 112  1371
 106  1271  98  1171  93  1071  90  1071  88   971  87   971  86  1071  84  1271
  82  1371  81  1471  79  1471  76  1571  71  1571  67  1571  65  1571  67  1471
  72  1371  78  1271  83  1371  88  1571  91  1571  93  1571  94  1571  94  1571
  91  1471  87  1371  83  1271  79  1271  77  1171  74  1171  71  1171  68  1271
  66  1271  62  1351  61  1451  59  1511  57  1551  56  1551  57  1511  60  1551
  65  1451  72  1411  80  1551  89  1651  95  1711  98  1751  96  1751  89  1711
  77  1651  64  1451  54  1311  50  1251  51  1251  52  1161  53  1261
027 114   001 113   001 109   001 101   001 103   001 103   001  97   571
  93   771  93   871  92   971  90   971  87  1171  85  1171  85  1271  88  1271
  94  1171 101  1071 110  1071 118  1171 124  1171 124  1171 120  1171 114  1071
 106   971  98   971  92   871  88   971  85  1071  83  1171  81  1271  78  1271
  76  1371  76  1371  76  1471  75  1471  70  1471  66  1571  65  1511  68  1471
  73  1271  82  1271  90  1271  96  1271 101  1171 104  1171 103  1171  99  1171
  94  1071  87  1071  81   971  79  1071  81  1071  82  1171  83  1271  83  1471
  84  1571  82  1551  84  1651  85  1611  84  1651  83  1651  83  1611  85  1451
  88  1351  92  1111  96  1151 100  1151 103  1111 106  1151 107  1151 104  1111
  97  1051  89  1051  84   911  84  1051  88  1151  89  1261  90  1461
070 153   001 152   001 154   001 149   001 145   001 115   001 108   671
 107   871 103  1171 101  1171  99  1371 100  1371 101  1371 103  1371 107  1271
 112  1071 118   971 124  1071 130  1271 133  1371 134  1371 132  1271 124  1071
 115  1171 105  1271  98  1371  95  1371  94  1471  95  1571  94  1471  91  1371
  87  1271  85  1371  84  1571  81  1671  73  1671  66  1571  64  1571  68  1471
  77  1571  88  1471  98  1371 106  1471 112  1471 114  1271 115  1271 110  1171
 103  1271  94  1371  88  1471  86  1471  85  1471  84  1571  81  1471  77  1471
  73  1371  75  1551  72  1551  69  1611  65  1551  63  1551  63  1411  67  1451
  73  1351  80  1311  87  1451  92  1451  96  1511  97  1451  95  1451  89  1311
  78  1451  66  1551  57  1611  54  1651  54  1651  52  1661  49  1661
110 103   001 103   001  97   001  90   001  84   001  81   001  79   671
  78   971  77  1071  77  1171  78  1271  79  1271  81  1271  87  1271  93  1071
  99   971 104   771 107   871 109   971 111  1071 113   971 114  1071 111  1071
 104  1071  95   971  86   971  82  1171  81  1271  80  1471  79  1471  78  1571
  76  1571  76  1571  75  1671  75  1671  75  1771  76  1771  77  1871  79  1571
  84  1271  90   971  97   971 106  1071 114  1071 118  1071 119  1171 118  1371
 115  1271 112  1171 111  1071 112  1271 114  1571 116  1871 117  1771 117  1871
 116  1871 109  1751 109  1751 109  1811 107  1851 105  1851 105  1811 107  1551
 112  1351 117  1011 122  1051 126  1051 130  1011 134  1151 136  1251 136  1311
 133  1251 130  1151 127  1011 127  1251 129  1451 129  1661 130  1661
120 103   001 100   001  95   001  94   001  91   001  92   001  90   571
  88   671  85   771  81   971  78  1071  75  1171  75  1271  77  1371  81  1171
  88  1071  95   871 103   971 109   971 113   971 114   971 111  1071 105  1071
  97   971  89   971  84   871  82   971  82  1071  83  1171  83  1171  83  1071
  82  1071  81  1171  78  1171  77  1271  76  1371  75  1471  75  1571  77  1371
  82  1071  89   871  98   971 107  1171 112  1271 114  1371 112  1371 108  1471
 102  1371  97  1171  94  1071  95  1171  97  1171 100  1271 102  1271 103  1171
 102  1171 100  1251 100  1351 100  1311  98  1451  96  1551  96  1611  98  1451
 102  1151 107   911 111  1051 115  1051 118  1111 121  1251 123  1251 122  1311
 117  1251 110  1151 107  1011 109  1051 115  1151 116  1161 117  1161
130 130   001 129   001 127   001 124   001 115   001 112   001 118   771
 120   771 117   971 112  1171 107  1271 101  1271  96  1271  95  1271  98  1171
 104  1171 113  1071 122  1071 131  1171 135  1171 134  1171 129  1271 120  1271
 109  1171  96   971  87   771  82   871  77  1071  76  1171  75  1171  73  1171
  71  1171  69  1371  69  1571  67  1771  66  1771  65  1671  66  1671  70  1471
  77  1371  86  1171  98  1171 109  1271 119  1271 123  1371 123  1471 119  1571
 112  1371 105  1171  99   971  97  1071  98  1171 100  1271 102  1371 102  1471
 103  1571 101  1451 101  1651  99  1711  97  1751  96  1751  96  1711  98  1551
 102  1451 107  1211 114  1251 121  1251 127  1211 131  1251 132  1351 130  1311
 124  1151 116  1051 110   811 108   951 108  1151 109  1261 110  1361
145 147   001 143   001 142   001 114   001 112   001 111   001 115   571
 112   871 108   971 105   971 103  1071 102  1071 103  1071 105  1071 107  1071
 109   971 110   971 110  1071 108  1171 109  1271 111  1171 114  1071 113   971
 107   871 100   971  92   871  89   971  86   971  85  1071  83  1171  79  1171
  75  1271  70  1271  66  1371  62  1371  58  1271  55  1271  55  1171  58  1171
  64  1271  74  1271  84  1371  94  1371 101  1471 104  1471 104  1571 101  1571
  96  1371  89  1271  86  1071  84  1071  83  1071  84  1071  82  1171  81  1171
  81  1271  71  1151  69  1251  68  1211  67  1251  68  1251  68  1211  69  1251
  71  1351  75  1311  82  1451  89  1451  95  1511  98  1551  96  1451  91  1411
  82  1351  72  1251  63  1111  58  1151  58  1151  57  1161  57  1261
149 159   001 157   001 149   001 125   001 121   001 120   001 124   571
 123   771 120   971 117  1171 116  1271 116  1171 116  1171 117  1071 118  1071
 119   971 121   971 122   971 123  1071 125  1171 125  1071 125   871 122   771
 115   871 106   871  99   971  96  1171  95  1171  93  1271  91  1271  87  1371
  84  1371  81  1471  78  1471  74  1571  69  1471  65  1371  64  1271  66  1271
  71  1371  79  1371  88  1371  97  1471 102  1471 105  1471 105  1371 101  1371
  97  1271  90  1271  85  1171  83  1271  81  1271  82  1371  82  1371  82  1371
  81  1371  78  1451  76  1451  75  1511  74  1451  74  1351  75  1211  77  1351
  80  1351  85  1411  92  1451 100  1551 105  1511 107  1451 104  1451  98  1311
  88  1351  78  1251  69  1211  65  1251  64  1351  63  1361  62  1461
156 158   001 156   001 151   001 126   001 124   001 123   001 121   471
 118   571 116   771 113   971 112  1071 112  1171 113  1071 114  1071 114  1071
 116   971 118   971 123  1071 128  1171 133  1271 135  1071 134  1071 130   771
 123   771 115   871 108   871 104   871 102   971  99   971  95  1071  90  1071
  87  1171  83  1271  80  1271  76  1371  71  1371  66  1271  65  1271  67  1271
  73  1371  82  1371  92  1471 104  1471 112  1571 115  1571 114  1371 110  1271
 105  1271 100  1171  95  1171  92  1171  90  1071  89  1071  88  1171  86  1171
  85  1271  83  1151  83  1251  82  1211  80  1251  78  1251  77  1211  78  1251
  81  1351  87  1311  95  1451 103  1551 108  1611 108  1551 104  1451  97  1311
  89  1251  82  1251  76  1111  73  1051  73  1051  72   961  71  1061
168 148   001 152   001 156   001 154   001 152   001 150   001 143   771
 138   971 133  1071 130  1171 127  1171 125  1171 124  1271 124  1271 127  1171
 134  1071 139   971 143  1171 144  1471 145  1671 143  1471 139  1371 131  1171
 121  1271 110  1371 100  1471  96  1471  96  1571  96  1471  95  1471  92  1471
  88  1471  87  1571  85  1571  83  1671  74  1671  68  1671  65  1671  69  1471
  78  1371  88  1171  98  1371 106  1471 112  1671 114  1571 115  1471 110  1371
 103  1371  94  1371  88  1371  86  1471  88  1471  88  1571  87  1571  84  1471
  80  1471  79  1551  78  1651  77  1711  76  1751  76  1651  76  1611  77  1551
  79  1351  83  1211  88  1351  94  1551  98  1611  99  1551  96  1351  90  1211
  81  1251  71  1351  63  1311  59  1451  59  1451  56  1561  54  1561
180 145   001 144   001 148   001 147   001 148   001 152   001 148   571
 143   971 139  1271 135  1371 132  1471 129  1471 126  1671 125  1671 125  1571
 126  1571 130  1471 135  1571 140  1771 143  1971 145  1771 144  1571 140  1471
 136  1371 128  1271 121  1171 112  1271 107  1471 101  1471  94  1571  90  1671
  87  1771  84  1771  82  1671  80  1671  76  1671  74  1571  74  1571  76  1571
  80  1571  85  1571  91  1571  97  1671 100  1671 104  1671 105  1671 103  1571
  97  1471  90  1371  84  1271  82  1371  81  1371  81  1571  78  1671  76  1671
  73  1771  71  1551  68  1651  66  1611  65  1551  65  1551  66  1411  68  1451
  71  1451  74  1411  75  1651  76  1851  77  2011  78  1951  78  1851  76  1711
  70  1651  63  1551  56  1411  52  1451  50  1551  47  1561  44  1661
190 136   050 138   001 152   001 149   001 151   001 142   001 139   571
 136   871 132  1171 130  1271 127  1271 126  1371 125  1371 126  1371 131  1371
 136  1371 141  1271 143  1571 144  1771 144  1871 144  1971 145  2071 144  2071
 141  1871 136  1571 130  1471 123  1471 117  1271 111  1271 106  1471 101  1571
  96  1771  92  1771  89  1671  87  1671  83  1571  80  1471  81  1371  85  1271
  92  1271 100  1171 106  1271 110  1371 114  1571 115  1671 115  1871 110  1971
 100  1771  89  1571  79  1371  74  1371  73  1371  73  1371  72  1471  69  1771
  68  1871  70  1951  70  1851  69  1811  68  1751  68  1651  69  1511  72  1551
  76  1551  81  1511  85  1751  89  1851  91  2011  91  2151  89  2151  83  2211
  74  2051  63  1951  54  1711  48  1651  45  1651  41  1561  39  1761
222 149   050 140   001 131   001 127   001 129   001 122   001 124   471
 124   671 123   971 120  1071 117  1271 115  1371 114  1271 114  1271 113  1171
 114  1171 116  1171 122  1171 129  1271 134  1271 133  1371 130  1371 122  1371
 114  1071 105  1071  99   971  95  1071  94  1171  91  1271  88  1271  85  1371
  81  1371  81  1471  80  1671  79  1771  76  1771  75  1671  75  1671  78  1571
  84  1271  93  1171 104  1071 115  1171 125  1071 132  1171 134  1171 132  1271
 126  1271 118  1171 114  1171 113  1271 116  1271 119  1371 120  1371 119  1471
 117  1471 118  1551 116  1751 114  1811 112  1851 112  1851 111  1811 111  1651
 112  1551 115  1311 121  1251 129  1251 135  1111 138  1251 138  1251 134  1311
 127  1351 120  1251 115  1211 114  1351 116  1451 114  1561 112  1561
240 156   001 147   001 149   001 146   001 150   001 121   001 123   671
 126   871 124  1071 123  1171 123  1271 123  1371 123  1371 122  1371 119  1271
 118  1271 118  1171 122  1071 127  1171 132  1171 135  1171 134  1071 130  1071
 123   971 117  1071 109  1071 103  1171  98  1171  95  1271  91  1271  87  1371
  84  1371  80  1471  78  1671  76  1771  71  1771  67  1771  65  1771  66  1671
  71  1571  79  1471  89  1471 100  1471 108  1471 113  1471 115  1371 113  1371
 108  1371 104  1271  99  1371  97  1471  96  1471  96  1571  96  1571  96  1571
  96  1571  91  1551  93  1651  94  1811  94  1851  93  1751  92  1711  92  1651
  93  1651  96  1511 101  1451 106  1451 111  1311 114  1351 115  1251 114  1211
 110  1251 104  1351  99  1311  95  1351  92  1451  89  1461  86  1561
255 153   001 152   001 145   001 140   001 132   001 135   001 136   571
 135   971 134  1071 133  1071 133  1071 133  1271 134  1271 134  1371 135  1471
 136  1571 138  1571 139  1671 141  1571 143  1771 144  1671 144  1571 139  1371
 132  1271 124  1171 115  1071 109  1171 107  1171 103  1371  98  1371  92  1371
  90  1471  86  1471  82  1571  80  1571  73  1571  67  1571  65  1571  67  1671
  73  1671  82  1671  92  1771 101  1771 108  1871 113  1771 114  1571 112  1411
 107  1351 101  1351  96  1211  93  1351  92  1351  92  1411  91  1551  91  1651
  90  1711  84  1551  85  1551  87  1511  88  1551  88  1651  88  1611  87  1651
  86  1751  87  1711  90  1851  94  1951  98  2011 102  1951 104  1751 103  1611
  98  1551  91  1451  85  1311  81  1451  80  1451  76  1561  73  1661
260 154   001 154   001 148   001 146   001 142   001 137   001 131   871
 128  1371 126  1671 127  1971 128  1971 129  1971 130  1771 131  1671 134  1571
 137  1671 141  1571 143  1571 144  1471 145  1371 145  1371 143  1271 137  1271
 130  1371 119  1371 111  1471 103  1671 100  1871  94  2071  91  2071  84  2171
  82  2271  82  2371  82  2371  80  2471  75  2271  69  2071  65  1871  67  1871
  73  1871  83  1771  92  1771 102  1771 109  1671 114  1671 115  1651 112  1611
 105  1651  97  1651  92  1711  92  1851  93  1951  94  2011  91  2151  86  2251
  82  2311  77  2351  78  2351  80  2411  81  2251  82  2151  82  1911  83  1851
  84  1751  87  1611  92  1651  97  1651 102  1611 106  1651 107  1751 104  1711
  97  1751  88  1651  78  1611  70  1751  65  1851  60  1961  56  2161
280 152   001 142   001 134   001 128   001 120   001 123   001 122   771
 118  1071 114  1371 110  1471 106  1571 105  1571 105  1671 108  1671 113  1771
 120  1771 127  1871 132  1771 137  1771 140  1771 143  1671 144  1571 142  1471
 134  1471 124  1371 114  1471 108  1571 104  1771 101  1871  98  1671  92  1671
  89  1571  84  1671  82  1671  77  1771  71  1871  67  1871  65  1971  68  1971
  76  1771  85  1771  95  1771 104  1671 110  1671 114  1571 112  1671 108  1771
 101  1671  93  1571  87  1471  83  1671  83  1771  83  1971  82  1971  81  1971
  79  1871  76  1851  74  1851  72  1911  70  1951  69  1951  69  1911  71  1951
  75  1851  80  1811  85  1851  89  1751  92  1711  94  1851  93  1951  89  2011
  82  1851  73  1751  66  1511  62  1751  60  1951  56  2161  53  2161
299 151   001 147   001 146   001 131   001 110   001 124   001 119   971
 114  1171 112  1171 110  1171 108  1171 105  1171 104  1371 108  1471 116  1571
 127  1571 141  1571 150  1671 155  1671 157  1871 155  1871 150  1871 145  1971
 138  1871 133  1771 126  1671 121  1671 114  1671 109  1771 102  1771  96  1771
  91  1771  88  1671  87  1671  86  1571  83  1671  80  1671  79  1771  82  1771
  85  1771  92  1771  99  1771 106  1771 112  1871 115  1871 114  1771 106  1771
  94  1671  79  1571  68  1471  61  1571  60  1571  60  1671  61  1771  61  1871
  60  1971  63  1851  62  1851  62  1811  63  1951  65  1951  67  2011  68  1951
  69  1851  71  1711  74  1851  77  2051  80  2111  82  2051  83  1951  79  1811
  70  1851  60  1851  50  1811  44  1851  41  1851  40  1861  38  1961
434 133   001 129   001 122   001 121   001 116   001 111   001 112   571
 114   771 117   871 119   971 121   971 123  1171 125  1171 124  1271 124  1271
 124  1271 125  1171 125  1071 124  1171 123  1171 121  1271 118  1171 112  1171
 105  1171  96  1171  89  1171  86  1271  81  1371  79  1271  75  1271  70  1371
  68  1371  68  1371  68  1271  67  1271  63  1271  59  1371  56  1371  57  1471
  61  1471  67  1571  75  1671  83  1771  89  1671  91  1571  91  1471  88  1271
  82  1271  77  1371  75  1371  76  1371  80  1471  83  1471  83  1471  84  1371
  84  1371  82  1351  85  1351  89  1311  92  1351  94  1451  94  1411  92  1351
  89  1351  89  1211  92  1251  97  1351 101  1311 103  1351 101  1251  97  1211
  91  1251  84  1351  79  1311  78  1351  78  1351  77  1361  75  1361
460 138   001 132   001 127   001 111   001 111   001  99   001  99   771
 101  1071 103  1371 106  1671 109  1671 113  1771 118  1971 121  2071 127  1871
 136  1671 145  1471 153  1571 158  1571 162  1671 164  1771 162  1671 155  1671
 145  1671 132  1571 119  1571 111  1571 107  1771 102  1771  99  1771  97  1871
  95  1871  91  1971  88  1971  83  2071  74  2171  68  2271  65  2371  68  2171
  77  1871  89  1671 100  1671 111  1771 119  1671 123  1671 123  1771 119  1771
 110  1771 101  1771  96  1771  96  1771 101  1871 105  1871 106  1971 104  2071
 103  2171  94  1951  93  1951  92  1911  91  2051  91  2151  92  2211  94  2051
  97  1951  99  1711 100  1851 102  1851 103  1911 105  1951 106  2051 105  2011
 100  2051  93  1951  87  1911  83  2051  82  2051  79  2161  76  2161
481 167   001 160   001 156   001 147   001 134   001 136   001 127   571
 122   971 119  1071 117  1071 117  1071 115  1171 115  1271 116  1371 121  1471
 128  1471 138  1471 149  1571 159  1471 165  1571 164  1571 159  1371 152  1371
 148  1371 143  1271 140  1371 133  1471 128  1371 122  1371 116  1371 111  1371
 107  1271 104  1271 102  1371  98  1371  93  1471  89  1471  86  1571  86  1571
  89  1471  94  1471 102  1571 111  1471 119  1571 124  1471 125  1471 123  1371
 117  1471 110  1371 104  1371 101  1371  99  1371  97  1371  94  1471  91  1571
  89  1671  89  1351  88  1451  86  1411  84  1551  82  1551  80  1611  79  1651
  80  1551  83  1511  87  1651  93  1751  97  1811 100  1851 100  1751  97  1711
  91  1751  84  1851  79  1811  77  1851  77  1751  75  1761  72  1761
497  86   001  76   001  68   001  67   001  62   001  55   001  55   971
  56  1371  55  1771  53  2071  50  2171  47  2071  46  1871  46  1771  53  1871
  67  1871  84  1871 104  2071 122  2371 132  2471 134  2371 128  2271 120  1971
 111  1871 103  1671  95  1671  90  1771  87  1871  84  1971  82  1971  78  2071
  76  1971  75  1971  74  2071  72  2071  67  1971  61  1771  56  1671  55  1871
  57  1971  62  2071  70  2271  78  2371  84  2471  85  2371  81  2271  73  2271
  63  1971  52  1871  43  1671  38  1771  36  1771  35  1871  33  1971  33  1971
  32  2071  39  1851  38  1951  36  1911  34  1851  31  1751  28  1611  25  1751
  24  1851  27  1911  34  2051  43  2251  48  2311  46  2351  40  2251  33  2211
  29  2151  27  1951  26  1811  26  1951  26  1951  26  2061  26  2061
510 175   001 160   001 152   001 148   001 147   001 145   001 141   871
 138  1171 138  1271 138  1371 139  1371 138  1471 137  1371 137  1371 139  1371
 143  1371 147  1371 148  1571 150  1671 150  1871 151  1671 150  1571 146  1371
 140  1271 132  1271 125  1171 121  1271 119  1271 116  1371 113  1371 110  1471
 104  1471 101  1471  98  1571  94  1571  89  1571  86  1571  85  1571  88  1671
  96  1571 103  1571 111  1771 117  1871 125  1971 130  1871 134  1671 135  1471
 131  1371 127  1371 123  1271 124  1371 127  1371 130  1371 130  1471 128  1571
 128  1571 129  1651 133  1651 135  1611 136  1651 136  1651 136  1611 137  1651
 139  1551 141  1511 142  1651 143  1851 145  1911 147  1851 148  1751 146  1611
 139  1551 129  1451 122  1311 119  1451 120  1451 118  1561 117  1561
579 162   001 142   001 136   001 126   001 120   001 126   001 134   571
 137   871 134  1171 130  1371 124  1471 114  1571 107  1771 108  1871 118  1871
 134  1771 149  1671 159  1671 165  1571 167  1571 171  1571 173  1571 173  1571
 167  1371 160  1271 151  1271 147  1271 145  1271 144  1171 145  1271 143  1371
 141  1471 140  1571 134  1671 127  1771 119  1871 111  1871 109  1971 115  1771
 126  1571 138  1371 144  1471 147  1571 149  1671 152  1771 153  1671 147  1771
 133  1571 116  1371 101  1271  95  1271  96  1171  99  1171 101  1271 103  1371
 105  1471 105  1651 103  1751  98  1911  92  2051  87  2151  86  2211  92  1951
 103  1651 114  1311 123  1451 130  1651 135  1711 138  1851 138  1951 133  2011
 123  1851 112  1651 102  1411  98  1451  97  1451  94  1461  92  1561
588 139   001 119   001 106   001  99   001  94   001  94   001  96   771
  97  1271  97  1371  98  1571  98  1671  97  1671  95  1671  97  1671 105  1771
 118  1871 133  1871 149  1871 163  1871 172  1871 175  1871 173  1871 167  1771
 160  1671 151  1471 144  1371 138  1471 133  1571 128  1671 123  1671 118  1671
 115  1671 114  1671 114  1771 112  1771 106  1771  99  1671  95  1671  97  1671
 104  1671 113  1671 124  1771 133  1871 141  1971 145  2071 144  2151 136  2211
 121  2051 103  1751  88  1511  81  1551  80  1651  80  1611  77  1651  74  1651
  71  1611  79  1751  79  1751  78  1811  75  1851  73  1751  72  1711  75  1751
  81  1651  90  1611 100  1751 109  1951 117  2011 122  2151 122  2151 116  2211
 105  2051  91  1851  81  1611  77  1651  77  1751  74  1761  71  1761
621 163   001 150   001 138   001 127   001 131   001 118   001 112  1971
 108  2071 106  1971 106  1771 104  1671 100  1671  97  1771 102  1771 118  1771
 138  1871 155  1871 163  1871 163  1971 159  1971 153  1871 146  1751 137  1611
 127  1551 117  1551 110  1511 107  1651 105  1751 104  1911 101  1951  96  2051
  93  2011  92  1951  91  1751  88  1611  82  1751  78  1751  78  1871  87  1871
 100  1871 115  1971 126  1871 133  1771 139  1671 142  1671 142  1671 137  1771
 128  1771 116  1671 109  1671 108  1671 109  1871 113  1971 113  2071 111  2171
 110  2271 109  2151 111  1951 112  1811 112  1951 111  2051 113  2111 118  2151
 124  2151 131  2111 136  2051 140  1951 143  1811 145  1851 145  1851 142  1811
 134  1851 125  1751 117  1711 114  1851 113  2051 110  2161 107  2261
630 175   001 170   001 163   001 145   001 139   001 129   001 126   871
 121   871 114  1171 108  1271 103  1371  98  1371  96  1371  98  1371 106  1371
 120  1471 135  1471 150  1771 163  2071 171  2171 173  2071 169  1771 161  1671
 151  1571 142  1371 131  1371 123  1471 116  1471 111  1571 108  1571 107  1471
 106  1471 103  1571 100  1571  96  1671  91  1571  87  1571  86  1471  89  1471
  96  1571 107  1571 117  1771 127  1771 136  1971 142  1971 143  1771 139  1771
 132  1771 124  1571 117  1471 114  1471 115  1571 118  1571 120  1571 123  1471
 124  1471 122  1651 122  1751 122  1811 122  1851 123  1751 125  1711 128  1651
 132  1651 136  1511 141  1651 145  1851 149  1911 151  1951 152  1851 150  1811
 145  1751 138  1551 131  1411 124  1551 118  1551 113  1661 108  1561
643 179   001 176   001 167   001 170   001 168   001 162   001 155   671
 152   971 149  1071 143  1171 136  1271 128  1371 126  1371 128  1371 135  1271
 147  1171 157  1071 167  1171 173  1171 179  1271 182  1271 182  1271 180  1271
 173  1271 164  1171 156  1171 150  1271 148  1371 145  1471 142  1371 139  1371
 137  1271 134  1371 131  1571 126  1671 121  1671 117  1571 116  1571 121  1371
 130  1271 142  1071 152  1171 162  1271 169  1371 173  1271 172  1171 165  1171
 153  1071 137  1071 126   971 123  1071 124  1271 128  1371 131  1471 132  1471
 133  1471 135  1551 133  1651 131  1711 130  1751 131  1751 133  1711 138  1551
 145  1251 153  1011 162  1151 171  1351 178  1411 181  1451 180  1451 173  1411
 161  1451 147  1351 135  1311 127  1551 123  1651 117  1861 113  1761
645 190   001 163   001 151   001 136   001 131   001 124   001 133   471
 138   771 136  1071 132  1371 126  1571 119  1571 116  1671 119  1671 128  1671
 142  1471 157  1371 167  1371 172  1271 178  1271 181  1371 183  1371 181  1471
 174  1371 165  1371 154  1271 146  1471 140  1471 137  1471 135  1471 135  1471
 134  1471 133  1671 130  1771 124  1971 116  1971 109  1971 106  1971 112  1771
 124  1671 137  1471 149  1471 160  1471 167  1471 172  1571 172  1671 164  1871
 147  1671 126  1371 111  1171 106  1271 108  1371 110  1471 110  1571 110  1671
 109  1671 116  1751 114  1951 110  2011 106  2051 102  2151 103  2111 109  1851
 119  1651 130  1311 141  1351 151  1451 159  1411 163  1651 163  1851 156  2011
 143  1851 127  1651 113  1411 105  1551 102  1751  98  1861  96  1861
650 178   001 173   001 150   001 155   001 130   001 135   001 133   471
 132   771 131   871 131  1071 131  1171 132  1171 136  1271 140  1271 153  1371
 171  1371 186  1471 197  1471 202  1371 203  1371 203  1271 202  1171 198  1071
 190   971 181   971 173   871 167   971 163  1171 161  1271 159  1271 159  1271
 157  1271 154  1371 147  1371 141  1471 134  1471 129  1571 127  1571 131  1471
 138  1471 145  1471 151  1471 156  1471 160  1471 162  1271 162  1271 157  1071
 146  1071 134   971 124   871 122   871 124   971 125   971 123  1171 121  1271
 119  1371 124  1451 122  1451 120  1511 119  1551 119  1651 121  1611 125  1651
 132  1551 139  1511 147  1551 154  1651 160  1611 163  1551 161  1551 156  1411
 146  1351 135  1151 125  1011 119  1151 116  1151 111  1261 107  1461
675 187   001 171   001 152   001 124   001 115   001 100   001  98   671
  98  1171  99  1471 102  1671 104  1771 109  1871 116  1871 121  1971 132  1971
 147  1971 161  2071 173  1871 183  1771 189  1471 192  1471 192  1471 189  1471
 181  1371 173  1171 165  1071 163  1171 162  1271 160  1371 157  1471 152  1571
 148  1671 146  1671 143  1771 140  1771 134  1871 128  1871 126  1971 131  1871
 142  1871 154  1771 165  1671 173  1671 179  1571 183  1671 182  1671 176  1771
 165  1571 151  1371 137  1171 127  1271 121  1471 116  1571 112  1571 108  1671
 106  1671 106  1751 105  1851 105  1811 105  1951 106  1951 110  2011 117  1951
 126  1951 138  1811 150  1751 162  1651 169  1511 171  1651 168  1651 160  1711
 149  1551 137  1451 127  1211 120  1451 116  1551 112  1761 108  1761
690 179   001 164   001 155   001 151   001 145   001 138   001 139   571
 140   971 140   971 138  1171 136  1071 134  1071 135  1171 138  1171 147  1271
 160  1171 173  1171 184  1171 190  1071 193   971 194   871 192   871 188   771
 183   771 178   871 172   871 168  1071 164  1171 161  1171 159  1171 155  1271
 152  1271 149  1171 145  1171 142  1071 137  1071 135  1071 136  1071 141  1071
 152  1071 163  1071 175  1071 185  1171 192  1271 194  1071 192  1071 187   971
 179   971 169   971 159  1071 151  1171 145  1271 139  1371 134  1371 130  1371
 127  1371 130  1351 129  1251 128  1211 127  1251 126  1251 129  1211 136  1251
 145  1151 156  1111 166  1251 176  1251 183  1311 188  1251 189  1151 186  1011
 177  1051 166   951 155   911 147  1051 141  1151 134  1261 128  1261
747 185   001 182   001 181   001 175   001 175   001 169   001 159   871
 155  1071 150  1271 145  1471 140  1571 136  1771 134  1771 137  1871 145  1771
 156  1571 168  1371 180  1471 190  1571 199  1671 204  1671 205  1671 202  1771
 194  1571 183  1471 173  1271 165  1371 158  1471 152  1571 145  1571 139  1671
 135  1671 134  1771 134  1771 133  1871 129  1871 125  1971 124  1971 130  1771
 139  1671 149  1471 159  1571 165  1671 171  1771 175  1871 176  1971 170  1971
 159  1671 145  1471 138  1171 138  1371 144  1471 150  1671 151  1671 151  1771
 150  1771 150  1651 149  1751 147  1811 145  1951 144  1951 145  2011 150  1851
 156  1551 164  1311 171  1451 176  1651 181  1711 184  1851 185  1851 182  1911
 175  1751 166  1451 158  1211 152  1451 148  1551 143  1761 137  1761
NT  TEDF  78  35 1
20131107222013110717
20131107222013110718
20131107222013110719
20131107222013110720
20131107222013110721
20131107222013110722
20131107222013110723
20131107222013110800
20131107222013110801
20131107222013110802
20131107222013110803
20131107222013110804
20131107222013110805
20131107222013110806
20131107222013110807
20131107222013110808
20131107222013110809
20131107222013110810
20131107222013110811
20131107222013110812
20131107222013110813
20131107222013110814
20131107222013110815
20131107222013110816
20131107222013110817
20131107222013110818
20131107222013110819
20131107222013110820
20131107222013110821
20131107222013110822
20131107222013110823
20131107222013110900
20131107222013110901
20131107222013110902
20131107222013110903
20131107222013110904
20131107222013110905
20131107222013110906
20131107222013110907
20131107222013110908
20131107222013110909
20131107222013110910
20131107222013110911
20131107222013110912
20131107222013110913
20131107222013110914
20131107222013110915
20131107222013110916
20131107222013110917
20131107222013110918
20131107222013110919
20131107222013110920
20131107222013110921
20131107222013110922
20131107222013110923
20131107222013111000
20131107222013111001
20131107222013111002
20131107222013111003
20131107222013111004
20131107222013111005
20131107222013111006
20131107222013111007
20131107222013111008
20131107222013111009
20131107222013111010
20131107222013111011
20131107222013111012
20131107222013111013
20131107222013111014
20131107222013111015
20131107222013111016
20131107222013111017
20131107222013111018
20131107222013111019
20131107222013111020
20131107222013111021
20131107222013111022
002800180018001800180018001717162716271527152715271535153116351735173117351
73517311735173517311735173517311635153514311435143514311435133513311335133513311
33514351531153515351631163516351731173517351731163515351331123512351231123513351
43114351535153115351535143114351435143114351535153116351535153115351535153615361
005700170017001800170018001817172717271727172717271735173117351735173117351
73517311735163516311635173517311735173516311535153514311435143514311435143514311
43514351431143514351531163516351731173517351731163515351431133512351231123513351
43114351435153115351535153115351535153115351535153115351535153114351435153615361
015700170018001800180018001717161716271527152716371635173117351735173117351
73516311635163516311735173517311535133512311335153516311635153513311235123512311
33513351431143514351431153516351631163516351631163515351531143513351331133513351
33113351335123112351235133113351435143114351435143113351235123112351335143614361
027700170018001800180018001817171716271627162716271635163117351735173117351
73517311735173517311635143513311335123512311335133513311235123512311235133514311
43515351531163516351731173517351731163515351531143514351431143514351431143514351
53115351535153115351635163117351735173117351635163116351635163116351635163616361
070600170017001700170017001717171717271727172717271735173117351735173117351
73517311735173517311635163516311635163515311435133513311335133514311435143514311
43514351431143514351531153516351731173517351731173516351631153514351331133514351
43114351435143114351435153115351535163116351635153114351435133114351535153616361
110800180018001800180017001617161716271527162716271635173118351835173116351
53514311435143514311335133512311235113512311335143515311535143514311435153516311
63516351631163515351531153514351431143515351531163516351731173517351631163516351
53115351535153115351635163117351735173117351735173116351535153115351535153615361
120800180018001800180018001717161716271527152716271635173116351635153116351
73517311635153514311435133513311335123512311235123512311235123513311435153516311
73517351731173516351631163515351531143513351331143515351631163516351531153516351
63116351635163116351635173117351735173117351735173117351735163116351535153615361
130700170018001800180018001717162716271537153716371635173117351635163116351
73517311735163516311435133512311235123512311235123512311235123513311435153515311
63516351731173517351731173516351531143513351331143515351631163515351531153515351
63116351635163116351735173117351735173117351735173117351635163116351535153615361
145800170016001700180017001717172717271727172717271735173117351735173117351
73517311735163516311635163516311435133512311135113512311235123512311235123513311
33514351531153515351631163517351731173516351631163516351631153515351431143514351
43114351435153115351635173117351735173117351735173116351635163116351635163616361
149600160016001700180018001817182718271827172717271735173117351735173118351
73517311735163516311635163516311535133512311135113512311235123512311235123513311
33514351531153515351631163517351731173516351631163516351631153515351431143514351
43114351535153115351635173117351735173117351735163116351635163116351635163616361
156700160016001700180017001717172717271727172717271735173117351735173118351
83517311735163516311635163516311535133512311135113512311235123512311235123513311
33514351531153515351631163517351731173516351631163516351631163515351531143514351
43114351535153115351635173117351735173117351735163116351635163116351635163616361
168400170013001400150016001617161716271627172717271735173117351735173117351
83518311735173517311635163516311635173517311635153513311335133513311335123512311
33514351531153514351431153515351631173517351731173517351631163516351631163516351
63116351535153115351635163117351735173116351535153114351435143115351635163616361
180600160014001300150011001217131714171527152716271735173117351735173117351
73517311735173517311635163515311535163516311735173517311635143513311235113512311
33515351631173517351631153514351431153516351731173516351631163516351631163516351
53115351435143114351535153116351635173117351635163115351435133113351335133613361
190300130014001500150012001317131714271527152716271735173117351735173117351
73517311735173516311735173517311735173517311735173517311735173516311635153515311
43514351531153515351531153515351531143514351331143515351531163516351631163516351
53115351535153115351535153115351635163115351535143114351435133113351235123612361
222500160018001800180018001817172717271727172717271735173117351635163116351
63516311635153514311435133512311235123512311135123512311235133513311435143515311
63516351731173517351731173516351531143512351231133514351531163516351631163516351
63116351635163116351635173116351635163116351735173116351635153115351635163616361
240400160016001400170018001817182718271837173717371735173117351735173117351
63516311635163516311735173516311535133512311135113512311135113511311235143515311
53515351531153516351731173517351731163515351431143514351531153516351631173517351
73116351635163116351735173117351735173117351735173117351735173116351635163616361
255400130010001200110016001617161716271627162716271635163117351735173117351
73517311635173517311735173517311735163516311435133512311135113512311235123512311
33513351431153515351631163517351731173517351731173516351631163516351631163517351
63116351535153116351635173117351735173117351735173116351635153116351635163616361
260400130012001000110013001417151716271627172717271735173117351735173117351
73516311635163517311735173517311735173516311435133512311235123512311235123512311
33514351531153515351531163516351731173517351731173516351631163516351731173516351
63116351535153116351635173117351735173117351735173117351735163116351635163616361
280200140013001000100013001317142714271527162716271735173117351735173117351
73517311735173517311735173516311635163517311735173517311635153514311435143514311
43514351431143515351531153515351531163516351631163516351631153515351531153515351
53115351435143115351635173117351735173117351735163116351435133113351335133613361
299500140011001300110011001117121712171327132714271435143114351435153115351
53516311635173517311735173517311735173517311735173517311735173517311735173517311
63514351431143514351531153515351431133513351331143515351631173517351731173517351
73116351635163116351735173117351735163116351635153114351335133113351335143615361
434200100011001200110013001417152716271627162716271735173117351735173117351
73517311735173517311735173517311735173517311635153515311435143514311435143515311
63517351731173517351731173518351731163515351431143514351431153515351531163517351
73117351735173117351735173117351735173117351735173117351735173117351735173616361
460300100010001000140013001417141715171527152716271635163116351635173117351
73517311735173517311735173517311635163516311635163516311535143514311435143514311
53515351531153515351531163517351731173517351731163516351631153514351431153516351
63116351635163116351735173117351735173117351735173117351635163116351635163616361
481700180016001400140013001217122712271227122713271335143115351635173117351
73517311735173517311735173517311735173517311735173517311735173516311635153515311
53515351431143513351331133514351431153516351731173517351731173516351631163516351
63116351635173117351735173117351735173117351735173116351635153116351635173617361
497100110011001500120012001217122712271227122712271235123113351335143115351
53515311535163516311735173517311735173517311735173517311735173517311735173517311
73517351731173517351631153513351231123514351531163517351731173517351731163516351
63116351635163116351735173117351735173117351735163116351535153115351435143614361
510000100010001100100013001417152716271627162717271735173117351735173117351
73517311735173517311735173516311635153515311435143514311435143514311335133513311
43516351731173517351731173517351731163515351431153516351631163516351531153516351
63116351535153115351635173117351735173117351735173117351735173117351635163616361
579300120016001200130013001317131713271327132713271335143115351535163117351
73517311735183517311735173516311735173517311735173517311735173516311535143512311
23512351231113511351131123514351531163517351731173517351731163516351531153515351
63116351635173117351735173116351635163116351635163115351535143114351435133613361
588000100010001300110014001417142714271327132713271235113112351335143115351
63516311635173517311735173517311735173517311735173517311735173517311535133512311
13512351231123512351131113510351131133515351731183517351731163516351531153515351
53115351535153115351535163116351635163116351535143113351235123112351335143613361
621200130013001300110010001117111712271227122712271335143115351635173117351
73517311735173517311735173517311735173517311735173517311735173516311635163515311
43513351331133514351531163517351731173517351731173517351731163516351631163516351
63116351635173117351735173117351735173118351835173117351635153115351535153615361
630400120013001300120010001127112712271227132714271435153116351735173117351
73517311735173517311735173517311735173517311635163516311635163516311535143514311
43514351531153515351531163516351731173517351631163516351631163516351631163516351
63116351635163117351735173117351735173117351735173116351535153115351535153615361
643200130013001500160016001517151714271327122712271435153116351735173117351
73517311735173517311635153515311535163517311735173517311635153515311435143514311
43513351331123512351231133514351531163517351731163516351531143514351331133514351
43115351535153115351535153115351635163116351535153114351435143114351535153615361
645300130012001200130015001517151714271327132712271335143115351635173117351
73517311735173517311735163516311635173517311735173517311735173516311535143513311
23512351231123511351131123514351531163517351731173516351631153514351431143514351
53116351635163116351635163116351535153116351635153115351435143114351435143614361
650000100010001100110013001417151715171627162715271535143114351535163116351
63516311635153515311535153516311635163516311635163517311735173517311535143512311
23512351231113511351131113512351331143515351631163516351631163515351531153515351
53115351535153115351535153116351635163116351635163115351535143114351335133612361
675000100010001000100010001217132714271527152714271335133114351535163117351
73517311635163516311635153516311635173517311735163515311435143513311335123512311
23512351231123511351131113511351131123513351431143515351531143514351431143514351
53115351535143115351535153115351535153115351535153114351435143114351435143614361
690000100010001000100010001217132714271527152715371535153115351535153116351
63516311635163516311635163516311635163516311635163515311535143514311335123512311
23512351231123512351231113511351131123513351431143514351431133513351231133514351
43114351435143114351535153115351435133113351335133113351235113112351235133612361
747600170017001800180016001617151715171427142714271435153115351635163115351
53515311635163516311635163516311635163516311635173517311735163516311635153515311
53515351531153514351531153516351731163516351531153515351531143514351331143514351
53116351635163116351635163116351635163116351535153115351435143114351535143614361
