20130413011607
T2M TEDF  78  35 1
20130413012013041220
20130413012013041221
20130413012013041222
20130413012013041223
20130413012013041300
20130413012013041301
20130413012013041302
20130413012013041303
20130413012013041304
20130413012013041305
20130413012013041306
20130413012013041307
20130413012013041308
20130413012013041309
20130413012013041310
20130413012013041311
20130413012013041312
20130413012013041313
20130413012013041314
20130413012013041315
20130413012013041316
20130413012013041317
20130413012013041318
20130413012013041319
20130413012013041320
20130413012013041321
20130413012013041322
20130413012013041323
20130413012013041400
20130413012013041401
20130413012013041402
20130413012013041403
20130413012013041404
20130413012013041405
20130413012013041406
20130413012013041407
20130413012013041408
20130413012013041409
20130413012013041410
20130413012013041411
20130413012013041412
20130413012013041413
20130413012013041414
20130413012013041415
20130413012013041416
20130413012013041417
20130413012013041418
20130413012013041419
20130413012013041420
20130413012013041421
20130413012013041422
20130413012013041423
20130413012013041500
20130413012013041501
20130413012013041502
20130413012013041503
20130413012013041504
20130413012013041505
20130413012013041506
20130413012013041507
20130413012013041508
20130413012013041509
20130413012013041510
20130413012013041511
20130413012013041512
20130413012013041513
20130413012013041514
20130413012013041515
20130413012013041516
20130413012013041517
20130413012013041518
20130413012013041519
20130413012013041520
20130413012013041521
20130413012013041522
20130413012013041523
20130413012013041600
20130413012013041601
002  71   001  71   001  69   001  67   001  65   001  67   001  67   371
  67   471  66   571  67   671  69   771  74   971  80  1171  88  1171  92  1371
  93  1471  93  1671  93  1671  93  1671  94  1671  97  1671 101  1571 103  1571
 105  1471 104  1471 105  1371 105  1271 107  1271 109  1171 111  1171 112  1271
 113  1271 113  1271 113  1271 117  1271 124  1171 133  1171 143  1071 151  1271
 157  1471 161  1671 162  1771 163  1771 162  1871 160  1771 156  1771 153  1671
 147  1571 141  1471 135  1371 129  1371 124  1271 118  1271 112  1261 108  1361
 104  1461 101  1551  97  1551  96  1621  98  1551 102  1451 106  1321 110  1451
 114  1551 117  1621 120  1651 121  1651 120  1621 115  1551 107  1351 100  1221
  94  1251  90  1251  87  1221  85  1251  84  1351  83  1321  82  1451
005  88   001  86   001  84   001  80   050  75   001  71   001  73   471
  70   671  66   771  65   771  68   871  79   971  93   971 107   971 115  1071
 120  1271 120  1371 119  1471 117  1671 116  1771 117  1671 118  1571 119  1471
 116  1371 114  1371 111  1271 111  1271 110  1371 111  1371 112  1371 112  1371
 111  1371 107  1371 105  1371 108  1371 117  1271 133  1171 150  1071 165  1271
 179  1471 189  1671 197  1771 202  1771 203  1871 200  1771 193  1671 183  1571
 169  1471 155  1271 145  1171 136  1271 130  1371 126  1471 120  1561 118  1561
 118  1661 118  1651 113  1751 112  1721 117  1651 127  1451 138  1321 148  1551
 155  1651 160  1821 162  1851 160  1851 156  1821 150  1751 141  1651 131  1521
 120  1451 108  1351 100  1221  95  1351  94  1551  93  1621  92  1751
015  93   001  88   001  87   001  87   001  84   001  77   001  73   471
  71   771  70   871  72   871  75   971  81  1071  89  1171 100  1171 111  1371
 120  1471 127  1671 129  1771 128  1771 126  1871 125  1771 124  1571 122  1471
 121  1371 120  1371 121  1271 122  1271 123  1171 125  1171 126  1271 123  1371
 122  1471 118  1471 116  1371 120  1371 131  1371 147  1271 163  1271 175  1471
 184  1671 192  1871 199  1871 206  1871 211  1871 213  1771 208  1771 200  1671
 187  1571 172  1371 164  1271 157  1271 151  1371 144  1371 137  1361 133  1661
 130  1861 127  1851 124  1851 123  1821 128  1651 136  1551 145  1321 154  1451
 162  1551 168  1621 173  1751 175  1851 174  1921 168  1851 160  1651 149  1521
 138  1451 128  1351 119  1221 112  1351 106  1551 101  1621  96  1851
027  89   001  93   001  84   001  86   001  76   001  68   001  69   471
  68   771  66   971  65  1171  69  1071  78  1071  88  1171  97   971 100  1071
  98  1271  98  1371 102  1471 108  1571 112  1671 113  1471 111  1271 111  1071
 111  1171 113  1271 114  1371 112  1471 111  1571 108  1671 105  1671 105  1771
 104  1771 105  1771 109  1771 119  1771 136  1671 158  1671 179  1571 194  1771
 203  1871 208  2071 212  2171 213  2371 213  2471 210  2271 203  1971 189  1771
 167  1771 144  1771 130  1771 119  1871 111  1971 108  2071 103  1661 102  1561
 102  1461 104  1551 104  1651 107  1721 115  1551 126  1451 138  1221 148  1351
 155  1351 158  1421 157  1451 154  1451 149  1421 144  1351 139  1151 131  1021
 120  1151 109  1251 100  1321  95  1451  93  1451  92  1521  90  1551
070  90   001  86   001  79   001  77   001  75   001  72   001  69   471
  64   771  64   971  68  1071  74  1071  83  1271  94  1371 106  1371 121  1371
 133  1471 141  1471 144  1571 142  1771 138  1871 134  1771 130  1571 125  1471
 120  1571 115  1771 112  1871 109  1871 106  1871 105  1871 103  1971 100  1971
  98  2071  94  1971  95  1871 102  1771 119  1571 142  1471 164  1271 183  1471
 198  1571 209  1771 218  1871 223  1971 224  2071 220  1871 211  1771 196  1571
 178  1671 157  1671 147  1771 139  1771 131  1871 125  1871 121  2061 117  2161
 116  2261 115  2151 116  2151 121  2021 132  1851 147  1751 161  1521 172  1551
 181  1651 187  1621 192  1851 194  1951 192  2121 185  1951 174  1851 160  1621
 146  1751 132  1951 121  2021 113  2051 106  2151 101  2121  96  2251
110  81   001  76   001  73   001  70   001  77   001  80   001  85   771
  91  1171  96  1371 102  1371 107  1371 112  1471 115  1571 118  1571 119  1571
 118  1571 119  1571 120  1571 121  1471 122  1471 123  1371 122  1271 122  1171
 120  1171 120  1271 117  1271 115  1271 115  1371 116  1371 118  1471 120  1571
 120  1671 118  1671 116  1671 115  1671 119  1771 125  1871 133  1971 141  2071
 146  2071 150  2171 153  2271 152  2271 150  2371 146  2271 139  2071 131  1971
 123  1971 117  1971 112  1971 108  1971 104  1971 103  1971  98  1461  98  1461
  98  1561 100  1651  98  1651  98  1721 103  1751 112  1851 121  1821 129  1851
 136  1851 140  1821 142  1851 141  1951 138  1921 134  1851 127  1751 120  1621
 111  1651 103  1751  96  1721  92  1751  90  1751  91  1721  93  1751
120  89   001  81   001  75   001  69   001  62   001  62   001  65   371
  69   571  75   571  82   871  90   971  97  1171 104  1271 109  1271 114  1271
 117  1371 120  1371 122  1471 123  1451 123  1571 121  1571 120  1471 120  1471
 124  1371 128  1371 129  1271 129  1271 126  1171 122  1171 119  1171 117  1271
 116  1271 115  1371 116  1471 121  1571 132  1571 145  1671 157  1671 166  1871
 172  1971 173  2171 172  2271 170  2271 166  2371 160  2271 154  2171 146  2071
 138  1971 128  1971 121  1871 115  1771 110  1771 106  1671  97  1261  96  1461
  97  1561  98  1651  96  1751  98  1821 105  1751 117  1651 128  1521 137  1551
 143  1451 146  1421 146  1551 145  1651 142  1721 138  1651 133  1651 127  1521
 119  1451 110  1451 101  1321  94  1351  90  1351  87  1321  86  1451
130  97   001  83   001  78   001  66   001  64   001  58   001  61   471
  65   971  70   871  76  1071  84  1171  92  1271 100  1271 105  1171 107  1371
 109  1671 111  1871 115  1671 118  1571 120  1371 121  1271 122  1271 122  1171
 123  1171 126  1271 125  1271 122  1271 116  1271 111  1271 108  1271 106  1271
 105  1271 105  1271 106  1371 112  1371 126  1371 144  1271 163  1271 178  1471
 190  1671 197  1871 201  1871 203  1971 202  1971 200  2071 194  2071 185  2171
 171  2171 155  2271 144  2271 134  2271 125  2271 118  2271 102  1461  99  1661
  98  1761  99  1751  98  1851 101  1821 110  1851 124  1951 137  1921 148  1951
 155  2051 160  2021 163  1951 163  1951 161  1821 157  1751 151  1751 142  1621
 131  1651 119  1751 108  1721  98  1851  91  1851  86  1921  84  2051
145  86   001  82   001  87   001  87   001  81   001  81   001  72   471
  64   671  59   771  58  1071  62  1071  71  1171  82  1271  93  1271  99  1371
 103  1371 107  1471 113  1671 120  1771 124  1971 125  1771 123  1671 119  1471
 118  1471 118  1471 118  1471 118  1471 118  1471 117  1471 115  1471 111  1571
 105  1571 100  1671  97  1671 103  1771 119  1671 142  1471 165  1371 181  1571
 193  1871 201  2071 208  2271 213  2371 215  2571 214  2371 209  2271 200  2071
 188  1871 173  1771 162  1571 151  1571 142  1671 135  1671 131  1561 126  1661
 122  1661 119  1651 115  1751 114  1721 120  1651 131  1451 142  1321 151  1451
 159  1551 165  1621 170  1751 174  1951 174  2021 170  1751 162  1551 153  1221
 144  1251 135  1351 126  1321 118  1451 111  1651 105  1721 100  1851
149  90   001  83   001  90   001  93   001  88   001  87   001  73   371
  68   671  65   871  66   971  71   971  82  1171  93  1171 104  1171 112  1271
 116  1371 120  1471 125  1571 132  1671 135  1771 135  1671 132  1671 129  1571
 127  1471 126  1471 124  1371 123  1371 122  1371 121  1371 118  1471 114  1571
 108  1671  99  1671  95  1671 100  1671 118  1571 144  1471 170  1371 189  1571
 201  1871 209  2071 216  2171 222  2271 225  2371 224  2271 219  2171 209  2071
 194  1871 178  1771 168  1571 159  1671 150  1671 142  1771 132  1561 127  1561
 123  1661 121  1651 118  1751 119  1721 127  1551 139  1451 152  1221 163  1351
 171  1451 177  1521 182  1651 184  1651 183  1721 178  1651 171  1451 162  1321
 152  1351 142  1451 133  1421 125  1551 117  1751 111  1821 106  1951
156  97   001  96   001  96   001  97   001  93   001  93   001  88   471
  82   671  77   871  75   971  79   971  89  1171 102  1271 113  1271 120  1371
 125  1371 128  1471 134  1571 140  1571 144  1671 144  1571 142  1571 138  1471
 136  1471 136  1371 135  1371 134  1371 134  1271 133  1271 131  1371 129  1471
 124  1571 118  1571 115  1571 120  1571 135  1471 157  1471 178  1371 194  1571
 205  1871 213  2071 219  2171 222  2171 224  2271 223  2171 219  1971 211  1871
 200  1771 188  1571 178  1471 168  1471 159  1571 152  1571 146  1561 141  1561
 137  1661 134  1651 130  1651 129  1621 135  1551 145  1351 156  1221 166  1351
 175  1551 182  1621 187  1651 189  1751 188  1721 183  1651 175  1551 166  1421
 158  1451 150  1351 142  1321 134  1451 127  1651 121  1721 116  1751
168  87   001  78   001  84   001  87   001  70   001  72   001  71   571
  67   871  65   971  65  1171  69  1071  77  1271  88  1471 100  1371 112  1471
 124  1571 132  1671 139  1771 142  1871 143  1971 143  1871 141  1771 136  1671
 128  1671 119  1571 112  1571 109  1671 108  1771 107  1871 105  1871 102  1971
  99  1971  95  1971  94  1871 102  1871 119  1771 142  1771 166  1671 185  1771
 199  1771 209  1871 215  2071 219  2271 222  2471 223  2271 218  2171 206  1971
 184  1771 158  1671 143  1471 131  1571 123  1671 118  1771 120  1961 117  2161
 116  2261 116  2251 113  2251 116  2221 127  2051 143  1851 160  1621 173  1651
 183  1551 190  1521 195  1751 197  2051 196  2221 191  2151 183  2151 171  2021
 156  2051 140  2151 127  2121 119  2251 114  2251 111  2321 107  2551
180 106   001  99   001  97   001  94   001  87   001  82   001  73   371
  67   771  66   971  67  1171  72  1271  81  1471  92  1671 104  1671 116  1771
 127  1771 135  1871 142  1971 144  2071 143  2171 138  2071 131  2071 123  1971
 113  1971 104  1871  97  1871  95  1871  92  1971  90  1971  87  1871  82  1871
  77  1771  75  1771  76  1671  85  1671 103  1671 126  1771 151  1771 173  1871
 190  2071 203  2171 211  2171 214  2271 213  2271 208  2271 198  2171 184  2171
 169  2071 152  1971 140  1871 129  1871 121  1771 115  1771 110  1761 107  1861
 105  1861 105  1851 102  1951 106  1921 122  1751 145  1651 168  1421 186  1551
 198  1751 206  1821 210  1951 210  2051 206  2121 197  2051 185  1851 172  1721
 159  1751 147  1651 136  1621 128  1751 121  1951 115  2021 109  2051
190  91   001  91   001  95   001  92   001  89   001  83   001  86   371
  83   571  77   771  75   771  79   871  93  1071 113  1371 130  1471 139  1471
 143  1571 145  1571 149  1771 152  1871 152  2071 147  1971 136  1871 125  1771
 114  1771 103  1771  94  1771  88  1771  84  1671  80  1671  78  1571  76  1571
  71  1471  66  1371  65  1371  73  1271  93  1371 120  1471 147  1571 169  1771
 186  1871 198  2071 207  2171 212  2271 212  2371 206  2271 194  2071 179  1971
 164  1971 149  1971 135  1971 124  1971 117  1871 112  1871  99  1661 101  1661
 102  1561 104  1551 101  1551 105  1521 123  1551 149  1651 176  1621 198  1751
 214  1851 225  1921 230  2051 230  2151 225  2221 215  2051 201  1951 185  1721
 170  1751 156  1751 144  1721 135  1651 128  1451 122  1321 117  1451
222  96   001  85   001  87   001  85   001  83   001  75   001  77   471
  81   671  86  1171  92  1371  98  1271 104  1171 111  1171 116  1071 121  1271
 126  1571 130  1771 132  1671 133  1671 133  1571 132  1571 130  1471 126  1471
 123  1471 120  1471 118  1471 114  1571 113  1571 111  1671 111  1671 112  1671
 110  1671 106  1671 105  1671 109  1671 122  1571 140  1371 159  1271 173  1471
 184  1571 189  1771 192  1871 193  1971 192  2071 190  1971 185  1871 176  1771
 164  1871 150  1971 138  2071 129  2171 120  2371 113  2471 103  1861 102  1961
 102  2061 104  2051 104  2151 107  2121 116  2051 127  1851 139  1721 148  1951
 155  2051 160  2221 163  2351 163  2351 162  2421 158  2351 152  2251 143  2121
 132  2151 119  2051 108  2021  99  2151  93  2151  89  2221  87  2351
240 104   001  96   001  91   001  85   001  78   001  75   001  74   471
  74   671  75   871  77   971  81   971  86  1171  91  1271  98  1271 105  1471
 115  1571 124  1771 134  1871 140  1971 143  2071 142  1971 139  1871 136  1771
 131  1671 128  1571 126  1471 124  1471 122  1471 119  1471 117  1371 114  1371
 110  1271 106  1271 104  1251 109  1271 124  1271 144  1371 164  1371 182  1571
 195  1671 206  1871 215  1971 221  2171 223  2271 221  2271 214  2171 203  2171
 188  1971 170  1871 157  1671 146  1671 137  1571 130  1571 120  1561 117  1661
 115  1761 115  1751 112  1651 113  1621 120  1751 131  1851 143  1921 153  2051
 162  2151 169  2221 175  2351 178  2351 179  2421 176  2351 170  2251 161  2121
 151  2151 140  2051 130  2021 121  2051 113  2151 107  2121 102  2151
255 105   001  98   001  91   001  83   001  74   001  72   001  71   271
  67   671  66   871  68   871  74  1071  83  1171  92  1271 103  1071 115  1371
 125  1571 136  1871 144  1971 150  2071 152  2171 150  1971 145  1871 137  1671
 130  1671 123  1571 119  1571 117  1571 115  1571 112  1571 107  1671 101  1671
  93  1771  87  1771  86  1771  94  1771 116  1671 146  1471 175  1371 198  1671
 212  1871 222  2171 228  2371 232  2471 231  2671 226  2471 216  2271 204  2071
 189  1971 173  1971 159  1871 147  1871 138  1871 130  1871 121  1761 117  1961
 115  2061 115  1951 111  1951 113  1821 123  1751 137  1751 153  1621 166  1951
 176  2151 183  2421 188  2451 190  2551 188  2521 182  2351 172  2251 162  2021
 152  2051 144  2151 136  2121 129  2251 123  2251 118  2321 113  2451
260 102   001  99   001  90   001  82   001  77   001  72   001  68   771
  67  1271  66  1471  67  1571  72  1571  83  1571  96  1471 109  1271 121  1571
 131  1771 139  2071 147  2171 151  2271 153  2371 151  2171 145  1971 136  1771
 125  1871 112  1971 103  2071  96  2171  90  2371  88  2471  86  2371  83  2271
  80  2171  77  2071  77  2071  88  1971 112  1871 145  1771 175  1671 197  1871
 212  2171 221  2371 228  2471 232  2571 233  2671 229  2471 218  2271 202  2071
 180  2071 157  1971 142  1971 131  2171 122  2271 116  2471 109  2361 107  2361
 107  2361 109  2351 108  2251 113  2221 126  2051 143  1951 161  1721 175  2051
 185  2251 192  2521 197  2651 199  2751 197  2821 191  2651 181  2351 169  2121
 155  2151 142  2151 131  2121 123  2351 118  2651 115  2821 112  2851
280  91   001  85   001  82   001  78   001  73   001  69   001  68   471
  64   771  57   871  54   971  58   971  72  1271  91  1471 111  1471 126  1671
 136  1771 141  1971 143  2071 143  2171 141  2271 138  2171 134  2071 127  1971
 119  1871 109  1671  99  1571  91  1671  85  1671  82  1771  80  1771  78  1771
  75  1771  69  1771  64  1671  66  1671  80  1671 101  1571 128  1571 155  1871
 178  2071 195  2371 203  2471 203  2471 200  2571 195  2471 188  2271 176  2171
 160  2071 142  1871 130  1771 120  1771 112  1771 107  1771 105  1761 102  1861
 101  2061 102  2151  97  2151  99  2221 113  2151 134  2151 157  2021 177  2251
 192  2451 203  2621 208  2651 209  2751 205  2721 198  2551 187  2451 175  2221
 161  2151 148  2051 136  1921 128  2151 122  2251 117  2421 113  2451
299  75   001  91   001  98   001  91   001  86   001  76   001  75   471
  70   771  64   871  63  1071  69  1071  81  1371  98  1771 115  1871 125  2071
 132  2171 136  2371 141  2371 144  2271 143  2271 138  2171 129  2171 119  2071
 109  1971 100  1971  92  1871  86  1871  81  1971  78  1971  77  1871  76  1671
  73  1571  67  1471  64  1471  72  1371  97  1571 131  1671 162  1871 184  2171
 197  2571 206  2871 211  2871 214  2771 213  2771 208  2671 197  2471 182  2371
 163  2271 142  2271 127  2171 115  2071 107  2071 102  1971  95  1761  93  1761
  91  1661  91  1751  90  1751  98  1821 118  1951 145  1951 172  2021 192  2351
 206  2551 215  2821 221  2951 222  2951 219  3021 210  2751 197  2551 181  2221
 164  2151 147  2051 133  1921 123  1951 117  1951 112  1921 108  1951
434  86   001  80   001  71   001  69   001  72   001  71   001  65   371
  61   471  60   671  60   871  63   871  68  1171  78  1371  91  1471 108  1571
 126  1771 142  1871 152  1971 158  2071 159  2171 156  1971 150  1671 143  1471
 136  1371 129  1371 122  1271 118  1371 116  1371 113  1471 110  1471 107  1371
 102  1371  97  1371  95  1371  99  1371 113  1571 132  1671 153  1871 172  2171
 187  2371 198  2671 206  2671 209  2671 208  2671 204  2471 196  2271 186  2071
 174  1971 163  1871 153  1771 144  1771 136  1671 129  1671 122  1461 118  1461
 117  1461 116  1451 115  1451 116  1421 122  1551 130  1651 141  1721 152  1951
 162  2051 171  2221 177  2251 180  2251 179  2221 173  2151 164  2051 153  1921
 142  1951 133  1851 125  1821 120  1851 116  1951 113  1921 109  1951
460 108   001 103   001 103   001  97   001  66   001  53   001  53   571
  53   771  51   871  52  1071  60   971  77  1371  98  1671 118  1771 134  1871
 145  1971 154  2071 161  2271 168  2371 170  2511 168  2371 161  2271 151  2071
 138  2071 125  1971 113  1971 105  2071  99  2071  95  2171  91  2171  87  2171
  83  2171  77  2071  75  1971  82  1871 104  1971 135  2071 166  2171 194  2271
 216  2271 231  2371 238  2471 240  2571 236  2671 228  2471 217  2271 202  2071
 187  2071 171  2171 157  2171 144  2171 134  2271 124  2271 116  1961 112  2061
 109  2061 107  2051 105  2051 109  2021 122  2051 141  2151 161  2121 178  2151
 191  2151 202  2121 210  2251 213  2451 211  2521 202  2451 189  2251 175  2121
 162  2151 151  2251 142  2221 134  2251 128  2351 123  2321 119  2351
481 106   001 105   001 100   001  96   001  92   001  81   001  80   371
  75   471  67   571  64   771  68   871  83  1171 103  1371 121  1371 134  1471
 143  1571 150  1671 159  1771 167  1771 172  1871 171  1871 166  1971 157  1971
 147  1871 136  1771 125  1671 118  1671 113  1571 110  1571 106  1571 102  1671
  98  1671  95  1671  95  1671 100  1671 113  1671 131  1671 152  1671 171  1671
 187  1671 202  1671 214  1771 220  1871 222  1971 219  2071 210  2071 199  2171
 187  2071 174  1971 164  1871 154  1871 145  1871 139  1871 135  1761 130  1861
 126  2061 125  2051 121  2051 123  2021 134  2051 151  2151 170  2121 186  2251
 199  2451 210  2521 219  2551 224  2551 224  2521 219  2551 209  2551 198  2521
 187  2451 176  2351 166  2221 157  2251 150  2351 144  2321 139  2351
497  55   001  49   001  48   001  46   001  46   001  45   001  42   671
  38  1171  36  1271  37  1571  45  1571  59  1871  79  2071 104  1971 126  2271
 141  2571 153  2871 161  2671 164  2571 162  2371 153  2271 141  2071 126  1971
 114  1971 104  1871  96  1871  87  1871  78  1771  70  1771  64  1871  58  2071
  51  2171  46  2071  45  2071  55  1971  81  1971 115  1971 149  1971 176  2271
 197  2671 208  2971 213  2871 212  2871 206  2771 196  2471 183  2271 169  1971
 154  1971 140  1971 126  1971 114  1971 104  1871  94  1871  80  1761  74  1861
  68  1961  65  1851  62  1851  70  1721  95  1951 131  2151 166  2321 193  2651
 211  2951 223  3221 230  3151 231  2951 225  2821 211  2551 191  2351 171  2021
 153  1951 137  1951 123  1821 110  1851 100  1951  92  1921  87  1851
510 107   001 102   001 104   001 104   001 103   001 102   001  95   371
  91   771  88   971  87  1071  91  1171 103  1271 122  1371 145  1371 166  1571
 183  1671 196  1871 206  1871 211  1771 213  1771 211  1671 206  1671 196  1571
 182  1571 167  1471 154  1471 147  1471 143  1471 142  1471 141  1471 137  1471
 130  1471 121  1471 115  1451 118  1471 134  1571 158  1771 184  1871 205  2071
 221  2371 233  2571 243  2471 248  2271 252  2171 253  2071 250  1871 240  1771
 223  1771 203  1871 184  1871 170  1871 158  1971 150  1971 140  1661 133  1761
 127  1861 125  1751 123  1651 126  1521 135  1651 148  1751 162  1821 174  1951
 185  2151 194  2221 201  2251 205  2251 205  2221 200  2151 191  2051 178  1921
 164  1951 150  1851 138  1821 131  1851 126  1851 123  1821 120  1951
579 101   001  95   001  80   001  76   001  73   001  69   001  70   471
  67   771  64   771  64   971  72   971  90  1171 115  1371 141  1371 160  1471
 175  1471 187  1571 196  1471 200  1471 199  1371 192  1371 181  1271 166  1271
 151  1271 137  1171 123  1171 111  1271 100  1271  91  1371  86  1471  82  1471
  79  1571  75  1471  74  1371  83  1271 105  1371 134  1471 164  1571 188  1571
 204  1671 215  1671 220  1771 220  1971 216  2071 208  1971 197  1771 180  1671
 161  1471 140  1371 124  1171 110  1371 100  1471  92  1671  83  1661  80  1961
  80  2161  83  2051  82  2051  90  1921 111  1951 139  1851 165  1821 183  1951
 195  1951 204  2021 213  2051 220  2051 221  2021 214  1851 200  1751 182  1521
 163  1451 145  1251 129  1121 117  1251 107  1351 100  1421  94  1751
588  95   001  89   001  72   001  69   001  56   001  50   001  46   571
  46   771  49   871  56  1071  68  1071  83  1371 101  1471 126  1371 148  1471
 167  1571 181  1671 190  1671 194  1771 191  1771 182  1671 169  1571 153  1471
 137  1571 122  1571 107  1671  94  1571  83  1571  72  1471  66  1571  61  1671
  56  1771  54  1771  56  1671  66  1671  88  1671 118  1771 148  1771 174  1871
 194  1871 208  1971 214  2071 214  2271 210  2371 203  2071 193  1871 179  1571
 160  1571 138  1471 120  1471 105  1571  94  1671  85  1771  78  1761  75  1861
  72  1861  73  1851  72  1851  81  1821 102  1751 130  1751 160  1621 186  1851
 206  1951 220  2121 228  2251 229  2351 226  2421 218  2151 205  1951 188  1621
 167  1551 145  1551 126  1421 111  1551 101  1551  94  1621  89  1751
621 115   001 114   001 111   001 109   001  88   001  68   001  73   471
  76   471  73   671  72   771  81   971 103  1271 132  1671 159  1671 176  1771
 184  1771 191  1871 199  1971 208  1971 213  2071 213  1871 205  1571 191  1371
 172  1271 150  1271 131  1171 118  1271 111  1471 109  1571 110  1571 110  1571
 107  1571  99  1571  94  1651 101  1671 126  1671 161  1771 193  1771 215  1971
 226  2171 234  2371 239  2371 243  2371 244  2371 240  2171 232  1971 216  1771
 196  1671 173  1571 155  1471 142  1571 136  1771 133  1871 134  1561 128  1661
 121  1761 113  1751 107  1651 109  1621 120  1751 138  1951 156  2021 170  2251
 181  2551 188  2721 193  2851 195  2851 194  2921 189  2751 182  2551 172  2321
 161  2151 149  2051 139  1821 132  1951 127  1951 123  2021 120  2051
630 122   001 124   001 124   001 120   001 117   001 114   001 106   371
 100   571  97   571  97   771 103   871 116  1171 135  1271 156  1271 172  1371
 184  1371 194  1471 203  1571 209  1571 210  1671 206  1571 197  1371 187  1271
 174  1171 162  1171 150  1071 141  1071 136  1071 131  1071 126  1171 123  1271
 119  1371 115  1271 114  1271 120  1171 134  1271 152  1371 171  1471 186  1671
 198  1771 207  1971 216  1971 220  1971 219  1971 211  1871 198  1771 184  1671
 172  1571 163  1471 154  1371 147  1371 141  1471 135  1471 130  1561 124  1761
 120  1861 118  1851 116  1751 120  1721 130  1651 145  1651 160  1521 173  1651
 185  1751 195  1821 204  1951 210  1951 212  2021 208  2051 200  1951 189  1921
 178  1851 168  1851 158  1721 150  1751 143  1851 138  1821 134  1951
643 134   001 126   001 110   001 118   001 116   001 117   001 111   471
 107   771 105   971 106  1171 111  1171 119  1271 129  1571 147  1571 159  1671
 167  1671 170  1771 172  1771 171  1671 168  1671 162  1571 155  1471 146  1371
 138  1371 129  1471 122  1471 114  1471 108  1571 104  1571 101  1471 100  1471
  98  1371  95  1371  95  1471 102  1471 119  1471 140  1371 158  1371 167  1471
 171  1571 171  1671 171  1671 172  1771 171  1771 168  1571 162  1471 153  1271
 143  1271 132  1371 126  1371 120  1471 115  1671 111  1771 108  1761 105  1861
 103  1961 103  1951 101  1851 105  1821 116  1851 131  1951 146  1921 156  2051
 163  2251 167  2321 169  2251 170  2251 166  2121 158  1951 148  1751 139  1521
 132  1551 128  1451 125  1421 123  1551 121  1751 119  1821 116  1951
645 135   001 132   001 122   001 108   001 103   001 104   001  96   371
  91   671  89   871  92   971  99  1071 111  1271 125  1371 149  1271 166  1471
 177  1771 185  1971 189  1971 190  1971 187  1971 181  1771 171  1571 157  1371
 141  1371 128  1371 115  1371 106  1371 101  1471  98  1471  96  1471  92  1571
  88  1571  85  1571  86  1571  94  1571 113  1471 140  1471 164  1371 183  1571
 194  1771 199  1971 200  2071 198  2271 193  2371 186  2071 177  1671 165  1371
 148  1371 131  1371 119  1371 111  1371 105  1471 101  1471  98  1661  95  1761
  92  1861  91  1851  90  1951  97  1921 116  1851 141  1851 163  1721 177  2051
 184  2251 188  2521 193  2551 196  2651 196  2621 190  2251 179  1951 164  1521
 147  1551 131  1451 118  1421 111  1551 107  1551 105  1621 103  1751
650 139   001 132   001 122   001 127   001 105   001  87   001  85   371
  86  1271  90   971  98  1371 108  1471 121  1471 136  1371 153  1171 164  1271
 173  1371 180  1471 187  1371 192  1371 192  1271 186  1271 172  1271 160  1271
 148  1271 138  1171 129  1171 122  1171 115  1271 110  1271 108  1471 107  1571
 105  1771 105  1771 107  1871 116  1871 136  1771 159  1671 180  1571 192  1571
 198  1471 201  1471 202  1471 203  1371 200  1371 193  1371 183  1271 170  1271
 156  1171 143  1171 132  1071 124  1171 117  1271 112  1371 107  1661 105  1961
 104  2161 106  2051 109  2051 118  1921 134  1851 154  1651 171  1521 182  1551
 187  1651 191  1621 194  1651 196  1651 193  1621 185  1551 172  1351 159  1221
 147  1251 137  1251 130  1221 126  1351 123  1351 121  1421 119  1751
675 153   001 145   001 139   001 131   001 125   001 119   001 112   871
 108  1171 106  1371 109  1571 115  1671 125  1571 139  1771 160  1671 184  1671
 204  1771 221  1771 231  1871 234  1971 228  2071 215  1971 199  1871 182  1771
 168  1671 157  1571 146  1471 134  1471 125  1571 115  1571 108  1571 104  1571
 100  1571  96  1671  95  1671 102  1771 122  1771 147  1871 172  1871 191  1871
 205  1971 214  1971 221  2171 224  2371 221  2571 212  2371 196  2171 180  1971
 163  1771 148  1671 135  1471 123  1571 115  1571 108  1671 104  1661 100  1661
  96  1561  93  1651  92  1751 101  1821 122  1951 151  2151 181  2221 206  2351
 226  2451 240  2521 248  2651 249  2751 244  2821 232  2551 215  2251 196  1921
 178  1751 161  1651 147  1421 136  1551 128  1551 122  1621 117  1751
690 170   001 167   001 160   001 156   001 146   001 141   001 130   371
 124   471 117   571 114   671 118   671 131   971 151  1271 166  1371 173  1271
 173  1271 171  1171 170  1271 170  1271 168  1371 164  1371 159  1271 154  1271
 151  1271 148  1271 145  1271 140  1271 134  1171 129  1171 126  1171 123  1271
 120  1271 116  1171 114  1171 120  1071 136  1271 155  1471 169  1671 173  1471
 169  1371 165  1171 164  1271 165  1471 167  1571 167  1471 165  1371 161  1271
 156  1271 151  1171 145  1171 140  1171 137  1171 134  1171 133  1161 132  1261
 130  1361 129  1351 128  1351 133  1321 147  1551 165  1651 179  1821 184  1751
 182  1551 179  1421 177  1451 177  1551 177  1521 176  1451 174  1351 171  1221
 167  1251 163  1251 158  1221 153  1251 148  1351 144  1321 142  1351
747 129   001 119   001 122   001 121   001 114   001  92   001  96   471
 101   571 107   671 114  1171 122  1171 131  1171 140  1371 156  1371 167  1471
 172  1671 174  1771 173  1771 169  1671 165  1671 162  1571 157  1471 151  1371
 144  1271 136  1271 128  1171 122  1171 117  1171 113  1171 110  1271 107  1371
 106  1471 105  1371 105  1351 110  1271 121  1371 135  1371 148  1471 157  1571
 164  1771 168  1871 172  1871 174  1871 174  1871 171  1771 164  1571 156  1471
 146  1471 134  1571 130  1571 126  1471 123  1471 121  1371 121  1561 119  1761
 119  2061 120  1951 120  1951 125  1821 137  1851 153  1751 168  1721 178  1951
 185  2251 189  2421 193  2451 195  2351 194  2321 188  2151 179  1851 169  1621
 160  1551 153  1551 148  1421 145  1551 142  1651 140  1721 137  1851
NT  TEDF  78  35 1
20130413012013041220
20130413012013041221
20130413012013041222
20130413012013041223
20130413012013041300
20130413012013041301
20130413012013041302
20130413012013041303
20130413012013041304
20130413012013041305
20130413012013041306
20130413012013041307
20130413012013041308
20130413012013041309
20130413012013041310
20130413012013041311
20130413012013041312
20130413012013041313
20130413012013041314
20130413012013041315
20130413012013041316
20130413012013041317
20130413012013041318
20130413012013041319
20130413012013041320
20130413012013041321
20130413012013041322
20130413012013041323
20130413012013041400
20130413012013041401
20130413012013041402
20130413012013041403
20130413012013041404
20130413012013041405
20130413012013041406
20130413012013041407
20130413012013041408
20130413012013041409
20130413012013041410
20130413012013041411
20130413012013041412
20130413012013041413
20130413012013041414
20130413012013041415
20130413012013041416
20130413012013041417
20130413012013041418
20130413012013041419
20130413012013041420
20130413012013041421
20130413012013041422
20130413012013041423
20130413012013041500
20130413012013041501
20130413012013041502
20130413012013041503
20130413012013041504
20130413012013041505
20130413012013041506
20130413012013041507
20130413012013041508
20130413012013041509
20130413012013041510
20130413012013041511
20130413012013041512
20130413012013041513
20130413012013041514
20130413012013041515
20130413012013041516
20130413012013041517
20130413012013041518
20130413012013041519
20130413012013041520
20130413012013041521
20130413012013041522
20130413012013041523
20130413012013041600
20130413012013041601
002800170016001400160017001717162716271627152715371535153115351635163117351
73517311735173517311735173517311735173517311635153515311635163517311635153515311
43514351431143513351331133512351231133513351431143514351531153516351731173517351
73117351735163116351635163115351435143113351335123112351235133613361336143614361
005600110012001100100012001317142714271427142713371235123113351535173117351
73517311735173517311735173517311735163516311535153515311535153516311635163516311
53514351431143514351431133513351231123512351331133514351531153516351631173517351
73116351635163116351635163116351635163115351535143114351435143613361336133614361
015700170017001700160010001117122712271327142715371535153115351535153116351
73517311735173517311735173517311735173517311735173516311635163516311635163516311
63515351431133513351331133513351331123512351231123512351231143515351631173517351
73117351735173116351635153116351635163115351435133112351235133613361336143614361
027400170015001500140013001317132713271327142715371635173118351835173117351
73517311735173517311735173517311635163515311535153516311535153514311335133513311
33514351531153515351531153514351431143514351431143514351531153515351531153515351
43115351535163116351535153116351635163116351535143114351435143614361536153615361
070500120011001000100011001217122713271427142715371535153116351635173117351
73517311735173517311735173517311735173517311635153515311435143515311435143514311
43514351431143514351431133513351231123512351131113511351231133514351531153516351
63117351735173117351735173117351735173117351735163116351535153615361536163615361
110200130011001500140014001517152716271627172717371735173117351835183118351
83517311735173517311735173517311735163516311635153515311635163516311635153515311
53516351731173517351731173517351731173517351731163516351631163517351731163515351
53115351635173116351635163116351635163116351635163116351635163616361636163616361
120000110012001300130013001417152715271527152716371735173118351835173117351
73517311735173517311735173516311635153514311435143514311435143514311535163516311
63515351531143514351431153516351631173517351731173517351731163516351631153515351
43114351535153115351535153115351535153115351535143114351335143614361436143615361
130200110011001400140013001417142715271627162717371735173117351735173117351
73517311735173517311735173516311535153514311435143515311535153515311535143514311
43514351431143514351431133513351331133514351531163516351631163516351631163516351
63116351635163116351635173117351635163115351535153114351435143615361536153615361
145000140016001500140013001317131713271427142715371635173117351735173117351
73517311735173516311635173517311735173516311535143514311435153515311535143513311
33513351331123512351231123512351331123512351231123512351231133514351531153516351
73117351735173117351635163116351635163116351635153115351535153615361536153615361
149100150017001700140012001317132714271427152716371635173117351735173117351
73517311735173517311735173517311735173516311635153514311435153515311535143514311
33513351231123512351231123512351231123512351231123512351331133514351531163516351
73117351735173117351635163116351735173117351635163115351535153615361536153615361
156000130016001600130013001317131713271427152716371635173117351735173117351
73517311735173517311735173517311735173516311635153514311535153515311535143514311
33513351231123512351231123512351231123512351231123512351331143514351531163516351
73117351735173117351635163116351735173116351635163115351535143614361436143614361
168700130012001500110012001217132713271427142715371535153115351635163117351
73517311735163516311635163516311635153514311335133512311235123512311235123512311
23513351431143514351431133513351231123511351131113511351231123513351431153515351
53116351635163116351635173117351735173116351635153115351535153615361536153615361
180300110015001200110011001217122713271337143714371435143113351335133114351
63517311635163515311535153515311535153515311535163516311535133512311135113512311
23512351231123512351231123512351231123511351131123512351231123512351131113511351
23112351235123112351335143115351535163116351635163116351635153615361536153615361
190400140016001600150012001217121712271327132713371435143114351335133114351
43515311535153514311435143513311335123512311235133513311435133513311335123512311
23512351231123512351231123512351231123511351131113511351231123512351231123512351
23112351235133113351335133114351535153116351635163116351635163616361636163616361
222000110012001200120014001517161717271727172717371735173117351735173117351
73517311735173517311735173516311635163516311635163516311635163516311535143514311
33513351331123512351231123512351331133514351531153516351731173516351631163516351
73117351735173117351735173117351735163116351635153115351535153615361536153615361
240000110010001000130012001317142715271627162717371735173117351735173117351
73517311735173517311735163516311635163515311435133512311235133514311435133512311
13511351231123513351331133512351231123511351131123513351331133514351431143515351
53115351635163116351635163117351735173117351635163115351535143614361436143615361
255300120011001100110014001517152716271627162716371635173117351735173117351
73517311735173517311635163515311435133512311135123512311235123512311235123512311
23512351231123512351231123512351231113511351131113511351231133514351531153515351
63116351635163116351635163116351735173116351635153115351435143614361436143615361
260300140011001200140018001817181717271727162716371535153115351535153116351
73517311735173516311635173516311535133512311135113512311235123512311235123512311
13511351131123513351331133512351131113511351131113511351231123513351431143515351
53115351635153115351535153115351635173117351735163116351635163615361536153615361
280600130017001500120011001117121712271327142714371535153115351535153115351
53515311535153514311435133513311235123512311235113511311135123512311235123512311
23512351231123512351231123512351231123512351131113512351231123512351231123512351
23112351235123112351235133114351635173117351635163115351535153615361536153616361
299400150017001600160016001517141713271327122712371335143114351435143114351
43514311435143514311435143514311335123512311235123512311235123512311235113511311
13511351231123512351231123512351231123511351131113511351131113511351131123512351
23112351235123111351135123112351335143114351435153115351535153615361536163616361
434100110012001300160017001817182718271827182717371735173116351635163116351
73517311635153514311335123511311135113511311135113511311135113511311135123512311
23512351231123511351131113511351131113511351131113512351231123513351331143514351
43114351435153115351635163116351635163115351535143114351435143613361336133613361
460200100010001100120015001517151716271627162715271535153115351635163117351
73517311635153514311335123512311135113511311135113511311135113511311135113511311
13511351131123512351231123512351131113511351131113511351231123511351131123512351
23112351235123113351435143115351535153115351435143114351435143614361436153615361
481100120013001100120011001217122713271427142714271435143113351235123113351
43515311535143513311335133513311335123512311135113511311135113511311135113512311
23512351231123512351231123512351131113511351131123512351231113512351231133514351
43114351335123112351235123112351235133114351535153115351535153615361536153615361
497700170015001400140012001217122712271227122712371235123112351435153115351
53515311535143514311435143514311335123512311135113512311235113511311135113511311
13511351131113511351131113511351131113511351131113511351231123512351231123512351
23112351235123111351135113112351235123112351235133113351335143614361436143614361
510100160016001800160017001717171716271627162716271635163116351535143114351
43515311535153514311335123512311235113511311135113511311235133513311335123512311
13511351131113511351131113512351231123512351231123513351431143514351431153515351
53115351535153115351535163116351635153116351635163116351535153615361536153615361
579000100012001300120010001117122713271427142714371435143113351435143114351
53515311435133513311335143514311335123511311135113511311135113511311135113511311
13511351131113511351131113511351131113511351131123513351331133512351231123513351
43114351335133112351235123112351335133114351435143114351435143615361536153615361
588600110010001000100010001027112712271327142714351335133113351435143114351
43514311335123512311235133513311435143514311335123511311135113511311135113511311
13511351131113511351131113511351131113511351131113511351231123513351331133513351
23112351235123112351235113111351135123112351235123112351235123613361336143614361
621600160016001400110010001017102711271127112712371235123113351335143114351
43514311335133512311235123511311135113511311135123512311235123511311135113511311
13511351131113511351131123513351331133512351231123512351231133513351331133513351
43113351335133113351335133114351435143113351335133114351535153615361536153615361
630200170017001700160013001317142714271427142715271535153115351435143114351
33513311335133513311335123512311135113511311235123512311235123512311135113511311
13511351131113511351131113512351231113511351131123512351331133513351331123512351
33114351535153115351435133114351435143114351435143114351435143614361436153615361
643000110011001300160018001817182717271727162716371535153115351535153115351
43514311435133512311335133513311235123511311135113511311135113511311135113511311
13511351131113511351131113511351131113511351131123513351431143514351431153515351
63116351635163115351535143114351335133113351435143113351335133613361336143614361
645000100012001400120017001717161716271527152714371335133113351335143115351
53515311435123512311235133514311335123511311135113511311135123512311235113511311
13511351131113511351131113511351131113511351131133514351431143513351331133514351
53115351535143113351335133112351335133113351335133113351335143614361436143614361
650100100010001000100010001117122713271337143714371335133113351335133113351
33513311235123512311235133513311335123511311135113511311135113511311135113512311
23511351131113511351131113511351131123512351231133514351431143513351331143514351
43114351335123112351235123112351235123112351235123112351235123612361336133614361
675000100010001000100010001017112712271427152715371535143113351335123112351
13511311235133514311435143513311335123512311235123512311235123512311235123512311
23511351131113511351131113511351131113511351131123512351231123512351231133513351
33113351235123112351335133113351235123112351235123112351235123612361336133614361
690200100010001000100010001117122713271427142714271335133112351135113111351
23512311335143514311435143514311335133512311235123512311235123512311135113511311
23512351231123512351231123512351231123511351131113511351231123512351331133513351
43114351435143113351335133113351235123112351235123112351235123612361236123613361
747200120011001100100011001217132713271427142714371535153115351535143114351
43514311435143514311435143513311335133513311335133513311435143514311535153515311
43513351231113511351131113512351231113511351131113511351231123513351431153515351
63116351635173116351635163116351635163115351435143113351435143614361436143614361
