20131218131640
T2M TEDF  78  35 1
20131218132013121808
20131218132013121809
20131218132013121810
20131218132013121811
20131218132013121812
20131218132013121813
20131218132013121814
20131218132013121815
20131218132013121816
20131218132013121817
20131218132013121818
20131218132013121819
20131218132013121820
20131218132013121821
20131218132013121822
20131218132013121823
20131218132013121900
20131218132013121901
20131218132013121902
20131218132013121903
20131218132013121904
20131218132013121905
20131218132013121906
20131218132013121907
20131218132013121908
20131218132013121909
20131218132013121910
20131218132013121911
20131218132013121912
20131218132013121913
20131218132013121914
20131218132013121915
20131218132013121916
20131218132013121917
20131218132013121918
20131218132013121919
20131218132013121920
20131218132013121921
20131218132013121922
20131218132013121923
20131218132013122000
20131218132013122001
20131218132013122002
20131218132013122003
20131218132013122004
20131218132013122005
20131218132013122006
20131218132013122007
20131218132013122008
20131218132013122009
20131218132013122010
20131218132013122011
20131218132013122012
20131218132013122013
20131218132013122014
20131218132013122015
20131218132013122016
20131218132013122017
20131218132013122018
20131218132013122019
20131218132013122020
20131218132013122021
20131218132013122022
20131218132013122023
20131218132013122100
20131218132013122101
20131218132013122102
20131218132013122103
20131218132013122104
20131218132013122105
20131218132013122106
20131218132013122107
20131218132013122108
20131218132013122109
20131218132013122110
20131218132013122111
20131218132013122112
20131218132013122113
002  79   001  80   001  81   001  86   001  86   001  91   001  91   271
  90   471  88   671  85   771  83   871  84  1071  87  1271  91  1271  94  1271
  96  1271  98  1271 100  1271 101  1271 102  1271 101  1271  99  1371  94  1371
  88  1371  82  1271  79  1271  81  1271  86  1171  89  1171  88  1071  85  1071
  81   971  78   971  76  1071  75  1071  74  1071  74  1171  73  1171  72  1171
  72  1171  72  1171  72  1171  72  1271  71  1271  68  1371  66  1371  65  1471
  68  1471  73  1371  80  1371  87  1371  91  1271  94  1271  94  1171  92  1171
  90  1071  89  1171  88  1171  87  1271  86  1371  86  1371  86  1471  86  1471
  86  1571  87  1571  87  1571  87  1571  87  1571  87  1671  86  1671  86  1771
  86  1771  86  1851  87  1811  89  1751  92  1751  94  1611  96  1551
005  61   001  64   001  78   001  84   001  95   001  92   001  92   271
  89   471  86   671  83   871  82   871  81   971  84  1171  84  1171  85  1171
  86  1271  89  1271  92  1271  94  1271  95  1271  94  1371  92  1371  88  1471
  82  1471  76  1371  74  1271  78  1271  85  1271  91  1271  94  1271  92  1171
  86  1171  77  1171  66  1071  57  1071  53  1171  52  1271  52  1371  52  1371
  53  1471  54  1471  57  1471  59  1371  58  1371  54  1471  48  1471  45  1571
  47  1471  53  1471  63  1371  73  1371  83  1271  91  1271  94  1371  93  1371
  90  1471  84  1371  78  1371  74  1371  71  1471  68  1471  68  1571  69  1671
  70  1671  71  1771  71  1771  69  1871  69  1871  70  1871  72  1871  73  1871
  72  1771  71  1751  72  1611  76  1651  82  1651  88  1611  91  1651
015  56   001  63   001  65   001  76   001  78   001  88   001  89   471
  87   571  86   771  85  1371  84  1471  85  1171  86  1371  88  1371  89  1371
  90  1471  91  1471  92  1471  95  1371  97  1371  99  1371  99  1471  97  1471
  93  1471  88  1371  85  1371  87  1371  90  1271  94  1271  94  1271  91  1171
  85  1171  77  1171  68  1271  61  1271  56  1271  53  1371  50  1371  47  1471
  46  1471  45  1571  46  1571  49  1571  50  1571  49  1571  47  1671  46  1671
  47  1671  52  1571  58  1571  65  1471  73  1471  79  1271  83  1271  84  1371
  82  1371  79  1371  73  1471  67  1471  62  1471  58  1571  55  1571  53  1671
  54  1871  54  1971  55  1971  57  1971  59  1971  60  1971  60  1871  59  1871
  57  1851  56  1751  57  1711  62  1751  69  1751  76  1711  80  1651
027  54   001  64   001  81   001  89   001  89   001  91   001  99   471
 103   671 103   771 101   871 100   871  98   971  97  1071  98  1071 100  1171
 103  1371 106  1471 105  1471 102  1471  99  1471  97  1471  95  1371  90  1371
  82  1471  73  1371  69  1371  72  1371  79  1271  87  1271  92  1171  94  1071
  90   871  80   971  69   971  61  1171  58  1271  59  1471  61  1471  63  1571
  63  1571  62  1671  58  1671  55  1671  51  1671  48  1671  46  1771  46  1771
  49  1671  55  1771  64  1671  73  1571  82  1571  89  1471  93  1271  93  1251
  91  1111  87  1251  83  1351  80  1411  80  1451  82  1451  85  1411  87  1551
  87  1751  87  1811  86  1851  86  1751  86  1711  88  1851  91  1951  92  2011
  91  1951  90  1851  90  1711  93  1651  97  1451 103  1311 108  1351
070  73   001  84   001  91   001  91   001  87   001  87   001  88   671
  85   871  82   971  80  1171  79  1371  77  1471  76  1571  75  1571  75  1671
  76  1771  76  1871  75  1871  75  1971  77  1971  82  2071  88  2071  93  2171
  95  1971  95  1871  97  1671 100  1671 104  1771 105  1771 102  1571  95  1471
  85  1271  74  1371  65  1571  55  1771  50  1871  46  1871  43  2071  41  2171
  38  2371  36  2371  36  2371  35  2471  36  2471  37  2471  39  2571  40  2571
  41  2471  43  2271  49  2071  58  1971  67  1871  74  1871  75  1571  71  1471
  65  1271  58  1471  51  1671  44  1871  39  1871  34  1871  32  1871  32  2071
  32  2271  33  2471  33  2471  32  2571  31  2571  31  2671  32  2671  33  2771
  33  2551  34  2251  38  2011  47  1951  58  1951  67  1811  71  1751
110 102   001 106   001 111   001 108   001 111   001 108   001 109   271
 110   371 111   571 113   771 114   871 112  1071 107  1071 103  1171  98  1271
  93  1371  88  1471  85  1471  81  1571  78  1571  75  1571  72  1571  68  1571
  66  1471  66  1271  70  1171  78  1271  88  1171  93  1171  91   971  84   971
  77   871  74   871  74   971  74   971  71  1071  67  1171  64  1271  64  1371
  66  1471  69  1571  73  1671  74  1671  75  1771  74  1771  74  1771  74  1771
  77  1771  82  1671  89  1671  97  1471 105  1371 111  1171 113  1171 113  1171
 111  1371 108  1371 105  1371 103  1371 104  1471 107  1471 109  1671 110  1571
 111  1671 111  1671 112  1671 114  1771 115  1771 116  1871 116  1871 116  1971
 115  1871 115  1851 115  1711 117  1551 120  1451 123  1211 125  1351
120  75   001  83   001  92   001 103   001 107   001 101   001 104   271
 105   371 102   471 100   771 101   871 104   871 108   971 109   971 106   971
 100  1071  93  1071  87  1071  82  1071  76  1071  68  1171  61  1371  56  1471
  55  1271  58  1171  65   971  75   971  85   871  92   871  94   771  92   771
  85   871  75   771  66   871  58   871  56   971  58  1071  59  1171  57  1271
  54  1271  51  1371  50  1271  51  1271  50  1171  47  1371  45  1671  46  1871
  52  1771  62  1571  74  1471  85  1271  94  1071 100   871 103   971 104  1171
 101  1271  97  1271  92  1171  89  1171  88  1271  89  1271  92  1371  95  1371
  98  1471 101  1471 103  1471 104  1371 104  1371 104  1571 104  1671 104  1871
 104  1671 106  1451 108  1211 112  1151 116  1151 121  1011 125  1151
130  74   001  77   001  88   001 106   001 112   001 116   001 116   271
 115   371 115   671 114   971 113   971 111  1171 108  1371 106  1571 106  1471
 104  1571 102  1571  96  1571  90  1671  85  1671  79  1671  73  1771  66  1771
  59  1771  55  1771  57  1671  68  1571  83  1471  96  1371 102  1271 104  1171
 100  1071  94  1171  85  1271  76  1371  68  1471  60  1571  53  1671  46  1771
  41  1871  36  1971  34  2071  32  2071  30  2171  27  2271  25  2371  26  2471
  31  2471  40  2471  53  2471  68  2171  83  1771  96  1471 102  1471 104  1351
 102  1311  98  1551  92  1551  86  1611  81  1751  77  1851  75  2011  75  1951
  77  2051  79  2011  81  2051  83  2051  84  2011  85  2151  84  2151  84  2211
  83  2151  84  2151  87  2011  93  1851 102  1751 110  1511 116  1551
145  65   001  67   001  67   001  76   001  82   001  83   001  87   271
  89   771  89   971  89   971  90   871  91   971  93  1071  95  1171  96  1171
  95  1271  94  1271  93  1371  92  1471  93  1571  95  1571  97  1571  96  1571
  91  1371  85  1271  82  1071  87  1071  95  1171 103  1171 106  1271 104  1171
  98  1271  86  1171  74  1071  64  1071  58  1171  55  1271  54  1371  52  1471
  50  1571  48  1671  45  1771  43  1771  42  1871  40  1871  38  1771  36  1771
  35  1671  36  1671  43  1571  54  1471  69  1471  81  1371  86  1471  85  1471
  81  1571  75  1471  68  1371  63  1271  59  1371  57  1471  54  1571  52  1671
  50  1671  49  1771  49  1871  48  1871  49  1971  49  1971  50  1871  49  1871
  48  1751  48  1651  52  1511  60  1551  70  1551  78  1511  82  1551
149  75   001  76   001  82   001  87   001  89   001  92   001  95   571
  96   671  94   871  91   871  89   971  88  1071  89  1271  90  1471  91  1571
  92  1571  91  1671  89  1771  86  1771  85  1871  87  1771  90  1771  91  1671
  89  1571  87  1371  87  1271  90  1271  96  1271 101  1371 105  1271 105  1171
 100  1071  89  1071  75   971  65   971  57  1171  55  1371  53  1571  50  1771
  44  1871  40  2071  37  2171  36  2271  34  2371  34  2271  34  2271  35  2171
  36  1971  39  1871  46  1671  58  1671  70  1571  81  1571  86  1571  85  1571
  81  1571  75  1471  68  1471  63  1371  59  1571  56  1671  53  1871  50  2071
  47  2171  44  2371  42  2371  41  2471  41  2471  42  2371  43  2371  44  2271
  45  2151  47  2051  52  1911  60  1851  69  1851  77  1711  81  1651
156  77   001  79   001  82   001  89   001  91   001  95   001  99   371
 100   471 100   671  99   771  98   871  97   971  98  1171  98  1271  98  1371
  97  1371  97  1471  97  1471  97  1471  98  1471 100  1471 102  1571 101  1571
  98  1471  94  1371  93  1271  95  1371 100  1271 105  1371 106  1271 104  1171
  98  1071  89  1071  80   971  72  1071  67  1171  65  1271  63  1371  60  1471
  57  1671  54  1771  52  1771  50  1771  49  1771  48  1771  46  1871  45  1871
  45  1771  46  1771  51  1671  61  1571  73  1571  81  1571  85  1571  85  1571
  82  1471  78  1371  74  1371  71  1271  69  1371  66  1371  63  1471  59  1671
  55  1771  52  1971  52  1971  53  1971  54  1971  54  1971  54  2071  54  2071
  55  1951  57  1951  62  1811  70  1851  78  1751  85  1711  88  1651
168  83   001  85   001  90   001 104   001 117   001 124   001 119   771
 111   971 100  1171  88  1371  78  1571  69  1871  64  1671  62  1671  62  1771
  63  1971  63  2071  65  2071  68  2171  70  2171  69  2171  70  2171  71  2171
  74  1971  79  1771  86  1571  95  1771 106  1771 113  1871 114  1771 110  1571
 100  1471  85  1671  69  1871  56  2071  46  2171  38  2171  33  2271  29  2271
  27  2271  25  2371  25  2471  25  2571  25  2671  25  2671  25  2671  25  2671
  26  2471  30  2171  37  1971  49  1971  63  1971  73  1971  75  1871  70  1771
  61  1671  50  1771  38  1971  28  1971  21  2171  18  2271  17  2371  18  2371
  20  2471  22  2471  21  2571  18  2671  14  2771  11  2771   9  2871   9  2871
  12  2551  18  2351  27  2011  38  1951  50  1851  61  1711  68  1651
180  63   001  68   001  77   001  78   001  84   001  86   001  84   371
  78   571  71   971  64  1271  58  1271  55  1471  54  1571  54  1571  54  1471
  54  1571  56  1571  59  1671  63  1671  67  1771  70  1871  74  1871  77  1971
  81  1871  84  1771  88  1771  91  1771  95  1771  96  1971  95  1871  92  1771
  87  1771  81  1571  74  1671  67  1571  60  1571  56  1771  52  1671  50  1771
  51  1771  51  1871  51  1971  49  2071  46  2171  41  2171  36  2271  34  2271
  36  2171  40  2171  47  2071  55  1971  61  2071  66  1971  66  1871  63  1871
  58  1771  52  1671  46  1671  40  1571  32  1671  25  1771  20  1871  17  2071
  16  2071  14  2171  12  2171   9  2271   5  2271   1  2271  -2  2271  -1  2271
   4  2251  11  2151  20  2111  28  2151  35  2251  41  2211  46  2151
190  25   001  26   001  41   001  60   001  73   001  95   001  91   471
  81   671  71  1271  61  1371  52  1371  44  1471  39  1571  37  1671  36  1671
  35  1471  35  1471  34  1471  35  1371  35  1371  37  1371  41  1471  47  1471
  55  1571  63  1571  69  1671  73  1871  74  2071  77  2071  81  2071  85  2271
  85  2171  79  1971  71  1771  62  1671  53  1771  46  1671  41  1771  38  1771
  37  1671  35  1671  30  1671  28  1671  25  1671  25  1671  25  1771  26  1771
  27  1771  29  1671  34  1771  43  1771  54  1771  62  1971  66  1971  65  1971
  61  1971  55  1871  48  1771  41  1671  34  1671  28  1771  22  1871  17  1871
  12  1971   8  1971   4  1971   2  1971  -1  1971  -4  1871  -6  1871  -7  1771
  -5  1751  -1  1651   5  1611  14  1751  23  1951  31  2011  37  2051
222  61   001  70   001  90   001 112   001 123   001 123   001 126   571
 127   771 123   971 116  1071 109  1071 105  1171 102  1171 101  1271 102  1271
 103  1371 104  1371 103  1371 101  1371  97  1371  93  1371  87  1371  80  1371
  71  1371  65  1371  67  1371  79  1371  98  1471 114  1571 123  1571 123  1471
 117  1471 104  1271  89  1171  76  1171  67  1271  62  1371  59  1471  56  1471
  51  1571  45  1571  37  1571  29  1671  21  1671  16  1771  15  1771  17  1871
  24  1671  34  1571  49  1471  67  1471  85  1471 101  1471 111  1571 114  1571
 111  1671 103  1671  92  1471  82  1371  75  1471  70  1571  69  1671  70  1771
  73  1871  74  1971  73  1971  71  1871  70  1871  69  1871  70  1871  70  1871
  71  1771  73  1551  79  1411  90  1451 103  1451 114  1411 120  1551
240  79   001  79   001  84   001  86   001  95   001 107   001 109   371
 109   571 106   671 102  1071  97  1071  94  1171  93  1171  94  1271  94  1371
  94  1371  93  1471  92  1471  93  1471  93  1471  92  1471  90  1471  84  1471
  75  1371  68  1271  67  1171  76  1071  91  1071 105  1071 114  1071 116  1051
 110  1071  96   971  80  1171  65  1171  58  1171  56  1271  54  1271  53  1371
  50  1471  48  1571  46  1571  42  1671  38  1671  33  1671  27  1671  24  1671
  24  1571  29  1571  39  1471  54  1471  71  1371  85  1371  94  1471  96  1351
  92  1411  82  1351  71  1351  60  1311  54  1351  51  1451  49  1411  47  1551
  45  1551  43  1611  41  1651  39  1751  38  1711  38  1751  37  1851  37  1811
  36  1751  38  1551  43  1411  54  1451  68  1351  80  1311  87  1451
255  70   001  76   001  88   001 114   001 114   001 122   001 121   471
 118   671 114   871 106   871  98   971  91  1171  84  1171  82  1371  83  1371
  86  1371  89  1371  91  1471  91  1571  91  1671  92  1571  92  1571  92  1471
  90  1571  88  1571  87  1571  88  1671  89  1871  94  1971 100  1771 104  1671
 103  1371  92  1371  77  1271  62  1271  50  1271  42  1371  36  1471  32  1571
  29  1471  27  1571  25  1671  25  1671  26  1771  27  1771  28  1871  28  1871
  28  1971  28  2071  31  2171  37  2071  46  1971  55  1971  61  1871  65  1771
  64  1671  59  1571  52  1471  43  1371  35  1371  29  1471  23  1471  19  1571
  17  1671  14  1771  12  1871  10  1971   9  2071   9  2071   9  2171   9  2171
  10  2051  14  2051  21  1911  32  1951  45  2051  58  2011  67  1951
260  50   001  71   001  86   001 104   001 119   001 119   001 126   471
 123   771 110  1071  92  1371  78  1571  71  1671  70  1871  73  1971  76  2071
  79  2171  80  2271  81  2271  80  2271  81  2271  84  2171  87  2171  91  2071
  94  1871  97  1871  99  1671  99  1871 100  1971 101  2171 104  1971 105  1771
 100  1571  88  1771  70  1771  54  1971  44  2071  37  2171  32  2371  26  2371
  20  2371  17  2471  15  2471  15  2471  17  2471  20  2371  25  2271  30  2171
  35  2271  41  2271  46  2371  50  2471  55  2271  59  2271  64  2171  65  1971
  61  1871  50  1971  35  1971  20  2171   8  2171   1  2171  -4  2171  -7  2271
  -9  2471 -10  2571  -9  2571  -8  2571  -7  2571  -5  2571  -3  2471   1  2471
   6  2351  13  2151  22  2011  34  2151  47  2151  60  2211  70  2051
280  35   001  38   001  63   001  76   001 102   001  96   001  98   671
  95  1271  88  1471  79  1271  70  1071  61  1271  54  1471  53  1571  54  1671
  55  1571  56  1671  57  1671  60  1671  62  1671  66  1571  70  1571  72  1471
  73  1671  73  1671  72  1871  72  2171  73  2571  74  2871  75  2871  75  2771
  72  2771  67  2371  61  1971  54  1571  48  1671  43  1771  39  1871  38  1871
  37  1971  35  2071  33  2071  29  1971  25  1971  20  1871  17  1871  15  1771
  15  1871  19  1971  24  2071  31  2171  39  2371  44  2571  45  2571  45  2571
  41  2671  35  2271  28  1971  21  1571  15  1671   9  1871   4  1971   0  2171
  -4  2271  -6  2371  -7  2371  -7  2371  -7  2371  -8  2371 -10  2271 -11  2271
 -10  2351  -7  2351  -2  2411   6  2651  15  2851  25  3011  35  3051
299  13   001  18   001  29   001  47   001  64   001  60   001  63   371
  61   671  52  1571  41  1771  31  1771  26  1771  24  1771  25  1871  24  1771
  25  1671  23  1571  23  1571  24  1571  27  1571  32  1571  39  1671  46  1671
  54  1771  60  1771  65  1771  68  1771  68  1671  70  1771  73  1771  76  1671
  76  1771  71  1771  65  1771  56  1771  50  1871  43  1971  38  2071  35  1871
  32  1871  30  1671  27  1671  25  1671  24  1671  24  1771  25  1771  26  1871
  25  1871  26  1871  31  1871  41  1671  53  1671  63  1571  66  1571  63  1671
  56  1671  48  1771  37  1771  28  1771  20  1971  14  1971  10  2071   5  1971
   0  1971  -4  1871  -7  1871  -9  1971 -11  1971 -13  1971 -15  1971 -14  1971
 -10  1851  -3  1851   7  1711  20  1751  34  1751  45  1711  52  1751
434  65   001  72   001  82   001  92   001 109   001 105   001 109   471
 110   871 107   971 102  1071  96  1071  92  1171  89  1271  88  1371  87  1271
  87  1271  87  1271  87  1271  86  1271  86  1271  87  1271  89  1271  90  1271
  90  1371  90  1371  91  1371  92  1371  94  1271  94  1271  94  1371  91  1371
  89  1371  85  1271  80  1271  76  1171  70  1271  64  1271  61  1171  58  1171
  55  1271  54  1271  52  1271  49  1271  47  1271  46  1271  46  1371  46  1371
  46  1471  47  1571  51  1671  60  1771  71  1771  79  1671  82  1771  82  1771
  78  1771  71  1671  64  1571  56  1571  50  1571  44  1471  40  1471  37  1471
  35  1371  33  1371  32  1371  30  1371  28  1371  26  1471  24  1471  23  1571
  24  1571  27  1651  34  1611  46  1651  59  1651  71  1611  78  1751
460  76   001  84   001 110   001 126   001 139   001 143   001 142   371
 131   871 117  1071 102  1171  90  1571  82  1671  83  1571  86  1471  89  1571
  91  1771  93  1871  95  1871  98  1771 101  1771 102  1771 103  1871 104  1871
 104  1851 104  1751 103  1711 102  1651 101  1551 100  1411  99  1551  96  1571
  92  1571  85  1671  78  1671  71  1771  65  1671  62  1771  58  1671  55  1771
  52  1871  49  1971  47  1971  46  1971  47  1971  52  2071  57  2071  61  2171
  61  2071  60  2071  60  1971  63  1871  68  1671  72  1471  74  1471  72  1371
  65  1371  53  1571  40  1671  27  1871  19  1771  15  1671  14  1571  14  1771
  13  1771  11  1871   7  1871   2  1971  -1  1971  -2  1971   0  2071   3  2071
   7  2051  14  2051  27  2011  46  1851  68  1751  86  1511  96  1551
481  86   001  93   001  96   001 101   001 114   001 123   001 116   571
 109  1271 102  1371  94  1571  85  1571  79  1871  78  2171  78  2171  80  2071
  83  1871  86  1871  87  1971  88  1971  88  2071  87  2071  88  2071  88  2071
  88  2171  87  2271  86  2371  86  2571  84  2871  84  3071  82  2971  82  2851
  80  2711  78  2551  75  2251  72  2111  69  2351  65  2451  61  2411  56  2251
  51  2251  47  2011  45  2151  43  2251  42  2311  40  2451  39  2451  37  2511
  36  2471  35  2571  37  2471  40  2671  44  2871  48  3071  52  2871  54  2871
  54  2771  50  2771  44  2471  38  2271  33  2271  29  2371  24  2471  17  2371
  11  2471   6  2371   3  2471   4  2571   5  2671   5  2671   5  2671   6  2671
   9  2651  13  2751  19  2711  25  2951  33  3151  42  3311  53  3251
497   9   001  14   001  48   001  70   001  66   001  95   001  85   671
  73   971  60   971  48  1271  36  1471  26  1771  17  1771  16  1771  14  1771
  13  1871  13  1871  13  1871  13  1771  13  1771  14  1771  18  1671  20  1671
  19  1871  18  1971  20  2071  29  2171  39  2271  45  2271  43  2171  35  1971
  28  1671  24  1771  23  1871  23  1971  23  1971  22  1971  21  1971  20  1971
  19  2071  19  1971  18  1971  17  1971  17  1971  18  1971  17  1871  13  1871
   4  2071  -4  2071  -4  2171   9  2071  27  2171  42  1971  45  1871  40  1771
  30  1671  21  1771  13  1871   9  2071   6  2071   6  1971   4  1971   0  1971
  -5  2071  -9  2071 -10  2071 -11  2071 -10  2071  -9  1971 -10  1971 -12  1871
 -14  1971 -13  2051  -3  2111  19  2051  44  1851  61  1711  63  1651
510  64   001  71   001  85   001 128   001 146   001 144   001 145   871
 139  1171 129  1371 117  1371 107  1271 102  1371 103  1371 105  1471 107  1471
 107  1471 107  1471 109  1471 109  1471 110  1471 111  1471 112  1471 112  1471
 112  1371 111  1371 110  1271 110  1471 109  1571 111  1771 113  1771 114  1671
 112  1671 106  1571  97  1471  90  1371  83  1471  79  1571  77  1671  77  1671
  77  1671  78  1671  77  1671  73  1571  67  1571  58  1571  50  1671  45  1671
  47  1771  56  1871  68  1871  81  1971  96  1971 106  1971 113  1971 113  1971
 107  1971  94  1771  77  1671  61  1471  52  1571  46  1571  43  1571  39  1671
  35  1771  31  1771  27  1771  24  1671  21  1671  19  1671  17  1771  17  1771
  19  1751  24  1651  33  1611  48  1751  64  1851  80  1911  91  2051
579  41   001  57   001  82   001  90   001  97   001  95   001 107   271
 112   571 108   971  99  1171  91  1171  87  1471  85  1871  83  2071  82  2071
  81  2171  80  2171  78  2271  77  2371  76  2471  76  2671  78  2771  82  2971
  88  2671  94  2271 101  1871 107  1671 113  1571 118  1371 122  1271 124  1271
 123  1071 117  1271 107  1571 100  1771  94  1871  89  2071  85  2071  82  2071
  79  2171  76  2171  73  2271  71  2371  70  2471  69  2571  69  2671  68  2771
  67  2571  66  2471  70  2271  79  2071  90  1771 100  1571 104  1571 103  1551
  99  1511  92  1551  84  1651  76  1611  70  1851  67  2051  64  2111  62  2251
  60  2251  58  2311  56  2451  54  2551  52  2611  50  2751  48  2751  48  2811
  51  2651  58  2351  68  2111  82  1951  98  1751 111  1511 119  1551
588  23   001  48   001  83   001  99   001 110   001 127   001 119   471
 105   871  86  1371  65  1771  48  1971  37  1971  34  2071  39  2071  42  2071
  44  2171  45  2171  46  1971  46  1871  46  1671  45  1671  45  1671  47  1671
  52  1871  57  1871  63  1971  65  1871  67  1671  72  1571  81  1571  91  1671
  96  1571  91  1771  80  1871  71  2071  68  2071  70  1971  74  1971  75  1971
  75  1971  74  1971  74  1871  72  1871  71  1771  70  1771  69  1771  66  1771
  61  1971  56  2171  52  2371  53  2171  56  1871  61  1671  68  1671  73  1771
  75  1771  72  1871  67  2071  60  2171  55  2271  50  2271  47  2371  44  2371
  42  2371  41  2371  42  2271  42  2271  41  2171  37  2171  33  2271  29  2211
  29  2351  33  2351  43  2411  59  2351  79  2151  97  2011 111  2051
621  68   001 107   001 126   001 131   001 134   001 142   001 135   371
 121   471 103   871  83  1071  66  1471  56  1571  53  1671  55  1671  56  1771
  58  1871  61  1971  66  1871  71  1671  75  1571  78  1471  80  1371  83  1271
  87  1271  94  1171 100  1271 107  1371 112  1571 114  1671 111  1571 104  1371
  95  1271  83  1371  73  1571  66  1771  64  1771  65  1771  66  1871  65  1871
  63  1971  61  1971  61  1871  60  1871  60  1771  59  1571  58  1471  57  1271
  57  1271  58  1171  64  1171  76  1471  89  1671  99  1871 103  1771  99  1671
  86  1671  65  1671  40  1771  20  1771  12  1771  10  1771  11  1871  10  1971
   6  2071   2  2171  -2  2071  -6  1971  -9  1871 -12  1771 -12  1571  -9  1471
   0  1451  14  1351  33  1311  56  1551  80  1851  99  2011 111  1951
630  68   001  61   001  67   001 104   001 137   001 146   001 138   571
 134   871 126   771 115  1071 104  1371  96  1471  95  1571  95  1671  97  1571
  98  1371 100  1271 103  1371 104  1371 105  1471 105  1471 104  1571 103  1571
 102  1671 102  1671 102  1671 103  1771 104  1871 105  1871 104  1771 103  1571
 101  1471 100  1471  97  1571  95  1571  91  1571  88  1671  85  1671  83  1571
  81  1571  80  1471  80  1471  80  1571  79  1571  78  1571  78  1671  77  1671
  76  1871  76  2071  77  2171  78  2271  82  1971  86  1971  91  1871  94  1671
  93  1571  86  1671  74  1671  63  1671  55  1771  48  1871  43  1971  36  1971
  31  1871  25  1871  20  1871  16  1871  13  1871  11  1871  10  1971  10  1971
  12  2051  17  2151  27  2211  43  2251  62  2351  79  2311  90  2151
643  97   001  98   001 102   001 111   001 115   001 117   001 126   371
 129   671 127   971 122  1171 118  1171 116  1271 115  1371 115  1371 115  1471
 114  1471 115  1571 114  1571 115  1571 116  1571 119  1571 123  1471 126  1471
 126  1371 125  1271 123  1171 123  1171 124  1171 124  1171 123  1171 121  1271
 117  1271 113  1371 107  1371 102  1471 100  1471  98  1471  96  1471  94  1571
  92  1671  91  1771  89  1771  87  1871  87  1871  88  1771  89  1771  90  1671
  89  1571  89  1571  92  1471 101  1471 112  1371 123  1371 131  1371 133  1571
 129  1671 118  1571 105  1471  92  1371  83  1471  78  1571  74  1671  71  1771
  68  1871  66  1871  65  1871  65  1771  65  1771  66  1671  69  1671  72  1511
  76  1551  82  1451  89  1411  97  1451 106  1451 115  1411 122  1551
645  96   001  98   001 106   001 111   001 109   001 101   001 104   471
 106   771 107  1071 106  1271 105  1271 104  1471 103  1471 103  1471 101  1471
  98  1471  96  1471  98  1571 101  1771 104  1871 105  1871 105  1771 105  1771
 107  1671 112  1471 117  1271 121  1371 125  1371 129  1471 132  1471 133  1271
 130  1271 122  1371 113  1471 104  1571 100  1671  97  1571  95  1471  91  1471
  87  1571  82  1571  81  1671  80  1671  81  1771  82  1771  83  1671  82  1671
  80  1571  79  1571  84  1471  94  1471 107  1571 118  1571 123  1471 122  1571
 116  1571 105  1571  93  1471  83  1471  78  1471  77  1371  76  1471  74  1471
  72  1571  70  1571  70  1671  70  1871  70  1971  69  1971  69  1971  70  1911
  73  1751  79  1551  87  1311  97  1451 108  1551 117  1611 122  1651
650 104   001 111   001 126   001 146   001 141   001 134   001 136   571
 134   771 130   971 125  1171 120  1371 117  1671 115  1971 112  2171 108  2271
 103  2271  98  2371  98  2271 101  2271 105  2171 108  2171 112  2071 116  2071
 119  1871 121  1571 123  1371 124  1371 126  1371 128  1371 131  1271 133  1171
 133  1071 129  1271 122  1371 117  1571 115  1871 114  2071 113  2271 111  2371
 107  2471 102  2571  97  2471  93  2471  91  2371  92  2371  94  2271  94  2271
  92  1971  88  1771  87  1571  89  1471  94  1471 101  1371 108  1271 113  1251
 114  1011 109  1151 101  1251  94  1311  90  1551  89  1851  87  2111  84  2251
  80  2551  77  2611  76  2551  76  2551  76  2411  76  2451  77  2451  79  2411
  84  2251  92  1951 101  1711 111  1651 121  1551 129  1411 135  1351
675  38   001  49   001  60   001  77   001  87   001  98   001 114   271
 116   571 104   971  87  1371  74  1671  69  1871  70  2171  72  2371  73  2371
  69  2471  66  2471  65  2571  65  2771  68  2871  72  2971  77  2971  82  3071
  86  2771  88  2671  90  2371  90  2271  91  2071  95  1971 104  1871 111  1771
 115  1771 110  1771 101  1771  93  1771  91  1971  93  2171  95  2371  97  2471
  96  2471  94  2571  90  2671  86  2771  86  2871  89  2971  93  2971  93  3071
  87  2871  78  2771  74  2571  78  2371  87  2071  98  1871 106  1971 112  2071
 113  2171 108  2071 100  2071  92  1971  85  2171  80  2271  76  2471  71  2471
  67  2571  62  2571  59  2671  56  2871  55  2971  56  3171  58  3371  60  3511
  61  3351  64  3151  73  2911  91  2651 112  2251 131  1911 141  2051
690  72   001  85   001  97   001 115   001 133   001 139   001 135   271
 127   671 116  1071 105  1471  95  1871  88  1671  84  1471  84  1171  83  1271
  81  1471  78  1571  75  1571  74  1471  74  1471  77  1571  81  1671  86  1771
  90  1971  94  2071 100  2171 107  2171 114  2071 120  1871 123  1771 124  1771
 121  1671 113  1871 103  2071  97  2271  97  1971 100  1571 101  1171  99  1271
  95  1471  89  1571  88  1571  89  1471  91  1471  93  1571  93  1671  91  1771
  87  1871  85  1971  89  2071  99  1971 114  2071 126  2071 133  1971 134  1771
 130  1771 123  1871 115  1971 110  2271 106  1971 105  1671 103  1371 101  1471
  98  1571  95  1671  93  1671  92  1671  91  1671  90  1671  89  1771  89  1771
  91  1851  96  2051 105  2111 119  2151 135  2051 148  2011 154  1951
747  49   001  78   001 119   001 127   001 137   001 140   001 142   471
 139   671 132   871 122  1371 111  1771 102  1771  94  1871  90  1771  86  1771
  84  1871  84  1871  85  1971  86  1971  87  2071  87  2071  86  1971  86  1971
  88  2071  92  1971  98  1971 107  1871 116  1871 122  1771 124  1571 123  1471
 118  1371 111  1571 104  1671  99  1871  94  1871  92  1971  92  1871  94  1871
  97  1771  99  1771 100  1971  99  2071  99  2271 100  2271 101  2171 101  2171
 100  2271  99  2171  99  2171 102  2071 105  2071 110  1971 113  1971 113  1851
 110  1711 102  1851  92  1851  83  1911  77  2051  74  2251  72  2211  71  2251
  71  2151  71  2111  72  2251  73  2251  73  2311  71  2251  69  2251  68  2111
  70  2151  75  2051  83  2011  93  1951 104  1951 113  1811 120  1851
NT  TEDF  78  35 1
20131218132013121808
20131218132013121809
20131218132013121810
20131218132013121811
20131218132013121812
20131218132013121813
20131218132013121814
20131218132013121815
20131218132013121816
20131218132013121817
20131218132013121818
20131218132013121819
20131218132013121820
20131218132013121821
20131218132013121822
20131218132013121823
20131218132013121900
20131218132013121901
20131218132013121902
20131218132013121903
20131218132013121904
20131218132013121905
20131218132013121906
20131218132013121907
20131218132013121908
20131218132013121909
20131218132013121910
20131218132013121911
20131218132013121912
20131218132013121913
20131218132013121914
20131218132013121915
20131218132013121916
20131218132013121917
20131218132013121918
20131218132013121919
20131218132013121920
20131218132013121921
20131218132013121922
20131218132013121923
20131218132013122000
20131218132013122001
20131218132013122002
20131218132013122003
20131218132013122004
20131218132013122005
20131218132013122006
20131218132013122007
20131218132013122008
20131218132013122009
20131218132013122010
20131218132013122011
20131218132013122012
20131218132013122013
20131218132013122014
20131218132013122015
20131218132013122016
20131218132013122017
20131218132013122018
20131218132013122019
20131218132013122020
20131218132013122021
20131218132013122022
20131218132013122023
20131218132013122100
20131218132013122101
20131218132013122102
20131218132013122103
20131218132013122104
20131218132013122105
20131218132013122106
20131218132013122107
20131218132013122108
20131218132013122109
20131218132013122110
20131218132013122111
20131218132013122112
20131218132013122113
002700170011001100160011001217132713271427152716371635173117351735173117351
73516311535133512311135123512311335143515311535153514311435143513311335123513311
43515351631153514351331123512351331123512351231123512351331133514351431143514351
53115351535153115351535153116351635163116351635173117351735173117351735173117351
005700170013001100100010001117122713271527162716271735173117351735173117351
73516311535143513311235133513311435153515311535143513311335133512311235113512311
33514351531163516351631143513351231123512351331133514351431143514351431143514351
43115351535153115351535153116351635163116351635163116351635163116351735173117351
015600170017001600150011001117112712271327142715271635173117351735173117351
73516311635173516311535143513311335133514311435153515311435133512311235123512311
33514351531163517351631163514351331123513351331143514351531153514351431143514351
43115351535153116351635163116351735173116351635153116351635173117351735173117351
027600100014001700160017001727172717271727172717271735173117351735163116351
53514311335123512311235113512311335143514311435143513311235123512311335143515311
53515351431133512351231123512351231123512351231133514351431153515351531143514351
43115351535153115351535163116351635173117351735163116351635173117351735173117351
070700170018001800180017001717172717271627162716371535153116351735173117351
73517311735173517311735173517311635163515311435133513311235123512311235123512311
13512351231133513351431153516351731173517351731163515351431133513351331133514351
43114351435143115351535153115351535153115351535153115351635153114351335123111351
110400170018001800180018001817182718271827172716371435133112351335133113351
23512311335143514311335123512311235133514311535153515311435133512311135113511311
13511351131123512351231123512351231123513351331143514351431143514351431153516351
63117351735173117351635173117351735173116351635163116351735173117351735173117351
120600140016001500170018001817172717271727172718271735173116351435133112351
23512311235123512311235123512311335133513311435143514311535163516311535133511311
13512351231123512351231123512351231123513351231123512351231133514351431153515351
53116351635173117351635163116351635163116351735173117351735173117351735173117351
130800160017001300170017001717172717271727172717371735173117351735163114351
33512311135113512311235123512311235123512311335143515311535163516311535153514311
33512351131113511351131113511351231123512351231123512351331133514351431143515351
53115351535153115351635163116351635163116351635163116351735173117351735173117351
145600140016001700180018001727172716271627162716271635173117351735173117351
73517311735163516311535143513311335133513311335143513311335123512311135123512311
23512351231133515351531153514351331123512351231123512351231133513351431143513351
43114351435153115351535153115351535153115351535153115351635163116351535143114351
149600160017001700180018001717162716271527152715371635173117351735173117351
73517311735173516311535153514311335133513311435143514311335123512311135123512311
23512351331143515351631153514351331123512351331133513351331133513351431143514351
43114351535153115351535153115351535153115351535153115351635163116351535153114351
156600160016001700180018001827172717271627162716371635173117351735173117351
73517311735173516311535143514311335133513311435143514311335123512311135123512311
23512351331143515351631153514351331123512351231123512351331133513351431143514351
43114351535153115351535153115351535153115351535153115351535163116351535153114351
168600170018001700160014001417142713271327133713371335143115351635173117351
73517311735173517311735163516311635153515311535153515311535153515311535143514311
43514351431143514351431153516351731163516351631153515351531143513351331133513351
43114351435143114351535153115351435143114351435143115351535153114351335123113351
180800150017001800180018001817172717271627152713271235123113351435153116351
73517311735173517311735173517311735173517311735173517311735163516311535153516311
63516351631163516351631153515351531153516351731183517351731163515351431143513351
33113351335133114351435143114351335133113351335133114351435143114351435133113351
190700170017001600170017001617162717271637163715371335123112351335143114351
53516311635173517311735173517311735173517311735173517311735173517311735173517311
73517351731173517351731173516351631173517351731173517351631153515351431133512351
23112351235123112351235123112351235123112351235123112351235133112351235123112351
222700110011001100160016001717171717271727172717371735173117351835173116351
43512311235133513311335133513311335133513311235123512311335143515311535143513311
23512351131113511351131113511351131113511351131113512351231133513351431143514351
43114351535153115351535143115351535153116351635163116351635163116351635163116351
240600120015001600150017001617162716271627162716371635173117351735173117351
73517311635153514311335133514311435153515311435133513311235133513311335133514311
53516351631163515351331123512351231123511351231123512351231123513351331123512351
23112351235133113351435143114351435143114351535163116351635163115351435133112351
255600160015001300160016001627162715271527153715371535163116351735173117351
73517311735163516311635163516311635163516311535153514311535153515311435133512311
23513351431153516351631163516351631163516351631153514351331123512351231123512351
23112351235123112351335133113351335133113351335143114351535143113351235123112351
260700160017001500170017001617152715271427142714271535163117351735173117351
73517311735173517311735163516311635163516311735163516311635173517311735163516311
63515351531153516351731173517351731173516351631163515351531143513351231123512351
23112351235123112351335133113351435143114351435153116351635163115351335123112351
280600160017001600150018001717172716271527153714371335133114351435153116351
73517311735173517311735173517311735173517311735173517311735173517311735173517311
73517351731173516351631163516351631173517351731173517351631163515351431133513351
23112351335133113351435143114351435143114351435143115351635163116351535153115351
299600180018001700150016001617152715271527142713371235123112351235133114351
43515311535163517311735173517311735173517311735173517311735173517311735173517311
73517351731173517351731173517351731173517351731173516351631163515351531153514351
33112351235123112351235123112351235123111351235123113351335143114351435143114351
434600170015001600100015001527152715271527162716371635173117351735173117351
73517311735173517311735173517311735173517311735163516311535153515311635163517311
73517351731163516351531153514351431143514351431133512351131113511351231123511351
13111351135113111351135113112351235123112351235123112351235123112351235123112351
460500160015001400130016001517142714271327132713371435153116351635163116351
63516311635163517311735173517311735173517311735173517311735173517311735173517311
63516351531153514351431153516351731173517351731173517351731163514351331123512351
23112351235113111351135113112351235123112351235133113351435153115351535153115351
481400160015001600150015001427142713271227123712371335143114351335133114351
53517311735173517311735173517311735173517311735173517311735173517311735173517311
73517351731173517351731173517351731173517351731173517351731173517351631163515351
53115351635163116351635163116351635163116351635163116351635163116351535153114351
497600140014001500140012001217132714271527142714271235113111351235133114351
43514311535163517311735173517311735173517311735173517311735173517311735173517311
73517351731173517351731173517351731173517351731173517351731173517351731173516351
53115351435143113351335133112351335133113351435143114351335133112351235123112351
510300170015001000110011001217122713271537163716371735173117351735173117351
73517311735173517311735173517311735173517311735173517311735173516311635153515311
53516351631153513351131113511351131123512351331133512351231123512351231123512351
13111351135113111351135113112351235123112351235133113351435153114351335123111351
579600170016001700180018001817172717271727162716371535153115351435153115351
63517311735173517311735173517311735173517311735173517311735173517311735173517311
73517351731173517351731173517351731173517351731173517351731173517351731173517351
73117351735173117351735173117351735173117351635163116351735173117351735173117351
588700150013001300140010001017112711271227122712371235123112351335153116351
63517311735173517311735173517311735173517311735173517311735173517311735173517311
73517351731173517351731173517351731173517351731173517351731173517351731173517351
73117351735163116351635153114351435133114351435153116351635173117351735173117351
621100110010001000100010001117112712271227122713271535163117351735173117351
73517311735173517311735173517311735173517311735173517311735173517311735173517311
73517351731173517351731163516351531153515351531153515351431133512351231113511351
13111351135113111351135113111351135113111351135113111351135113111351235123112351
630400150015001300100010001017101711271227132714271435153115351535163116351
63517311735173517311735173517311735173517311735173517311735173517311735173517311
73517351731173517351731173517351731173516351631153514351331123512351231123512351
13111351135113111351135113111351135113111351235123112351235123113351335133113351
643700170017001700180017001617162716271527152715371535153115351635163116351
63516311635173517311735173517311735173517311735173517311735173517311735163516311
63517351731163516351531163516351731163516351531153516351631173517351731163516351
63117351735173117351735173117351735173116351535153116351635173117351735173117351
645700170017001700170018001817172716271627163716371635163116351635163116351
63517311735173517311735173517311735173517311735173517311735173517311735173517311
73517351731173517351731173517351731173517351631163516351631163517351731173517351
73117351735173117351735173117351735173117351635163116351735173117351735173117351
650600170016001700170017001717162715271527142713371335143114351535153116351
63516311735173517311735173517311735173517311735173517311735173517311735173517311
73517351731173517351731173517351731173517351731173517351731173517351731173517351
73117351735173117351635163116351635163116351635163116351635173117351735173117351
675400160016001600170016001527142714271327122712371235133114351435153115351
53516311635163517311735173517311735173517311735173517311735173517311735173517311
73517351731173517351731173517351731173517351731173517351731173517351731163516351
53115351535163116351635163116351635173117351635163116351635163116351635163116351
690500160014001600160015001527142713371337123712271235113112351235133114351
53516311735173517311735173517311735173517311735173517311735173517311735173517311
73517351731173517351731173517351731173517351731173517351731173517351731163516351
53115351635163116351635153115351535153115351535153115351635163116351635163115351
747000100010001000100010001127112712271237123713371335143115351535163116351
63516311735173517311735173517311735173517311735173517311735173517311735173517311
73517351731173517351731173517351731173517351731173516351631163515351431133512351
23112351335143114351535153116351635173117351735163117351735173117351635163116351
