20130117081602
T2M TEDF  78  35 1
20130117082013011703
20130117082013011704
20130117082013011705
20130117082013011706
20130117082013011707
20130117082013011708
20130117082013011709
20130117082013011710
20130117082013011711
20130117082013011712
20130117082013011713
20130117082013011714
20130117082013011715
20130117082013011716
20130117082013011717
20130117082013011718
20130117082013011719
20130117082013011720
20130117082013011721
20130117082013011722
20130117082013011723
20130117082013011800
20130117082013011801
20130117082013011802
20130117082013011803
20130117082013011804
20130117082013011805
20130117082013011806
20130117082013011807
20130117082013011808
20130117082013011809
20130117082013011810
20130117082013011811
20130117082013011812
20130117082013011813
20130117082013011814
20130117082013011815
20130117082013011816
20130117082013011817
20130117082013011818
20130117082013011819
20130117082013011820
20130117082013011821
20130117082013011822
20130117082013011823
20130117082013011900
20130117082013011901
20130117082013011902
20130117082013011903
20130117082013011904
20130117082013011905
20130117082013011906
20130117082013011907
20130117082013011908
20130117082013011909
20130117082013011910
20130117082013011911
20130117082013011912
20130117082013011913
20130117082013011914
20130117082013011915
20130117082013011916
20130117082013011917
20130117082013011918
20130117082013011919
20130117082013011920
20130117082013011921
20130117082013011922
20130117082013011923
20130117082013012000
20130117082013012001
20130117082013012002
20130117082013012003
20130117082013012004
20130117082013012005
20130117082013012006
20130117082013012007
20130117082013012008
002  -5   001  -8   001 -10   001 -11   001 -12   001  -9   001  -5   771
  -2   871   1   871   3   871   5   871   5   971   4   971   0   971  -6   971
 -10   971 -14   971 -14   971 -16   971 -20   971 -26  1071 -33  1071 -38  1071
 -42  1071 -45  1071 -46  1071 -45   971 -43   971 -40   971 -36   971 -32   971
 -29   971 -26   871 -24   871 -22   871 -22   971 -22   911 -21   951 -19  1051
 -17  1011 -14  1051 -11  1051  -9  1011  -8  1051  -8  1051  -8  1011  -8  1051
  -7  1051  -6  1011  -5  1051  -5  1151  -5  1111  -5  1151  -5  1151  -5  1111
  -4  1151  -2  1051   0  1011   2  1051   3  1051   3  1011   3  1051   1   951
   0   911  -2  1051  -3  1051  -6  1161  -8  1161  -9  1161 -10  1161 -11  1261
 -11  1461 -11  1561 -11  1551 -11  1451 -12  1421 -13  1451 -13  1351
005 -22   001 -24   001 -26   001 -28   001 -32   001 -30   001 -23   471
 -17   671 -12   771  -7   771  -2   771   4   971   5   971   0   871  -8   871
 -18   771 -24   871 -30   971 -33  1071 -36  1071 -38   971 -39   971 -42   971
 -44  1071 -46  1071 -47  1071 -47  1071 -45  1071 -43  1171 -39  1071 -37  1071
 -36  1071 -36  1071 -36  1071 -36  1171 -33  1171 -31  1271 -28  1171 -24  1071
 -21   971 -19  1071 -17  1071 -15  1171 -15  1071 -15  1071 -15   971 -15  1071
 -15  1171 -14  1271 -13  1271 -11  1171 -10  1171 -11  1271 -13  1351 -13  1411
 -10  1351  -6  1151  -2  1011   0  1151   0  1151  -1  1211  -2  1151  -3  1151
  -4  1011  -5  1051  -7  1151  -9  1161 -12  1161 -16  1261 -19  1261 -23  1361
 -26  1561 -29  1661 -32  1651 -32  1651 -32  1621 -32  1551 -32  1351
015-106   001-112   001-114   001-123   001-133   001-124   001-114   471
 -97   671 -76   771 -58   771 -44   771 -35   871 -35   971 -39   971 -44  1171
 -49  1071 -50  1071 -50   971 -51   971 -54   971 -60  1071 -63  1071 -67  1171
 -67  1171 -68  1271 -68  1271 -66  1371 -64  1371 -63  1371 -60  1371 -57  1371
 -50  1271 -42  1171 -37  1071 -35  1071 -36  1071 -36  1071 -35  1071 -32  1071
 -29  1071 -27  1071 -25  1171 -24  1171 -24  1171 -25  1171 -25  1171 -26  1271
 -26  1271 -26  1371 -25  1371 -25  1471 -25  1471 -27  1451 -28  1551 -26  1511
 -20  1451 -12  1451  -6  1211  -3  1251  -4  1251  -6  1211  -9  1251 -13  1151
 -16  1111 -19  1151 -21  1051 -24  1061 -28  1161 -31  1261 -35  1261 -38  1461
 -42  1561 -45  1761 -47  1751 -47  1851 -46  1821 -46  1751 -47  1651
027 -17   001 -12   001 -14   001 -18   001 -10   001  -9   001   0   571
  10   771  19   971  26   971  30   971  30  1071  28  1071  16  1171   2  1171
  -9  1271 -14  1171 -15  1071 -14   871 -14   971 -14   971 -17   971 -18  1071
 -19  1171 -21  1271 -23  1271 -24  1171 -26  1171 -25  1271 -22  1371 -20  1371
 -17  1471 -15  1571 -14  1671 -13  1571 -12  1551  -9  1411  -4  1451   2  1551
   8  1511  12  1451  15  1451  15  1211  14  1251  11  1151   8  1111   5  1251
   3  1251  -1  1311  -6  1351 -11  1251 -14  1211 -13  1251  -9  1451  -4  1411
   2  1551   8  1551  13  1611  17  1551  20  1651  20  1611  18  1551  15  1551
  13  1411  14  1451  16  1351  14  1361  11  1361   8  1261   5  1261   2  1361
  -1  1561  -4  1661  -7  1651 -10  1551 -12  1521 -11  1551  -8  1451
070 -49   001 -44   001 -45   001 -44   001 -47   001 -64   001 -58   471
 -52   771 -46   971 -40  1071 -36  1071 -34  1071 -33  1071 -41  1171 -51  1171
 -58  1271 -59  1271 -55  1271 -52  1271 -51  1171 -54  1171 -56  1071 -59  1171
 -59  1271 -59  1371 -58  1371 -54  1371 -51  1371 -47  1171 -43  1071 -38   871
 -33   971 -28  1071 -25  1171 -22  1271 -21  1271 -21  1271 -21  1271 -22  1471
 -21  1571 -18  1571 -14  1571 -11  1671 -10  1671 -11  1471 -12  1471 -12  1471
 -10  1571 -11  1571 -13  1571 -17  1571 -20  1571 -22  1451 -21  1351 -17  1311
 -10  1251  -1  1251   6  1211   9  1251  10  1251   8  1211   6  1251   3  1251
   1  1211   0  1251  -1  1251  -5  1361  -8  1361 -12  1461 -16  1461 -20  1561
 -24  1661 -28  1761 -31  1751 -34  1751 -36  1721 -35  1651 -33  1551
110   6   001   6   001   7   001   8   001  11   001  10   001  22   671
  33   871  41   971  47  1071  51   971  54   871  54   771  51   771  45   871
  44   871  46   871  48   771  47   771  42   771  33   871  26   871  24   871
  24   971  26   971  27  1071  30  1071  32  1171  37  1171  44  1071  54  1071
  65  1171  77  1271  84  1271  85  1171  80  1071  73   971  64   971  56   971
  50   971  47   971  44   971  42   971  38   971  34  1071  30  1071  28  1171
  25  1171  22  1271  16  1271  11  1371   9  1371  13  1371  21  1451  32  1411
  42  1451  51  1351  56  1211  57  1251  55  1251  50  1311  44  1251  39  1051
  34   911  31   951  28   951  25   961  22  1061  20  1161  19  1261  18  1261
  18  1361  18  1361  19  1351  17  1451  16  1421  19  1451  24  1551
120  -9   001 -14   001  -6   001  -5   001  -4   001  -1   001   8   471
  15   971  19  1171  23  1271  25  1271  25  1271  22  1171  16  1171  10  1071
   3  1071   2   971   2   971   3   871   3   971   2  1071  -1  1171  -2  1171
  -5  1271  -6  1271  -6  1271  -6  1371  -6  1371  -6  1271  -5  1271   0  1171
  11  1271  23  1371  33  1371  38  1271  39  1171  38  1071  39  1071  40  1171
  41  1171  39  1071  36  1171  35  1071  35  1071  36  1171  34  1171  31  1171
  26  1271  20  1271  15  1271  11  1271   8  1271   8  1271  10  1251  14  1211
  19  1351  25  1551  30  1611  33  1551  35  1451  36  1311  36  1251  34  1151
  31  1011  26  1051  21  1151  19  1161  17  1161  15  1261  13  1261  11  1361
  10  1361   9  1461   8  1451   6  1451   6  1421   7  1451  10  1551
130 -34   001 -40   001 -35   001 -38   001 -38   001 -40   001 -28   671
 -16   971  -4   971   6   971  13   971  17  1171  18  1171  11  1171   1  1171
  -6  1171  -7  1171  -5  1171  -3  1171  -2  1171  -4  1271  -4  1271  -7  1371
  -9  1371 -12  1471 -15  1471 -17  1471 -16  1471 -14  1571  -9  1571  -4  1571
   1  1471   6  1471  11  1371  16  1371  19  1471  22  1471  21  1471  21  1471
  20  1471  20  1471  19  1371  18  1371  14  1371   9  1371   5  1371   3  1471
   3  1571   1  1671  -2  1671  -7  1571 -12  1571 -15  1571 -14  1551 -10  1511
  -1  1451  10  1451  20  1311  26  1451  29  1651  28  1711  25  1751  21  1651
  18  1511  17  1551  19  1351  18  1361  16  1461  14  1461  11  1561   8  1561
   3  1661   0  1661  -4  1651  -5  1651  -6  1621  -6  1651  -4  1651
145 -58   001 -58   001 -63   001 -63   001 -64   001 -59   350 -49   671
 -39   871 -30   871 -23   871 -17   971 -13  1071 -15  1171 -22  1071 -32   971
 -42   871 -48   871 -51   971 -54   971 -57   971 -59  1071 -59  1071 -58  1071
 -55  1171 -51  1171 -48  1071 -46   971 -45   871 -44   971 -42  1071 -38  1171
 -32  1171 -27  1071 -22  1071 -17  1171 -15  1171 -13  1271 -11  1271 -10  1171
 -10  1271 -10  1271 -12  1171 -12  1171 -13  1171 -13  1071 -13  1071 -14  1071
 -15  1171 -17  1171 -18  1071 -19  1071 -20   971 -18   951 -16  1051 -12  1011
  -8  1051  -4  1051   0  1011   3  1151   5  1351   7  1411   8  1351   7  1251
   5  1111   1  1251  -3  1251  -5  1361  -8  1361 -11  1461 -14  1461 -16  1361
 -19  1361 -21  1261 -23  1251 -24  1251 -25  1221 -25  1251 -23  1351
149 -69   001 -71   001 -77   001 -58   001 -63   001 -70   001 -60   371
 -47   671 -37   771 -27   971 -19   871 -14   871 -15   871 -23   971 -34   971
 -45  1071 -51  1071 -55  1071 -55  1071 -56  1071 -57  1171 -58  1171 -58  1171
 -58  1171 -58  1171 -57  1071 -53   971 -50   871 -46   971 -42   971 -37  1071
 -32   971 -26   971 -22   971 -19   971 -16  1071 -13  1071 -11  1071  -7  1071
  -6  1071  -5  1171  -6  1271  -8  1271  -9  1271  -9  1271 -10  1271 -11  1271
 -12  1171 -13  1171 -14  1171 -14  1071 -15  1071 -16  1051 -15  1051 -12  1011
  -5  1051   3  1051  10  1011  14  1051  16   951  16   911  16  1051  15  1151
  13  1211  10  1251   8  1351   4  1361   1  1461  -2  1461  -6  1561 -10  1461
 -13  1461 -16  1361 -19  1351 -21  1351 -22  1321 -22  1351 -20  1251
156 -38   001 -38   001 -32   001 -37   001 -41   001 -42   001 -34   471
 -25   671 -17   771 -11   871  -6   871  -3   971  -4   971 -10   971 -18   971
 -27   971 -30   971 -31   971 -32   971 -34  1071 -36  1071 -39  1171 -39  1171
 -38  1071 -36  1071 -34   971 -34   971 -34   871 -33   971 -32   971 -30  1071
 -27  1071 -24  1071 -20  1071 -17  1071 -13  1071 -10  1071  -7  1071  -3  1071
  -1  1171   2  1171   5  1271   6  1271   6  1271   4  1171   3  1171   1  1171
   0  1171  -1  1171  -2  1171  -4  1071  -5  1071  -6  1051  -5  1151  -3  1111
   2  1151   8  1051  13  1011  16  1051  18  1051  19  1011  19  1051  19   951
  18   911  16  1051  14  1051  11  1161   9  1161   6  1261   2  1261  -1  1261
  -4  1261  -7  1261  -9  1251 -11  1151 -12  1121 -13  1151 -13  1151
168 -43   001 -41   001 -38   001 -36   001 -34   001 -34   001 -30   471
 -27   771 -25   871 -24  1071 -23   971 -23  1171 -25  1171 -32  1171 -42  1071
 -49  1071 -52  1071 -51  1071 -50  1071 -50  1071 -51  1171 -52  1171 -51  1271
 -51  1271 -52  1371 -54  1371 -56  1271 -57  1271 -57  1171 -54  1171 -47  1071
 -36  1171 -25  1271 -16  1371 -12  1371 -11  1371 -13  1371 -15  1371 -16  1371
 -15  1371 -13  1371 -10  1471  -7  1371  -5  1271  -4  1271  -3  1171  -3  1271
  -2  1371  -2  1471  -2  1471  -2  1371  -4  1371  -7  1351  -9  1251  -6  1211
   3  1251  15  1351  25  1311  29  1351  28  1351  25  1311  22  1251  19  1151
  17  1011  15  1151  13  1151  11  1261  10  1261   8  1261   6  1261   2  1361
  -1  1561  -5  1661  -9  1651 -12  1551 -14  1521 -17  1451 -19  1451
180 -41   001 -42   001 -37   001 -37   001 -36   001 -35   001 -37   671
 -38   971 -37  1171 -34  1371 -32  1371 -32  1371 -35  1471 -41  1371 -48  1271
 -50  1171 -50  1271 -45  1471 -40  1571 -35  1471 -33  1371 -32  1371 -34  1371
 -35  1371 -38  1371 -42  1371 -44  1471 -46  1471 -45  1571 -42  1671 -36  1871
 -31  1771 -25  1671 -19  1771 -15  1571 -13  1551 -14  1411 -17  1351 -22  1351
 -26  1211 -29  1451 -29  1651 -28  1811 -25  1751 -20  1751 -17  1711 -15  1751
 -15  1651 -15  1611 -15  1551 -16  1451 -18  1311 -21  1451 -24  1451 -23  1511
 -16  1451  -7  1351   3  1311   9  1351  12  1451  12  1411   9  1351   4  1351
  -1  1211  -5  1351  -7  1551  -8  1761  -9  1861 -11  1761 -12  1761 -14  1761
 -15  1661 -16  1661 -17  1651 -19  1551 -20  1521 -21  1551 -21  1651
190 -24   001 -23   001 -23   001 -24   001 -23   001 -21   001 -21   571
 -20   971 -19  1071 -17  1171 -16  1071 -16  1071 -18  1071 -21  1171 -24  1171
 -28  1171 -30  1171 -31  1171 -30  1171 -28  1071 -25  1171 -25  1171 -26  1171
 -29  1071 -32  1071 -33  1071 -33  1171 -33  1171 -35  1271 -36  1171 -35  1171
 -31  1371 -25  1571 -19  1571 -15  1471 -14  1371 -16  1271 -20  1271 -25  1471
 -29  1571 -31  1571 -30  1471 -28  1471 -27  1571 -26  1571 -25  1671 -23  1571
 -21  1571 -20  1471 -20  1471 -21  1471 -22  1471 -24  1451 -25  1351 -23  1311
 -17  1351 -10  1351  -4  1411  -1  1451  -1  1351  -3  1311  -5  1351  -6  1251
  -7  1211  -7  1351  -6  1451  -6  1561  -7  1661  -7  1761  -8  1861  -9  1761
 -10  1761 -11  1661 -11  1651 -12  1651 -14  1621 -17  1651 -19  1651
222 -15   001 -25   001 -29   001 -20   001 -34   001 -29   001 -17   671
  -6   971   4  1271  13  1371  20  1171  25  1171  23  1171  15  1171   8  1171
   3  1171   3  1171   6  1171   9  1171   9  1171   8  1171   5  1171   3  1271
   0  1271  -2  1371  -5  1371  -7  1471  -6  1471  -3  1471   2  1471  10  1471
  19  1571  28  1871  36  1971  42  1871  45  1671  44  1571  39  1371  32  1271
  27  1271  24  1371  23  1371  22  1471  20  1471  17  1371  14  1371  11  1371
   9  1471   8  1471   7  1571   5  1571   4  1671   1  1551   0  1551   2  1511
   8  1551  17  1751  25  1711  30  1651  32  1451  31  1411  27  1451  22  1551
  18  1511  17  1551  19  1451  18  1461  17  1461  15  1361  13  1361  11  1461
   8  1561   6  1661   4  1751   1  1751   0  1821   0  1851   3  1851
240 -29   001 -38   001 -38   001 -40   001 -40   001 -38   001 -28   371
 -17   671  -8   671  -1   771   4   771   7  1071   5  1071  -3  1071 -14  1171
 -23  1171 -29  1071 -30  1071 -31   971 -30  1071 -30  1071 -29  1171 -26  1171
 -24  1171 -22  1171 -22  1171 -21  1071 -20  1071 -18  1071 -16  1271 -12  1271
  -9  1171  -5  1171  -3  1171  -1  1171   3  1271   6  1271  10  1171  13  1171
  15  1171  15  1171  14  1071  12  1071  10  1171   8  1171   6  1271   4  1271
   1  1271   0  1271   0  1271   1  1271  -1  1271  -5  1271  -9  1451  -8  1411
   0  1351  11  1251  21  1111  26  1251  27  1151  26  1211  25  1251  23  1251
  21  1311  18  1451  15  1451  13  1561  12  1661  10  1561   9  1661   7  1561
   4  1461   1  1361  -2  1351  -4  1351  -6  1321  -7  1351  -6  1451
255 -64   001 -67   001 -70   001 -66   001 -63   001 -59   001 -48   671
 -37   971 -27   971 -18   871 -10   871  -5  1171  -5  1271 -11  1171 -22  1171
 -31  1071 -38  1171 -43  1271 -45  1471 -47  1471 -48  1371 -47  1371 -45  1371
 -42  1371 -40  1371 -38  1371 -37  1371 -36  1371 -33  1471 -28  1471 -22  1471
 -14  1371  -8  1271  -2  1171   1  1171   3  1371   5  1271   8  1271  10  1271
  13  1271  13  1371  14  1471  13  1671  12  1671  12  1571  12  1571  12  1571
  13  1471  13  1471  11  1471   8  1471   4  1471   1  1551   1  1651   5  1611
  14  1551  26  1451  36  1311  42  1451  44  1351  42  1411  37  1351  30  1351
  25  1211  23  1351  23  1551  22  1661  20  1761  18  1761  16  1861  13  1861
  10  1761   7  1761   3  1751   0  1851  -4  1821  -7  1851  -7  1751
260 -33   001 -32   001 -34   001 -34   001 -36   001 -39   001 -30   371
 -22   671 -18   871 -15  1171 -13  1071 -12  1171 -15  1171 -25  1171 -40  1271
 -52  1271 -57  1371 -56  1371 -55  1371 -56  1571 -60  1771 -62  1971 -63  1871
 -62  1671 -63  1571 -65  1471 -66  1471 -64  1371 -58  1271 -49  1271 -38  1271
 -27  1271 -19  1471 -12  1571  -8  1471  -7  1371  -5  1371  -1  1371   5  1371
  11  1271  15  1471  18  1671  19  1771  19  1871  18  1871  18  1971  18  1971
  19  1971  19  1971  18  1871  16  1671  14  1571  12  1551  11  1551  13  1511
  20  1651  29  1551  38  1511  44  1551  46  1651  43  1611  36  1551  29  1551
  24  1411  25  1651  29  1751  28  1861  26  1961  23  2061  20  2161  15  2161
  10  2061   5  2061   1  2051  -1  2051  -3  2021  -4  1851  -4  1751
280 -61   001 -59   001 -59   001 -53   001 -46   001 -41   001 -41   471
 -38   771 -33   971 -27   971 -24   871 -23   971 -27   871 -33   971 -45   971
 -53  1071 -59  1171 -61  1271 -63  1371 -63  1471 -65  1371 -64  1471 -62  1571
 -57  1571 -56  1671 -57  1671 -59  1571 -61  1571 -60  1571 -58  1571 -51  1471
 -43  1371 -34  1371 -25  1271 -17  1171 -11  1171 -10  1071 -12  1171 -15  1071
 -16  1271 -15  1371 -11  1571  -9  1671  -8  1571  -8  1671  -8  1671  -6  1671
  -3  1671  -1  1671  -1  1671  -2  1571  -4  1571  -7  1571  -9  1351  -7  1311
  -1  1351   8  1151  17  1111  24  1151  27  1151  29  1111  29  1251  27  1351
  26  1311  26  1451  26  1551  24  1761  22  1761  18  1661  15  1661  11  1661
   7  1561   3  1561  -1  1651  -3  1751  -4  1821  -6  1751  -8  1651
299 -41   001 -45   001 -42   001 -42   001 -40   001 -40   001 -38  1171
 -35  1471 -31  1471 -28  1471 -24  1471 -23  1371 -24  1371 -26  1571 -29  1571
 -32  1571 -33  1471 -32  1471 -33  1471 -33  1571 -34  1671 -36  1771 -40  1871
 -43  1971 -45  2071 -46  1971 -46  1971 -46  1871 -45  1871 -43  1871 -41  1771
 -38  1671 -34  1671 -29  1671 -24  1671 -21  1671 -19  1771 -20  1771 -24  1671
 -27  1671 -30  1771 -31  1871 -30  1971 -29  1871 -28  1871 -27  1771 -24  1871
 -22  2071 -18  2171 -13  2071  -8  2071  -7  1971 -10  1851 -14  1851 -14  1711
  -8  1551   1  1551   8  1411  11  1551   9  1551   7  1611   5  1651   5  1551
   5  1511   6  1651   8  1751   7  1861   6  1861   5  2061   3  2061   2  2061
   0  2161  -1  2161  -3  2051  -3  2051  -4  1921  -7  1951 -11  1951
434 -59   001 -57   001 -63   001 -69   001 -74   001 -73   001 -65   371
 -56   671 -45   671 -36   871 -29  1071 -25  1371 -26  1671 -30  1471 -37  1171
 -42   971 -45   971 -45  1071 -45  1071 -45  1071 -46  1071 -45  1071 -43  1071
 -40  1171 -38  1171 -38  1171 -39  1171 -38  1171 -34  1071 -27  1171 -20  1071
 -14   971  -8  1071  -1  1071   6  1571  14  1771  20  2271  24  1971  26  1471
  28  1171  29  1271  31  1371  30  1271  29  1271  27  1271  24  1271  23  1271
  23  1271  23  1271  22  1271  21  1271  20  1271  19  1351  20  1251  22  1211
  27  1451  34  1651  42  1611  49  1851  54  2051  55  2011  51  1751  45  1651
  39  1411  35  1451  34  1451  30  1461  27  1461  23  1461  20  1461  15  1561
  11  1661   7  1761   4  1751   2  1751  -1  1721  -4  1651  -7  1451
460 -44   001 -43   001 -43   001 -42   001 -41   001 -42   001 -34   471
 -32   871 -32  1171 -31  1371 -29  1471 -25  1771 -24  1971 -30  1771 -40  1571
 -48  1471 -53  1571 -54  1571 -54  1571 -53  1671 -54  1671 -54  1771 -54  1771
 -55  1671 -55  1671 -56  1471 -55  1371 -53  1171 -47  1271 -38  1271 -26  1371
 -13  1571   0  1671   9  1871  13  2171  13  2271  15  2371  21  2171  30  1971
  37  1771  41  1671  41  1771  39  1671  36  1771  33  1771  31  1871  30  1871
  29  1771  29  1771  29  1771  27  1671  24  1671  20  1651  17  1751  18  1711
  25  1951  36  2151  47  2211  55  2251  59  2151  59  2111  56  2051  51  1951
  47  1811  46  1851  46  1751  42  1761  37  1861  32  1861  26  1861  20  1961
  15  2061  10  2161   5  2251   4  2251   4  2321   3  2251   1  2251
481 -46   001 -45   001 -48   001 -48   001 -50   001 -53   001 -48   471
 -43   971 -39   971 -35  1171 -30   971 -26  1071 -24   971 -26  1071 -28  1071
 -32  1171 -34  1271 -35  1371 -36  1371 -38  1371 -38  1371 -40  1371 -42  1471
 -44  1471 -45  1571 -46  1571 -46  1471 -45  1471 -43  1471 -40  1271 -37  1171
 -33  1271 -29  1271 -24  1371 -19  1371 -15  1271 -11  1271  -6  1171  -1  1171
   3  1171   6  1371   8  1371  10  1471  11  1471  14  1571  17  1471  21  1471
  25  1571  29  1571  32  1571  31  1671  29  1671  25  1551  22  1351  21  1211
  24  1451  30  1451  38  1611  45  1551  52  1651  55  1611  55  1651  53  1551
  51  1411  50  1451  51  1451  48  1461  45  1461  41  1561  37  1561  32  1761
  27  1861  22  2061  18  2051  18  2051  18  2021  14  2051   8  2051
497 -84   001 -85   001 -86   001 -87   001 -92   001 -87   001 -82   571
 -72  1171 -60  1571 -50  1671 -45  1571 -46  1771 -51  1671 -57  1471 -63  1471
 -68  1371 -70  1471 -72  1471 -74  1571 -79  1571 -83  1571 -86  1571 -88  1571
 -88  1671 -88  1671 -88  1771 -90  1771 -92  1871 -96  1971 -95  1871 -84  1871
 -62  2171 -35  2371 -13  2571  -3  2371  -5  2271 -11  1871 -20  1771 -29  1571
 -35  1571 -38  1571 -36  1671 -34  1671 -32  1671 -30  1771 -27  1671 -23  1671
 -18  1771 -15  1771 -16  1771 -18  1871 -20  1871 -23  2171 -23  2251 -16  2511
   0  2551  20  2451  35  2411  40  2151  38  1951  33  1711  30  1651  27  1551
  25  1511  22  1551  19  1451  16  1461  13  1561   9  1661   5  1761   0  1861
  -4  1961  -8  2061 -12  2151 -12  2151 -15  2221 -24  2351 -33  2451
510  -5   001  -7   001 -12   001 -14   001 -17   001 -20   001 -20   471
 -12   771   0   971  11  1071  20   871  25  1371  24  1371  18  1271  10  1271
   3  1171   0  1171   2  1071   4  1071   4  1071   5  1171   5  1171   7  1271
   9  1271  10  1371  10  1371   8  1471   7  1471   9  1371  15  1371  26  1271
  41  1371  56  1471  67  1571  71  1571  71  1571  69  1571  68  1471  68  1371
  68  1271  66  1271  63  1171  59  1171  54  1171  50  1171  45  1171  41  1271
  40  1371  40  1471  41  1471  43  1571  43  1571  42  1651  41  1751  42  1711
  47  1651  53  1651  60  1411  65  1551  67  1551  66  1511  62  1351  56  1251
  50  1011  45  1151  41  1151  39  1161  37  1161  36  1161  36  1161  37  1261
  37  1361  38  1461  37  1551  33  1651  30  1721  29  1651  32  1651
579 -15   001 -20   001 -22   001 -23   001 -20   001 -18   001 -11   571
  -3  1171   4  1171   9  1071  13  1071  15  1071  13  1171   6  1171  -2  1171
 -10  1171 -14  1371 -16  1671 -15  1871 -15  1871 -16  1971 -16  1971 -17  2071
 -18  2071 -21  2171 -23  2171 -25  2071 -25  2071 -22  2171 -16  2171  -7  2171
   5  1971  18  1771  28  1571  34  1571  35  1471  33  1471  30  1371  27  1471
  24  1471  23  1571  21  1771  20  1771  19  1771  17  1871  16  1871  15  2071
  15  2271  15  2471  16  2471  18  2371  21  2311  26  2351  32  2451  40  2511
  49  2151  60  1951  69  1611  77  1651  83  1651  88  1611  91  1551  93  1451
  94  1411  95  1651  97  1851  91  2061  84  2161  75  2161  66  2261  56  2561
  46  2861  37  3161  28  3151  28  3151  31  3121  32  3051  32  3051
588 -13   001 -11   001 -13   001 -17   001 -17   001 -12   001  -6   871
   0  1371   5  1471   9  1671  13  1571  16  1771  15  1771   8  1771  -2  1771
  -9  1771  -8  1871  -4  1871  -2  1971  -3  1971  -5  1971 -10  1971 -14  1971
 -16  1971 -19  1971 -22  2071 -24  2071 -24  2171 -20  2271 -12  2171  -1  2171
  13  2271  28  2071  41  2071  51  2171  56  1971  53  1871  43  1871  29  1971
  20  1971  18  2071  19  2071  20  2271  17  2171  11  2271   8  2271   9  2171
  13  2171  15  2071  12  2171   8  2171   5  2211   7  2251  13  2251  21  2211
  30  2151  40  2051  49  1911  56  1951  62  1951  66  1911  68  1851  70  1851
  72  1711  75  1951  79  2151  74  2361  69  2361  62  2461  54  2461  46  2661
  38  2861  29  3061  21  3051  19  3051  20  3021  20  2951  21  2851
621   9   001  11   001  13   001  11   001  11   001  10   001   8   471
  11   771  17  1171  23  1371  30  1471  34  1671  32  1871  23  1571   9  1471
  -3  1371 -11  1471 -14  1471 -13  1571 -12  1571 -10  1571  -8  1471  -7  1471
  -6  1571  -6  1571  -8  1571  -7  1671   3  1671  25  1571  52  1371  78  1371
  93  1671 102  1971 102  2271  97  2271  89  2371  82  2271  76  2071  73  1871
  70  1771  66  1671  62  1771  59  1771  58  1771  59  1771  60  1771  61  1871
  61  1971  60  2071  58  2071  55  2071  49  2071  41  1951  36  1751  40  1711
  58  2051  82  2251 103  2511 114  2551 115  2351 108  2311  97  2051  83  1851
  69  1511  57  1551  47  1651  40  1761  36  1861  33  1761  32  1761  32  1861
  33  1861  34  1961  36  2051  35  2151  33  2221  32  2251  33  2151
630  -3   001  -5   001  -7   001  -8   001 -10   001 -10   001  -8   571
  -3   871   3  1071   8  1071  12  1071  14  1371  13  1471   7  1271  -2  1171
 -10  1071 -15  1171 -19  1071 -21  1071 -22  1171 -22  1171 -21  1271 -20  1171
 -18  1171 -17  1071 -17  1071 -18  1171 -15  1171  -9  1171   0  1271  10  1271
  22  1271  33  1371  45  1271  58  1371  68  1471  73  1471  73  1371  68  1271
  63  1271  59  1271  54  1171  51  1171  48  1271  46  1371  47  1471  50  1571
  54  1571  57  1671  56  1771  53  1771  48  1871  43  1951  40  1951  42  1911
  51  1851  64  1551  78  1411  89  1451  95  1451  98  1411  96  1451  92  1351
  85  1211  78  1351  71  1351  66  1461  61  1561  57  1661  53  1761  50  1661
  48  1661  45  1561  43  1551  41  1651  39  1621  36  1651  33  1551
643 -19   001 -32   001 -20   001 -14   001  -9   001  -3   001  10   871
  26   971  41  1071  53  1071  62  1071  65  1371  62  1371  53  1371  40  1271
  28  1271  16  1171   8  1171   0  1071  -7  1271 -12  1471 -16  1671 -18  1671
 -20  1671 -21  1671 -23  1671 -24  1671 -23  1671 -19  1771 -11  2071   2  2171
  19  1971  35  1671  44  1371  43  1371  35  1371  29  1371  29  1371  32  1471
  34  1471  33  1471  31  1471  29  1471  30  1571  33  1771  35  1871  34  1871
  32  1771  31  1771  31  1771  33  1871  36  1811  39  1951  43  2151  50  2211
  61  1951  75  1751  88  1411  98  1351 106  1451 112  1411 116  1451 118  1451
 118  1411 115  1551 111  1551 104  1661  96  1861  88  1961  79  2061  69  2161
  60  2161  51  2261  43  2351  45  2351  47  2421  46  2451  46  2451
645 -13   001 -11   001 -14   001  -9   001 -12   001  -4   001   4   571
  13   871  23  1071  33  1071  40  1071  44  1271  40  1271  29  1371  13  1371
  -1  1471  -8  1571 -10  1571 -10  1571  -9  1671  -7  1771  -6  1771  -5  1771
  -6  1671  -8  1671 -12  1671 -15  1571 -15  1571 -10  1771  -1  1771  11  1871
  23  1771  35  1571  43  1471  44  1471  40  1371  36  1371  32  1471  29  1471
  27  1571  24  1771  20  1771  19  1771  20  1871  22  1971  24  2071  24  2071
  24  2071  24  2071  25  2071  28  2071  31  2011  34  2051  39  2051  46  2011
  56  1851  68  1551  79  1311  87  1351  92  1351  94  1411  94  1551  93  1551
  92  1511  92  1751  94  1951  89  2061  83  2061  77  2261  70  2261  62  2261
  54  2361  47  2361  41  2451  41  2551  43  2621  42  2551  40  2451
650   2   001  -5   001  -8   001  -8   001 -10   001  -9   001   1   971
   8  1171  14  1371  20  1471  24  1371  26  1171  25  1071  19  1071   8  1171
   0  1171  -5  1271  -6  1271  -8  1371 -11  1571 -15  1871 -19  2071 -21  2071
 -22  1971 -23  1971 -24  2071 -24  2071 -23  2171 -19  1971 -13  1871  -1  1671
  15  1671  33  1671  48  1671  58  1571  61  1371  59  1271  54  1371  46  1271
  41  1371  38  1471  36  1571  34  1571  33  1771  31  1971  32  2171  35  2171
  39  2271  44  2271  49  2371  54  2371  57  2411  58  2251  59  2151  64  1911
  75  1851  90  1651 103  1511 111  1451 115  1351 116  1111 115  1251 113  1251
 111  1311 111  1451 112  1751 106  1861 100  2061  92  2461  85  2661  76  2661
  68  2661  60  2661  53  2751  54  2751  56  2821  55  2751  54  2651
675  10   001   7   001  12   001  11   001  17   001   2   001  12  1071
  25  1671  40  1671  55  1671  66  1671  73  1571  73  1471  63  1571  48  1771
  33  1871  25  1971  19  2071  17  2171  11  2171   6  2071   0  2071  -3  2171
  -7  2271  -9  2371 -12  2471 -15  2571 -15  2671 -11  2471  -2  2271  13  2071
  34  2071  58  2071  78  2071  91  1771  95  1671  91  1471  78  1671  62  1871
  49  2071  42  2171  41  2271  39  2371  34  2271  27  2271  23  2171  23  2271
  26  2471  28  2571  28  2671  27  2671  26  2711  27  2751  31  2651  39  2611
  52  2451  67  2251  79  2011  85  1851  88  1751  89  1511  92  1651  96  1851
  99  1911 101  2051 103  2151  99  2261  95  2161  90  2161  85  2061  80  2161
  74  2361  69  2461  63  2551  64  2551  64  2621  61  2651  57  2651
690  15   001  18   001  20   001  51   001  37   001  26   001  41   571
  55   871  68   971  79  1171  87  1171  91  1371  91  1571  81  1471  66  1271
  54  1171  48  1271  45  1371  42  1471  37  1471  32  1471  27  1471  26  1471
  26  1571  27  1571  26  1571  25  1471  27  1471  33  1571  43  1471  56  1571
  70  1671  83  1771  92  1771  95  1771  93  1771  87  1771  77  1671  66  1571
  57  1471  54  1471  53  1571  54  1571  53  1471  52  1471  50  1471  48  1471
  47  1471  47  1471  47  1471  47  1471  50  1471  55  1451  62  1351  70  1311
  78  1451  85  1751  90  2011  92  1951  92  1851  93  1811  95  1651  98  1451
 100  1311 101  1551 101  1651  98  1761  94  1761  89  1561  84  1561  79  1661
  74  1661  69  1761  65  1751  65  1751  65  1721  63  1751  62  1751
747  36   001  40   001  37   001  39   001  36   001  36   001  35   571
  36   871  39  1171  42  1371  45  1371  45  1571  42  1671  38  1671  31  1671
  26  1671  22  1671  19  1771  19  1671  19  1771  20  1871  20  1971  20  2071
  20  2071  16  2171   9  2171   4  2171   5  2171  16  2171  33  1971  47  1871
  54  2071  55  2171  58  2271  66  2171  73  2171  74  1971  63  1871  47  1871
  35  1771  32  1871  34  1971  37  1971  37  1971  36  2071  36  2071  39  2171
  44  2371  49  2471  53  2571  54  2571  53  2611  49  2751  45  2651  46  2611
  56  2451  71  2451  87  2111 101  2151 110  2151 112  2011 106  2051  96  1951
  89  1911  88  2051  92  2251  92  2261  92  2361  92  2361  90  2461  86  2861
  81  3161  76  3561  72  3551  70  3651  68  3621  65  3551  63  3351
NT  TEDF  78  35 1
20130117082013011703
20130117082013011704
20130117082013011705
20130117082013011706
20130117082013011707
20130117082013011708
20130117082013011709
20130117082013011710
20130117082013011711
20130117082013011712
20130117082013011713
20130117082013011714
20130117082013011715
20130117082013011716
20130117082013011717
20130117082013011718
20130117082013011719
20130117082013011720
20130117082013011721
20130117082013011722
20130117082013011723
20130117082013011800
20130117082013011801
20130117082013011802
20130117082013011803
20130117082013011804
20130117082013011805
20130117082013011806
20130117082013011807
20130117082013011808
20130117082013011809
20130117082013011810
20130117082013011811
20130117082013011812
20130117082013011813
20130117082013011814
20130117082013011815
20130117082013011816
20130117082013011817
20130117082013011818
20130117082013011819
20130117082013011820
20130117082013011821
20130117082013011822
20130117082013011823
20130117082013011900
20130117082013011901
20130117082013011902
20130117082013011903
20130117082013011904
20130117082013011905
20130117082013011906
20130117082013011907
20130117082013011908
20130117082013011909
20130117082013011910
20130117082013011911
20130117082013011912
20130117082013011913
20130117082013011914
20130117082013011915
20130117082013011916
20130117082013011917
20130117082013011918
20130117082013011919
20130117082013011920
20130117082013011921
20130117082013011922
20130117082013011923
20130117082013012000
20130117082013012001
20130117082013012002
20130117082013012003
20130117082013012004
20130117082013012005
20130117082013012006
20130117082013012007
20130117082013012008
002700170017001700170017001617151714271327132713371431133513351331123513351
33113351435143114351435143115351535163116351635163116351635173117351735173117351
73517311735173517311735173517311735173517311735173517311735173517311735173517311
63516351631163516351631163516351531153516351631163516351631163516351631173517351
005500130013001300120012001217121711271127122712371331133512351231113511351
13112351335143114351435143114351535153115351635163116351735173117351735173117351
73517311735173517311735173517311735173517311735173517311735173517311735173517311
73517351731163516351631163516351631163516351631163517351731173517351731173517351
015000120012001400150015001517151714271427132712271231113511351131123512351
23112351235123113351335143114351535153116351635173117351735173117351735173117351
73517311735173517311735173517311735173517311735173517311735173517311635163516311
63516351731173517351631163516351631163516351631173517351731173517351631173517351
027100120011001200130013001217121712271227122712371231123513351431143513351
33114351535163116351635173117351735173117351735173117351735173117351735173117351
73517311735173516311635173517311635163516311535153515311635163517311735173517311
63516351631163516351631163516351631163516351631163516351631163516351631163515351
070700170017001700150016001517141713271327122712371231123511351131113511351
13111351235123113351435143115351535153115351635173117351735163116351635163116351
73517311735173517311735173517311735173517311735163516311735173517311735173517311
73516351631163517351731163516351531163516351731173517351731173517351731173517351
110700140013001100100014001417142714271527162716371631173517351731173517351
73117351735173117351735173116351635153115351635163116351635153115351535153115351
43514311435153515311535153514311435133513311335153516311635153515311435143514311
53516351731173517351631163515351531143514351431143514351431143514351531153515351
120400140016001700170017001627142713271227112711271231133515351631173517351
73117351735173117351735173117351735173117351735173117351735173117351735173116351
63515311535153515311435133513311335133514311435153515311635163516311635173517311
73517351731163516351531153515351531143514351431143514351431143514351431143513351
130100100012001000110012001327132713271327122712371231133514351531163517351
73116351635163116351735173117351735173117351735173117351735173118351835173117351
73516311735173517311635163516311635163517311735173517311735173517311735173517311
73517351731163516351631163516351631163516351631163516351631153515351531153515351
145000100010001000100010001017112711271127112712371231113511351131113512351
23113351335143114351535153115351635163116351635163116351635163116351735173117351
73517311735173517311735173517311735163516311635163516311635173517311735173517311
73517351731163516351631163517351731173516351631163517351731173517351731173517351
149000100010001000120011001117111711271227122712371231113511351131113511351
23112351335143114351435153115351535163116351635163116351635163116351735173117351
73517311735173517311735173517311635163516311635163516311635173517311735173517311
73517351731173516351631163517351731173516351631163517351731173517351731173517351
156000100010001000110010001017111711271127112711371231113511351131113511351
23112351335143114351435153115351535163116351635163116351635163116351735173117351
73517311735173517311735173517311635163516311635163516311635173517311735173517311
73517351731173516351631163517351731173517351631173517351731173517351731173517351
168800180018001800180018001707161715171427142713271331123512351231123512351
23113351335133114351435143114351435143115351535163116351635163116351635163116351
73517311735173517311735173517311735173517311735163516311635173517311735173517311
73517351731173517351731173517351731173517351731173517351731173517351731173517351
180700180018001700170017001727172717271727172717371731173517351731163515351
53114351435143115351535163116351635163116351635163117351735173116351535153115351
53516311635163516311635173517311735173517311735173517311735173517311735173517311
63516351631163516351631163517351731173517351731173517351731173517351731173517351
190700170017001600170017001717172717271727172717371731173517351731173517351
73117351735163116351635163116351735173117351735173117351635163115351435143114351
53515311535153515311535163516311735173517311735173517311735173517311735173517311
73517351731173517351731173517351731163516351631173517351731173517351731173517351
222000110011001200110013001317132713271327133713371331143515351631163517351
73117351735173117351735173117351735173117351735173117351735173117351735173117351
73517311735163516311635153515311535163517311735173517311735173517311735173517311
73517351731173517351631163517351731173517351631163516351631163516351631163516351
240000100010001100100013001317121712271227122712371231133513351331133513351
33114351535163117351735173117351635163117351735173117351735173117351735173117351
73517311735173517311735163516311635163516311635163516311735173517311735173517311
73517351731173517351731173517351731173516351631163517351731173517351731173517351
255100110013001500170017001717161715171427132713371231123511351131123513351
43114351435143114351435143114351435143115351535153114351335133114351635173118351
73517311735173517311635163515311535163517311735173517311735173517311735173517311
73517351731173517351731173517351731173517351731173517351731173517351731173517351
260800170018001800180018001717162715271427132713371331133512351131113511351
13112351235133113351435153115351535143114351535143114351435143115351635173117351
73517311735173517311735173516311635173517311735173517311735173517311735173517311
73517351731173517351731173517351731173517351731173517351731173517351731173517351
280000110011001600180018001817182718271727172716371531153515351531153514351
43114351435143114351435143114351435153115351635173117351635163116351635163116351
63517311735173517311735173517311735173517311635163517311735173517311735173517311
73517351731173517351731173517351731173517351731173517351731173517351731173517351
299400140013001700170017001717172718271827182718271731173517351731173517351
73117351735173116351635163116351635163116351635163115351535143114351435143114351
43514311535153516311635173517311735173517311735163516311635173517311735173517311
73517351731173517351731173517351731173517351731173517351731163516351631163516351
434400130011001100100010001117111711271127112711371231123512351331133513351
43114351335133114351435153115351535163116351735173118351835183118351835183117351
73517311735173517311735173517311735173517311735173517311735173517311735173517311
73517351731173517351731173517351731173517351731173517351731173517351731173517351
460800180018001700180018001717162715271527142714371331133513351331133514351
43114351435143114351435143115351535153114351435143114351435143115351635173117351
73517311635163516311635153516311635173517311735173517311735173517311735173517311
73517351731173517351731173517351731173517351731173517351731173517351731173517351
481700170017001700170016001617171717271727172716271631153515351531143514351
43114351435143114351435153115351535163116351635163116351635163115351535153115351
63516311735173517311735173517311735163516311635163517311735173517311735173517311
73517351731173517351731173517351731173517351731173517351731163516351631173517351
497100110012001500120012001327142715271527162717271731173516351631153514351
33112351235123111351135113112351235123112351235123112351135113111351235123113351
43515311535153515311635163517311735173517311735173517311735173517311735173517311
73517351731173517351731173517351731163516351631163516351631163516351731173517351
510600150011001200130010001017102710271027102711371231133515351631173517351
63116351635163117351735173117351735173117351735173117351735173117351735173117351
73517311735173516311635173517311735173517311735173517311735173517311735163516311
73517351731183517351731173517351731173517351731173517351731163516351531153514351
579000100010001000100010001017112711271127122712371231123512351131113511351
13112351235123113351335133113351435143114351435143114351335133114351635173117351
73517311735173517311735173517311735173517311735173517311735173517311735173517311
73517351731173517351731173517351731173517351731173517351731173517351731173517351
588000100010001000100010001117111711271127112711271131113511351131113511351
13111351135113111351135123112351235123112351235123112351235123112351235123113351
43516311635173517311735173517311735173517311735173517311735173517311735173517311
73517351731173517351731173517351731173517351731173517351731173517351731173517351
621800180017001700180017001617141713271227112711371131123512351231133514351
53115351535153116351635173117351735173117351735173117351735173117351735173117351
73517311735173517311735173517311735173517311735173517311735173517311635163515311
63516351731173517351731173517351731173517351731173517351731173516351631163516351
630700170016001600150016001517142713271327122712371331133513351331133514351
43114351435143114351435143113351435143115351735173118351735173117351735173117351
63516311635163517311735173517311635163516311635173517311735173516311635163516311
63516351731173517351731173517351731173517351731173517351731173517351731173517351
643200100010001000100010001117112711271127112711271131113511351131113511351
23112351335143114351435143114351435153114351435143115351535163117351735173117351
73517311735173517311735173517311735173517311735173517311735173517311735173517311
73517351731173517351731173517351731173517351731173517351731163516351631153515351
645100100010001000100010001017101711271127112711371131113511351131113511351
13111351235123112351235133113351335133113351335133113351335143115351635173117351
73517311735173517311735173517311735173517311735173517311735173517311735173517311
73517351731173517351731173517351731173517351731173517351731173516351631163516351
650000100010001000100010001017102710271127112711271131113511351131113511351
13111351135113111351235123113351335133113351435153116351635173117351735173117351
73516311635173517311735173517311735173517311735173517311735173517311735173517311
73517351731173517351731173517351731173517351731173517351731173517351731173517351
675000100010001000150017001617161715271427132712371131113511351131113511351
13111351135113111351135113111351135113111351235133113351435143115351535153115351
53515311535153515311535163517311735173517311735173517311735173517311735173517311
73517351731173517351731173517351731173517351731173517351731173517351731173517351
690000130015001700170015001517142713271327122712271131113511351131113511351
13111351135113111351135113111351135113112351235123112351235123113351435143114351
43514311435143515311535163516311635163516311635163517311735173517311735173517311
73517351731173517351731173517351731173517351731173517351731173517351731173517351
747500150013001400120010001017111711171127112711371131113512351231123512351
23113351435143114351435143114351535163117351735173117351735173116351635153116351
63516311735173517311735173517311635163516311635163517311735173517311735173517311
73517351731163516351631163517351731173517351731173517351731173517351731163516351
