20131207081526
T2M TEDF  78  35 1
20131207082013120703
20131207082013120704
20131207082013120705
20131207082013120706
20131207082013120707
20131207082013120708
20131207082013120709
20131207082013120710
20131207082013120711
20131207082013120712
20131207082013120713
20131207082013120714
20131207082013120715
20131207082013120716
20131207082013120717
20131207082013120718
20131207082013120719
20131207082013120720
20131207082013120721
20131207082013120722
20131207082013120723
20131207082013120800
20131207082013120801
20131207082013120802
20131207082013120803
20131207082013120804
20131207082013120805
20131207082013120806
20131207082013120807
20131207082013120808
20131207082013120809
20131207082013120810
20131207082013120811
20131207082013120812
20131207082013120813
20131207082013120814
20131207082013120815
20131207082013120816
20131207082013120817
20131207082013120818
20131207082013120819
20131207082013120820
20131207082013120821
20131207082013120822
20131207082013120823
20131207082013120900
20131207082013120901
20131207082013120902
20131207082013120903
20131207082013120904
20131207082013120905
20131207082013120906
20131207082013120907
20131207082013120908
20131207082013120909
20131207082013120910
20131207082013120911
20131207082013120912
20131207082013120913
20131207082013120914
20131207082013120915
20131207082013120916
20131207082013120917
20131207082013120918
20131207082013120919
20131207082013120920
20131207082013120921
20131207082013120922
20131207082013120923
20131207082013121000
20131207082013121001
20131207082013121002
20131207082013121003
20131207082013121004
20131207082013121005
20131207082013121006
20131207082013121007
20131207082013121008
002  86   001  85   001  84   001  85   001  86   001  86   001  86   671
  85   771  85   971  83   971  83   971  84   871  84   871  82   871  78   871
  76   871  75   871  75   971  75   971  76   871  76   871  77   771  77   871
  78   871  78   971  79  1071  80  1071  81  1171  82  1171  84  1171  86  1171
  89  1171  92  1071  94  1071  94   971  93   971  91   871  91   871  91   871
  91   871  91   871  90   971  89   971  87   971  84   871  82   871  80   971
  78  1071  78  1171  79  1171  80  1271  80  1271  79  1271  79  1251  79  1211
  81  1251  84  1151  85  1111  83  1151  80  1051  76  1011  73  1051  71  1051
  70  1011  69  1051  69  1151  67  1111  64  1151  61  1151  58  1111  57  1251
  57  1251  58  1311  59  1451  60  1451  61  1511  61  1551  61  1651
005  56   001  64   001  68   001  70   001  70   001  71   001  72   571
  76   771  79   871  82   971  83   871  83   971  81   871  77   871  72   871
  67   871  63   971  60   971  58  1071  56  1071  55  1071  55  1071  57  1071
  60  1071  62  1071  63  1171  62  1271  61  1371  61  1371  62  1371  65  1271
  71  1271  77  1371  82  1371  84  1271  84  1071  81   971  78   871  73   871
  69   871  65   971  62  1171  58  1271  54  1271  51  1271  49  1271  50  1271
  51  1371  50  1371  47  1371  43  1371  41  1371  41  1371  45  1251  52  1211
  61  1251  70  1351  75  1311  73  1351  67  1251  60  1211  54  1251  49  1151
  46  1111  45  1251  44  1251  43  1311  41  1351  39  1351  37  1311  37  1451
  37  1551  36  1611  33  1651  30  1651  27  1611  26  1551  27  1551
015  46   001  51   001  50   001  46   001  45   001  54   001  60   471
  67   671  75   771  81   871  84   771  83   771  79   871  72   971  66  1171
  60  1271  55  1171  52  1171  49  1171  47  1171  46  1271  47  1271  49  1271
  52  1271  55  1271  57  1271  57  1371  56  1371  55  1371  55  1271  58  1271
  67  1271  78  1171  88  1171  93  1071  94  1051  91   911  85  1051  79  1151
  74  1211  72  1251  71  1251  70  1211  66  1351  62  1351  59  1411  60  1451
  63  1551  65  1511  64  1551  61  1451  58  1411  56  1451  56  1551  60  1511
  68  1451  77  1351  84  1111  88  1151  87  1251  81  1211  72  1251  61  1351
  53  1311  50  1351  49  1351  49  1311  46  1451  42  1651  38  1711  35  1751
  33  1751  31  1711  28  1751  26  1751  24  1711  24  1751  26  1751
027  74   001  70   001  70   001  71   001  67   001  68   001  73   471
  77   671  80   971  82   971  84   971  83   971  79   971  75   971  68   971
  63   971  60  1071  57  1071  55  1071  52  1171  50  1271  49  1271  47  1271
  46  1371  46  1371  46  1371  44  1271  42  1271  38  1371  37  1271  40  1271
  49  1271  63  1271  75  1271  82  1171  84  1171  80   971  72   971  61   971
  52   971  46  1171  43  1371  41  1371  37  1371  33  1471  30  1471  27  1471
  26  1471  24  1471  22  1471  21  1571  22  1571  25  1471  31  1251  38  1211
  46  1351  53  1351  60  1411  64  1251  66  1251  64  1111  58  1251  50  1251
  43  1311  38  1351  34  1451  31  1411  27  1551  22  1551  18  1611  16  1651
  15  1651  13  1611  10  1751   8  1751   9  1811  14  1751  23  1551
070  44   001  47   001  48   001  47   001  47   001  49   001  54   471
  58   871  60  1071  62  1171  64  1071  65  1071  63   971  59  1071  55  1271
  52  1371  51  1371  50  1471  50  1471  48  1471  46  1571  45  1571  45  1571
  46  1571  47  1571  48  1671  49  1771  48  1871  46  1771  46  1571  48  1471
  56  1371  64  1371  72  1271  75  1271  74  1271  70  1071  65  1271  61  1471
  57  1671  54  1671  52  1771  50  1871  50  1971  49  1971  47  1971  45  1971
  41  2071  37  2071  32  2071  28  2171  26  2171  28  2051  33  1951  41  1811
  51  1651  61  1651  68  1511  71  1351  70  1251  64  1111  54  1351  43  1451
  34  1611  29  1651  27  1751  25  1711  22  1951  18  1951  14  2011  12  2151
  10  2151   8  2211   4  2251   1  2351   0  2311   4  2251  13  2051
110  74   001  70   001  68   001  68   001  67   001  66   001  66   671
  71   771  76   771  80   671  83   771  84   671  79   671  65   771  49   771
  37   871  30   971  29  1071  29  1171  28  1171  27  1271  24  1271  21  1271
  20  1271  18  1271  18  1371  18  1371  17  1471  15  1371  15  1171  23  1071
  39   971  60  1071  78   971  90   871  94   771  90   771  79   871  64   871
  53   971  47   971  45  1071  44  1071  42  1171  39  1271  37  1371  36  1371
  36  1371  36  1371  35  1471  34  1471  32  1571  31  1571  31  1451  35  1411
  43  1351  53  1151  61  1011  64   951  63  1051  62  1111  62  1151  62  1251
  61  1211  58  1351  55  1451  54  1611  56  1551  59  1651  62  1611  62  1651
  61  1551  61  1511  62  1651  63  1651  63  1711  60  1751  57  1651
120  52   001  57   001  50   001  55   001  49   001  50   001  59   471
  67   771  75   771  81   771  84   771  83   671  78   671  71   771  61   871
  52   971  46   971  43   871  41   871  41   871  41   971  40   971  37   971
  36   971  32   971  30  1071  29  1271  27  1371  25  1171  26  1071  33   871
  48   871  67   771  84   771  92   671  93   671  87   771  75   771  62   771
  51   871  46   871  45  1071  45  1071  45  1171  44  1171  41  1271  39  1271
  37  1171  35  1171  33  1271  32  1471  31  1571  32  1471  35  1351  41  1211
  51  1151  61   951  68   811  69   951  65   951  59  1011  53  1051  48  1151
  44  1111  41  1151  39  1251  38  1211  38  1351  39  1451  39  1511  38  1551
  37  1451  36  1411  35  1551  35  1651  36  1711  37  1551  41  1451
130  -7   001 -10   001 -11   001 -14   001 -10   001  -9   001   1   671
  14   871  26   971  38   971  46   771  49   971  46   871  39   971  30   971
  22  1071  18  1171  16  1271  13  1471  10  1371   5  1271   2  1271   1  1371
  -1  1371  -2  1471  -5  1471  -9  1571 -13  1571 -15  1571 -13  1371  -3  1271
  17  1271  42  1171  62  1171  73  1171  72  1071  65  1071  54  1171  40  1171
  30  1271  24  1371  22  1371  21  1471  19  1471  16  1571  13  1571  10  1671
   9  1771   6  1871   3  1871   1  1971   1  1971   3  1851   9  1651  19  1511
  34  1451  50  1351  62  1211  66  1251  63  1351  55  1311  44  1351  34  1451
  26  1411  23  1551  23  1551  23  1611  22  1651  18  1751  14  1711   9  1851
   4  1951  -2  2011  -7  2051 -11  2051 -12  2011  -8  1951   1  1751
145  44   001  45   001  47   001  47   001  45   001  45   001  54   371
  62   571  68   871  72   871  75   871  76   971  74  1071  70  1071  66   971
  62   971  58  1071  56  1171  54  1271  52  1171  49  1171  47  1071  45  1171
  44  1171  42  1271  39  1271  37  1371  35  1371  35  1271  39  1071  45   971
  54  1071  64  1071  72  1171  76  1171  75  1171  71  1171  64  1171  55  1071
  48  1171  44  1171  41  1271  38  1271  34  1271  29  1371  24  1371  19  1471
  16  1471  13  1571  12  1571  13  1571  16  1571  22  1451  29  1351  38  1211
  47  1251  55  1251  61  1211  65  1351  66  1351  62  1411  54  1451  44  1351
  35  1311  30  1351  29  1351  27  1311  24  1351  19  1451  15  1411  11  1551
   8  1551   7  1611   7  1651   9  1651  12  1611  17  1651  25  1551
149  47   001  46   001  50   001  50   001  52   001  54   001  53   371
  61   571  72   771  80   871  85   771  86   871  83   871  77   971  72   971
  67  1071  61  1171  58  1271  55  1471  53  1371  51  1271  49  1271  46  1271
  44  1371  40  1371  37  1371  35  1271  34  1271  35  1171  39  1171  47  1071
  58   971  71  1071  81  1071  86  1071  85  1051  80  1011  72  1051  63  1051
  55  1011  50  1151  47  1251  44  1311  39  1451  33  1551  28  1611  24  1751
  21  1751  19  1811  16  1851  15  1751  15  1711  18  1651  25  1451  34  1311
  45  1351  56  1351  65  1311  70  1351  72  1451  68  1411  60  1451  50  1351
  42  1311  37  1451  35  1451  32  1511  28  1651  23  1651  19  1711  16  1851
  14  1851  12  1911   8  1951   6  1951   6  1911  11  1851  21  1751
156  62   001  63   001  63   001  64   001  61   001  61   001  70   371
  76   571  80   671  83   871  85   871  85   871  84   871  82   871  78   971
  76   971  75   971  73  1071  72  1071  70  1071  68  1071  64  1071  62  1071
  60  1071  58  1071  57  1171  57  1171  56  1271  55  1171  56  1171  60  1071
  68  1171  77  1171  84  1271  86  1171  84  1171  80  1071  75  1071  70  1071
  67  1171  67  1171  67  1071  66  1071  63  1171  58  1371  53  1471  48  1471
  46  1471  43  1471  41  1471  40  1571  40  1571  40  1551  42  1551  48  1511
  58  1551  68  1351  76  1411  77  1451  74  1351  69  1311  64  1351  60  1351
  57  1311  54  1251  52  1251  51  1111  50  1251  49  1351  47  1411  45  1451
  42  1451  40  1411  39  1551  38  1551  37  1611  36  1651  36  1751
168  36   001  43   001  41   001  47   001  49   001  46   001  46   771
  49   971  53  1171  57  1371  61  1271  64  1171  65  1071  61  1171  55  1371
  49  1471  45  1571  43  1471  43  1471  43  1471  44  1371  43  1371  41  1471
  38  1471  36  1571  35  1571  35  1671  36  1671  37  1571  39  1371  43  1271
  51  1271  60  1471  68  1471  74  1371  75  1371  71  1271  60  1471  48  1771
  37  1971  32  1871  30  1871  29  1671  28  1671  25  1671  23  1671  21  1771
  19  1971  15  2071  10  2071   6  2071   5  2071   9  1851  18  1751  29  1511
  40  1551  51  1551  60  1511  66  1451  68  1451  63  1311  51  1451  36  1651
  23  1711  16  1751  13  1651  13  1611  13  1651  12  1651  11  1611   9  1851
   6  1951   2  2111  -2  2151  -5  2151  -5  2111   0  1951   9  1751
180  32   001  30   001  28   001  28   001  26   001  29   001  35   571
  38   871  41  1271  43  1471  44  1371  46  1271  46  1271  45  1271  44  1371
  42  1371  42  1371  43  1471  43  1471  42  1371  39  1371  38  1371  36  1471
  35  1571  34  1671  34  1671  35  1771  36  1771  38  1671  41  1671  46  1671
  52  1671  58  1671  63  1871  65  1671  65  1471  63  1371  58  1371  53  1471
  49  1471  46  1471  45  1671  43  1571  40  1571  38  1571  34  1571  32  1671
  31  1871  28  1971  23  1971  19  1871  19  1871  24  1851  33  1751  42  1711
  49  1651  54  1751  58  1611  61  1651  62  1451  59  1311  51  1351  41  1451
  33  1411  29  1351  27  1451  27  1511  26  1651  24  1651  22  1711  20  1851
  18  1951  16  2011  14  1951  13  1951  14  1811  18  1751  24  1751
190  -1   001   1   001   7   001  16   001  18   001  20   001  23   771
  31  1171  39  1371  45  1471  52  1371  55  1371  55  1371  53  1471  48  1371
  44  1371  40  1371  36  1471  34  1471  34  1471  34  1471  33  1471  31  1471
  28  1571  26  1571  26  1471  26  1471  26  1371  25  1571  25  1571  29  1771
  38  1871  51  1971  61  1771  65  1871  65  1771  62  1671  58  1571  52  1671
  47  1671  43  1671  39  1571  35  1571  32  1571  29  1671  27  1671  25  1671
  24  1771  23  1771  22  1671  22  1671  23  1571  27  1551  33  1651  41  1711
  50  1651  59  1551  66  1611  70  1651  70  1551  65  1511  55  1551  43  1551
  33  1511  29  1551  29  1651  29  1611  28  1651  25  1751  22  1711  19  1751
  16  1851  14  1811  13  1751  14  1651  16  1511  21  1551  27  1551
222 -10   001  -4   001 -16   001 -18   001 -12   001  -7   001   8   571
  21   871  35   871  48   871  57   771  63   871  59   971  51   971  39   971
  29   971  23  1071  23  1171  20  1271  19  1271  16  1271  13  1271   9  1271
   5  1371   2  1371   0  1371  -1  1371  -4  1371  -5  1271  -4  1371   6  1271
  24  1271  46  1271  67  1271  80  1371  84  1371  79  1371  68  1171  52  1071
  40  1071  33  1171  31  1371  30  1471  30  1471  27  1471  25  1471  21  1471
  17  1471  12  1471   8  1471   6  1571   5  1571   7  1451  13  1351  23  1211
  38  1251  54  1351  68  1311  77  1451  80  1451  75  1511  63  1551  48  1351
  34  1211  26  1351  23  1351  22  1411  22  1551  21  1751  19  1811  15  1851
  10  1751   4  1711  -1  1751  -3  1751  -3  1711   1  1651   9  1551
240  -8   001 -10   001 -14   001  -7   001  -4   001   4   001  17   371
  31   571  46   671  59   771  70   771  76   971  73   971  67   971  60   971
  52   971  46  1071  41  1171  37  1271  34  1271  31  1371  27  1371  24  1371
  19  1471  14  1471   9  1371   5  1371   4  1271   8  1171  16  1071  27  1071
  39   971  52   971  64   971  72   971  76  1071  72  1071  60   971  44  1071
  31  1071  25  1171  22  1271  21  1371  18  1471  15  1471  12  1571  10  1671
   9  1671   8  1771   6  1771   3  1671   2  1671   4  1551   9  1451  19  1311
  33  1251  49  1251  63  1111  72  1251  75  1351  70  1411  58  1351  42  1251
  29  1211  22  1351  20  1451  19  1511  17  1651  14  1651  11  1711   9  1851
   8  1851   5  1911   1  1851  -2  1851  -2  1711   4  1651  15  1451
255  -8   001 -17   001  -4   001   1   001  -3   001  -7   001   5   671
  20  1071  35  1271  48  1271  58  1171  64  1471  64  1471  57  1371  44  1171
  34  1071  29  1071  26  1071  24  1171  20  1171  13  1171   9  1271   6  1371
   3  1371   1  1471  -2  1471  -4  1471  -5  1471  -4  1571   1  1571  10  1571
  25  1671  41  1571  55  1771  63  1671  65  1571  61  1371  53  1271  42  1271
  31  1171  24  1171  18  1271  14  1371  11  1371  10  1471   8  1571   7  1671
   5  1671   3  1771   0  1771  -2  1771  -1  1771   3  1851  10  1751  21  1811
  34  1751  48  1551  62  1511  73  1551  79  1351  76  1311  63  1351  46  1351
  30  1311  20  1351  16  1451  13  1411  10  1551   7  1551   5  1611   4  1751
   3  1851   2  1911   0  1951  -1  2051  -1  2011   1  1851   8  1751
260  -9   001 -23   001 -25   001 -27   001 -18   001 -17   001  -4   671
  11  1171  25  1271  39  1471  49  1171  54  1371  52  1171  44  1371  33  1471
  22  1671  14  1771  10  1771   7  1871   6  1971   6  2071   7  2171   8  2171
   8  2171   6  2171   1  2071  -3  2071  -5  1971  -1  1871   8  1871  21  1771
  36  1771  52  1771  65  1771  73  1471  75  1371  69  1171  53  1471  34  1571
  18  1871   7  1971   3  2071   0  2271  -4  2271  -7  2371  -9  2471  -7  2471
  -4  2471  -4  2471  -8  2371 -13  2271 -13  2171  -4  2151  10  2151  27  2011
  42  1951  55  1851  66  1611  74  1551  78  1451  72  1311  56  1551  34  1651
  14  1911   1  2051  -7  2051  -9  2111  -9  2251  -7  2451  -5  2511  -4  2551
  -5  2551  -9  2511 -15  2551 -19  2651 -19  2611 -11  2451   4  2151
280   2   001   0   001   8   001   0   001  -4   001   2   001  17   571
  29   971  39  1171  47  1371  53  1371  55  1371  52  1371  45  1271  35  1171
  28  1071  24  1071  23  1271  23  1271  22  1371  21  1271  19  1371  17  1371
  16  1471  15  1471  15  1471  15  1371  15  1371  15  1471  17  1571  21  1571
  28  1671  38  1671  47  1771  53  1671  55  1671  51  1571  41  1471  27  1371
  16  1371  11  1371  10  1471  12  1371  11  1371   9  1471   7  1471   6  1471
   6  1571   5  1571   1  1571  -3  1571  -5  1571  -3  1551   2  1551  11  1511
  22  1551  33  1451  42  1411  48  1451  50  1551  45  1511  34  1351  21  1351
  12  1111  11  1251  16  1251  21  1411  23  1451  23  1551  21  1511  19  1651
  16  1651  13  1711  10  1751   8  1851   8  1811  11  1851  16  1751
299  14   001  21   001  18   001  20   001  17   001  15   001  27   871
  39  1271  46  1271  52  1271  55  1171  55  1171  50  1071  38  1271  26  1571
  16  1671  10  1771   9  1871   8  1971   8  1871   9  1771   9  1671  10  1671
   9  1571   7  1571   2  1671  -3  1771  -6  1871  -4  1971   2  1871  15  1871
  32  1771  49  1671  62  1671  66  1571  64  1571  55  1471  44  1671  32  1671
  21  1771  13  1871   7  2071   4  2171   2  1971   1  1971   0  1771   0  1771
   0  1871  -2  1871  -6  1971 -10  1971  -9  2071  -2  2051  11  1951  26  1911
  42  1751  56  1551  66  1411  69  1451  67  1351  58  1311  45  1451  31  1651
  19  1711  13  1851  10  1951   9  2011   7  1951   5  1851   3  1711   3  1751
   3  1751   2  1711  -1  1851  -3  1951  -2  2011   4  1951  13  1951
434  15   001  13   001  13   001  11   001  12   001  14   001  27   571
  41   971  55  1071  65  1171  71  1171  72  1071  67  1071  57  1071  45  1071
  36  1071  32  1171  31  1171  30  1371  27  1271  23  1271  20  1271  20  1271
  21  1371  22  1371  21  1371  18  1271  16  1271  16  1371  19  1471  27  1471
  41  1471  57  1271  74  1271  86  1271  93  1151  91  1011  80  1051  65  1051
  52  1011  45  1251  43  1251  42  1211  39  1251  34  1351  30  1311  28  1351
  27  1451  25  1411  22  1451  19  1351  19  1311  24  1551  34  1551  47  1711
  62  1851  78  1751  93  1611 104  1551 110  1551 107  1311  95  1351  78  1451
  64  1411  58  1451  57  1651  57  1511  54  1551  49  1351  44  1311  40  1451
  38  1451  36  1511  34  1551  33  1551  33  1511  36  1551  42  1651
460 -11   001 -19   001 -21   001 -24   001 -28   001 -19   001  -5   671
  13   971  32  1271  49  1371  60  1371  64  1371  60  1371  48  1371  33  1371
  20  1471  13  1471   9  1471   7  1371   4  1471   1  1471   0  1571   0  1571
   2  1671   0  1671  -5  1771 -11  1771 -14  1871 -12  1771  -4  1671   9  1571
  26  1571  44  1571  60  1571  71  1671  74  1471  70  1471  58  1571  41  1471
  27  1571  20  1571  17  1571  15  1571  10  1571   6  1671   4  1671   4  1771
   5  1771   4  1871  -2  2071  -8  2171 -10  2371  -5  2151   8  1951  24  1711
  43  1651  61  1651  78  1411  91  1451  97  1451  93  1411  79  1451  59  1551
  40  1511  27  1451  19  1451  14  1411   9  1551   6  1551   4  1611   4  1751
   4  1951   3  2011  -1  2151  -5  2351  -6  2411   0  2251  12  2151
481  -7   001   1   001   0   001  -4   001 -11   001  -3   001   8   371
  18   871  28   971  36  1271  42  1071  45  1271  42  1171  34  1271  23  1271
  14  1371  10  1471  10  1371  10  1371   8  1371   5  1371   1  1371  -1  1371
  -5  1471  -8  1471 -12  1471 -14  1471 -15  1471 -13  1471  -7  1471   2  1371
  14  1471  28  1371  40  1471  50  1471  54  1371  53  1371  44  1471  33  1471
  22  1671  17  1871  13  1671  11  1671   8  1671   3  1571   0  1471  -2  1471
  -3  1571  -3  1571  -3  1571  -4  1671  -4  1671  -3  1651   0  1551   6  1511
  15  1551  25  1551  34  1611  41  1451  45  1551  43  1411  36  1651  26  1651
  18  1611  14  1651  13  1751  12  1711  10  1651   6  1751   3  1611   1  1651
   0  1651  -2  1611  -4  1651  -6  1551  -7  1511  -5  1551  -1  1451
497 -31   001 -33   001 -35   001 -37   001 -43   001 -38   001 -20   671
   2  1271  24  1671  40  1771  48  1671  44  1771  30  1671  14  1671   0  1671
 -10  1871 -15  1871 -15  1871 -16  1871 -18  1871 -21  1971 -25  1971 -28  1971
 -32  1871 -34  1871 -36  1771 -40  1771 -43  1671 -45  1871 -42  1971 -29  2071
  -2  2271  29  2471  50  2571  54  2371  43  2171  28  1771  13  1871   1  1871
  -8  1971 -14  1971 -17  2071 -19  2071 -21  2071 -24  2171 -26  2071 -29  2071
 -31  2071 -33  2071 -34  1971 -34  1971 -36  1871 -38  2071 -36  2151 -22  2211
   7  2351  41  2251  67  2211  74  1951  66  1751  48  1511  27  1651   8  1851
  -6  2011 -12  2051 -12  1951 -11  1911 -12  2051 -15  2051 -18  2111 -19  2151
 -20  2151 -20  2111 -21  2051 -23  2051 -26  1911 -28  2051 -25  2051
510  30   001  26   001  25   001  24   001  18   001  20   001  31   471
  37   771  45  1071  55  1171  65   971  73  1571  73  1571  65  1371  49  1271
  37  1071  29  1171  26  1171  24  1271  20  1371  16  1371  12  1471   7  1471
   3  1471  -1  1471  -4  1471  -5  1471  -5  1471  -3  1371   3  1271  13  1171
  28  1371  47  1571  64  1771  77  1671  84  1671  81  1571  69  1471  51  1271
  35  1171  23  1271  18  1471  14  1571  11  1571   9  1571   6  1571   4  1571
   1  1671  -2  1671  -5  1671  -6  1571  -3  1571   6  1671  20  1751  36  1711
  54  1751  70  1851  85  1711  95  1851 100  1751  96  1811  83  1651  65  1451
  48  1211  35  1451  27  1351  22  1411  20  1551  19  1651  17  1611  14  1651
  10  1751   5  1711   0  1751  -3  1751  -2  1711   4  1751  14  1751
579  51   001  48   001  47   001  46   001  42   001  46   001  58   471
  70   871  79  1071  86   971  90   871  90   971  85   971  77  1071  68  1071
  60  1171  54  1371  50  1471  47  1671  44  1671  42  1771  41  1771  39  1871
  38  2071  35  2171  31  2271  27  2471  26  2571  29  2371  36  1971  48  1671
  65  1571  82  1571  96  1471 103  1371 103  1371  96  1171  84  1171  69  1271
  54  1371  44  1571  38  1671  33  1771  28  1771  24  1871  21  1871  20  1871
  19  1971  16  1971   9  2071   3  2171   2  2271  10  2051  25  1951  43  1711
  62  1751  80  1651  95  1611 105  1651 108  1451 102  1411  87  1351  67  1351
  49  1311  38  1451  32  1551  28  1611  24  1751  20  1851  16  1911  14  2051
  12  2051   8  2111   2  2151  -2  2051  -2  2011   6  1851  21  1751
588  54   001  51   001  47   001  43   001  40   001  47   001  70   671
  89  1071 102  1371 114  1471 123  1371 125  1571 118  1471  99  1571  74  1671
  51  1771  37  1771  30  1771  27  1771  24  1771  24  1871  23  1871  24  1671
  25  1471  24  1271  20  1371  16  1371  15  1471  20  1471  29  1671  44  1671
  60  1671  79  1771  96  1771 109  1671 115  1571 109  1371  89  1471  63  1671
  39  1771  26  1771  20  1771  17  1771  13  1771  10  1871   8  1871   9  1671
  11  1571  10  1371   6  1371   1  1371   0  1311   7  1451  20  1651  38  1711
  58  1751  78  1851  96  1811 110  1751 115  1751 108  1611  87  1651  59  1751
  34  1711  20  1751  14  1851  12  1811  10  1851   7  1851   6  1811   7  1751
   8  1651   7  1511   3  1651  -1  1651  -1  1711   5  1751  18  1751
621 -21   001 -24   001 -28   001 -24   001 -26   001 -15   001   2   671
  21   871  42   871  61   971  75   971  83  1071  79  1071  64  1271  44  1371
  28  1571  21  1571  19  1471  20  1471  20  1571  18  1571  15  1571  12  1471
  10  1371   6  1271   1  1371  -2  1371  -3  1471   1  1371  11  1171  27  1171
  49  1171  72  1271  94  1271 108  1371 113  1271 105  1371  84  1471  57  1571
  33  1771  19  1671  12  1771  10  1771   9  1771  10  1671  11  1671  13  1571
  13  1571  12  1471   8  1471   4  1571   6  1571  16  1451  32  1351  52  1211
  73  1351  93  1451 110  1311 121  1551 122  1651 111  1811  86  1851  56  1751
  31  1711  20  1651  18  1651  21  1611  22  1851  22  1851  21  1911  19  1851
  16  1751  11  1611   3  1651  -3  1651  -2  1611  10  1651  30  1551
630  42   001  36   001  23   001  21   001  13   001  12   001  27   571
  34   971  38  1271  44  1271  49  1171  53  1371  54  1271  50  1271  44  1271
  37  1371  34  1271  29  1371  25  1271  19  1271  13  1171   7  1171   1  1171
  -3  1171  -6  1171  -9  1171 -12  1271 -14  1271 -14  1271 -11  1371   0  1371
  18  1571  41  1671  62  1771  77  1771  83  1571  82  1571  73  1571  60  1571
  48  1571  40  1571  34  1571  29  1471  22  1471  15  1371   9  1371   5  1371
   3  1271   0  1271  -3  1271  -5  1371  -4  1371   2  1451  12  1651  28  1711
  48  1851  68  1851  85  1911  95  1951  98  1751  94  1711  83  1851  69  1751
  55  1711  45  1751  39  1651  34  1611  29  1651  23  1651  18  1611  13  1551
   9  1551   5  1411   1  1451  -3  1551  -3  1511   1  1651  11  1751
643  43   001  56   001  40   001  48   001  61   001  45   001  65   471
  88   771 108   871 125   971 136   971 139  1271 135  1271 119  1271 101  1271
  81  1271  67  1271  56  1371  49  1371  44  1471  39  1471  35  1571  30  1571
  25  1471  21  1471  18  1471  17  1571  20  1571  28  1471  40  1271  56  1171
  74  1171  93  1271 108  1271 119  1271 123  1171 118  1171 104  1271  86  1371
  68  1471  58  1471  52  1571  48  1571  43  1671  38  1671  34  1771  31  1771
  29  1871  25  1871  19  1871  14  1771  14  1711  23  1651  39  1551  57  1411
  75  1451  90  1351 103  1311 111  1351 115  1351 111  1411 100  1451  86  1351
  71  1311  59  1451  50  1651  42  1711  34  1851  28  1851  23  1811  21  1851
  20  1751  17  1711  12  1751   8  1651  10  1611  20  1551  36  1451
645  69   001  68   001  67   001  67   001  67   001  74   001  86   471
  99   771 109   971 117  1071 120  1271 119  1371 112  1471 100  1471  84  1371
  72  1371  63  1371  60  1371  57  1371  55  1371  53  1371  52  1371  51  1371
  49  1471  46  1471  41  1471  37  1571  37  1571  43  1571  53  1371  68  1271
  83  1271  98  1371 112  1371 121  1371 123  1371 117  1371 101  1371  82  1471
  63  1471  52  1571  46  1671  43  1571  41  1571  38  1471  36  1471  35  1471
  32  1571  28  1571  22  1571  17  1571  19  1511  31  1551  49  1451  68  1411
  84  1451  97  1451 107  1411 115  1451 117  1551 112  1611  97  1551  78  1451
  60  1311  49  1351  44  1451  40  1411  35  1551  31  1451  27  1411  25  1551
  24  1651  20  1711  14  1751   8  1751   9  1711  20  1651  37  1551
650  53   001  49   001  13   001   9   001  -3   001  29   001  44   771
  61   871  81  1271  99  1371 111  1271 115  1171 111  1071 101  1171  87  1371
  74  1471  64  1571  56  1771  49  1871  43  1971  37  2071  34  2171  34  2071
  34  2071  33  1971  30  1871  27  1871  28  1771  35  1571  48  1471  64  1271
  82  1271  99  1371 113  1371 122  1271 124  1171 120  1071 108  1271  93  1371
  78  1571  67  1771  60  1971  54  2071  48  2171  43  2171  39  2271  37  2171
  36  2171  34  2071  29  2071  26  2071  26  2011  34  1751  47  1651  63  1411
  80  1451  95  1351 106  1311 112  1251 112  1251 107  1011  96  1151  83  1251
  69  1311  58  1551  50  1751  43  1911  38  2051  33  2251  31  2311  30  2351
  29  2251  26  2211  20  2251  15  2151  16  2111  26  1951  43  1751
675 -14   001 -17   001 -14   001 -21   001 -25   001 -15   001  22  1071
  63  1571  99  1471 127  1371 145  1471 151  1571 144  1571 123  1571  96  1471
  73  1471  59  1671  50  1871  44  2071  35  2171  27  2171  22  2271  22  2371
  23  2371  24  2471  21  2571  17  2771  17  2871  24  2571  37  2371  57  2071
  81  1971 106  1971 127  1771 140  1771 144  1771 136  1771 116  1671  92  1671
  70  1571  56  1671  48  1871  42  1971  35  2071  27  2071  20  2171  17  2271
  16  2271  14  2371  10  2571   6  2671   7  2811  15  2551  30  2351  50  2011
  75  1951 100  1951 121  1811 135  1951 139  1951 131  2011 112  1951  87  1851
  64  1711  49  1851  40  1951  34  2011  27  2151  21  2151  16  2211  13  2351
  12  2351   9  2411   4  2751   0  2951   1  3211  10  2951  26  2751
690  69   001  68   001  65   001  68   001  70   001  77   001  94   871
 115  1071 134  1171 147  1171 153  1071 151  1271 144  1371 135  1571 123  1671
 112  1871 103  1571  95  1371  89  1071  84  1271  80  1471  79  1671  80  1671
  81  1571  81  1571  78  1671  75  1771  75  1871  79  1971  89  2171 101  2171
 116  2271 130  2071 141  1971 144  1871 142  1871 135  1771 126  1871 115  2071
 104  2171  94  1871  87  1571  81  1171  78  1371  76  1471  76  1671  76  1671
  75  1671  73  1671  70  1771  67  1871  67  1971  72  2051  82  2051  96  2111
 113  2051 129  2251 141  2211 145  2051 142  1951 135  1811 126  1851 117  1951
 107  2111  98  1851  91  1651  85  1311  81  1551  78  1651  76  1811  75  1851
  74  1751  72  1711  68  1851  65  2051  65  2111  71  2151  82  2151
747  88   001  88   001  85   001  78   001  96   001 100   001 111   671
 125   971 137  1171 147  1371 153  1271 153  1371 146  1271 130  1271 110  1271
  93  1271  81  1271  76  1271  71  1171  64  1371  57  1371  54  1471  54  1571
  54  1571  52  1671  45  1671  37  1771  34  1771  41  1871  56  1871  75  1871
  96  1771 114  1771 127  1671 134  1471 133  1471 125  1371 110  1371  93  1371
  78  1371  69  1371  63  1371  57  1371  51  1471  45  1571  41  1671  40  1771
  40  1771  38  1871  32  1871  27  1971  27  1911  37  1851  54  1851  74  1711
  93  1751 109  1851 120  1811 124  1851 123  1751 116  1611 105  1451  93  1351
  82  1111  75  1251  71  1451  66  1511  59  1651  52  1651  46  1711  43  1751
  42  1851  38  1811  30  1951  23  1951  23  2011  33  1951  52  1751
NT  TEDF  78  35 1
20131207082013120703
20131207082013120704
20131207082013120705
20131207082013120706
20131207082013120707
20131207082013120708
20131207082013120709
20131207082013120710
20131207082013120711
20131207082013120712
20131207082013120713
20131207082013120714
20131207082013120715
20131207082013120716
20131207082013120717
20131207082013120718
20131207082013120719
20131207082013120720
20131207082013120721
20131207082013120722
20131207082013120723
20131207082013120800
20131207082013120801
20131207082013120802
20131207082013120803
20131207082013120804
20131207082013120805
20131207082013120806
20131207082013120807
20131207082013120808
20131207082013120809
20131207082013120810
20131207082013120811
20131207082013120812
20131207082013120813
20131207082013120814
20131207082013120815
20131207082013120816
20131207082013120817
20131207082013120818
20131207082013120819
20131207082013120820
20131207082013120821
20131207082013120822
20131207082013120823
20131207082013120900
20131207082013120901
20131207082013120902
20131207082013120903
20131207082013120904
20131207082013120905
20131207082013120906
20131207082013120907
20131207082013120908
20131207082013120909
20131207082013120910
20131207082013120911
20131207082013120912
20131207082013120913
20131207082013120914
20131207082013120915
20131207082013120916
20131207082013120917
20131207082013120918
20131207082013120919
20131207082013120920
20131207082013120921
20131207082013120922
20131207082013120923
20131207082013121000
20131207082013121001
20131207082013121002
20131207082013121003
20131207082013121004
20131207082013121005
20131207082013121006
20131207082013121007
20131207082013121008
002400140013001400140016001617151715271527142714371431143514351431143514351
43115351535153115351435143114351335143114351435153114351435143115351635173117351
63516311535153515311535153515311635163516311535153515311535153515311535143514311
33512351231123512351231123512351231123512351231113511351131113511351131113511351
005400150013001300150018001817181717271727172716371631153515351531153515351
53115351535153115351535153115351635163116351735173117351735163116351635163116351
63515311535153515311435143514311435153515311435133513311335133513311335123512311
23512351231123512351231123512351231123512351231113511351131113511351131113511351
015600130011001400120014001417141714271527152715271531153514351431143514351
43115351535163115351535153115351535153115351635163117351735163116351535153115351
53515311535153515311535153516311635163515311535153514311435153515311635163516311
53515351431143514351431133513351231123512351231123512351231113511351131113512351
027200100012001700180018001817181718271727172716371631163516351631153515351
53115351535153115351535153115351435143114351535153114351335123113351335143114351
33512311235123512311235123512311335133514311435133512311235113511311135113511311
13511351131123512351231123512351231113511351131113511351131113511351131113511351
070500140015001500130017001717171716271627162716371531153514351431143515351
53115351535153116351635163116351635163116351635173117351735173117351635153114351
43514311435143514311435133513311435143515311535143513311335133513311435153515311
53514351331133512351231123512351231123512351231123512351231123512351231113511351
110000120011001200140014001417142714271427142714371331133512351231113511351
13111351135113111351235123112351235123112351235123112351235123112351235123112351
23512311135113511311135113511311135113511311135113511311135113511311135113511311
13512351231133514351531153515351531153515351531163516351631163515351431143515351
120000100010001100100014001427142714271427132713271331133512351231123512351
23112351235113111351135113112351235123112351235123112351235123112351235123112351
23512311235113511311135113511311135123512311235123512311235113511311135113511311
13511351131113512351231123512351131113511351131113512351231113511351131113511351
130000100010001000100010001127122713271327142714371431133513351331133512351
23112351135113111351135113111351235123112351235133113351335133113351235123112351
23512311235123512311235123512311235123512311235123512311235113511311135113511311
13511351131113511351131113512351231113511351131113511351231123512351131113511351
145200110013001200100012001317132714271527152715371531143514351331133514351
43114351535153115351535153115351535153115351535153115351635163115351535153114351
43514311435133513311235123512311235133513311335123512311235123513311335123512311
23512351331123512351231123511351131113511351131113511351131113511351131113511351
149200120011001400110012001317131714271527152715371531153514351431143514351
43114351435153115351535153115351535153115351535163116351635163116351535153115351
43514311435143513311235123512311235133513311335123512311235123512311235123512311
23512351231123512351231123511351131113511351131113511351131113511351131113511351
156200130012001200110011001217141715271527162716371531153514351431133514351
43114351535153115351535153115351535153115351535163116351635163116351535153115351
53514311435143513311235123512311235133513311335123512311235123512311235123512311
23513351331133512351231123511351131113511351131113511351131113511351131113511351
168400130014001100140016001707171718171827182717271731163514351331133513351
43114351535153115351535153115351535153116351635173116351635153115351635153115351
43513311335133514311435143514311435143514311435143514311335133513311435153515311
43513351231113512351231123512351231113511351131113511351231123513351331133512351
180400150015001300140013001427162716271627162716371631163515351531153515351
53115351535153115351535153115351535153116351635173117351735173117351635163115351
43514311435143514311535153515311535153515311435143514311535153515311635163516311
53514351431133513351231123512351231123512351231123513351331133513351331143515351
190300140015001600150017001717172717271727172717371731163514351431143515351
53115351435133113351435143114351535153116351635173116351635153115351535153115351
53515311535153514311435153515311535153516311535153515311635163517311735163516311
63516351631153514351331133514351431143514351331133513351331123513351331143515351
222000100010001000100010001117122712271327143714371431133512351131113511351
23112351235113111351135113111351135113112351235123112351235113111351135113111351
13511311135113512311235123512311235123512311235123511311135113511311135113511311
13511351131113511351131123512351231113511351131113511351131113511351131113511351
240000100010001100100010001117121713271427142714371431133512351231113511351
13112351235123112351235123112351135113111351235123112351235123112351235113111351
13511311135113511311135113511311135113512311235123512311235113511311135113511311
13511351131113511351131113512351231123511351131113511351131113511351131113511351
255400130015001700160010001117121713171427152716371631153513351131113511351
13112351235123112351235123112351235123112351235133113351335133112351235123111351
13511311135113511311135113511311135113512311235123513311335133513311235123511311
13511351131113511351131113511351131113511351131113511351131113511351131113511351
260400110013001600140010001117132714271527162716371731153513351231113511351
13111351135123112351235133113351335133113351335143114351435143113351335123112351
23511311135113511311235123513311335123512311335133514311335123512311135113511311
13511351131113511351131113511351131113511351131113511351131113511351131113511351
280500140012001500170018001817172717271627152715371431143514351331133512351
13111351135113112351235133113351335133114351535153116351635153115351435133113351
23511311135113511311235133514311435143514311335133513311335143514311335133512311
23512351131123512351231123512351231123512351231123512351231123512351231123512351
299200150017001600160017001617162716271527152714271431133512351231123512351
23113351335123112351235123113351335143114351435143114351435143113351335123112351
23512311235123512311335133514311435133513311335133514311435143514311435143514311
43513351331123512351131123512351231123512351231123512351231123512351331143515351
434000100010001000100010001017101710271127112711371131113511351131113511351
13111351135113111351135113111351135113111351135113111351135113111351135113111351
13511311135113511311135113511311135113511311135113511311135113511311135113511311
13511351131113511351131113511351131113511351131113511351131113511351131113511351
460400120012001200120011001217122712271127112711371231123512351231113511351
13111351135113111351135113111351135123112351135113111351135113111351135113111351
13511311135113511311135113511311135113511311135113512311235123512311135113511311
13511351131113511351131113511351131113511351131113511351131113511351131113511351
481000100010001000100010001017111711271127112711271131123512351231123512351
13111351135123112351235123112351235123113351435153115351435133112351235123112351
13512311235123513311335133513311335143514311435143514311435143515311535153514311
33513351231123512351231123512351331133513351331133513351331133512351231133513351
497000110011001300120010001027102710271127112711271131113511351131113511351
13111351135113111351135113111351135113111351135113111351135113111351135113111351
13511311135113511311135113511311235123512311235123512311235113511311135113511311
13511351131113511351131113511351131113511351131123512351131113511351131113511351
510000110011001000100010001017102711271127112711371131113511351231123512351
23113351335133113351235123111351135123112351235123112351235113111351135113111351
13511311135113511311135113511311135113511311135113511311135113511311135113511311
13511351131113511351131113512351231113511351131113511351131113511351131123512351
579000100010001000100010001017102710271127112711371131113511351131113511351
13111351135113111351135113111351135113111351135113111351135113111351135113111351
13511311135113511311135113511311135113511311135113511311135113511311135113511311
13511351131123512351231123511351131113511351131113511351131113511351131113511351
588100140013001300130013001217111711271127112711271131113511351131113511351
13111351135113111351135113111351135113111351135113111351135113111351135113111351
13511311135113511311135113511311135113511311135113511311235133513311335123511311
13511351131113511351131123512351331123512351131113511351131113511351131113512351
621000100010001100110011001117111711271127112711371131113511351131113511351
13111351135113111351135113111351235123112351135113111351135113112351235113111351
13511311135113511311135113511311135113511311135113511311135113511311135113511311
13511351131113511351131113511351131113511351131113511351131113511351131113511351
630600150016001500160016001717172716271527142712371231113511351131123512351
23111351135113111351135123112351235133113351435143114351335133112351235123111351
13511311135113511311135113511311135113511311135113511311135113512311235113511311
13511351131113511351131113511351131113511351131113511351131113511351131113511351
643000100010001000100010001017102710271127112711271131113511351131113511351
13111351135113111351135113111351135113111351135113111351135113111351135113111351
13511311135113511311135113511311135113511311135113511311135113511311135113511311
13511351131113511351131113511351131113511351131113511351131113511351131113511351
645000100010001000100010001017101711271127112711371131113511351131113511351
13111351135113111351135113111351135113111351135113111351135113111351135113111351
13511311135113511311135113511311135113511311135113511311135113511311135113511311
13511351231123511351131113511351131113511351131113511351131113511351131113511351
650000100010001000100010001017112711271227122712271231123512351131113511351
13111351135113112351135113111351235123112351335133113351235123112351235123112351
23512311235123512311235113511311135113511311135113511311135113511311135113511311
13512351231123513351331133512351231123512351231123511351131113511351131123513351
675000100011001100120011001117111711271227122712371231113512351231123512351
23112351235123113351335143114351435143113351335123112351235123112351235123112351
23512311235123512311135113511311135113511311135113511311235123513311235123512311
23512351231123512351231123512351231123511351131113512351231123512351231133514351
690000120013001300130014001317122712271127112711271131113511351131113511351
13111351235123112351235123112351235123112351235123112351235123112351235123112351
23512311235123511311135113511311135113511311135123512311335133514311335133512311
23512351231133513351331133512351231123512351131123512351231123512351231123513351
747000100010001000100010001017101711171127112711371131113511351131113511351
13111351135113111351135113111351135113111351135113111351135113111351135113111351
13511311135113511311135113511311135113511311135113511311135113511311135113511311
13511351131113511351131113511351131113511351231123511351131113511351231123512351
